6 0.6171875 0.55229591875 0.59765625 0.6237244890625 0.6005859375 0.63520408125 0.609375 0.6339285718750001 0.65234375 0.5701530609375001 0.6591796875 0.5408163265625 0.6240234375 0.543367346875 0.6171875 0.55229591875
6 0.73828125 0.133928571875 0.7314453125 0.05867346875 0.67578125 0.0625 0.6796875 0.17474489843750002 0.66796875 0.3380102046875 0.65234375 0.4375 0.625 0.52423469375 0.66015625 0.5267857140625 0.6708984375 0.5255102046875 0.6875 0.49362244843749997 0.7265625 0.32270408125 0.73828125 0.133928571875
6 0.7705078125 0.369897959375 0.7490234375 0.3724489796875 0.740234375 0.39923469375 0.748046875 0.5063775515625 0.7578125 0.519132653125 0.796875 0.5114795921875 0.7890625 0.4681122453125 0.7890625 0.38137755156250003 0.7705078125 0.369897959375
6 0.833984375 0.69770408125 0.830078125 0.6517857140625 0.798828125 0.5318877546875 0.7587890625 0.5306122453125 0.755859375 0.5446428578125 0.791015625 0.7028061218749999 0.806640625 0.7079081625 0.79296875 0.715561225 0.8046875 0.8201530609375001 0.833984375 0.77423469375 0.8359375 0.72576530625 0.826171875 0.7053571421875 0.833984375 0.69770408125
6 0.83203125 0.644132653125 0.83984375 0.5318877546875 0.8056640625 0.528061225 0.806640625 0.5625 0.83203125 0.644132653125
6 0.82421875 0.42219387812500003 0.830078125 0.3762755109375 0.8173828125 0.3443877546875 0.8017578125 0.3443877546875 0.791015625 0.35076530625 0.80078125 0.5114795921875 0.83203125 0.5140306125 0.83984375 0.5114795921875 0.83984375 0.49617346875 0.8359375 0.4298469390625 0.82421875 0.42219387812500003
6 0.6416015625 0.05612244843750001 0.60546875 0.0599489796875 0.595703125 0.1415816328125 0.599609375 0.3380102046875 0.607421875 0.3762755109375 0.603515625 0.470663265625 0.6171875 0.48341836718750003 0.63671875 0.414540815625 0.642578125 0.3609693875 0.6484375 0.2385204078125 0.6416015625 0.05612244843750001
6 0.408203125 0.2512755109375 0.4013671875 0.2321428578125 0.3828125 0.2385204078125 0.34375 0.37117346875 0.314453125 0.4375 0.31640625 0.4630102046875 0.328125 0.4681122453125 0.345703125 0.442602040625 0.392578125 0.3099489796875 0.39453125 0.279336734375 0.408203125 0.2512755109375
6 0.2783203125 0.2193877546875 0.26953125 0.269132653125 0.25 0.2920918375 0.224609375 0.460459184375 0.216796875 0.491071428125 0.208984375 0.491071428125 0.201171875 0.5599489796875 0.216796875 0.5599489796875 0.232421875 0.5446428578125 0.265625 0.4400510203125 0.28515625 0.2487244890625 0.2783203125 0.2193877546875
6 0.3291015625 0.255102040625 0.328125 0.2716836734375 0.345703125 0.2818877546875 0.3291015625 0.255102040625
6 0.279296875 0.220663265625 0.302734375 0.24362244843749997 0.30078125 0.202806121875 0.2626953125 0.1428571421875 0.25390625 0.17474489843750002 0.279296875 0.220663265625
6 0.2080078125 0.05612244843750001 0.234375 0.1466836734375 0.24609375 0.159438775 0.255859375 0.12117346874999999 0.240234375 0.067602040625 0.2353515625 0.05612244843750001 0.2080078125 0.05612244843750001
6 0.48828125 0.0651927453125 0.47200520937499996 0.0949546484375 0.498046875 0.232426303125 0.505859375 0.47576530625 0.517578125 0.48852040781249995 0.53125 0.4579081625 0.53515625 0.3915816328125 0.5154079859375 0.06094104375 0.48828125 0.0651927453125
6 0.34375 0.7436224484375 0.3515625 0.7487244890625 0.3671875 0.7283163265625 0.3583984375 0.7142857140625 0.3515625 0.715561225 0.34375 0.7436224484375
6 0.3828125 0.5446428578125 0.404296875 0.5446428578125 0.3974609375 0.43112244843749997 0.3828125 0.45535714218749995 0.392578125 0.48852040781249995 0.3828125 0.5446428578125
6 0.357421875 0.5803571421875 0.359375 0.6619897953125 0.388671875 0.67729591875 0.40234375 0.6135204078125 0.404296875 0.5599489796875 0.3720703125 0.55867346875 0.357421875 0.5803571421875
6 0.09765625 0.730867346875 0.09375 0.80229591875 0.0732421875 0.7678571421875 0.068359375 0.77423469375 0.060546875 0.8915816328125 0.064453125 0.942602040625 0.09765625 0.942602040625 0.103515625 0.8048469390624999 0.1513671875 0.6122448984375 0.126953125 0.64923469375 0.09765625 0.730867346875
6 0.4375 0.44770408125000005 0.443359375 0.539540815625 0.44921875 0.5420918375 0.46484375 0.5369897953125 0.47265625 0.5063775515625 0.4677734375 0.43112244843749997 0.4375 0.44770408125000005