19 0 0.24755859375 0.0107421875 0.26953125 0.03515625 0.27685546875 0.0595703125 0.2607421890625 0.0693359375 0.24609375 0.0849609375 0.251953125 0.1162109375 0.24609375 0.1279296875 0.234375 0.13671875 0.22119140625 0.12890625 0.20654296875 0.1298828125 0.193359375 0.16015625 0.18896484375 0.142578125 0.13037109375 0.1240234375 0.111328125 0.0771484375 0.09375 0.0498046875 0.099609375 0.0205078125 0.12890625 0 0.16552734375 0 0.24755859375
19 0.306640625 0.10986328125 0.2841796875 0.046875 0.2626953125 0.029296875 0.2353515625 0.0263671890625 0.234375 0.00439453125 0.2255859375 0 0.216796875 0.03369140625 0.2099609375 0.032226560937499996 0.1884765625 0.052734375 0.171875 0.08056640625 0.166015625 0.15087890625 0.1767578125 0.2021484390625 0.2294921875 0.19921875 0.25 0.21240234375 0.267578125 0.15673828125 0.2861328125 0.1318359390625 0.3037109375 0.123046875 0.306640625 0.10986328125
19 0.3994140625 0.158203125 0.3681640625 0.12890625 0.3505859375 0.12011718906249999 0.2958984375 0.1259765609375 0.267578125 0.15966796875 0.25390625 0.19482421875 0.251953125 0.21826171875 0.2568359375 0.2255859390625 0.2685546875 0.216796875 0.2880859375 0.2255859390625 0.3154296875 0.2109375 0.3447265625 0.216796875 0.3759765625 0.2431640609375 0.41015625 0.29443359375 0.4248046875 0.2841796890625 0.4296875 0.27099609375 0.423828125 0.20947265625 0.3994140625 0.158203125
19 0.3798828125 0.3896484390625 0.4033203125 0.3896484390625 0.416015625 0.36767578125 0.41796875 0.35009765625 0.390625 0.26513671875 0.3623046875 0.2314453109375 0.3291015625 0.2109375 0.2880859375 0.228515625 0.2705078125 0.2197265609375 0.263671875 0.22705078125 0.2607421875 0.24609375 0.2392578125 0.2548828109375 0.212890625 0.30029296875 0.205078125 0.35009765625 0.208984375 0.41162109375 0.2177734375 0.4306640609375 0.2626953125 0.421875 0.2783203125 0.4482421890625 0.3203125 0.44970703125 0.3486328125 0.427734375 0.3583984375 0.4072265609375 0.3681640625 0.4072265609375 0.3798828125 0.3896484390625
19 0.205078125 0.34130859375 0.212890625 0.29736328125 0.2392578125 0.251953125 0.259765625 0.24169921875 0.2431640625 0.2138671890625 0.2236328125 0.2021484390625 0.1767578125 0.2080078109375 0.1494140625 0.1904296890625 0.12890625 0.19775390625 0.142578125 0.21826171875 0.12109375 0.24755859375 0.109375 0.27685546875 0.107421875 0.33251953125 0.12890625 0.41162109375 0.1376953125 0.421875 0.158203125 0.42333984375 0.1689453125 0.4130859390625 0.2001953125 0.4130859390625 0.20703125 0.40576171875 0.205078125 0.34130859375
19 0.255859375 0.57275390625 0.2421875 0.56103515625 0.24609375 0.53759765625 0.2607421875 0.5244140609375 0.306640625 0.52001953125 0.30078125 0.49951171875 0.2802734375 0.4716796890625 0.248046875 0.45556640625 0.271484375 0.44091796875 0.2607421875 0.421875 0.2255859375 0.427734375 0.2080078125 0.439453125 0.1943359375 0.4599609390625 0.1748046875 0.4599609390625 0.1572265625 0.4716796890625 0.130859375 0.51416015625 0.115234375 0.56982421875 0.115234375 0.66064453125 0.1357421875 0.7060546890625 0.1513671875 0.6884765609375 0.1708984375 0.6826171890625 0.1806640625 0.6826171890625 0.1962890625 0.703125 0.21484375 0.70458984375 0.2265625 0.67822265625 0.2265625 0.64892578125 0.23828125 0.61083984375 0.255859375 0.57275390625
19 0.3486328125 0.7763671890625 0.3662109375 0.7763671890625 0.3662109375 0.7822265609375 0.3740234375 0.7734375 0.3857421875 0.7822265609375 0.3994140625 0.7734375 0.4130859375 0.7763671890625 0.43359375 0.75439453125 0.4384765625 0.732421875 0.4599609375 0.744140625 0.470703125 0.71630859375 0.46875 0.65478515625 0.455078125 0.60791015625 0.4228515625 0.5478515609375 0.3876953125 0.5126953109375 0.3662109375 0.50390625 0.3349609375 0.50390625 0.3037109375 0.52734375 0.2568359375 0.52734375 0.244140625 0.54345703125 0.2431640625 0.5625 0.265625 0.56396484375 0.24609375 0.59326171875 0.232421875 0.63427734375 0.228515625 0.65771484375 0.232421875 0.74560546875 0.244140625 0.78369140625 0.2666015625 0.8203125 0.2880859375 0.8408203109375 0.310546875 0.83935546875 0.3291015625 0.8173828109375 0.349609375 0.81298828125 0.35546875 0.78076171875 0.3486328125 0.7763671890625
19 0.595703125 0.55517578125 0.607421875 0.54345703125 0.611328125 0.48779296875 0.59765625 0.40576171875 0.5673828125 0.3544921890625 0.5244140625 0.3193359390625 0.4736328125 0.3193359390625 0.4462890625 0.3310546890625 0.40625 0.38525390625 0.388671875 0.43212890625 0.384765625 0.45849609375 0.388671875 0.51123046875 0.4287109375 0.5537109390625 0.4384765625 0.544921875 0.4443359375 0.5478515609375 0.44921875 0.56689453125 0.4580078125 0.5771484390625 0.46484375 0.57568359375 0.46484375 0.54345703125 0.4736328125 0.5419921890625 0.4951171875 0.5830078109375 0.5029296875 0.568359375 0.560546875 0.59912109375 0.5673828125 0.5859375 0.5888671875 0.59765625 0.59765625 0.57861328125 0.595703125 0.55517578125
19 0.1640625 0.00146484375 0.1640625 0.05419921875 0.171875 0.06298828125 0.185546875 0.03369140625 0.203125 0.01611328125 0.2080078125 0 0.1640625 0.00146484375
19 0.5703125 0.14208984375 0.572265625 0.11279296875 0.560546875 0.06005859375 0.5439453125 0.029296875 0.5166015625 0.0029296890625 0.4521484375 0 0.4423828125 0.005859375 0.416015625 0.03955078125 0.408203125 0.06005859375 0.400390625 0.10986328125 0.40234375 0.16259765625 0.4189453125 0.1845703109375 0.4443359375 0.1787109390625 0.4560546875 0.193359375 0.4716796875 0.193359375 0.4814453125 0.1845703109375 0.515625 0.19189453125 0.5322265625 0.181640625 0.5458984375 0.1611328109375 0.5537109375 0.1669921890625 0.5703125 0.14208984375
19 0.5419921875 0 0.541015625 0.01611328125 0.546875 0.03369140625 0.5654296875 0.064453125 0.572265625 0.06591796875 0.6337890625 0.046875 0.650390625 0.02490234375 0.654296875 0.00146484375 0.5419921875 0
19 0.8046875 0.05712890625 0.8046875 0.03076171875 0.796875 0.00439453125 0.6591796875 0 0.654296875 0.00732421875 0.654296875 0.05126953125 0.6787109375 0.09082031093750001 0.6865234375 0.09375 0.7041015625 0.07910156093750001 0.7197265625 0.09667968906249999 0.728515625 0.09521484375 0.7529296875 0.09375 0.7666015625 0.08203125 0.7978515625 0.07324218906249999 0.8046875 0.05712890625
19 0.9423828125 0.07324218906249999 0.9580078125 0.049804689062500004 0.98046875 0.03369140625 0.98046875 0.00146484375 0.837890625 0.00146484375 0.837890625 0.04541015625 0.8466796875 0.0703125 0.8779296875 0.0703125 0.89453125 0.08056640625 0.8994140625 0.07324218906249999 0.9150390625 0.076171875 0.9306640625 0.06738281093750001 0.9423828125 0.07324218906249999
19 0.92578125 0.13037109375 0.923828125 0.18603515625 0.9296875 0.21240234375 0.9365234375 0.2197265609375 1 0.22412109375 0.9990234375 0.029296875 0.9677734375 0.043945310937499996 0.94140625 0.07763671875 0.92578125 0.13037109375
19 1 0.22705078125 0.9443359375 0.22265625 0.9013671875 0.24609375 0.875 0.29150390625 0.8671875 0.32666015625 0.8671875 0.34130859375 0.873046875 0.34130859375 0.9072265625 0.3251953109375 0.9189453125 0.3310546890625 0.9599609375 0.328125 0.9638671875 0.31640625 0.9716796875 0.3134765609375 0.9853515625 0.31640625 0.986328125 0.32666015625 0.9951171875 0.3310546890625 1 0.31787109375 1 0.22705078125
19 1 0.35888671875 0.9892578125 0.345703125 0.9541015625 0.328125 0.8759765625 0.33984375 0.8466796875 0.3662109390625 0.822265625 0.41162109375 0.80859375 0.46142578125 0.80859375 0.49365234375 0.818359375 0.52001953125 0.8388671875 0.5302734390625 0.8544921875 0.5185546890625 0.8720703125 0.544921875 0.8837890625 0.5390625 0.8916015625 0.5595703109375 0.90625 0.56396484375 0.9150390625 0.55078125 0.9326171875 0.5478515609375 0.9443359375 0.5625 0.9501953125 0.5595703109375 0.966796875 0.49365234375 0.974609375 0.48779296875 0.974609375 0.46728515625 1 0.45263671875 1 0.35888671875
19 0.7294921875 0.4189453109375 0.7607421875 0.404296875 0.8232421875 0.3984375 0.8359375 0.37939453125 0.841796875 0.34423828125 0.828125 0.27978515625 0.8125 0.24755859375 0.7841796875 0.216796875 0.7529296875 0.2021484390625 0.7021484375 0.2021484390625 0.6552734375 0.2373046890625 0.625 0.30029296875 0.623046875 0.36767578125 0.64453125 0.43798828125 0.6572265625 0.451171875 0.6640625 0.44970703125 0.6787109375 0.4365234390625 0.6904296875 0.4365234390625 0.7119140625 0.41015625 0.7294921875 0.4189453109375
19 0.6796875 0.73095703125 0.6953125 0.78076171875 0.7119140625 0.7998046890625 0.7529296875 0.791015625 0.7578125 0.80126953125 0.755859375 0.81298828125 0.7685546875 0.8173828109375 0.78125 0.81005859375 0.763671875 0.80419921875 0.7978515625 0.779296875 0.8056640625 0.7529296890625 0.83984375 0.74560546875 0.841796875 0.64892578125 0.83203125 0.61376953125 0.83203125 0.59033203125 0.8115234375 0.5419921890625 0.7822265625 0.509765625 0.7255859375 0.486328125 0.6728515625 0.4921875 0.630859375 0.53466796875 0.603515625 0.59619140625 0.583984375 0.67822265625 0.576171875 0.78662109375 0.6103515625 0.796875 0.6142578125 0.8115234390625 0.6259765625 0.8115234390625 0.6396484375 0.83203125 0.646484375 0.83056640625 0.66015625 0.79833984375 0.65625 0.72509765625 0.6611328125 0.7177734390625 0.6796875 0.73095703125
19 0.0380859375 0.76171875 0.0009765625 0.7412109390625 0 0.99755859375 0.107421875 0.99755859375 0.119140625 0.97412109375 0.119140625 0.93017578125 0.103515625 0.85400390625 0.0380859375 0.76171875
19 0.4443359375 0.8759765609375 0.4453125 0.86572265625 0.4384765625 0.85546875 0.3896484375 0.8408203109375 0.3623046875 0.84375 0.3466796875 0.8583984390625 0.3037109375 0.8525390609375 0.2763671875 0.8671875 0.244140625 0.90966796875 0.2109375 0.99169921875 0.2119140625 0.9990234390625 0.4921875 0.99755859375 0.494140625 0.98876953125 0.46875 0.93310546875 0.431640625 0.88623046875 0.4443359375 0.8759765609375
19 0.568359375 0.82470703125 0.5439453125 0.7998046890625 0.5048828125 0.791015625 0.4541015625 0.7998046890625 0.4208984375 0.814453125 0.396484375 0.83935546875 0.4365234375 0.8525390609375 0.4453125 0.86279296875 0.447265625 0.87158203125 0.435546875 0.88623046875 0.482421875 0.95068359375 0.5009765625 0.9990234390625 0.611328125 0.99755859375 0.615234375 0.99169921875 0.61328125 0.94775390625 0.595703125 0.88037109375 0.568359375 0.82470703125