19 0.4345703125 0.0755813953125 0.4189453125 0.0610465109375 0.40234375 0.0625 0.412109375 0.021802325 0.4013671875 0.01162790625 0.3857421875 0.014534884375000001 0.3603515625 0.040697675 0.341796875 0.07412790625 0.333984375 0.10319767500000002 0.333984375 0.13517441875 0.341796875 0.15552325625000002 0.3623046875 0.1802325578125 0.3828125 0.1845930234375 0.4033203125 0.17441860468749998 0.4208984375 0.151162790625 0.4375 0.10901162812500001 0.4345703125 0.0755813953125
19 0.3447265625 0.16860465156249999 0.3173828125 0.171511628125 0.296875 0.2049418609375 0.294921875 0.24854651093750002 0.3134765625 0.2790697671875 0.3330078125 0.290697675 0.349609375 0.2892441859375 0.37109375 0.2630813953125 0.376953125 0.21075581406250002 0.3642578125 0.1860465109375 0.3447265625 0.16860465156249999
19 0.34765625 0.3037790703125 0.3017578125 0.27616279062500004 0.2841796875 0.2848837203125 0.265625 0.32412790625 0.271484375 0.3764534890625 0.2958984375 0.3982558140625 0.328125 0.4026162796875 0.345703125 0.38517441875 0.353515625 0.3619186046875 0.35546875 0.3357558140625 0.34765625 0.3037790703125
19 0.33984375 0.422965115625 0.3232421875 0.4040697671875 0.2744140625 0.40697674375000004 0.2578125 0.44040697656249994 0.26171875 0.4927325578125 0.2763671875 0.514534884375 0.314453125 0.5188953484375001 0.3330078125 0.51162790625 0.345703125 0.48982558125000003 0.34765625 0.452034884375 0.33984375 0.422965115625
19 0.6875 0.4084302328125 0.68359375 0.390988371875 0.6689453125 0.3720930234375 0.6552734375 0.36337209375 0.6357421875 0.36337209375 0.630859375 0.3677325578125 0.626953125 0.396802325 0.6181640625 0.41279069843749994 0.60546875 0.42005813906249995 0.607421875 0.443313953125 0.6259765625 0.485465115625 0.6435546875 0.49709302343750006 0.65625 0.49563953437499997 0.66015625 0.4927325578125 0.66015625 0.46947674375000004 0.6796875 0.4462209296875 0.6875 0.4084302328125
19 0.5986328125 0.3110465109375 0.5712890625 0.316860465625 0.564453125 0.3357558140625 0.57421875 0.3502906984375 0.572265625 0.40552325624999996 0.5908203125 0.4186046515625 0.609375 0.4171511625 0.625 0.3997093015625 0.630859375 0.3822674421875 0.626953125 0.33866279062500004 0.5986328125 0.3110465109375
19 0.5439453125 0.316860465625 0.5224609375 0.316860465625 0.5087890625 0.3255813953125 0.494140625 0.3502906984375 0.4921875 0.390988371875 0.4951171875 0.3982558140625 0.5068359375 0.3982558140625 0.5283203125 0.4389534890625 0.544921875 0.4375 0.5703125 0.40552325624999996 0.57421875 0.359011628125 0.5556640625 0.3255813953125 0.5439453125 0.316860465625
19 0.5146484375 0.41279069843749994 0.4951171875 0.3982558140625 0.4638671875 0.4040697671875 0.44921875 0.431686046875 0.447265625 0.46366279062500004 0.4619140625 0.47383720937499996 0.482421875 0.4142441859375 0.4873046875 0.41279069843749994 0.4765625 0.48401162812500004 0.5029296875 0.5087209296874999 0.509765625 0.5072674421875 0.51953125 0.49563953437499997 0.52734375 0.46947674375000004 0.525390625 0.431686046875 0.5146484375 0.41279069843749994
19 0.5302734375 0.691860465625 0.5390625 0.6787790703125001 0.5390625 0.6642441859375 0.55078125 0.6584302328125 0.5390625 0.5857558140625 0.5234375 0.5450581390625 0.5068359375 0.514534884375 0.4765625 0.4869186046875 0.4833984375 0.42151162812500004 0.4765625 0.4287790703125 0.470703125 0.4607558140625 0.4619140625 0.4767441859375 0.4345703125 0.4651162796875 0.4306640625 0.4360465109375 0.423828125 0.44040697656249994 0.4169921875 0.4651162796875 0.3857421875 0.459302325 0.3525390625 0.47383720937499996 0.3330078125 0.514534884375 0.302734375 0.5450581390625 0.29296875 0.568313953125 0.28125 0.6264534890625 0.28515625 0.6962209296874999 0.3271484375 0.7122093015625001 0.341796875 0.734011628125 0.35546875 0.7950581390625 0.3642578125 0.808139534375 0.3779296875 0.816860465625 0.419921875 0.8183139531249999 0.4736328125 0.735465115625 0.5107421875 0.7296511625 0.51171875 0.693313953125 0.5302734375 0.691860465625
19 0.1845703125 0.665697675 0.1591796875 0.6627906984374999 0.134765625 0.6875 0.12890625 0.7049418609375 0.12890625 0.7427325578125 0.1513671875 0.776162790625 0.1796875 0.7747093015625001 0.1953125 0.7601744187499999 0.193359375 0.7223837203125 0.203125 0.6904069765624999 0.1845703125 0.665697675
19 0.2548828125 0.671511628125 0.2353515625 0.6860465109375 0.2158203125 0.6860465109375 0.201171875 0.69912790625 0.193359375 0.728197675 0.197265625 0.765988371875 0.2138671875 0.7848837203125 0.22265625 0.7834302328125 0.2431640625 0.735465115625 0.283203125 0.69912790625 0.2744140625 0.6744186046875 0.2548828125 0.671511628125
19 0.3271484375 0.7151162796875 0.3115234375 0.703488371875 0.2802734375 0.703488371875 0.2490234375 0.7296511625 0.232421875 0.754360465625 0.22265625 0.7892441859375 0.2236328125 0.808139534375 0.2509765625 0.7994186046875 0.2763671875 0.8110465109374999 0.3037109375 0.8313953484375001 0.3232421875 0.86337209375 0.328125 0.8619186046875 0.349609375 0.8183139531249999 0.353515625 0.78052325625 0.34375 0.7427325578125 0.3271484375 0.7151162796875
19 0.322265625 0.8619186046875 0.3056640625 0.834302325 0.2802734375 0.8139534890625001 0.2490234375 0.7994186046875 0.2333984375 0.8023255812500001 0.203125 0.8415697671875 0.197265625 0.8619186046875 0.19921875 0.8997093015625 0.208984375 0.92587209375 0.2373046875 0.959302325 0.2548828125 0.9680232562500001 0.283203125 0.9665697671875 0.2998046875 0.959302325 0.318359375 0.9316860468750001 0.326171875 0.8997093015625 0.322265625 0.8619186046875
19 0.447265625 0.879360465625 0.4189453125 0.8517441859374999 0.3740234375 0.8401162796874999 0.3447265625 0.848837209375 0.3359375 0.8619186046875 0.326171875 0.8997093015625 0.326171875 0.9578488374999999 0.3525390625 0.9796511625000001 0.408203125 0.984011628125 0.4306640625 0.9767441859374999 0.443359375 0.9607558140625001 0.451171875 0.92587209375 0.447265625 0.879360465625
19 0.548828125 0.859011628125 0.548828125 0.8183139531249999 0.5419921875 0.808139534375 0.5263671875 0.8139534890625001 0.513671875 0.80087209375 0.509765625 0.7834302328125 0.513671875 0.7427325578125 0.5009765625 0.7296511625 0.4853515625 0.7296511625 0.4716796875 0.7412790703125001 0.42578125 0.8154069765624999 0.419921875 0.8357558140625001 0.421875 0.853197675 0.4404296875 0.8662790703125 0.44921875 0.8822674421875 0.453125 0.92587209375 0.478515625 0.9345930234375001 0.5126953125 0.933139534375 0.5244140625 0.9244186046875 0.541015625 0.8997093015625 0.548828125 0.859011628125
19 0.591796875 0.7572674421875 0.5947265625 0.7674418609375 0.625 0.7688953484375001 0.6484375 0.7514534890625 0.6494140625 0.7267441859375 0.6162109375 0.723837209375 0.591796875 0.7572674421875
19 0.5712890625 0.63662790625 0.552734375 0.65552325625 0.5556640625 0.665697675 0.5771484375 0.683139534375 0.6142578125 0.665697675 0.65234375 0.69912790625 0.65625 0.67587209375 0.6396484375 0.6540697671875 0.6240234375 0.6453488375 0.5712890625 0.63662790625
19 0.759765625 0.734011628125 0.767578125 0.7107558140625 0.763671875 0.6904069765624999 0.7529296875 0.671511628125 0.7275390625 0.6540697671875 0.6865234375 0.651162790625 0.6650390625 0.665697675 0.65234375 0.702034884375 0.650390625 0.7252906984374999 0.65625 0.754360465625 0.6708984375 0.776162790625 0.6884765625 0.7877906984374999 0.7265625 0.7921511625 0.732421875 0.78052325625 0.7216796875 0.7732558140625 0.720703125 0.7630813953125 0.759765625 0.734011628125
19 0.8193359375 0.7005813953125 0.8076171875 0.6976744187499999 0.7744140625 0.7063953484375001 0.76171875 0.734011628125 0.8154296875 0.76162790625 0.828125 0.78052325625 0.833984375 0.8183139531249999 0.83984375 0.8212209296875 0.853515625 0.7921511625 0.853515625 0.754360465625 0.837890625 0.71947674375 0.8193359375 0.7005813953125
19 0.833984375 0.8066860468750001 0.828125 0.7834302328125 0.8076171875 0.755813953125 0.7744140625 0.73837209375 0.7509765625 0.73837209375 0.72265625 0.7630813953125 0.73828125 0.786337209375 0.736328125 0.8037790703125 0.7314453125 0.816860465625 0.708984375 0.8212209296875 0.7109375 0.8444767437499999 0.7275390625 0.8779069765624999 0.7431640625 0.889534884375 0.78125 0.8938953484375001 0.7998046875 0.875 0.822265625 0.8648255812500001 0.83203125 0.8415697671875 0.833984375 0.8066860468750001