19 0 0.7517361109375 0.0107421875 0.7569444437499999 0.07421875 0.7552083328125 0.091796875 0.7447916671875 0.09765625 0.703125 0.09375 0.6475694437499999 0.0751953125 0.6388888890625 0.0615234375 0.6145833328125 0.0400390625 0.597222221875 0.0224609375 0.5868055562500001 0.0068359375 0.59375 0.001953125 0.6024305562500001 0.0087890625 0.6111111109375 0.0126953125 0.6076388890625 0.013671875 0.6163194437499999 0 0.6336805562500001 0 0.7517361109375
19 0.0810546875 0.3958333328125 0.0576171875 0.375 0.0341796875 0.375 0.001953125 0.4045138890625 0.0009765625 0.527777778125 0.095703125 0.5260416671875 0.103515625 0.48784722187499996 0.1015625 0.45659722187499996 0.091796875 0.41840277812500004 0.0810546875 0.3958333328125
19 0.1201171875 0.5416666671875 0.0224609375 0.5416666671875 0.005859375 0.550347221875 0.0107421875 0.5833333328125 0.0263671875 0.5868055562500001 0.0615234375 0.6111111109375 0.0771484375 0.6388888890625 0.1015625 0.644097221875 0.1181640625 0.6180555562500001 0.14453125 0.5954861109375 0.1435546875 0.5486111109375 0.1201171875 0.5416666671875
19 0.1572265625 0.33680555624999997 0.1416015625 0.3263888890625 0.1044921875 0.3333333328125 0.08203125 0.3697916671875 0.080078125 0.390625 0.08984375 0.4114583328125 0.1064453125 0.4826388890625 0.1298828125 0.4861111109375 0.1435546875 0.5 0.1484375 0.4982638890625 0.15625 0.47743055625 0.185546875 0.4322916671875 0.1796875 0.3767361109375 0.1572265625 0.33680555624999997
19 0.1064453125 0.4826388890625 0.103515625 0.48784722187499996 0.1005859375 0.527777778125 0.14453125 0.5260416671875 0.146484375 0.5052083328125 0.1416015625 0.49652777812500004 0.1279296875 0.4861111109375 0.1064453125 0.4826388890625
19 0.1884765625 0.6388888890625 0.1875 0.7482638890625 0.197265625 0.7552083328125 0.205078125 0.7413194437499999 0.208984375 0.6788194437499999 0.203125 0.6545138890625 0.1884765625 0.6388888890625
19 0.1220703125 0.6145833328125 0.109375 0.6336805562500001 0.099609375 0.668402778125 0.09765625 0.6927083328125 0.103515625 0.7447916671875 0.1181640625 0.7569444437499999 0.173828125 0.7552083328125 0.177734375 0.7482638890625 0.17578125 0.6302083328125 0.1474609375 0.6041666671875 0.1220703125 0.6145833328125
19 0.1484375 0.5850694437499999 0.1708984375 0.6145833328125 0.17578125 0.612847221875 0.17578125 0.550347221875 0.1494140625 0.5451388890625 0.146484375 0.550347221875 0.1484375 0.5850694437499999
19 0.1923828125 0.5451388890625 0.1875 0.550347221875 0.1875 0.6197916671875 0.2041015625 0.6388888890625 0.220703125 0.637152778125 0.23828125 0.6197916671875 0.255859375 0.5711805562500001 0.2548828125 0.5486111109375 0.1923828125 0.5451388890625
19 0.1904296875 0.4375 0.1728515625 0.4513888890625 0.154296875 0.484375 0.146484375 0.515625 0.1474609375 0.527777778125 0.1572265625 0.53125 0.2578125 0.5295138890625 0.2578125 0.5086805562500001 0.25 0.48090277812500004 0.2080078125 0.4375 0.1904296875 0.4375
19 0.318359375 0.605902778125 0.3056640625 0.5833333328125 0.2822265625 0.5625 0.2646484375 0.5625 0.2578125 0.5711805562500001 0.2578125 0.5920138890625 0.240234375 0.6475694437499999 0.234375 0.699652778125 0.2470703125 0.7256944437499999 0.2646484375 0.7361111109375 0.287109375 0.734375 0.306640625 0.7135416671875 0.322265625 0.6614583328125 0.32421875 0.6336805562500001 0.318359375 0.605902778125
19 0.234375 0.703125 0.2421875 0.644097221875 0.2412109375 0.625 0.20703125 0.6579861109375 0.20703125 0.7274305562500001 0.2138671875 0.746527778125 0.2451171875 0.7569444437499999 0.26953125 0.7552083328125 0.2705078125 0.746527778125 0.2568359375 0.7291666671875 0.2451171875 0.7256944437499999 0.234375 0.703125
19 0.4189453125 0.6319444437499999 0.4130859375 0.6319444437499999 0.3916015625 0.6076388890625 0.38671875 0.6475694437499999 0.38671875 0.7552083328125 0.3896484375 0.7604166671875 0.412109375 0.7586805562500001 0.423828125 0.7482638890625 0.4296875 0.706597221875 0.4296875 0.671875 0.4189453125 0.6319444437499999
19 0.328125 0.612847221875 0.322265625 0.6892361109375 0.310546875 0.7100694437499999 0.30859375 0.730902778125 0.3125 0.7482638890625 0.3310546875 0.7604166671875 0.376953125 0.7586805562500001 0.380859375 0.6024305562500001 0.3759765625 0.597222221875 0.3369140625 0.6006944437499999 0.328125 0.612847221875
19 0.57421875 0.5538194437499999 0.5693359375 0.5486111109375 0.4619140625 0.5520833328125 0.455078125 0.5642361109375 0.451171875 0.5920138890625 0.435546875 0.640625 0.435546875 0.7239583328125 0.44140625 0.7482638890625 0.4501953125 0.7604166671875 0.560546875 0.762152778125 0.576171875 0.734375 0.580078125 0.6961805562500001 0.580078125 0.5711805562500001 0.57421875 0.5538194437499999
19 0.5146484375 0.4791666671875 0.494140625 0.5052083328125 0.4951171875 0.5104166671875 0.5244140625 0.5104166671875 0.5556640625 0.534722221875 0.572265625 0.5329861109375 0.572265625 0.519097221875 0.5576171875 0.4895833328125 0.5400390625 0.4791666671875 0.5146484375 0.4791666671875
19 0.4794921875 0.534722221875 0.552734375 0.5329861109375 0.5244140625 0.5104166671875 0.4912109375 0.5104166671875 0.478515625 0.5260416671875 0.4794921875 0.534722221875
19 0.4072265625 0.503472221875 0.4033203125 0.4791666671875 0.396484375 0.484375 0.4013671875 0.49652777812500004 0.3896484375 0.49305555625 0.380859375 0.515625 0.380859375 0.5295138890625 0.3916015625 0.534722221875 0.447265625 0.5329861109375 0.4482421875 0.5208333328125 0.4248046875 0.5243055562500001 0.4208984375 0.5138888890625 0.4072265625 0.503472221875
19 0.4462890625 0.5486111109375 0.3935546875 0.5486111109375 0.390625 0.5538194437499999 0.390625 0.5989583328125 0.4013671875 0.6145833328125 0.423828125 0.6197916671875 0.4365234375 0.6111111109375 0.4453125 0.5954861109375 0.451171875 0.5538194437499999 0.4462890625 0.5486111109375
19 0.380859375 0.3802083328125 0.3564453125 0.34027777812500004 0.3447265625 0.3333333328125 0.3291015625 0.3333333328125 0.3212890625 0.34027777812500004 0.3017578125 0.3020833328125 0.2919921875 0.3020833328125 0.287109375 0.3142361109375 0.296875 0.33506944375000003 0.296875 0.3454861109375 0.2724609375 0.3645833328125 0.255859375 0.4010416671875 0.251953125 0.421875 0.251953125 0.484375 0.26171875 0.5260416671875 0.2646484375 0.53125 0.375 0.5295138890625 0.390625 0.484375 0.392578125 0.4635416671875 0.390625 0.42534722187499996 0.380859375 0.3802083328125
19 0.25 0.4704861109375 0.248046875 0.44618055625 0.2412109375 0.44097222187499996 0.244140625 0.4704861109375 0.25 0.4704861109375
19 0.2490234375 0.37152777812500004 0.2255859375 0.3923611109375 0.20703125 0.4322916671875 0.2177734375 0.44444444375 0.22265625 0.4427083328125 0.2353515625 0.41319444375 0.2509765625 0.4201388890625 0.267578125 0.3697916671875 0.2490234375 0.37152777812500004
19 0.4228515625 0.2986111109375 0.3955078125 0.27777777812500004 0.3779296875 0.27777777812500004 0.3515625 0.3072916671875 0.34375 0.33159722187499996 0.3642578125 0.34722222187499996 0.3828125 0.3802083328125 0.390625 0.3489583328125 0.4052734375 0.3229166671875 0.42578125 0.3107638890625 0.4228515625 0.2986111109375
19 0.48046875 0.36284722187499996 0.470703125 0.33506944375000003 0.4599609375 0.31944444375000003 0.4384765625 0.30902777812500004 0.4150390625 0.31597222187499996 0.390625 0.3489583328125 0.3828125 0.38368055624999997 0.392578125 0.44965277812500004 0.4013671875 0.46875 0.41015625 0.4704861109375 0.4248046875 0.4479166671875 0.4580078125 0.4479166671875 0.48046875 0.42534722187499996 0.48046875 0.36284722187499996
19 0.4853515625 0.3854166671875 0.482421875 0.42534722187499996 0.4921875 0.42534722187499996 0.5302734375 0.3923611109375 0.53125 0.3802083328125 0.4970703125 0.375 0.4853515625 0.3854166671875
19 0.5126953125 0.35069444375000003 0.4892578125 0.34722222187499996 0.478515625 0.35590277812500004 0.482421875 0.38715277812500004 0.486328125 0.38715277812500004 0.4970703125 0.375 0.5283203125 0.37847222187499996 0.529296875 0.3697916671875 0.5126953125 0.35069444375000003
19 0.53515625 0.4739583328125 0.5400390625 0.4826388890625 0.5576171875 0.4895833328125 0.5732421875 0.5243055562500001 0.578125 0.5225694437499999 0.587890625 0.49131944375 0.5830078125 0.47569444375 0.5634765625 0.4583333328125 0.53515625 0.4739583328125
19 0.62109375 0.5885416671875 0.603515625 0.5850694437499999 0.5986328125 0.6319444437499999 0.59375 0.6302083328125 0.595703125 0.5954861109375 0.5908203125 0.590277778125 0.587890625 0.5989583328125 0.587890625 0.6822916671875 0.6044921875 0.7048611109375 0.6171875 0.703125 0.6240234375 0.6979166671875 0.626953125 0.6857638890625 0.626953125 0.640625 0.62109375 0.5885416671875
19 0.62890625 0.765625 0.62109375 0.737847221875 0.6005859375 0.71875 0.587890625 0.7274305562500001 0.58984375 0.7864583328125 0.5859375 0.8211805562500001 0.595703125 0.824652778125 0.6083984375 0.8125 0.6201171875 0.815972221875 0.62890625 0.7864583328125 0.62890625 0.765625
19 0.599609375 0.5677083328125 0.603515625 0.581597221875 0.62109375 0.5885416671875 0.6171875 0.5399305562500001 0.6142578125 0.534722221875 0.6025390625 0.5381944437499999 0.599609375 0.5677083328125
19 0.6005859375 0.5381944437499999 0.615234375 0.5364583328125 0.615234375 0.5052083328125 0.6064453125 0.4861111109375 0.591796875 0.5295138890625 0.6005859375 0.5381944437499999
19 0.6328125 0.800347221875 0.6396484375 0.815972221875 0.64453125 0.8142361109375 0.642578125 0.765625 0.6357421875 0.746527778125 0.630859375 0.7795138890625 0.6328125 0.800347221875
19 0.7001953125 0.7951388890625 0.697265625 0.8038194437499999 0.69921875 0.8211805562500001 0.7177734375 0.7986111109375 0.71875 0.7899305562500001 0.7080078125 0.7881944437499999 0.7001953125 0.7951388890625
19 0.71875 0.7864583328125 0.7255859375 0.8125 0.7490234375 0.8263888890625 0.767578125 0.828125 0.767578125 0.8142361109375 0.7470703125 0.7638888890625 0.7392578125 0.7638888890625 0.71875 0.7864583328125
19 0.896484375 0.7100694437499999 0.8857421875 0.684027778125 0.8740234375 0.6736111109375 0.8623046875 0.6770833328125 0.8525390625 0.6701388890625 0.8349609375 0.684027778125 0.822265625 0.706597221875 0.81640625 0.730902778125 0.81640625 0.7552083328125 0.8505859375 0.8368055562500001 0.8671875 0.8385416671874999 0.8896484375 0.8298611109375 0.8984375 0.8107638890625 0.900390625 0.737847221875 0.896484375 0.7100694437499999
19 0.98046875 0.7413194437499999 0.9658203125 0.7118055562500001 0.9248046875 0.7048611109375 0.9150390625 0.7118055562500001 0.900390625 0.7482638890625 0.90234375 0.8142361109375 0.9169921875 0.847222221875 0.9453125 0.8454861109375 0.9521484375 0.8368055562500001 0.9638671875 0.8368055562500001 0.9765625 0.8211805562500001 0.98046875 0.7413194437499999
19 0.9912109375 0.8368055562500001 1 0.8385416671874999 0.9990234375 0.7256944437499999 0.982421875 0.762152778125 0.98046875 0.8072916671874999 0.9912109375 0.8368055562500001
19 0.95703125 0.6475694437499999 0.95703125 0.699652778125 0.9775390625 0.722222221875 0.982421875 0.7204861109375 1 0.7170138890625 0.9990234375 0.6180555562500001 0.9736328125 0.621527778125 0.95703125 0.6475694437499999
19 0.98046875 0.5850694437499999 0.98046875 0.6163194437499999 0.98828125 0.6163194437499999 1 0.612847221875 0.9990234375 0.5520833328125 0.9912109375 0.559027778125 0.98046875 0.5850694437499999
19 0.9638671875 0.565972221875 0.9404296875 0.565972221875 0.9150390625 0.5763888890625 0.9052734375 0.5833333328125 0.896484375 0.6024305562500001 0.8955078125 0.621527778125 0.9384765625 0.625 0.95703125 0.644097221875 0.9638671875 0.628472221875 0.9765625 0.6163194437499999 0.974609375 0.5850694437499999 0.9638671875 0.565972221875
19 0.9482421875 0.6354166671875 0.9384765625 0.625 0.9111328125 0.621527778125 0.890625 0.6302083328125 0.880859375 0.675347221875 0.8974609375 0.7083333328125 0.9140625 0.7100694437499999 0.9384765625 0.7048611109375 0.955078125 0.6788194437499999 0.955078125 0.6510416671875 0.9482421875 0.6354166671875
19 0.8779296875 0.6736111109375 0.8828125 0.6579861109375 0.87890625 0.6267361109375 0.8681640625 0.6111111109375 0.8603515625 0.6111111109375 0.8564453125 0.628472221875 0.8046875 0.6961805562500001 0.8115234375 0.715277778125 0.818359375 0.7170138890625 0.8310546875 0.6875 0.8544921875 0.6666666671875 0.8623046875 0.6736111109375 0.8779296875 0.6736111109375
19 0.8740234375 0.5138888890625 0.8427734375 0.5243055562500001 0.8408203125 0.5381944437499999 0.8603515625 0.5451388890625 0.875 0.5677083328125 0.875 0.6163194437499999 0.8798828125 0.625 0.890625 0.6232638890625 0.8984375 0.5885416671875 0.8984375 0.5572916671875 0.890625 0.5295138890625 0.8740234375 0.5138888890625
19 0.8369140625 0.5416666671875 0.853515625 0.5989583328125 0.8583984375 0.6076388890625 0.875 0.612847221875 0.87890625 0.5954861109375 0.875 0.5677083328125 0.8603515625 0.5451388890625 0.8369140625 0.5416666671875
19 0.8212890625 0.4895833328125 0.8203125 0.5017361109375 0.826171875 0.519097221875 0.837890625 0.5329861109375 0.8408203125 0.5208333328125 0.859375 0.5086805562500001 0.8427734375 0.4895833328125 0.8212890625 0.4895833328125
19 0.810546875 0.4635416671875 0.8193359375 0.4895833328125 0.8408203125 0.4895833328125 0.8564453125 0.5069444437499999 0.861328125 0.5052083328125 0.86328125 0.4739583328125 0.8525390625 0.44444444375 0.8193359375 0.4513888890625 0.810546875 0.4635416671875
19 0.2783203125 0.559027778125 0.3095703125 0.5833333328125 0.33984375 0.5850694437499999 0.365234375 0.550347221875 0.2978515625 0.5451388890625 0.275390625 0.550347221875 0.2783203125 0.559027778125