19 1 0.0263671875 0.9951171875 0.0234375 0.9169921875 0.0078125 0.8720703125 0.0078125 0.7802734375 0.033203125 0.7431640625 0.052734375 0.7099609375 0.078125 0.6640625 0.1298828125 0.642578125 0.1708984375 0.62109375 0.2490234375 0.62109375 0.2841796875 0.62890625 0.3251953125 0.6376953125 0.330078125 0.6572265625 0.326171875 0.7294921875 0.330078125 0.7451171875 0.337890625 0.7734375 0.3642578125 0.78125 0.3896484375 0.7880859375 0.396484375 0.837890625 0.4013671875 0.8798828125 0.400390625 0.8955078125 0.392578125 0.9091796875 0.376953125 0.9501953125 0.34765625 1 0.3271484375 1 0.0263671875
19 0.875 0.4189453125 0.8818359375 0.423828125 0.9658203125 0.41796875 1 0.4248046875 0.9990234375 0.330078125 0.9541015625 0.34765625 0.9169921875 0.373046875 0.875 0.4189453125
19 0.77734375 0.3798828125 0.7734375 0.3681640625 0.7490234375 0.34375 0.7255859375 0.33203125 0.6708984375 0.328125 0.6259765625 0.3359375 0.6142578125 0.34375 0.5732421875 0.337890625 0.5224609375 0.3515625 0.4921875 0.3740234375 0.490234375 0.3798828125 0.5078125 0.3994140625 0.517578125 0.4208984375 0.5439453125 0.4375 0.5791015625 0.482421875 0.5986328125 0.48828125 0.6328125 0.4892578125 0.7197265625 0.443359375 0.775390625 0.4306640625 0.78125 0.4111328125 0.77734375 0.3798828125
19 0.5517578125 0.3203125 0.548828125 0.3134765625 0.5546875 0.3115234375 0.5546875 0.2880859375 0.544921875 0.2646484375 0.5029296875 0.234375 0.4775390625 0.22265625 0.4501953125 0.216796875 0.4072265625 0.22265625 0.3662109375 0.25 0.34375 0.2177734375 0.3330078125 0.2109375 0.322265625 0.2255859375 0.322265625 0.2353515625 0.34765625 0.2783203125 0.33984375 0.3193359375 0.3583984375 0.328125 0.3896484375 0.357421875 0.4287109375 0.353515625 0.47265625 0.3662109375 0.5009765625 0.36328125 0.541015625 0.3408203125 0.544921875 0.3212890625 0.5517578125 0.3203125
19 0.6171875 0.2587890625 0.6025390625 0.25 0.5791015625 0.24609375 0.572265625 0.2177734375 0.5556640625 0.2109375 0.556640625 0.2451171875 0.533203125 0.2529296875 0.544921875 0.2646484375 0.552734375 0.2861328125 0.55078125 0.2978515625 0.556640625 0.2998046875 0.5537109375 0.3046875 0.548828125 0.3017578125 0.541015625 0.3408203125 0.560546875 0.3408203125 0.6123046875 0.33984375 0.625 0.3310546875 0.625 0.3232421875 0.6171875 0.2587890625
19 0.6123046875 0.119140625 0.5810546875 0.125 0.5498046875 0.138671875 0.49609375 0.1865234375 0.4765625 0.2197265625 0.5361328125 0.25 0.556640625 0.2451171875 0.5576171875 0.208984375 0.57421875 0.2197265625 0.5810546875 0.24609375 0.619140625 0.2548828125 0.642578125 0.1669921875 0.6640625 0.1279296875 0.6552734375 0.123046875 0.6123046875 0.119140625
19 0.326171875 0.2451171875 0.3173828125 0.2265625 0.2861328125 0.224609375 0.2646484375 0.23046875 0.234375 0.2548828125 0.224609375 0.2724609375 0.224609375 0.2998046875 0.228515625 0.3134765625 0.2353515625 0.3203125 0.244140625 0.3193359375 0.291015625 0.3076171875 0.294921875 0.2841796875 0.302734375 0.2685546875 0.326171875 0.2451171875
19 0.361328125 0.2333984375 0.35546875 0.2373046875 0.369140625 0.2490234375 0.380859375 0.2353515625 0.3642578125 0.22265625 0.359375 0.2255859375 0.361328125 0.2333984375
19 0.3046875 0.2646484375 0.294921875 0.2841796875 0.291015625 0.3056640625 0.2958984375 0.310546875 0.337890625 0.3173828125 0.345703125 0.2763671875 0.33203125 0.2529296875 0.3232421875 0.248046875 0.3046875 0.2646484375
19 0.23046875 0.2216796875 0.2197265625 0.20703125 0.1865234375 0.185546875 0.1669921875 0.1796875 0.1240234375 0.185546875 0.0986328125 0.203125 0.08984375 0.2197265625 0.0947265625 0.22265625 0.1103515625 0.21484375 0.1376953125 0.228515625 0.150390625 0.2470703125 0.150390625 0.2705078125 0.162109375 0.2705078125 0.1865234375 0.24609375 0.2255859375 0.267578125 0.236328125 0.2451171875 0.23046875 0.2216796875
19 0.2138671875 0.2578125 0.1962890625 0.25390625 0.1865234375 0.24609375 0.162109375 0.2724609375 0.162109375 0.2802734375 0.169921875 0.2802734375 0.1845703125 0.275390625 0.2216796875 0.27734375 0.22265625 0.2685546875 0.2138671875 0.2578125
19 0.1181640625 0.22265625 0.1083984375 0.21484375 0.1025390625 0.22265625 0.0908203125 0.22265625 0.078125 0.2353515625 0.0791015625 0.265625 0.0849609375 0.267578125 0.1044921875 0.259765625 0.1240234375 0.263671875 0.1376953125 0.27734375 0.14453125 0.2763671875 0.150390625 0.2646484375 0.150390625 0.2470703125 0.1357421875 0.2265625 0.1181640625 0.22265625
19 0.0458984375 0.216796875 0.0361328125 0.2265625 0.0185546875 0.228515625 0.009765625 0.2373046875 0.0078125 0.2470703125 0.0341796875 0.255859375 0.0546875 0.2744140625 0.0615234375 0.287109375 0.06640625 0.2861328125 0.078125 0.2646484375 0.07421875 0.2392578125 0.0517578125 0.2265625 0.0458984375 0.216796875
19 0 0.2236328125 0.0048828125 0.23046875 0.0146484375 0.232421875 0.0224609375 0.2265625 0.0380859375 0.2265625 0.0478515625 0.21875 0.0498046875 0.2265625 0.076171875 0.2373046875 0.083984375 0.2236328125 0.0693359375 0.201171875 0.0283203125 0.181640625 0 0.1845703125 0 0.2236328125
19 0 0.2490234375 0.0009765625 0.29296875 0.005859375 0.2880859375 0.00390625 0.2626953125 0.0126953125 0.2578125 0.0302734375 0.29296875 0.060546875 0.2998046875 0.0546875 0.2744140625 0.0400390625 0.259765625 0.0146484375 0.248046875 0 0.2490234375
19 0 0.3564453125 0.02734375 0.3740234375 0.0693359375 0.345703125 0.0732421875 0.337890625 0.0791015625 0.337890625 0.080078125 0.3310546875 0.068359375 0.3115234375 0.0537109375 0.298828125 0.0322265625 0.29296875 0.017578125 0.2607421875 0.0068359375 0.2578125 0.005859375 0.2861328125 0 0.2919921875 0 0.3564453125
19 0.11328125 0.2861328125 0.138671875 0.2919921875 0.142578125 0.2900390625 0.140625 0.2802734375 0.1240234375 0.267578125 0.11328125 0.2861328125
19 0.1025390625 0.259765625 0.0791015625 0.26953125 0.06640625 0.2900390625 0.06640625 0.2958984375 0.0703125 0.2958984375 0.0927734375 0.2890625 0.1103515625 0.265625 0.123046875 0.2646484375 0.1025390625 0.259765625
19 0.126953125 0.2685546875 0.1220703125 0.263671875 0.1083984375 0.263671875 0.0908203125 0.2890625 0.0693359375 0.294921875 0.0625 0.3017578125 0.083984375 0.3369140625 0.1044921875 0.310546875 0.134765625 0.2939453125 0.115234375 0.2861328125 0.126953125 0.2685546875
19 0.044921875 0.3994140625 0.0009765625 0.359375 0.001953125 0.4931640625 0.0361328125 0.453125 0.0654296875 0.44140625 0.06640625 0.4365234375 0.044921875 0.3994140625