19 0.0986328125 0.617862371875 0.0380859375 0.617862371875 0.025390625 0.625183015625 0.021484375 0.6339677890625001 0.0234375 0.6661786234375 0.0302734375 0.6852122984375 0.0439453125 0.6969253296875 0.083984375 0.6954612 0.0947265625 0.6939970718749999 0.10546875 0.6837481703125 0.107421875 0.636896046875 0.0986328125 0.617862371875
19 0.1220703125 0.59736456875 0.0927734375 0.600292825 0.087890625 0.6105417281250001 0.0986328125 0.617862371875 0.107421875 0.636896046875 0.10546875 0.6837481703125 0.1171875 0.686676428125 0.1279296875 0.6793557828125001 0.13671875 0.663250365625 0.13671875 0.6222547578125 0.1220703125 0.59736456875
19 0.0830078125 0.5534407031249999 0.0595703125 0.5446559296875 0.0380859375 0.5446559296875 0.0322265625 0.5505124453125 0.0234375 0.572474378125 0.017578125 0.6134699859375 0.0205078125 0.6207906296875 0.03515625 0.6193265 0.0830078125 0.6149341140625 0.095703125 0.5959004390625 0.08984375 0.5636896046875 0.0830078125 0.5534407031249999
19 0 0.648609078125 0.015625 0.6515373359375001 0.01953125 0.5871156656250001 0.025390625 0.5695461203125001 0.0224609375 0.5563689609375 0.0107421875 0.55929721875 0 0.5695461203125001 0 0.648609078125
19 0.1435546875 0.5329428984375 0.1103515625 0.541727671875 0.099609375 0.5519765734375001 0.09765625 0.5754026359375 0.1044921875 0.591508053125 0.1279296875 0.600292825 0.1376953125 0.617862371875 0.154296875 0.61639824375 0.17578125 0.5900439234375 0.173828125 0.560761346875 0.1650390625 0.5446559296875 0.1435546875 0.5329428984375
19 0.2255859375 0.541727671875 0.2021484375 0.5446559296875 0.189453125 0.572474378125 0.189453125 0.5959004390625 0.1923828125 0.6032210828125 0.197265625 0.6017569546875 0.2158203125 0.5768667640625 0.2353515625 0.5710102484374999 0.240234375 0.55490483125 0.2255859375 0.541727671875
19 0.29296875 0.6017569546875 0.2705078125 0.57393850625 0.2548828125 0.5710102484374999 0.25390625 0.5519765734375001 0.2490234375 0.5475841875 0.2392578125 0.5710102484374999 0.2216796875 0.57393850625 0.197265625 0.6017569546875 0.189453125 0.625183015625 0.189453125 0.6720351390625 0.201171875 0.701317715625 0.2158203125 0.7174231328125 0.275390625 0.7159590046875 0.2861328125 0.7086383609375 0.298828125 0.6808199125 0.30078125 0.63103953125 0.29296875 0.6017569546875
19 0.38671875 0.55490483125 0.3681640625 0.5300146406249999 0.3427734375 0.5300146406249999 0.32421875 0.5578330890625 0.322265625 0.5959004390625 0.3447265625 0.6207906296875 0.3671875 0.6193265 0.3779296875 0.6120058562499999 0.384765625 0.5959004390625 0.388671875 0.572474378125 0.38671875 0.55490483125
19 0.515625 0.534407028125 0.5068359375 0.527086384375 0.4951171875 0.527086384375 0.4873046875 0.541727671875 0.4697265625 0.5387994140625 0.4619140625 0.5446559296875 0.455078125 0.5578330890625 0.458984375 0.6076134703125 0.4814453125 0.6266471453125 0.5078125 0.625183015625 0.5205078125 0.6149341140625 0.529296875 0.5959004390625 0.529296875 0.5695461203125001 0.515625 0.534407028125
19 0.6484375 0.6222547578125 0.642578125 0.598828696875 0.6298828125 0.579795021875 0.61328125 0.5666178625 0.619140625 0.5285505125000001 0.6103515625 0.527086384375 0.599609375 0.5431918015625 0.5908203125 0.568081990625 0.5673828125 0.5768667640625 0.55078125 0.6017569546875 0.54296875 0.6339677890625001 0.541015625 0.6778916546875 0.546875 0.701317715625 0.5595703125 0.7232796484375 0.5732421875 0.732064421875 0.615234375 0.7335285500000001 0.6298828125 0.72620790625 0.64453125 0.701317715625 0.6484375 0.686676428125 0.6484375 0.6222547578125
19 0.96875 0.7364568078125 0.9609375 0.7101024890625001 0.9423828125 0.6793557828125001 0.9208984375 0.667642753125 0.8603515625 0.667642753125 0.8427734375 0.676427525 0.8291015625 0.6734992671875 0.8095703125 0.68814055625 0.787109375 0.7159590046875 0.779296875 0.7423133234375 0.779296875 0.7803806734375 0.783203125 0.7950219625 0.7958984375 0.8140556374999999 0.8291015625 0.8491947296875001 0.8984375 0.8506588578125 0.9228515625 0.846266471875 0.9541015625 0.8199121515625001 0.9609375 0.8067349921875 0.96875 0.7364568078125
19 0.8251953125 0.6734992671875 0.8388671875 0.6734992671875 0.859375 0.663250365625 0.857421875 0.6456808203125 0.8447265625 0.6266471453125 0.8193359375 0.6090775984375 0.8076171875 0.5885797953125 0.7978515625 0.5885797953125 0.7900390625 0.6120058562499999 0.7783203125 0.6120058562499999 0.7470703125 0.6325036609375 0.732421875 0.65739385 0.724609375 0.686676428125 0.724609375 0.7188872625 0.73046875 0.7306002921875 0.732421875 0.7569546125 0.7529296875 0.7818448015625 0.7705078125 0.7935578328124999 0.779296875 0.7920937046875001 0.779296875 0.7306002921875 0.78515625 0.7159590046875 0.7958984375 0.6998535875 0.8251953125 0.6734992671875
19 1 0.6134699859375 0.9912109375 0.59736456875 0.970703125 0.5900439234375 0.966796875 0.5461200578125001 0.962890625 0.5314787703125 0.9541015625 0.5241581265625 0.94921875 0.5314787703125 0.955078125 0.549048315625 0.953125 0.5959004390625 0.9287109375 0.600292825 0.9072265625 0.617862371875 0.892578125 0.6456808203125 0.892578125 0.65739385 0.9013671875 0.667642753125 0.9287109375 0.6647144953125 0.9423828125 0.6734992671875 0.958984375 0.701317715625 0.97265625 0.7481698390625 0.98046875 0.7510980968750001 1 0.7423133234375 1 0.6134699859375
19 1 0.55490483125 0.990234375 0.549048315625 0.990234375 0.534407028125 0.984375 0.51683748125 0.9736328125 0.5095168375 0.970703125 0.5197657390625 0.98046875 0.5431918015625 0.96875 0.549048315625 0.970703125 0.5841874078125 1 0.6046852125 1 0.55490483125
19 0.953125 0.5812591515625 0.9462890625 0.5768667640625 0.943359375 0.5666178625 0.939453125 0.5314787703125 0.9287109375 0.5095168375 0.923828125 0.5109809656250001 0.921875 0.522693996875 0.9296875 0.5578330890625 0.9296875 0.57833089375 0.904296875 0.5900439234375 0.892578125 0.61639824375 0.89453125 0.636896046875 0.9052734375 0.6207906296875 0.9287109375 0.600292825 0.953125 0.5959004390625 0.953125 0.5812591515625
19 0.8701171875 0.5651537328125 0.8544921875 0.5622254765625 0.833984375 0.5871156656250001 0.83203125 0.6105417281250001 0.8603515625 0.6471449484375 0.869140625 0.6456808203125 0.873046875 0.6398243046875 0.876953125 0.6105417281250001 0.875 0.57833089375 0.8701171875 0.5651537328125
19 0.7431640625 0.5505124453125 0.7314453125 0.55929721875 0.724609375 0.572474378125 0.72265625 0.5929721812500001 0.728515625 0.6046852125 0.728515625 0.61639824375 0.7412109375 0.629575403125 0.75 0.6281112734375001 0.787109375 0.6017569546875 0.783203125 0.5666178625 0.7685546875 0.5475841875 0.7431640625 0.5505124453125