0 0.705078125 0.5830078125 0.75 0.4794921875 0.740234375 0.4462890625 0.75390625 0.3740234375 0.73828125 0.3056640625 0.6494140625 0.185546875 0.5849609375 0.158203125 0.4873046875 0.15234375 0.4130859375 0.166015625 0.35546875 0.2197265625 0.5244140625 0.17578125 0.544921875 0.1787109375 0.5546875 0.2119140625 0.5478515625 0.240234375 0.41015625 0.2861328125 0.408203125 0.3544921875 0.43359375 0.4072265625 0.4140625 0.4560546875 0.37890625 0.4736328125 0.38671875 0.4970703125 0.3671875 0.5478515625 0.375 0.5732421875 0.4052734375 0.5859375 0.4384765625 0.62109375 0.509765625 0.6318359375 0.5673828125 0.62890625 0.5810546875 0.609375 0.6357421875 0.609375 0.705078125 0.5830078125
0 0 0.3818359375 0.0078125 0.3837890625 0.080078125 0.3291015625 0.080078125 0.2998046875 0.10546875 0.2763671875 0.10546875 0.2587890625 0.0908203125 0.255859375 0.08984375 0.2470703125 0.1220703125 0.21484375 0.1416015625 0.2109375 0.193359375 0.1455078125 0.1953125 0.1083984375 0.18359375 0.0888671875 0.18359375 0.0693359375 0.1953125 0.0322265625 0.1748046875 0 0 0.0009765625 0 0.3818359375
0 0.2998046875 0.810546875 0.2802734375 0.8125 0.24609375 0.7685546875 0.232421875 0.7001953125 0.2138671875 0.673828125 0.1416015625 0.6796875 0.1162109375 0.6640625 0.0888671875 0.666015625 0 0.7099609375 0.0009765625 1 0.333984375 0.9990234375 0.357421875 0.9521484375 0.34765625 0.8876953125 0.310546875 0.8193359375 0.2998046875 0.810546875
0 0.806640625 0.7451171875 0.810546875 0.6923828125 0.7939453125 0.673828125 0.6904296875 0.677734375 0.681640625 0.6982421875 0.69921875 0.7138671875 0.705078125 0.7431640625 0.6884765625 0.759765625 0.662109375 0.7568359375 0.662109375 0.7958984375 0.6494140625 0.80859375 0.4775390625 0.78125 0.392578125 0.8623046875 0.408203125 0.9091796875 0.447265625 0.9482421875 0.4677734375 1 0.837890625 0.9990234375 0.859375 0.9560546875 0.8515625 0.8193359375 0.83984375 0.7802734375 0.806640625 0.7451171875
0 0.978515625 0.4501953125 0.94921875 0.3896484375 0.9208984375 0.3515625 0.8994140625 0.34765625 0.8564453125 0.37109375 0.7939453125 0.3828125 0.779296875 0.4189453125 0.75390625 0.4384765625 0.75 0.4619140625 0.7587890625 0.478515625 0.9072265625 0.490234375 0.923828125 0.5029296875 0.923828125 0.5166015625 0.9013671875 0.53125 0.7529296875 0.5234375 0.736328125 0.5341796875 0.734375 0.5458984375 0.7939453125 0.587890625 0.8154296875 0.6171875 0.8935546875 0.630859375 0.923828125 0.6435546875 0.970703125 0.6025390625 0.982421875 0.5673828125 0.986328125 0.4912109375 0.978515625 0.4501953125
0 1 0.1005859375 0.990234375 0.0908203125 0.990234375 0.0537109375 0.9765625 0.0009765625 0.7197265625 0 0.720703125 0.0205078125 0.7373046875 0.0625 0.7802734375 0.044921875 0.8154296875 0.044921875 0.8447265625 0.0546875 0.9072265625 0.0390625 0.9228515625 0.041015625 0.935546875 0.0537109375 0.9345703125 0.072265625 0.87109375 0.1083984375 0.857421875 0.1435546875 0.81640625 0.1962890625 0.814453125 0.2158203125 0.8291015625 0.228515625 0.857421875 0.2275390625 1 0.1572265625 1 0.1005859375
0 0 0.3818359375 0.0078125 0.3837890625 0.080078125 0.3291015625 0.076171875 0.3017578125 0.09375 0.2763671875 0.083984375 0.2705078125 0.08203125 0.2548828125 0.1162109375 0.216796875 0.1455078125 0.201171875 0.19140625 0.1455078125 0.18359375 0.0654296875 0.193359375 0.0341796875 0.1728515625 0 0 0.0009765625 0 0.3818359375
0 0.705078125 0.5830078125 0.75 0.4794921875 0.740234375 0.4462890625 0.75390625 0.3740234375 0.73828125 0.3056640625 0.6494140625 0.185546875 0.5849609375 0.158203125 0.4873046875 0.15234375 0.4130859375 0.166015625 0.353515625 0.2197265625 0.4208984375 0.2109375 0.5263671875 0.17578125 0.544921875 0.1787109375 0.5546875 0.2119140625 0.5478515625 0.240234375 0.41015625 0.2861328125 0.408203125 0.3544921875 0.43359375 0.4072265625 0.4140625 0.4560546875 0.37890625 0.4736328125 0.38671875 0.4970703125 0.3671875 0.5478515625 0.375 0.5732421875 0.4033203125 0.583984375 0.4384765625 0.62109375 0.509765625 0.6318359375 0.5654296875 0.62890625 0.5810546875 0.609375 0.6337890625 0.609375 0.705078125 0.5830078125
0 1 0.1005859375 0.990234375 0.0908203125 0.990234375 0.0537109375 0.9765625 0.0029296875 0.7197265625 0 0.720703125 0.0205078125 0.7373046875 0.0625 0.7802734375 0.044921875 0.8154296875 0.044921875 0.8447265625 0.0546875 0.9072265625 0.0390625 0.9228515625 0.041015625 0.935546875 0.0537109375 0.9345703125 0.072265625 0.87109375 0.1083984375 0.85546875 0.1455078125 0.8203125 0.1884765625 0.814453125 0.2158203125 0.8310546875 0.23046875 0.853515625 0.2294921875 1 0.1572265625 1 0.1005859375
0 0.978515625 0.4501953125 0.94921875 0.3896484375 0.9228515625 0.353515625 0.8994140625 0.34765625 0.8564453125 0.37109375 0.7939453125 0.3828125 0.77734375 0.4189453125 0.755859375 0.4345703125 0.75 0.4638671875 0.7587890625 0.478515625 0.9072265625 0.490234375 0.923828125 0.5029296875 0.923828125 0.5166015625 0.9013671875 0.53125 0.7490234375 0.5234375 0.732421875 0.5458984375 0.7939453125 0.587890625 0.8154296875 0.6171875 0.8935546875 0.630859375 0.91796875 0.6455078125 0.970703125 0.6025390625 0.982421875 0.5693359375 0.986328125 0.4912109375 0.978515625 0.4501953125
0 0.806640625 0.7470703125 0.80859375 0.6923828125 0.7978515625 0.67578125 0.6923828125 0.6796875 0.681640625 0.6982421875 0.69921875 0.7119140625 0.705078125 0.7431640625 0.6904296875 0.759765625 0.662109375 0.7587890625 0.662109375 0.7958984375 0.6494140625 0.80859375 0.4775390625 0.78125 0.392578125 0.8623046875 0.400390625 0.8955078125 0.447265625 0.9482421875 0.4677734375 1 0.837890625 0.9990234375 0.859375 0.9580078125 0.8515625 0.8212890625 0.837890625 0.7783203125 0.806640625 0.7470703125
0 0.2998046875 0.810546875 0.2802734375 0.8125 0.24609375 0.7685546875 0.232421875 0.7001953125 0.2138671875 0.673828125 0.1416015625 0.6796875 0.1142578125 0.6640625 0.0888671875 0.666015625 0 0.7099609375 0.0009765625 1 0.333984375 0.9990234375 0.357421875 0.9521484375 0.34765625 0.8876953125 0.310546875 0.8193359375 0.2998046875 0.810546875