19 0.4794921875 0 0.48046875 0.013020832812499999 0.4921875 0.0427827375 0.494140625 0.057663690625 0.5078125 0.09114583281250001 0.5263671875 0.12276785781249999 0.533203125 0.12090773749999999 0.5419921875 0.1078869046875 0.5517578125 0.1041666671875 0.5625 0.07626488125 0.560546875 0.0093005953125 0.5556640625 0 0.4794921875 0
19 0.3173828125 0 0.31640625 0.0093005953125 0.322265625 0.024181546875 0.322265625 0.0353422625 0.318359375 0.0427827375 0.318359375 0.06510416718749999 0.330078125 0.098586309375 0.33203125 0.12834821406250002 0.3916015625 0.1822916671875 0.4033203125 0.1897321421875 0.4140625 0.1878720234375 0.4443359375 0.1599702375 0.490234375 0.1506696421875 0.4453125 0.0316220234375 0.44140625 0.0093005953125 0.4365234375 0 0.3173828125 0
19 0.294921875 0.4780505953125 0.294921875 0.47061011875 0.2861328125 0.45386904687499996 0.2763671875 0.450148809375 0.26953125 0.4594494046875 0.267578125 0.5003720234375 0.2568359375 0.4985119046875 0.25390625 0.5040922625 0.25390625 0.526413690625 0.248046875 0.5301339281249999 0.25 0.5412946421875 0.2646484375 0.5245535718750001 0.2685546875 0.50967261875 0.2802734375 0.5022321421875 0.294921875 0.4780505953125
19 0.34765625 0.3180803578125 0.345703125 0.2771577375 0.337890625 0.25111607187499996 0.330078125 0.2399553578125 0.330078125 0.22135416718749998 0.3251953125 0.215773809375 0.326171875 0.2436755953125 0.33203125 0.254836309375 0.33203125 0.2734375 0.337890625 0.292038690625 0.337890625 0.31063988125 0.326171875 0.3255208328125 0.326171875 0.336681546875 0.34375 0.3962053578125 0.349609375 0.3962053578125 0.34765625 0.3590029765625 0.3515625 0.3478422625 0.3515625 0.3255208328125 0.34765625 0.3180803578125
19 0.328125 0.5412946421875 0.33203125 0.522693453125 0.3232421875 0.50967261875 0.3154296875 0.5133928578125 0.2578125 0.600818453125 0.2578125 0.6082589281249999 0.2646484375 0.6175595234375 0.275390625 0.6194196421875 0.2919921875 0.606398809375 0.2978515625 0.5952380953125 0.3076171875 0.5915178578125 0.328125 0.5412946421875
19 0.3876953125 0.6138392859375 0.3544921875 0.625 0.3359375 0.645461309375 0.3369140625 0.6584821421875 0.3603515625 0.6733630953125 0.40625 0.6715029765625 0.419921875 0.6640625 0.421875 0.62686011875 0.4189453125 0.6212797625 0.3876953125 0.6138392859375
19 0.1796875 0.407366071875 0.189453125 0.38876488125 0.19140625 0.3441220234375 0.1982421875 0.331101190625 0.2119140625 0.33482142812500004 0.212890625 0.32924107187499996 0.1953125 0.28459821406249997 0.1767578125 0.2604166671875 0.169921875 0.28459821406249997 0.162109375 0.34040178593750003 0.162109375 0.4036458328125 0.17578125 0.4817708328125 0.1875 0.5115327375 0.1923828125 0.5208333328125 0.1953125 0.5189732140625 0.197265625 0.4817708328125 0.189453125 0.44084821406249997 0.1796875 0.4222470234375 0.1796875 0.407366071875
19 0.474609375 0.332961309375 0.5078125 0.2697172625 0.5078125 0.26227678593750003 0.4990234375 0.24925595312499998 0.4892578125 0.24925595312499998 0.4833984375 0.25669642812500004 0.44921875 0.3255208328125 0.439453125 0.3552827375 0.396484375 0.448288690625 0.38671875 0.49293154687499996 0.373046875 0.5189732140625 0.365234375 0.5524553578125 0.3701171875 0.561755953125 0.423828125 0.5636160718750001 0.427734375 0.5524553578125 0.435546875 0.47433035781250005 0.4609375 0.370163690625 0.474609375 0.332961309375
19 0.3037109375 0.1599702375 0.3193359375 0.14508928593749998 0.3310546875 0.1488095234375 0.349609375 0.1990327375 0.349609375 0.22135416718749998 0.35546875 0.2436755953125 0.359375 0.2808779765625 0.3720703125 0.2790178578125 0.375 0.28459821406249997 0.3720703125 0.293898809375 0.3701171875 0.29017857187499996 0.3671875 0.29575892812500004 0.359375 0.32924107187499996 0.361328125 0.3552827375 0.35546875 0.39248511875 0.3603515625 0.40550595312500004 0.3720703125 0.40178571406249997 0.3828125 0.3813244046875 0.455078125 0.21763392812500001 0.4423828125 0.21949404687500002 0.4345703125 0.234375 0.4072265625 0.22693452343749998 0.40234375 0.21763392812500001 0.4052734375 0.19345238125 0.3232421875 0.1264880953125 0.2705078125 0.12276785781249999 0.2412109375 0.137648809375 0.2255859375 0.1525297625 0.220703125 0.1618303578125 0.232421875 0.1990327375 0.248046875 0.2734375 0.3017578125 0.37946428593750003 0.32421875 0.407366071875 0.306640625 0.3180803578125 0.298828125 0.254836309375 0.298828125 0.1692708328125 0.3037109375 0.1599702375
19 0.783203125 0.9244791671874999 0.796875 0.9058779765624999 0.7998046875 0.8928571421875 0.8076171875 0.8891369046875001 0.818359375 0.8723958328125001 0.814453125 0.8686755953124999 0.8154296875 0.8630952375 0.8251953125 0.8630952375 0.828125 0.8463541671874999 0.8115234375 0.840773809375 0.7861328125 0.8072916671874999 0.7666015625 0.8072916671874999 0.7529296875 0.8147321421875 0.7470703125 0.8333333328125001 0.7353515625 0.8296130953124999 0.7275390625 0.8370535718750001 0.7255859375 0.8482142859374999 0.7197265625 0.840773809375 0.7158203125 0.8630952375 0.7080078125 0.8630952375 0.7060546875 0.8519345234375001 0.7021484375 0.8630952375 0.6884765625 0.8668154765624999 0.6845703125 0.877976190625 0.6787109375 0.877976190625 0.669921875 0.961681546875 0.671875 0.991443453125 0.736328125 0.995163690625 0.7490234375 0.9933035718750001 0.7646484375 0.956101190625 0.7744140625 0.9486607140625001 0.783203125 0.9244791671874999
19 0.5244140625 0.859375 0.5322265625 0.8482142859374999 0.5419921875 0.8482142859374999 0.5537109375 0.8370535718750001 0.5712890625 0.8556547625 0.6083984375 0.8258928578125 0.6376953125 0.8110119046875001 0.658203125 0.7384672625 0.6748046875 0.703125 0.6923828125 0.684523809375 0.720703125 0.6715029765625 0.712890625 0.6380208328125 0.71484375 0.600818453125 0.7353515625 0.5803571421875 0.7431640625 0.5543154765625 0.7529296875 0.5543154765625 0.7666015625 0.5691964281249999 0.7822265625 0.5766369046875 0.794921875 0.6119791671875 0.8251953125 0.6584821421875 0.83203125 0.678943453125 0.8427734375 0.6956845234375 0.8583984375 0.688244046875 0.92578125 0.5636160718750001 0.935546875 0.5115327375 0.93359375 0.489211309375 0.9140625 0.4222470234375 0.876953125 0.3218005953125 0.8564453125 0.2827380953125 0.8330078125 0.25669642812500004 0.7802734375 0.21949404687500002 0.7646484375 0.215773809375 0.7490234375 0.19717261875 0.7216796875 0.1822916671875 0.6357421875 0.174851190625 0.6044921875 0.19345238125 0.5732421875 0.2008928578125 0.5166015625 0.25669642812500004 0.474609375 0.336681546875 0.45703125 0.38876488125 0.4375 0.47433035781250005 0.423828125 0.6119791671875 0.42578125 0.70498511875 0.4296875 0.727306546875 0.435546875 0.7347470234375 0.435546875 0.7756696421875 0.443359375 0.8240327375 0.46875 0.9058779765624999 0.4873046875 0.9375 0.49609375 0.9430803578125 0.498046875 0.8723958328125001 0.5048828125 0.8630952375 0.5166015625 0.8556547625 0.5244140625 0.859375