19 0 0.01905385625 0.001953125 0.06595565625000001 0.021484375 0.0600929328125 0.01953125 0.04250475625 0.0029296875 0.017588175 0 0.01905385625
19 0 0.139239721875 0.029296875 0.14217108437499998 0.0634765625 0.131911315625 0.072265625 0.10406337031249999 0.0595703125 0.0732840640625 0.037109375 0.06595565625000001 0.03515625 0.02491658125 0.03125 0.01025976875 0.0244140625 0.005862725 0.03125 0.0542302078125 0.0283203125 0.0644899765625 0 0.0688870203125 0 0.139239721875
19 0.1259765625 0.0674213390625 0.0986328125 0.0586272515625 0.0966796875 0.0674213390625 0.0830078125 0.0732840640625 0.076171875 0.083543834375 0.072265625 0.0952692828125 0.07421875 0.12458290937500001 0.0810546875 0.137774040625 0.12109375 0.14217108437499998 0.1337890625 0.137774040625 0.140625 0.12165154687499999 0.138671875 0.0864751953125 0.1259765625 0.0674213390625
19 0.1435546875 0.017588175 0.1220703125 0.0117254515625 0.111328125 0.02491658125 0.109375 0.05716156875 0.1142578125 0.0644899765625 0.1416015625 0.0791467890625 0.154296875 0.07768110781250001 0.171875 0.06595565625000001 0.171875 0.04836748125 0.1494140625 0.0117254515625 0.1435546875 0.017588175
19 0.1689453125 0.0703527015625 0.1552734375 0.0762154265625 0.142578125 0.09820064687499999 0.142578125 0.1187201828125 0.1533203125 0.143636765625 0.1728515625 0.1289799515625 0.1865234375 0.1289799515625 0.2060546875 0.146568128125 0.2109375 0.1451024484375 0.22265625 0.12458290937500001 0.22265625 0.10406337031249999 0.2119140625 0.0850095140625 0.1689453125 0.0703527015625
19 0.2431640625 0.017588175 0.2119140625 0.0146568125 0.19140625 0.0454361203125 0.1875 0.0718183828125 0.2119140625 0.0850095140625 0.22265625 0.10406337031249999 0.22265625 0.12458290937500001 0.234375 0.1275142703125 0.248046875 0.1187201828125 0.251953125 0.074749746875 0.267578125 0.051298845312499994 0.2431640625 0.017588175
19 0.3271484375 0.055695889062500004 0.2685546875 0.055695889062500004 0.251953125 0.074749746875 0.248046875 0.1187201828125 0.2607421875 0.149499490625 0.3125 0.150965171875 0.3349609375 0.140705403125 0.34375 0.11578882187499999 0.33984375 0.074749746875 0.3271484375 0.055695889062500004
19 0.3408203125 0.0732840640625 0.34375 0.1099260953125 0.349609375 0.1099260953125 0.3662109375 0.10552905312500001 0.3671875 0.09820064687499999 0.3525390625 0.0762154265625 0.3408203125 0.0732840640625
19 0.375 0.08061247031249999 0.3701171875 0.0762154265625 0.3671875 0.106994734375 0.3466796875 0.11139177656249999 0.337890625 0.1451024484375 0.3466796875 0.15536221562500002 0.388671875 0.1538965359375 0.39453125 0.1187201828125 0.3857421875 0.108460415625 0.375 0.106994734375 0.375 0.08061247031249999
19 0.431640625 0.0688870203125 0.4169921875 0.052764526562500004 0.3935546875 0.0586272515625 0.3837890625 0.041039075 0.3779296875 0.041039075 0.376953125 0.0542302078125 0.38671875 0.06595565625000001 0.380859375 0.10113200781250001 0.396484375 0.1128574578125 0.4091796875 0.1025976890625 0.4287109375 0.1025976890625 0.43359375 0.08061247031249999 0.431640625 0.0688870203125
19 0.4482421875 0.108460415625 0.4091796875 0.1025976890625 0.392578125 0.12458290937500001 0.392578125 0.1451024484375 0.3994140625 0.15536221562500002 0.4453125 0.156827896875 0.4521484375 0.15536221562500002 0.458984375 0.139239721875 0.455078125 0.1187201828125 0.4482421875 0.108460415625
19 0.4697265625 0.0732840640625 0.4482421875 0.0732840640625 0.431640625 0.10113200781250001 0.455078125 0.1187201828125 0.458984375 0.1363083578125 0.4560546875 0.15536221562500002 0.470703125 0.1538965359375 0.482421875 0.14217108437499998 0.48046875 0.1275142703125 0.486328125 0.09233792187499999 0.4697265625 0.0732840640625
19 0.4873046875 0.061558614062499996 0.474609375 0.074749746875 0.4853515625 0.090872240625 0.49609375 0.09233792187499999 0.5068359375 0.0820781515625 0.5322265625 0.0762154265625 0.533203125 0.0630242953125 0.4873046875 0.061558614062499996
19 0.5791015625 0.0205195390625 0.5615234375 0.017588175 0.5390625 0.039573393750000005 0.533203125 0.0718183828125 0.5498046875 0.0850095140625 0.5595703125 0.10552905312500001 0.57421875 0.10406337031249999 0.58984375 0.0864751953125 0.59375 0.05716156875 0.587890625 0.03371066875 0.5791015625 0.0205195390625
19 0.5927734375 0.0850095140625 0.568359375 0.12458290937500001 0.568359375 0.14217108437499998 0.5751953125 0.158293578125 0.626953125 0.159759259375 0.6328125 0.148033809375 0.6328125 0.11578882187499999 0.6181640625 0.0938036015625 0.5927734375 0.0850095140625
19 0.666015625 0.08061247031249999 0.6611328125 0.0644899765625 0.638671875 0.08061247031249999 0.638671875 0.1099260953125 0.6328125 0.12165154687499999 0.6328125 0.148033809375 0.62890625 0.156827896875 0.66015625 0.159759259375 0.666015625 0.1538965359375 0.666015625 0.11578882187499999 0.65234375 0.10406337031249999 0.666015625 0.08061247031249999
19 0.6982421875 0.0850095140625 0.6904296875 0.0938036015625 0.6806640625 0.0879408765625 0.6796875 0.09820064687499999 0.666015625 0.12165154687499999 0.6640625 0.148033809375 0.6689453125 0.1612249421875 0.677734375 0.159759259375 0.6826171875 0.149499490625 0.71484375 0.1538965359375 0.71484375 0.106994734375 0.6982421875 0.0850095140625
19 0.7216796875 0.0439704390625 0.7119140625 0.0498331625 0.7021484375 0.0674213390625 0.6845703125 0.0439704390625 0.697265625 0.0864751953125 0.71484375 0.10406337031249999 0.7255859375 0.0850095140625 0.7578125 0.0630242953125 0.7470703125 0.0498331625 0.7216796875 0.0439704390625
19 0.7255859375 0.0850095140625 0.71484375 0.10406337031249999 0.712890625 0.1187201828125 0.7177734375 0.149499490625 0.7255859375 0.143636765625 0.7509765625 0.1612249421875 0.7578125 0.159759259375 0.771484375 0.139239721875 0.787109375 0.09233792187499999 0.7626953125 0.061558614062499996 0.7255859375 0.0850095140625
19 0.8134765625 0.0146568125 0.7900390625 0.0234509 0.7734375 0.051298845312499994 0.771484375 0.0718183828125 0.7890625 0.0864751953125 0.791015625 0.04836748125 0.8017578125 0.026382262499999996 0.8095703125 0.0322449875 0.8134765625 0.0146568125
19 0.8720703125 0 0.8505859375 0.026382262499999996 0.8408203125 0.0146568125 0.822265625 0.01612249375 0.818359375 0.0366420328125 0.8232421875 0.0439704390625 0.8349609375 0.0293136265625 0.84375 0.0278479453125 0.841796875 0.04250475625 0.826171875 0.074749746875 0.828125 0.0894065578125 0.818359375 0.11578882187499999 0.8212890625 0.12311722812499999 0.8359375 0.12458290937500001 0.857421875 0.10113200781250001 0.8671875 0.0688870203125 0.86328125 0.04250475625 0.884765625 0.0131911328125 0.8837890625 0 0.8720703125 0
19 0.95703125 0.14217108437499998 0.9638671875 0.1612249421875 0.970703125 0.159759259375 0.970703125 0.150965171875 0.9853515625 0.12311722812499999 0.9921875 0.130445634375 0.986328125 0.159759259375 1 0.159759259375 0.9970703125 0.1025976890625 0.9736328125 0.09966632812500001 0.958984375 0.1128574578125 0.95703125 0.14217108437499998
19 0.955078125 0.159759259375 0.958984375 0.156827896875 0.9580078125 0.12018586406250001 0.935546875 0.159759259375 0.955078125 0.159759259375
19 0.9921875 0.133376996875 0.9873046875 0.126048590625 0.982421875 0.1275142703125 0.9677734375 0.164156303125 0.9482421875 0.164156303125 0.935546875 0.18027879687499998 0.935546875 0.197866971875 0.9423828125 0.2022640171875 0.9541015625 0.1964012921875 0.95703125 0.22424923593749999 0.9736328125 0.24623445624999998 0.978515625 0.2447687734375 0.990234375 0.22424923593749999 0.990234375 0.1949356109375 0.98046875 0.1773474359375 0.9921875 0.133376996875
19 1 0.23011196093750003 0.9931640625 0.2286462796875 0.98046875 0.2447687734375 0.974609375 0.2740824 0.9892578125 0.3107244328125 1 0.3092587515625 1 0.23011196093750003
19 0.986328125 0.3649546390625 0.9765625 0.3415037390625 0.98828125 0.3268469265625 0.984375 0.3004646625 0.974609375 0.2740824 0.9501953125 0.24623445624999998 0.935546875 0.2477001375 0.916015625 0.3327096515625 0.916015625 0.3825428140625 0.92578125 0.414787803125 0.93359375 0.42065052812500003 0.9423828125 0.404528034375 0.9599609375 0.389871221875 0.986328125 0.3825428140625 0.986328125 0.3649546390625
19 0.9423828125 0.1993326546875 0.935546875 0.24183741093750002 0.9501953125 0.24623445624999998 0.974609375 0.26821967343750003 0.96875 0.23597468593749998 0.955078125 0.2213178734375 0.955078125 0.197866971875 0.9423828125 0.1993326546875
19 1 0.35029782656249997 0.9853515625 0.33124396875 0.978515625 0.3444351015625 0.98828125 0.3678860015625 0.98828125 0.3825428140625 0.9814453125 0.389871221875 0.9521484375 0.39573394687499996 0.935546875 0.4177191640625 0.9296875 0.435307340625 0.921875 0.52911094375 0.931640625 0.5613559312499999 0.9443359375 0.577478425 0.9658203125 0.589203875 1 0.58773819375 1 0.35029782656249997
19 0.80859375 0.49393459218749997 0.8017578125 0.4895375484375 0.7958984375 0.4983316359375 0.7890625 0.49100322968750004 0.791015625 0.438238703125 0.75390625 0.411856440625 0.765625 0.379611453125 0.7626953125 0.37228304687499997 0.75 0.3766800890625 0.7333984375 0.419184846875 0.7138671875 0.425047571875 0.6953125 0.452895515625 0.68359375 0.5115227671875 0.6875 0.5496304796875 0.6982421875 0.5745470640625 0.7236328125 0.5921352390625 0.755859375 0.59360091875 0.7919921875 0.5745470640625 0.802734375 0.5584245671875 0.810546875 0.5232482171874999 0.80859375 0.49393459218749997
19 0.6865234375 0.42211620937500005 0.6748046875 0.42211620937500005 0.6650390625 0.427978934375 0.650390625 0.455826878125 0.650390625 0.5115227671875 0.646484375 0.52911094375 0.6630859375 0.5628216125 0.69140625 0.56428729375 0.68359375 0.5027286796875 0.689453125 0.46755232968750005 0.703125 0.438238703125 0.6865234375 0.42211620937500005
19 0.7685546875 0.37521440781250004 0.7763671875 0.389871221875 0.78125 0.3766800890625 0.78125 0.3415037390625 0.767578125 0.2946019375 0.7470703125 0.26675399375 0.7275390625 0.25795990625 0.6982421875 0.26675399375 0.6845703125 0.25502854375 0.6708984375 0.25502854375 0.6640625 0.26821967343750003 0.6767578125 0.2696853546875 0.685546875 0.279945125 0.6640625 0.31805283906250004 0.6640625 0.3766800890625 0.671875 0.40013098906250005 0.6865234375 0.42211620937500005 0.705078125 0.43237597812499995 0.7197265625 0.419184846875 0.7333984375 0.416253484375 0.7548828125 0.37228304687499997 0.7685546875 0.37521440781250004
19 0.7763671875 0.425047571875 0.79296875 0.438238703125 0.798828125 0.3913369015625 0.7958984375 0.38693985937500003 0.775390625 0.4177191640625 0.7763671875 0.425047571875
19 0.828125 0.4851405046875 0.8271484375 0.454361196875 0.806640625 0.4734150546875 0.810546875 0.52911094375 0.8046875 0.55549320625 0.794921875 0.57308138125 0.8017578125 0.5833411515625 0.810546875 0.5818754687500001 0.814453125 0.5437677562500001 0.822265625 0.5173854921875 0.822265625 0.49393459218749997 0.828125 0.4851405046875
19 0.783203125 0.2975333 0.7958984375 0.3195185203125 0.80859375 0.31805283906250004 0.81640625 0.2828764875 0.8173828125 0.2520971796875 0.7958984375 0.25795990625 0.783203125 0.2975333
19 0.7685546875 0.146568128125 0.7529296875 0.164156303125 0.72265625 0.1451024484375 0.71875 0.156827896875 0.7216796875 0.1612249421875 0.751953125 0.18027879687499998 0.7509765625 0.20519537968749998 0.7744140625 0.21105810468750003 0.7880859375 0.23157764374999998 0.794921875 0.23011196093750003 0.802734375 0.2183865109375 0.802734375 0.2095924234375 0.771484375 0.165621984375 0.7685546875 0.146568128125
19 0.796875 0.23011196093750003 0.80078125 0.2506314984375 0.8203125 0.2506314984375 0.82421875 0.23597468593749998 0.8095703125 0.21692082968749998 0.8037109375 0.21692082968749998 0.796875 0.23011196093750003
19 0.7744140625 0.21105810468750003 0.7509765625 0.2081267421875 0.748046875 0.18614152343749998 0.7392578125 0.17881311718749998 0.73828125 0.21545515 0.7265625 0.2506314984375 0.7294921875 0.25795990625 0.7509765625 0.2696853546875 0.7705078125 0.29899898125 0.775390625 0.2975333 0.787109375 0.2828764875 0.79296875 0.26235695 0.7890625 0.2330433234375 0.7744140625 0.21105810468750003
19 0.7314453125 0.167087665625 0.720703125 0.18321015937500001 0.720703125 0.2007983359375 0.701171875 0.21545515 0.7138671875 0.2257149171875 0.7265625 0.2506314984375 0.73828125 0.21545515 0.732421875 0.206661059375 0.73828125 0.174416071875 0.7314453125 0.167087665625
19 0.666015625 0.2946019375 0.673828125 0.2975333 0.681640625 0.2740824 0.6650390625 0.27261671875000004 0.662109375 0.27701376093749996 0.666015625 0.2946019375
19 0.69921875 0.21545515 0.701171875 0.174416071875 0.6943359375 0.1700190296875 0.685546875 0.18321015937500001 0.6875 0.2183865109375 0.669921875 0.23597468593749998 0.666015625 0.256494225 0.6884765625 0.25502854375 0.6982421875 0.26675399375 0.705078125 0.26528831249999996 0.7236328125 0.25795990625 0.7265625 0.2506314984375 0.7119140625 0.22278355468750002 0.69921875 0.21545515
19 0.6640625 0.2213178734375 0.6640625 0.1949356109375 0.6552734375 0.1876072046875 0.650390625 0.197866971875 0.650390625 0.22424923593749999 0.634765625 0.23597468593749998 0.62890625 0.2594255859375 0.634765625 0.3004646625 0.6455078125 0.3107244328125 0.662109375 0.3092587515625 0.66796875 0.30339602499999996 0.662109375 0.26528831249999996 0.67578125 0.2271805984375 0.6640625 0.2213178734375
19 0.6162109375 0.2257149171875 0.60546875 0.2213178734375 0.6015625 0.171484709375 0.5888671875 0.158293578125 0.583984375 0.162690621875 0.583984375 0.2125237859375 0.572265625 0.2330433234375 0.578125 0.2506314984375 0.56640625 0.26821967343750003 0.564453125 0.2887392125 0.5791015625 0.3107244328125 0.603515625 0.3092587515625 0.6142578125 0.30779306875 0.625 0.2946019375 0.62890625 0.2506314984375 0.6162109375 0.2257149171875
19 0.572265625 0.24183741093750002 0.572265625 0.22424923593749999 0.56640625 0.2183865109375 0.564453125 0.1949356109375 0.546875 0.150965171875 0.5322265625 0.143636765625 0.5048828125 0.149499490625 0.4892578125 0.09966632812500001 0.486328125 0.1275142703125 0.490234375 0.156827896875 0.4697265625 0.1612249421875 0.45703125 0.18321015937500001 0.453125 0.20372969843750002 0.4658203125 0.2139894671875 0.4765625 0.2330433234375 0.48046875 0.2506314984375 0.478515625 0.3004646625 0.4970703125 0.31658715625 0.505859375 0.315121475 0.5478515625 0.3019303453125 0.5576171875 0.29313625781249997 0.576171875 0.2447687734375 0.572265625 0.24183741093750002
19 0.1181640625 0.29606761875 0.134765625 0.3121901125 0.142578125 0.3620232765625 0.1455078125 0.3664203203125 0.150390625 0.3620232765625 0.16015625 0.315121475 0.16015625 0.2975333 0.146484375 0.2711510375 0.15625 0.24183741093750002 0.1533203125 0.2286462796875 0.1416015625 0.2257149171875 0.1298828125 0.24916581875000002 0.1064453125 0.23157764374999998 0.0771484375 0.23450900468749997 0.0517578125 0.25795990625 0.03515625 0.2828764875 0.025390625 0.31805283906250004 0.02734375 0.3444351015625 0.03515625 0.3649546390625 0.0556640625 0.389871221875 0.0654296875 0.398665309375 0.072265625 0.397199628125 0.0927734375 0.37228304687499997 0.12109375 0.3649546390625 0.11328125 0.3121901125 0.1181640625 0.29606761875
19 0.275390625 0.2887392125 0.2646484375 0.2696853546875 0.2509765625 0.26382263125 0.248046875 0.256494225 0.259765625 0.2271805984375 0.2568359375 0.20519537968749998 0.2509765625 0.20519537968749998 0.2255859375 0.24916581875000002 0.2080078125 0.24623445624999998 0.1865234375 0.26382263125 0.162109375 0.3063273875 0.15625 0.3268469265625 0.15625 0.3590919140625 0.1611328125 0.37228304687499997 0.1865234375 0.38693985937500003 0.2099609375 0.42211620937500005 0.240234375 0.42358189062499996 0.267578125 0.3913369015625 0.28125 0.35029782656249997 0.28125 0.3092587515625 0.275390625 0.2887392125
19 0.20703125 0.5144541296875 0.208984375 0.46168960312499996 0.19921875 0.4089250765625 0.1728515625 0.3781457703125 0.1455078125 0.36935168281249997 0.1328125 0.3092587515625 0.1181640625 0.29606761875 0.11328125 0.3092587515625 0.123046875 0.3649546390625 0.1201171875 0.37228304687499997 0.0927734375 0.37228304687499997 0.0703125 0.40013098906250005 0.0546875 0.47048369062499995 0.0546875 0.5232482171874999 0.0625 0.5496304796875 0.0849609375 0.577478425 0.140625 0.5818754687500001 0.1552734375 0.5686843374999999 0.1748046875 0.5745470640625 0.197265625 0.54669911875 0.20703125 0.5144541296875
19 0.650390625 0.452895515625 0.640625 0.414787803125 0.6240234375 0.389871221875 0.6064453125 0.3840084953125 0.59765625 0.3737487265625 0.599609375 0.35029782656249997 0.607421875 0.3327096515625 0.5908203125 0.3195185203125 0.576171875 0.3590919140625 0.56640625 0.3678860015625 0.5654296875 0.3781457703125 0.5439453125 0.3840084953125 0.521484375 0.411856440625 0.513671875 0.429444615625 0.51171875 0.4499641546875 0.51953125 0.4822091421875 0.517578125 0.5437677562500001 0.521484375 0.55549320625 0.5439453125 0.577478425 0.5810546875 0.589203875 0.59765625 0.58773819375 0.6220703125 0.577478425 0.640625 0.54669911875 0.650390625 0.5056600421875 0.650390625 0.452895515625
19 0.51953125 0.5144541296875 0.517578125 0.47048369062499995 0.509765625 0.44703279062499995 0.4912109375 0.425047571875 0.46484375 0.42065052812500003 0.46875 0.40599371562500003 0.48828125 0.3825428140625 0.4912109375 0.3664203203125 0.4658203125 0.37521440781250004 0.4443359375 0.419184846875 0.4208984375 0.419184846875 0.40234375 0.44703279062499995 0.392578125 0.4851405046875 0.39453125 0.53790503125 0.4130859375 0.5745470640625 0.4267578125 0.5862725125 0.46484375 0.58773819375 0.4833984375 0.5862725125 0.4990234375 0.5745470640625 0.51171875 0.5525618437500001 0.51953125 0.5144541296875
19 0.46875 0.40599371562500003 0.4697265625 0.42211620937500005 0.4931640625 0.425047571875 0.509765625 0.44410142812500003 0.513671875 0.426513253125 0.4931640625 0.39573394687499996 0.4794921875 0.389871221875 0.46875 0.40599371562500003
19 0.4501953125 0.3429694203125 0.4375 0.35029782656249997 0.4296875 0.379611453125 0.4296875 0.403062353125 0.412109375 0.42358189062499996 0.41015625 0.429444615625 0.4140625 0.429444615625 0.44921875 0.411856440625 0.453125 0.40013098906250005 0.447265625 0.3913369015625 0.4501953125 0.3429694203125
19 0.40234375 0.44703279062499995 0.400390625 0.42358189062499996 0.390625 0.40013098906250005 0.3720703125 0.37521440781250004 0.3369140625 0.3634889578125 0.3154296875 0.3253812453125 0.3037109375 0.3253812453125 0.296875 0.3356410140625 0.302734375 0.3678860015625 0.2763671875 0.3840084953125 0.25390625 0.42358189062499996 0.248046875 0.455826878125 0.25 0.5144541296875 0.2578125 0.5232482171874999 0.263671875 0.5525618437500001 0.2880859375 0.577478425 0.357421875 0.57894410625 0.3759765625 0.5716157 0.392578125 0.54669911875 0.390625 0.4997973171875 0.40234375 0.44703279062499995
19 0.2734375 0.379611453125 0.27734375 0.3825428140625 0.3017578125 0.36935168281249997 0.30078125 0.3532291890625 0.2822265625 0.3517635078125 0.2734375 0.379611453125
19 0.25390625 0.426513253125 0.2509765625 0.419184846875 0.2353515625 0.427978934375 0.2099609375 0.42211620937500005 0.205078125 0.426513253125 0.208984375 0.5056600421875 0.19140625 0.56428729375 0.23046875 0.56721865625 0.244140625 0.5584245671875 0.248046875 0.53790503125 0.24609375 0.4587582421875 0.25390625 0.426513253125
19 0.060546875 0.42065052812500003 0.0322265625 0.3605575953125 0.0078125 0.34736646250000003 0.0078125 0.30339602499999996 0.0009765625 0.29899898125 0 0.56721865625 0.015625 0.56721865625 0.0400390625 0.5569588875 0.0546875 0.5320423046875 0.052734375 0.4822091421875 0.060546875 0.42065052812500003
19 0.1572265625 0.6390370390625 0.1337890625 0.6361056765625 0.1201171875 0.6448997640624999 0.109375 0.6639536203125 0.103515625 0.684473159375 0.1064453125 0.726977915625 0.1796875 0.725512234375 0.18359375 0.707924059375 0.181640625 0.678610434375 0.1689453125 0.6478311265625 0.1572265625 0.6390370390625