0 0.736328125 0.6552734375 0.7265625 0.6220703125 0.728515625 0.5048828125 0.716796875 0.4736328125 0.6298828125 0.375 0.5634765625 0.345703125 0.4326171875 0.353515625 0.40234375 0.3779296875 0.341796875 0.4716796875 0.3486328125 0.498046875 0.3662109375 0.46875 0.369140625 0.4873046875 0.3955078125 0.50390625 0.5146484375 0.517578125 0.55859375 0.5458984375 0.55078125 0.5771484375 0.5263671875 0.591796875 0.4443359375 0.580078125 0.419921875 0.5888671875 0.43359375 0.6552734375 0.392578125 0.7294921875 0.39453125 0.7626953125 0.4423828125 0.8046875 0.4765625 0.8076171875 0.5537109375 0.80078125 0.6708984375 0.76171875 0.703125 0.7314453125 0.736328125 0.6552734375
0 0.158203125 0.4970703125 0.181640625 0.4580078125 0.166015625 0.4033203125 0.189453125 0.3720703125 0.1953125 0.3134765625 0.169921875 0.2236328125 0.103515625 0.1611328125 0.0390625 0.0224609375 0.0009765625 0 0 0.7021484375 0.01171875 0.7041015625 0.052734375 0.6552734375 0.052734375 0.5966796875 0.1181640625 0.521484375 0.158203125 0.4970703125
0 0.953125 0.2724609375 0.9375 0.2412109375 0.919921875 0.1337890625 0.8154296875 0.06640625 0.7978515625 0.1015625 0.7177734375 0.12890625 0.65234375 0.1728515625 0.634765625 0.2001953125 0.634765625 0.2587890625 0.6806640625 0.2578125 0.7548828125 0.228515625 0.7763671875 0.23046875 0.7919921875 0.24609375 0.8369140625 0.232421875 0.8779296875 0.232421875 0.888671875 0.2548828125 0.8291015625 0.287109375 0.80859375 0.3388671875 0.796875 0.3466796875 0.796875 0.3857421875 0.818359375 0.3876953125 0.8603515625 0.359375 0.9326171875 0.328125 0.947265625 0.3076171875 0.953125 0.2724609375
0 0.9453125 0.5576171875 0.916015625 0.5068359375 0.8779296875 0.5 0.8447265625 0.51953125 0.8291015625 0.546875 0.7900390625 0.548828125 0.7412109375 0.56640625 0.734375 0.6181640625 0.7470703125 0.626953125 0.8388671875 0.6328125 0.8935546875 0.64453125 0.896484375 0.6669921875 0.8759765625 0.6796875 0.8291015625 0.671875 0.7607421875 0.673828125 0.763671875 0.6845703125 0.75 0.6884765625 0.75 0.7080078125 0.7998046875 0.75 0.900390625 0.7705078125 0.953125 0.7177734375 0.9609375 0.7021484375 0.9609375 0.6005859375 0.9453125 0.5576171875
0 0.796875 0.8466796875 0.7890625 0.8349609375 0.7646484375 0.828125 0.6962890625 0.83203125 0.671875 0.8466796875 0.6640625 0.8642578125 0.703125 0.8935546875 0.70703125 0.9208984375 0.6923828125 0.931640625 0.662109375 0.9287109375 0.6669921875 0.984375 0.6533203125 0.990234375 0.6220703125 0.974609375 0.5556640625 0.962890625 0.5029296875 0.943359375 0.466796875 0.9716796875 0.462890625 0.9912109375 0.4638671875 1 0.853515625 0.9990234375 0.85546875 0.9775390625 0.841796875 0.9287109375 0.79296875 0.8876953125 0.796875 0.8466796875
0 0.31640625 0.9091796875 0.2666015625 0.888671875 0.259765625 0.8623046875 0.2451171875 0.84765625 0.1552734375 0.876953125 0.138671875 0.8720703125 0.1279296875 0.837890625 0.1220703125 0.849609375 0.0712890625 0.873046875 0.0419921875 0.908203125 0 0.9287109375 0.0009765625 1 0.353515625 0.9990234375 0.3330078125 0.96875 0.3125 0.9677734375 0.322265625 0.9443359375 0.31640625 0.9091796875
0 0.18359375 0.4560546875 0.16796875 0.3955078125 0.189453125 0.3759765625 0.1953125 0.3134765625 0.16796875 0.2197265625 0.103515625 0.1611328125 0.080078125 0.0908203125 0.033203125 0.0146484375 0.0009765625 0 0 0.7060546875 0.01171875 0.7060546875 0.052734375 0.6572265625 0.0546875 0.5947265625 0.16015625 0.4951171875 0.18359375 0.4560546875
0 0.734375 0.6591796875 0.732421875 0.5439453125 0.716796875 0.4736328125 0.6298828125 0.375 0.5634765625 0.345703125 0.5205078125 0.353515625 0.4677734375 0.34375 0.4326171875 0.353515625 0.40234375 0.3779296875 0.34375 0.4833984375 0.3525390625 0.49609375 0.3662109375 0.46875 0.369140625 0.4853515625 0.3955078125 0.50390625 0.5146484375 0.517578125 0.55859375 0.5458984375 0.55078125 0.5771484375 0.5263671875 0.591796875 0.4443359375 0.580078125 0.419921875 0.5888671875 0.43359375 0.6533203125 0.392578125 0.7294921875 0.392578125 0.7587890625 0.4423828125 0.8046875 0.474609375 0.8076171875 0.5517578125 0.80078125 0.6708984375 0.76171875 0.703125 0.7314453125 0.734375 0.6591796875
0 0.9609375 0.6005859375 0.9453125 0.5576171875 0.916015625 0.5068359375 0.8779296875 0.5 0.8447265625 0.51953125 0.8291015625 0.546875 0.7802734375 0.55078125 0.7431640625 0.564453125 0.734375 0.6201171875 0.7470703125 0.626953125 0.8369140625 0.6328125 0.8955078125 0.646484375 0.896484375 0.6669921875 0.8759765625 0.6796875 0.8291015625 0.671875 0.7587890625 0.673828125 0.755859375 0.6806640625 0.76171875 0.6845703125 0.75 0.6884765625 0.75 0.7080078125 0.7998046875 0.75 0.900390625 0.7705078125 0.91015625 0.7529296875 0.953125 0.7177734375 0.9609375 0.7021484375 0.9609375 0.6005859375
0 0.919921875 0.1337890625 0.8193359375 0.06640625 0.7939453125 0.103515625 0.6787109375 0.1484375 0.634765625 0.2001953125 0.634765625 0.2587890625 0.6455078125 0.263671875 0.7587890625 0.228515625 0.7802734375 0.232421875 0.7900390625 0.24609375 0.8505859375 0.23046875 0.8720703125 0.23046875 0.888671875 0.2431640625 0.8798828125 0.263671875 0.826171875 0.2919921875 0.810546875 0.3388671875 0.796875 0.3466796875 0.796875 0.3837890625 0.8125 0.3876953125 0.9326171875 0.328125 0.953125 0.2802734375 0.9375 0.2412109375 0.919921875 0.1337890625
0 0.796875 0.8466796875 0.7880859375 0.833984375 0.7568359375 0.828125 0.6865234375 0.833984375 0.6640625 0.8583984375 0.6630859375 0.865234375 0.703125 0.8935546875 0.70703125 0.9208984375 0.6962890625 0.9296875 0.662109375 0.9287109375 0.66796875 0.9814453125 0.6552734375 0.990234375 0.6318359375 0.9765625 0.5556640625 0.962890625 0.5029296875 0.943359375 0.466796875 0.9716796875 0.462890625 0.9912109375 0.4638671875 1 0.853515625 0.9990234375 0.85546875 0.9775390625 0.841796875 0.9287109375 0.79296875 0.8876953125 0.796875 0.8466796875
0 0.31640625 0.9091796875 0.2666015625 0.888671875 0.2578125 0.8603515625 0.2451171875 0.84765625 0.1552734375 0.876953125 0.138671875 0.8720703125 0.1279296875 0.837890625 0.1064453125 0.859375 0.0712890625 0.873046875 0.0419921875 0.908203125 0 0.9287109375 0.0009765625 1 0.353515625 0.9990234375 0.3330078125 0.96875 0.3125 0.9677734375 0.322265625 0.9443359375 0.31640625 0.9091796875