0 0.712890625 0.6611328125 0.73828125 0.6103515625 0.728515625 0.5400390625 0.6533203125 0.46875 0.5654296875 0.447265625 0.5087890625 0.416015625 0.4677734375 0.423828125 0.4443359375 0.40234375 0.3974609375 0.390625 0.359375 0.4228515625 0.36328125 0.4912109375 0.390625 0.5185546875 0.390625 0.5419921875 0.35546875 0.6318359375 0.36328125 0.6787109375 0.34375 0.7333984375 0.345703125 0.7744140625 0.4033203125 0.8125 0.4599609375 0.80859375 0.515625 0.8271484375 0.6298828125 0.806640625 0.65625 0.7587890625 0.71875 0.7001953125 0.712890625 0.6611328125
0 0.2080078125 0.46875 0.169921875 0.4443359375 0.185546875 0.3408203125 0.240234375 0.3369140625 0.26171875 0.2197265625 0.2392578125 0.208984375 0.232421875 0.1904296875 0.26171875 0.1689453125 0.26171875 0.1533203125 0.1982421875 0.130859375 0.1083984375 0.14453125 0.0009765625 0.138671875 0 0.5419921875 0.0673828125 0.529296875 0.1005859375 0.591796875 0.181640625 0.6201171875 0.2412109375 0.576171875 0.26171875 0.5458984375 0.23828125 0.4716796875 0.2080078125 0.46875
0 0.326171875 0.8525390625 0.326171875 0.7958984375 0.3076171875 0.78125 0.2841796875 0.779296875 0.2744140625 0.765625 0.2373046875 0.767578125 0.216796875 0.7568359375 0.216796875 0.7314453125 0.248046875 0.6904296875 0.2236328125 0.634765625 0.1845703125 0.640625 0.1181640625 0.607421875 0.0576171875 0.591796875 0.0009765625 0.599609375 0 0.8701171875 0.0517578125 0.8984375 0.0869140625 0.90625 0.1279296875 0.8984375 0.18359375 0.9150390625 0.1943359375 0.908203125 0.2646484375 0.912109375 0.2900390625 0.8984375 0.326171875 0.8525390625
0 0.7314453125 0.759765625 0.7041015625 0.78515625 0.6767578125 0.7890625 0.6572265625 0.78125 0.6279296875 0.8203125 0.5771484375 0.83984375 0.576171875 0.9052734375 0.5673828125 0.916015625 0.5302734375 0.9140625 0.4775390625 0.873046875 0.4072265625 0.87109375 0.390625 0.8916015625 0.390625 0.9267578125 0.4345703125 1 0.80078125 0.9990234375 0.8046875 0.8955078125 0.78515625 0.8642578125 0.771484375 0.7978515625 0.7314453125 0.759765625
0 1 0.7158203125 0.9228515625 0.703125 0.9052734375 0.70703125 0.8876953125 0.720703125 0.8623046875 0.72265625 0.849609375 0.7392578125 0.84765625 0.7744140625 0.859375 0.8271484375 0.873046875 0.8388671875 0.87890625 0.9287109375 0.9072265625 0.951171875 0.9453125 0.9560546875 0.9638671875 0.951171875 0.9814453125 0.9375 1 0.9365234375 1 0.7158203125
0 0.818359375 0.1611328125 0.841796875 0.0908203125 0.81640625 0.0244140625 0.7841796875 0 0.3251953125 0.005859375 0.2734375 0.1689453125 0.291015625 0.2685546875 0.3505859375 0.33203125 0.4912109375 0.328125 0.5078125 0.3740234375 0.5419921875 0.400390625 0.66796875 0.4169921875 0.7880859375 0.36328125 0.794921875 0.2919921875 0.83203125 0.2548828125 0.818359375 0.1611328125
0 1 0.0009765625 0.9111328125 0 0.890625 0.0224609375 0.888671875 0.1005859375 0.8740234375 0.10546875 0.8642578125 0.125 0.845703125 0.1298828125 0.830078125 0.1513671875 0.828125 0.1748046875 0.8408203125 0.220703125 0.9033203125 0.23828125 0.939453125 0.2822265625 0.94140625 0.2998046875 0.921875 0.3310546875 0.923828125 0.3564453125 0.9384765625 0.392578125 0.96875 0.3974609375 1 0.3837890625 1 0.0009765625
0 0.1943359375 0.927734375 0.1708984375 0.927734375 0.1533203125 0.916015625 0.1318359375 0.91015625 0.0791015625 0.908203125 0.0439453125 0.900390625 0.0166015625 0.884765625 0 0.8857421875 0.0009765625 1 0.21875 0.9990234375 0.22265625 0.9580078125 0.220703125 0.9443359375 0.2119140625 0.935546875 0.1943359375 0.927734375
0 0.2216796875 0.953125 0.220703125 0.9423828125 0.2060546875 0.9296875 0.1923828125 0.923828125 0.1708984375 0.92578125 0.1533203125 0.9140625 0.1240234375 0.90625 0.0576171875 0.904296875 0.0185546875 0.884765625 0 0.8857421875 0.0009765625 1 0.21875 0.9990234375 0.22265625 0.9794921875 0.23828125 0.9599609375 0.2314453125 0.94921875 0.2216796875 0.953125
0 0.7333984375 0.763671875 0.7021484375 0.78515625 0.6591796875 0.78515625 0.6298828125 0.8203125 0.5810546875 0.837890625 0.576171875 0.9052734375 0.5576171875 0.916015625 0.5263671875 0.912109375 0.4833984375 0.875 0.4326171875 0.87890625 0.4091796875 0.86328125 0.388671875 0.8955078125 0.384765625 0.9580078125 0.3994140625 0.958984375 0.4033203125 0.939453125 0.4326171875 1 0.80078125 0.9990234375 0.802734375 0.8955078125 0.783203125 0.8564453125 0.771484375 0.7998046875 0.7333984375 0.763671875
0 0.330078125 0.8408203125 0.32421875 0.7919921875 0.2841796875 0.779296875 0.2744140625 0.765625 0.2373046875 0.767578125 0.216796875 0.7568359375 0.216796875 0.7314453125 0.248046875 0.6904296875 0.2216796875 0.6328125 0.1865234375 0.640625 0.1181640625 0.607421875 0.0576171875 0.591796875 0.0029296875 0.59765625 0 0.8701171875 0.0517578125 0.8984375 0.0869140625 0.90625 0.1279296875 0.8984375 0.181640625 0.9169921875 0.1943359375 0.908203125 0.2646484375 0.912109375 0.2900390625 0.8984375 0.330078125 0.8408203125
0 0.2099609375 0.466796875 0.1767578125 0.453125 0.16796875 0.4365234375 0.185546875 0.3388671875 0.2294921875 0.34375 0.2421875 0.3310546875 0.240234375 0.2998046875 0.2578125 0.2744140625 0.26171875 0.2177734375 0.234375 0.1962890625 0.2470703125 0.1953125 0.24609375 0.1826171875 0.259765625 0.1767578125 0.26171875 0.1513671875 0.1982421875 0.130859375 0.1064453125 0.14453125 0.0009765625 0.138671875 0 0.5791015625 0.0439453125 0.572265625 0.052734375 0.5537109375 0.01171875 0.5380859375 0.0595703125 0.52734375 0.068359375 0.5341796875 0.064453125 0.5498046875 0.0986328125 0.591796875 0.181640625 0.6201171875 0.2412109375 0.576171875 0.26171875 0.5458984375 0.244140625 0.4658203125 0.2099609375 0.466796875
0 0.83203125 0.2548828125 0.818359375 0.1591796875 0.841796875 0.0927734375 0.814453125 0.0224609375 0.7841796875 0 0.3251953125 0.005859375 0.2734375 0.1708984375 0.291015625 0.2685546875 0.3486328125 0.33203125 0.4912109375 0.328125 0.498046875 0.3603515625 0.5419921875 0.400390625 0.66796875 0.4169921875 0.7822265625 0.3671875 0.794921875 0.3525390625 0.794921875 0.2919921875 0.83203125 0.2548828125
0 1 0.0009765625 0.9091796875 0 0.890625 0.0205078125 0.88671875 0.1044921875 0.8720703125 0.10546875 0.8681640625 0.12109375 0.837890625 0.1376953125 0.828125 0.1748046875 0.8408203125 0.220703125 0.9033203125 0.23828125 0.94140625 0.2861328125 0.919921875 0.3408203125 0.935546875 0.3896484375 0.96875 0.3974609375 1 0.3837890625 1 0.0009765625
0 0.71875 0.7001953125 0.712890625 0.6611328125 0.73828125 0.6103515625 0.728515625 0.5419921875 0.6572265625 0.470703125 0.5654296875 0.447265625 0.5087890625 0.416015625 0.4677734375 0.423828125 0.4462890625 0.40234375 0.3974609375 0.390625 0.359375 0.4248046875 0.36328125 0.4892578125 0.390625 0.5185546875 0.390625 0.5419921875 0.357421875 0.6240234375 0.36328125 0.6787109375 0.34375 0.7646484375 0.3994140625 0.810546875 0.4599609375 0.80859375 0.4892578125 0.82421875 0.53125 0.8251953125 0.6220703125 0.810546875 0.64453125 0.7880859375 0.642578125 0.7685546875 0.71875 0.7001953125
0 1 0.7158203125 0.9619140625 0.712890625 0.9267578125 0.701171875 0.9091796875 0.705078125 0.8876953125 0.720703125 0.8603515625 0.724609375 0.849609375 0.7412109375 0.84765625 0.7724609375 0.859375 0.8271484375 0.873046875 0.8388671875 0.87890625 0.9287109375 0.9111328125 0.953125 0.9453125 0.9560546875 0.9892578125 0.93359375 1 0.9365234375 1 0.7158203125