8 0.5458984375 0.40996784531249997 0.5126953125 0.40192926093750003 0.48046875 0.43609324687499995 0.466796875 0.5124598078125 0.46875 0.5526527328124999 0.4873046875 0.6069131828125001 0.5234375 0.625 0.5380859375 0.57073955 0.564453125 0.5526527328124999 0.568359375 0.49236334375 0.5458984375 0.40996784531249997
8 0.4072265625 0.46623794218750003 0.3583984375 0.47427652656249997 0.31640625 0.5405948546875 0.31640625 0.5767684890625 0.3369140625 0.61495176875 0.376953125 0.625 0.4072265625 0.5948553046875 0.416015625 0.56069131875 0.419921875 0.49236334375 0.4072265625 0.46623794218750003
8 0.3310546875 0.6631832796875 0.291015625 0.693327975 0.287109375 0.7415594859375 0.2958984375 0.78778135 0.375 0.789790996875 0.390625 0.7415594859375 0.3759765625 0.6752411578124999 0.3623046875 0.6631832796875 0.3310546875 0.6631832796875
8 0.4541015625 0.6310289390625 0.4248046875 0.61495176875 0.4072265625 0.6189710609375 0.396484375 0.64911575625 0.40234375 0.7335209 0.4287109375 0.7717041796874999 0.470703125 0.77773311875 0.494140625 0.745578778125 0.501953125 0.7094051453125 0.498046875 0.6732315109375 0.4541015625 0.6310289390625
8 0.6826171875 0.6591639875 0.6298828125 0.6551446953125 0.595703125 0.7053858515625 0.591796875 0.7415594859375 0.6064453125 0.78778135 0.646484375 0.79782958125 0.6787109375 0.78778135 0.693359375 0.7375401921875 0.693359375 0.681270096875 0.6826171875 0.6591639875
8 0.7939453125 0.5627009640625 0.7685546875 0.538585209375 0.7294921875 0.52652733125 0.708984375 0.5405948546875 0.705078125 0.6089228296875 0.7138671875 0.6430868171874999 0.7392578125 0.6390675234375001 0.783203125 0.6651929265625001 0.798828125 0.6410771703125 0.802734375 0.6169614140624999 0.802734375 0.5888263671875 0.7939453125 0.5627009640625
8 0.7763671875 0.667202571875 0.7314453125 0.6390675234375001 0.7158203125 0.6430868171874999 0.697265625 0.6732315109375 0.6953125 0.7295016078125001 0.7080078125 0.7757234734375 0.7275390625 0.799839228125 0.76953125 0.79782958125 0.7880859375 0.7837620578125 0.798828125 0.7536173640625 0.796875 0.7134244375 0.7763671875 0.667202571875
8 0.333984375 0.6169614140624999 0.3232421875 0.5908360125 0.2880859375 0.5546623796875 0.2724609375 0.5546623796875 0.2421875 0.5848070734374999 0.232421875 0.6450964625 0.259765625 0.677250803125 0.2666015625 0.735530546875 0.28515625 0.7415594859375 0.2890625 0.6973472671875001 0.2958984375 0.6832797421875 0.33203125 0.6611736328125 0.333984375 0.6169614140624999
8 0.1953125 0.556672025 0.1767578125 0.5305466234375 0.1572265625 0.538585209375 0.12890625 0.6209807078125 0.130859375 0.7134244375 0.1416015625 0.7395498390624999 0.158203125 0.7415594859375 0.1904296875 0.6752411578124999 0.208984375 0.657154340625 0.19921875 0.6169614140624999 0.1953125 0.556672025
8 0.306640625 0.528536978125 0.298828125 0.49236334375 0.2880859375 0.47427652656249997 0.2705078125 0.470257234375 0.2255859375 0.470257234375 0.2119140625 0.4823151125 0.205078125 0.5325562703125 0.212890625 0.572749196875 0.2275390625 0.5948553046875 0.240234375 0.592845659375 0.2470703125 0.57073955 0.2724609375 0.5546623796875 0.2998046875 0.5667202578125 0.306640625 0.528536978125
8 0.4228515625 0.41398713750000005 0.4140625 0.43609324687499995 0.412109375 0.46824758906249997 0.427734375 0.504421221875 0.4638671875 0.502411575 0.490234375 0.415996784375 0.4755859375 0.405948553125 0.4228515625 0.41398713750000005
8 0.6337890625 0.4461414796875 0.6103515625 0.41800643125 0.5966796875 0.41800643125 0.568359375 0.45217041875 0.5693359375 0.558681671875 0.638671875 0.5848070734374999 0.65234375 0.58078778125 0.646484375 0.5446141484375 0.65234375 0.484324759375 0.6337890625 0.4461414796875
8 0.751953125 0.528536978125 0.74609375 0.4883440515625 0.7158203125 0.4461414796875 0.6904296875 0.4461414796875 0.6572265625 0.4782958203125 0.646484375 0.5325562703125 0.654296875 0.5848070734374999 0.6630859375 0.602893890625 0.69921875 0.637057878125 0.708984375 0.6330385859375001 0.70703125 0.5446141484375 0.7177734375 0.52652733125 0.751953125 0.528536978125
8 0.5693359375 0.558681671875 0.5458984375 0.5627009640625 0.53125 0.592845659375 0.53125 0.6531350484375 0.5419921875 0.67926045 0.5859375 0.7094051453125 0.638671875 0.6410771703125 0.63671875 0.60088424375 0.6220703125 0.578778134375 0.5693359375 0.558681671875
8 0.5400390625 0.67926045 0.50390625 0.693327975 0.494140625 0.7495980703125 0.5009765625 0.79180064375 0.58203125 0.79782958125 0.595703125 0.7817524109375 0.591796875 0.7295016078125001 0.5830078125 0.711414790625 0.5400390625 0.67926045
8 0.2353515625 0.6511254015625 0.2041015625 0.671221865625 0.1728515625 0.715434084375 0.166015625 0.7415594859375 0.1728515625 0.7837620578125 0.2421875 0.7857717046875 0.259765625 0.75763665625 0.263671875 0.6973472671875001 0.2568359375 0.671221865625 0.2353515625 0.6511254015625
8 0.0986328125 0.602893890625 0.0810546875 0.602893890625 0.0537109375 0.6310289390625 0.044921875 0.657154340625 0.05078125 0.77773311875 0.05859375 0.7817524109375 0.1025390625 0.7757234734375 0.125 0.725482315625 0.12890625 0.657154340625 0.0986328125 0.602893890625
8 0.880859375 0.6531350484375 0.8662109375 0.61495176875 0.8154296875 0.622990353125 0.79296875 0.66921221875 0.791015625 0.693327975 0.80078125 0.745578778125 0.8173828125 0.7757234734375 0.833984375 0.7857717046875 0.87109375 0.75763665625 0.873046875 0.693327975 0.880859375 0.677250803125 0.880859375 0.6531350484375