12 0.00146484375 0 0.0029296859375 0.1376953125 0.05419921875 0.1464843765625 0.14501953125 0.1855468765625 0.2021484359375 0.1865234375 0.27685546875 0.16796875 0.31640625 0.1298828125 0.328125 0.0693359375 0.298828125 0.0048828125 0.28857421875 0 0.00146484375 0
12 0.41162109375 0 0.375 0.0166015625 0.3369140640625 0.0576171875 0.3310546859375 0.1044921875 0.3427734359375 0.1435546875 0.37646484375 0.17578125 0.41748046875 0.1894531234375 0.46435546875 0.21875 0.5302734359375 0.2216796875 0.59912109375 0.1933593765625 0.66650390625 0.1796875 0.6796875 0.1708984375 0.697265625 0.1259765625 0.69140625 0.0888671875 0.65185546875 0.046875 0.56103515625 0.01171875 0.49951171875 0 0.41162109375 0
12 0.75146484375 0 0.7236328140625 0.0244140625 0.708984375 0.0576171875 0.7236328140625 0.1279296875 0.7529296859375 0.1669921875 0.78955078125 0.1953125 0.84228515625 0.21875 0.8935546859375 0.2216796875 0.91552734375 0.21875 0.9638671859375 0.1904296875 0.96240234375 0.171875 0.9990234359375 0.1767578125 0.9990234359375 0.0068359375 0.99169921875 0 0.75146484375 0
12 0.890625 0.3212890625 0.8818359359375 0.2685546875 0.8525390640625 0.2333984375 0.78955078125 0.1972656234375 0.71337890625 0.1816406234375 0.63720703125 0.1855468765625 0.56982421875 0.2089843765625 0.5361328140625 0.2314453125 0.509765625 0.2744140625 0.515625 0.3154296875 0.54931640625 0.35546875 0.62841796875 0.3730468765625 0.68701171875 0.40234375 0.7265625 0.4013671875 0.77490234375 0.3964843765625 0.81591796875 0.3769531234375 0.8701171859375 0.3623046875 0.890625 0.3212890625
12 0.81005859375 0.3808593765625 0.7646484359375 0.4072265625 0.73828125 0.4384765625 0.7265625 0.4951171875 0.75 0.5380859375 0.76904296875 0.55078125 0.82177734375 0.5644531234375 0.88916015625 0.59375 0.9931640640625 0.5966796875 0.9990234359375 0.3779296875 0.93310546875 0.3652343765625 0.87451171875 0.3652343765625 0.81005859375 0.3808593765625
12 0.919921875 0.6806640625 0.9169921859375 0.6435546875 0.87890625 0.5966796875 0.82177734375 0.56640625 0.75732421875 0.55078125 0.66064453125 0.5546875 0.56982421875 0.5859375 0.5009765640625 0.6396484375 0.4658203140625 0.7041015625 0.46875 0.7431640625 0.50244140625 0.78125 0.61669921875 0.8203125 0.7001953140625 0.8232421875 0.76904296875 0.8105468765625 0.85400390625 0.77734375 0.8818359359375 0.7529296875 0.919921875 0.6806640625
12 0.83056640625 0.79296875 0.75146484375 0.82421875 0.703125 0.8759765625 0.7001953140625 0.9150390625 0.7236328140625 0.9580078125 0.755859375 0.9912109375 0.77197265625 1 0.9990234359375 0.9990234375 0.9990234359375 0.7978515625 0.93896484375 0.78515625 0.87744140625 0.7832031234375 0.83056640625 0.79296875
12 0.61376953125 0.828125 0.54638671875 0.796875 0.48779296875 0.7832031234375 0.39404296875 0.7871093765625 0.3251953140625 0.8173828125 0.3076171859375 0.8349609375 0.298828125 0.8623046875 0.298828125 0.9326171875 0.3134765640625 0.9716796875 0.33544921875 1 0.64453125 0.9990234375 0.6767578140625 0.9462890625 0.6796875 0.9111328125 0.65625 0.8623046875 0.61376953125 0.828125
12 0.263671875 0.7861328125 0.21533203125 0.7578125 0.13623046875 0.7421875 0.09521484375 0.7480468765625 0.03076171875 0.7714843765625 0.0029296859375 0.7919921875 0.0029296859375 0.9853515625 0.02490234375 1 0.2138671859375 0.9990234375 0.2490234359375 0.9697265625 0.2900390640625 0.9072265625 0.2900390640625 0.8193359375 0.263671875 0.7861328125
12 0.4599609359375 0.6103515625 0.43505859375 0.5839843765625 0.35595703125 0.5488281234375 0.28564453125 0.5371093765625 0.19775390625 0.546875 0.13623046875 0.57421875 0.10839843593750001 0.5986328125 0.09667968593750001 0.6279296875 0.10546875 0.6787109375 0.17431640625 0.7421875 0.26806640625 0.7753906234375 0.345703125 0.7763671875 0.42333984375 0.7519531234375 0.45703125 0.7177734375 0.4716796859375 0.6728515625 0.4599609359375 0.6103515625
12 0 0.5810546875 0.00732421875 0.5859375 0.07324218593750001 0.5849609375 0.10107421875 0.58203125 0.13623046875 0.5625 0.18017578125 0.5527343765625 0.22265625 0.5283203125 0.2490234359375 0.4794921875 0.24609375 0.4462890625 0.2197265640625 0.4072265625 0.16552734375 0.37109375 0.10693359375 0.3535156234375 0.01611328125 0.3515625 0 0.3564453125 0 0.5810546875
12 0.7001953140625 0.4189453125 0.62841796875 0.375 0.55810546875 0.3574218765625 0.49365234375 0.3574218765625 0.44091796875 0.3671875 0.3720703140625 0.4013671875 0.322265625 0.4501953125 0.3076171859375 0.4892578125 0.31640625 0.5205078125 0.33837890625 0.54296875 0.44677734375 0.5839843765625 0.5390625 0.5888671875 0.673828125 0.5439453125 0.708984375 0.4970703125 0.71484375 0.4443359375 0.7001953140625 0.4189453125
12 0.4833984359375 0.3369140625 0.498046875 0.3017578125 0.4833984359375 0.2509765625 0.4423828140625 0.2099609375 0.40576171875 0.1875 0.36474609375 0.1777343765625 0.30029296875 0.1777343765625 0.21240234375 0.2089843765625 0.169921875 0.2509765625 0.1494140640625 0.3076171875 0.146484375 0.3408203125 0.1552734359375 0.3642578125 0.20654296875 0.3925781234375 0.23583984375 0.41796875 0.310546875 0.4228515625 0.35009765625 0.4140625 0.41162109375 0.3769531234375 0.45849609375 0.3613281234375 0.4833984359375 0.3369140625
12 0.1640625 0.2431640625 0.1552734359375 0.2138671875 0.11865234375 0.17578125 0.04833984375 0.1464843765625 0.00146484375 0.1425781234375 0 0.3486328125 0.0146484359375 0.3505859375 0.07763671875 0.34765625 0.111328125 0.3310546875 0.1552734359375 0.2841796875 0.1640625 0.2431640625