4 0.154296875 0.6692708328125 0.1630859375 0.70703125 0.173828125 0.8098958328125001 0.1826171875 0.8255208328125001 0.1982421875 0.8268229171874999 0.2041015625 0.8203125 0.2119140625 0.7903645828125 0.22265625 0.7708333328125 0.2138671875 0.6640625 0.203125 0.6315104171875 0.1806640625 0.5950520828125 0.1640625 0.5807291671875 0.14453125 0.578125 0.1357421875 0.5807291671875 0.12890625 0.59765625 0.154296875 0.6692708328125
4 0.1240234375 0.80078125 0.138671875 0.83984375 0.150390625 0.8489583328125001 0.1650390625 0.8489583328125001 0.177734375 0.8385416671874999 0.18359375 0.8255208328125001 0.1826171875 0.78125 0.1708984375 0.7174479171875 0.15625 0.66015625 0.1416015625 0.62109375 0.126953125 0.60546875 0.11328125 0.60546875 0.1015625 0.6158854171875 0.099609375 0.6393229171875 0.1240234375 0.80078125
4 0.572265625 0.6875 0.5791015625 0.6953125 0.59765625 0.6927083328125 0.626953125 0.7057291671875 0.658203125 0.7447916671875 0.6689453125 0.8072916671874999 0.6708984375 0.8489583328125001 0.6787109375 0.8854166671874999 0.68359375 0.89453125 0.697265625 0.890625 0.716796875 0.8645833328125001 0.7275390625 0.8255208328125001 0.7265625 0.77734375 0.712890625 0.72265625 0.6884765625 0.6705729171875 0.6669921875 0.6432291671875 0.646484375 0.6315104171875 0.6181640625 0.62890625 0.5908203125 0.6432291671875 0.5732421875 0.671875 0.572265625 0.6875
4 0.4990234375 0.6302083328125 0.50390625 0.6549479171875 0.501953125 0.71875 0.4892578125 0.8098958328125001 0.4951171875 0.8333333328125001 0.5029296875 0.84375 0.5205078125 0.8463541671874999 0.5498046875 0.81640625 0.5546875 0.8059895828125001 0.55859375 0.765625 0.5654296875 0.73828125 0.564453125 0.6471354171875 0.560546875 0.6236979171875 0.5390625 0.5833333328125 0.521484375 0.5677083328125 0.513671875 0.5677083328125 0.5029296875 0.5768229171875 0.5 0.5924479171875 0.4990234375 0.6302083328125
4 0.0546875 0.6705729171875 0.056640625 0.73046875 0.068359375 0.7981770828125 0.09375 0.86328125 0.1064453125 0.8802083328125001 0.12109375 0.8893229171874999 0.1455078125 0.88671875 0.150390625 0.8815104171874999 0.1494140625 0.8515625 0.1357421875 0.8216145828125001 0.12890625 0.7825520828125 0.1259765625 0.78125 0.1259765625 0.796875 0.12109375 0.7799479171875 0.1181640625 0.7565104171875 0.1220703125 0.7643229171875 0.1220703125 0.7565104171875 0.1025390625 0.6471354171875 0.0947265625 0.6236979171875 0.0810546875 0.6158854171875 0.068359375 0.62109375 0.0615234375 0.6315104171875 0.0546875 0.6705729171875
4 0.232421875 0.8372395828125001 0.2529296875 0.88671875 0.28125 0.92578125 0.3076171875 0.9466145828125001 0.333984375 0.9557291671874999 0.3603515625 0.9518229171874999 0.3896484375 0.9270833328125001 0.384765625 0.9127604171874999 0.31640625 0.8776041671874999 0.2822265625 0.82421875 0.265625 0.7747395828125 0.24609375 0.7669270828125 0.2353515625 0.77734375 0.2294921875 0.7942708328125 0.232421875 0.8372395828125001
4 0.3671875 0.609375 0.34375 0.65625 0.32421875 0.71484375 0.31640625 0.75390625 0.318359375 0.7864583328125 0.3291015625 0.8125 0.337890625 0.8138020828125001 0.353515625 0.79296875 0.3740234375 0.73046875 0.4111328125 0.6432291671875 0.431640625 0.61328125 0.4501953125 0.5989583328125 0.4482421875 0.5703125 0.4296875 0.5638020828125 0.3935546875 0.5768229171875 0.3837890625 0.5859375 0.3671875 0.609375
4 0.634765625 0 0.625 0.0247395828125 0.623046875 0.09505208281250001 0.638671875 0.24348958281250002 0.6533203125 0.2903645828125 0.673828125 0.3294270828125 0.68359375 0.3372395828125 0.6982421875 0.3359375 0.7060546875 0.3294270828125 0.712890625 0.2955729171875 0.7041015625 0.1302083328125 0.7041015625 0.0442708328125 0.69921875 0.0052083328125 0.697265625 0 0.634765625 0
4 0.76171875 0.2942708328125 0.767578125 0.3190104171875 0.7861328125 0.3216145828125 0.8017578125 0.31640625 0.822265625 0.2981770828125 0.8359375 0.2981770828125 0.8408203125 0.2838541671875 0.8427734375 0.2526041671875 0.8388671875 0.20703125 0.8447265625 0.1705729171875 0.84375 0.05338541718749999 0.833984375 0.0078125 0.822265625 0.0026041671875 0.771484375 0 0.7685546875 0.0182291671875 0.7724609375 0.1653645828125 0.76171875 0.2942708328125
4 0.009765625 0 0 0.0078125 0 0.09375 0.009765625 0.1041666671875 0.0166015625 0.1263020828125 0.025390625 0.1380208328125 0.0341796875 0.1731770828125 0.05078125 0.1927083328125 0.0546875 0.20963541718749998 0.0634765625 0.21744791718749998 0.0703125 0.23567708281250002 0.0830078125 0.2513020828125 0.1171875 0.26953125 0.1435546875 0.2682291671875 0.146484375 0.2513020828125 0.138671875 0.19140625 0.1259765625 0.16015625 0.099609375 0.12109375 0.07421875 0.0390625 0.0498046875 0 0.009765625 0
4 0.5703125 0.8203125 0.576171875 0.8971354171874999 0.57421875 0.9778645828125001 0.58203125 0.9947916671874999 0.591796875 0.9986979171874999 0.611328125 0.98828125 0.630859375 0.9596354171874999 0.638671875 0.8984375 0.6416015625 0.7903645828125 0.65234375 0.7604166671875 0.646484375 0.72265625 0.634765625 0.70703125 0.607421875 0.6966145828125 0.59375 0.6966145828125 0.57421875 0.7096354171875 0.5703125 0.7278645828125 0.5703125 0.8203125