12 0.0517578125 0.0146484359375 0.0341796875 0.0146484359375 0.015625 0.03955078125 0.01953125 0.08056640625 0.04296875 0.09521484375 0.0654296875 0.08496093593750001 0.07226562343750001 0.06591796875 0.06835937656249999 0.03369140625 0.0517578125 0.0146484359375
12 0.0888671875 0.0146484359375 0.07421875 0.04833984375 0.07617187656249999 0.07470703125 0.0908203125 0.09375 0.1044921875 0.087890625 0.11914062343750001 0.09521484375 0.1328125 0.06884765625 0.1328125 0.03662109375 0.1103515625 0.01171875 0.0888671875 0.0146484359375
12 0.1552734375 0.01171875 0.13671875 0.03662109375 0.13671875 0.07470703125 0.1494140625 0.09667968593750001 0.1796875 0.09521484375 0.1894531234375 0.07763671875 0.19140625 0.03369140625 0.1787109375 0.0146484359375 0.1552734375 0.01171875
12 0.2041015625 0.0234375 0.19140625 0.05419921875 0.1953125 0.08056640625 0.2158203125 0.099609375 0.2324218765625 0.09814453125 0.2441406234375 0.08056640625 0.24609375 0.03662109375 0.2255859375 0.017578125 0.2041015625 0.0234375
12 0.2626953125 0.0234375 0.2480468765625 0.04833984375 0.25 0.08056640625 0.2626953125 0.099609375 0.2890625 0.10107421875 0.3027343765625 0.08056640625 0.30078125 0.03955078125 0.2822265625 0.020507814062499997 0.2626953125 0.0234375
12 0.3271484375 0.0234375 0.3105468765625 0.03955078125 0.3066406234375 0.07763671875 0.3154296875 0.099609375 0.34765625 0.10107421875 0.3613281234375 0.08056640625 0.3613281234375 0.04541015625 0.3427734375 0.0234375 0.3271484375 0.0234375
12 0.3798828125 0.0234375 0.3652343765625 0.04541015625 0.3652343765625 0.08056640625 0.3818359375 0.10253906406249999 0.4042968765625 0.10107421875 0.41796875 0.06591796875 0.4160156234375 0.03955078125 0.4013671875 0.0234375 0.3798828125 0.0234375
12 0.4765625 0.03662109375 0.4638671875 0.0234375 0.4326171875 0.03515625 0.4199218765625 0.05712890625 0.4160156234375 0.09521484375 0.4628906234375 0.10107421875 0.4746093765625 0.08642578125 0.4667968765625 0.06884765625 0.4785156234375 0.04541015625 0.4765625 0.03662109375
12 0.5263671875 0.038085935937499996 0.4931640625 0.032226564062500004 0.4707031234375 0.05712890625 0.46875 0.07470703125 0.4814453125 0.09082031406249999 0.4990234375 0.10253906406249999 0.5234375 0.10107421875 0.53515625 0.08935546875 0.5371093765625 0.07470703125 0.53515625 0.05126953125 0.5263671875 0.038085935937499996
12 0.5732421875 0.03515625 0.5498046875 0.041015625 0.5371093765625 0.06298828125 0.5410156234375 0.09228515625 0.55859375 0.10107421875 0.5830078125 0.09667968593750001 0.5878906234375 0.08349609375 0.5878906234375 0.05419921875 0.5732421875 0.03515625
12 0.6083984375 0.038085935937499996 0.58984375 0.05712890625 0.58984375 0.08349609375 0.6005859375 0.099609375 0.6162109375 0.09082031406249999 0.6269531234375 0.09814453125 0.63671875 0.08056640625 0.63671875 0.05712890625 0.6298828125 0.043945314062500004 0.6083984375 0.038085935937499996
12 0.6494140625 0.046875 0.640625 0.06298828125 0.6464843765625 0.09521484375 0.6738281234375 0.10107421875 0.6875 0.08349609375 0.68359375 0.04833984375 0.6689453125 0.038085935937499996 0.6494140625 0.046875
12 0.6894531234375 0.06005859375 0.6943359375 0.09667968593750001 0.7246093765625 0.09814453125 0.734375 0.08056640625 0.7294921875 0.049804685937499996 0.7041015625 0.043945314062500004 0.6894531234375 0.06005859375
12 0.7470703125 0.046875 0.7363281234375 0.06298828125 0.7363281234375 0.08935546875 0.7470703125 0.099609375 0.76953125 0.09814453125 0.7832031234375 0.07470703125 0.78125 0.05712890625 0.7685546875 0.043945314062500004 0.7470703125 0.046875
12 0.7919921875 0.043945314062500004 0.7832031234375 0.06005859375 0.78515625 0.08642578125 0.7919921875 0.09667968593750001 0.8144531234375 0.09521484375 0.828125 0.08056640625 0.8261718765625 0.05126953125 0.8134765625 0.038085935937499996 0.7919921875 0.043945314062500004
12 0.8525390625 0.038085935937499996 0.8339843765625 0.05419921875 0.8300781234375 0.08642578125 0.8408203125 0.09667968593750001 0.85546875 0.09521484375 0.8730468765625 0.08056640625 0.875 0.06005859375 0.8662109375 0.043945314062500004 0.8525390625 0.038085935937499996
12 0.87890625 0.05126953125 0.8769531234375 0.07763671875 0.8857421875 0.09082031406249999 0.9140625 0.09228515625 0.9277343765625 0.07177734375 0.9228515625 0.043945314062500004 0.8974609375 0.03515625 0.87890625 0.05126953125
12 0.9638671875 0.029296875 0.9404296875 0.038085935937499996 0.9296875 0.06005859375 0.9316406234375 0.07763671875 0.9404296875 0.09082031406249999 0.9667968765625 0.08935546875 0.9775390625 0.08203125 0.9824218765625 0.06591796875 0.9765625 0.03955078125 0.9638671875 0.029296875
12 0.5175781234375 0.02783203125 0.54296875 0.04541015625 0.5644531234375 0.02783203125 0.5634765625 0 0.5214843765625 0.00146484375 0.5175781234375 0.02783203125
12 0.4072265625 0.029296875 0.42578125 0.03955078125 0.4433593765625 0.02490234375 0.4423828125 0 0.3984375 0.00439453125 0.4072265625 0.029296875
12 0.46875 0.02490234375 0.4794921875 0.038085935937499996 0.48828125 0.03662109375 0.5126953125 0.029296875 0.5175781234375 0.00146484375 0.4697265625 0 0.46875 0.02490234375
12 0.5751953125 0 0.5683593765625 0.01025390625 0.5683593765625 0.03076171875 0.59375 0.05126953125 0.6113281234375 0.03662109375 0.6113281234375 0.00732421875 0.6064453125 0 0.5751953125 0
12 0.6162109375 0 0.61328125 0.03369140625 0.6425781234375 0.05419921875 0.6621093765625 0.03662109375 0.6640625 0.01025390625 0.6572265625 0 0.6162109375 0
12 0.6660156234375 0.03369140625 0.69140625 0.05419921875 0.7128906234375 0.02783203125 0.7089843765625 0.00146484375 0.6728515625 0 0.6660156234375 0.03369140625
12 0.7216796875 0 0.71484375 0.01318359375 0.7128906234375 0.03662109375 0.7363281234375 0.05712890625 0.7558593765625 0.03662109375 0.7578125 0.01318359375 0.7509765625 0 0.7216796875 0
12 0.7646484375 0 0.7578125 0.03662109375 0.7871093765625 0.05126953125 0.8066406234375 0.03076171875 0.8066406234375 0.00732421875 0.8017578125 0 0.7646484375 0
12 0.8193359375 0 0.80859375 0.01611328125 0.80859375 0.03662109375 0.83203125 0.05419921875 0.8515625 0.03369140625 0.8447265625 0 0.8193359375 0
12 0.8623046875 0 0.8574218765625 0.00732421875 0.8535156234375 0.03662109375 0.8769531234375 0.04833984375 0.89453125 0.03369140625 0.8955078125 0 0.8623046875 0
12 0.9013671875 0.032226564062500004 0.93359375 0.04248046875 0.9550781234375 0.02490234375 0.9580078125 0 0.90234375 0.00146484375 0.9013671875 0.032226564062500004
12 0.0009765625 0.1494140640625 0 0.21533203125 0.01953125 0.21826171875 0.0390625 0.19775390625 0.0390625 0.17138671875 0.0205078125 0.1494140640625 0.0009765625 0.1494140640625
12 0.0146484375 0.22265625 0.0019531234375000002 0.25634765625 0.0058593765625 0.27978515625 0.0302734375 0.2958984359375 0.04296875 0.29443359375 0.0566406234375 0.26806640625 0.0546875 0.24462890625 0.0400390625 0.2197265640625 0.0146484375 0.22265625
12 0.041015623437499996 0.30322265625 0.04296875 0.33544921875 0.0576171875 0.3515625 0.078125 0.35009765625 0.08789062343750001 0.29443359375 0.0732421875 0.2783203140625 0.0517578125 0.2841796859375 0.041015623437499996 0.30322265625
12 0 0.34716796875 0.01171875 0.35302734375 0.0361328125 0.33984375 0.0390625 0.31494140625 0.0302734375 0.2958984359375 0.0048828125 0.2841796859375 0 0.28857421875 0 0.34716796875
12 0.0185546875 0.345703125 0.0058593765625 0.37060546875 0.009765623437499999 0.40283203125 0.0224609375 0.4189453140625 0.048828123437499996 0.41748046875 0.05859375 0.39990234375 0.05859375 0.36181640625 0.0458984375 0.3427734359375 0.0185546875 0.345703125
12 0.0712890625 0.357421875 0.0605468765625 0.37353515625 0.0605468765625 0.40283203125 0.0771484375 0.421875 0.1015625 0.42041015625 0.11914062343750001 0.40283203125 0.11914062343750001 0.37939453125 0.0888671875 0.3515625 0.0712890625 0.357421875
12 0.0986328125 0.29296875 0.08398437656249999 0.30908203125 0.08007812343750001 0.34130859375 0.0849609375 0.3515625 0.1171875 0.36767578125 0.1425781234375 0.34423828125 0.14453125 0.32080078125 0.1279296875 0.298828125 0.0986328125 0.29296875
12 0.1064453125 0.228515625 0.09765625 0.25341796875 0.10351562343750001 0.27978515625 0.1162109375 0.29296875 0.1425781234375 0.29736328125 0.16796875 0.27099609375 0.1660156234375 0.23876953125 0.1376953125 0.2138671859375 0.1064453125 0.228515625
12 0.0634765625 0.193359375 0.0527343765625 0.20947265625 0.0546875 0.24462890625 0.0693359375 0.2666015640625 0.08984375 0.26513671875 0.10351562343750001 0.23291015625 0.10351562343750001 0.21240234375 0.0849609375 0.1875 0.0634765625 0.193359375
12 0.1591796875 0.1611328140625 0.1464843765625 0.18310546875 0.1464843765625 0.20654296875 0.1669921875 0.2373046859375 0.18359375 0.23876953125 0.2011718765625 0.22705078125 0.203125 0.19482421875 0.1884765625 0.1669921859375 0.1591796875 0.1611328140625
12 0.1259765625 0.140625 0.1025390625 0.1494140640625 0.09375 0.17431640625 0.09960937656249999 0.20361328125 0.11523437656249999 0.21826171875 0.1337890625 0.2138671859375 0.14453125 0.20068359375 0.14453125 0.16552734375 0.1259765625 0.140625
12 0.2119140625 0.1845703140625 0.2050781234375 0.19482421875 0.20703125 0.22119140625 0.2197265625 0.2373046859375 0.23828125 0.24169921875 0.2578125 0.22412109375 0.2558593765625 0.19189453125 0.2412109375 0.17578125 0.2119140625 0.1845703140625
12 0.1777343765625 0.25048828125 0.1826171875 0.275390625 0.2080078125 0.298828125 0.21875 0.29736328125 0.2363281234375 0.27392578125 0.2294921875 0.2431640640625 0.2001953125 0.2314453140625 0.1777343765625 0.25048828125
12 0.1650390625 0.2783203140625 0.1503906234375 0.29443359375 0.1464843765625 0.33251953125 0.1533203125 0.345703125 0.1796875 0.35888671875 0.20703125 0.33837890625 0.2089843765625 0.30615234375 0.1865234375 0.2783203140625 0.1650390625 0.2783203140625
12 0.1416015625 0.3486328140625 0.125 0.36474609375 0.12109375 0.39404296875 0.1298828125 0.416015625 0.15234375 0.42041015625 0.17578125 0.40283203125 0.1777343765625 0.36767578125 0.1650390625 0.3515625 0.1416015625 0.3486328140625
12 0.1884765625 0.3515625 0.1796875 0.37060546875 0.18359375 0.40576171875 0.1962890625 0.4189453140625 0.2246093765625 0.41748046875 0.2441406234375 0.39404296875 0.2421875 0.36181640625 0.2197265625 0.3427734359375 0.1884765625 0.3515625
12 0.2666015625 0.345703125 0.2480468765625 0.36181640625 0.24609375 0.39697265625 0.2587890625 0.4189453140625 0.2792968765625 0.42333984375 0.3027343765625 0.40576171875 0.3066406234375 0.37353515625 0.2900390625 0.3486328140625 0.2666015625 0.345703125
12 0.2294921875 0.287109375 0.2128906234375 0.31494140625 0.21484375 0.33251953125 0.25 0.35888671875 0.2734375 0.34130859375 0.2734375 0.31494140625 0.2568359375 0.2900390640625 0.2294921875 0.287109375
12 0.2880859375 0.2841796859375 0.2753906234375 0.30615234375 0.27734375 0.34130859375 0.3037109375 0.36328125 0.3125 0.36181640625 0.3378906234375 0.33837890625 0.3359375 0.31201171875 0.3173828125 0.2841796859375 0.2880859375 0.2841796859375
12 0.2568359375 0.2255859359375 0.2402343765625 0.24755859375 0.2363281234375 0.27392578125 0.2412109375 0.2841796859375 0.2753906234375 0.30029296875 0.296875 0.27978515625 0.296875 0.24462890625 0.2783203125 0.2255859359375 0.2568359375 0.2255859359375
12 0.2880859375 0.1611328140625 0.2685546875 0.1728515640625 0.26171875 0.20068359375 0.2724609375 0.22265625 0.2949218765625 0.23291015625 0.3183593765625 0.21533203125 0.3203125 0.18603515625 0.3056640625 0.1640625 0.2880859375 0.1611328140625
12 0.3193359375 0.216796875 0.3027343765625 0.23876953125 0.30078125 0.26806640625 0.3330078125 0.298828125 0.3417968765625 0.29736328125 0.3613281234375 0.27978515625 0.3613281234375 0.24755859375 0.3388671875 0.2197265640625 0.3193359375 0.216796875
12 0.3466796875 0.1640625 0.3359375 0.18603515625 0.33984375 0.21826171875 0.3603515625 0.2373046859375 0.3769531234375 0.23583984375 0.3964843765625 0.21533203125 0.3964843765625 0.18896484375 0.3779296875 0.1611328140625 0.3466796875 0.1640625
12 0.4248046875 0.1611328140625 0.40625 0.18310546875 0.40625 0.21240234375 0.4228515625 0.2314453140625 0.44140625 0.23291015625 0.4589843765625 0.21240234375 0.4609375 0.18603515625 0.4443359375 0.1611328140625 0.4248046875 0.1611328140625
12 0.3994140625 0.2197265640625 0.37890625 0.23876953125 0.3769531234375 0.26806640625 0.3857421875 0.2841796859375 0.3955078125 0.29296875 0.4199218765625 0.29150390625 0.4355468765625 0.27685546875 0.4355468765625 0.24462890625 0.4287109375 0.234375 0.3994140625 0.2197265640625
12 0.3955078125 0.29296875 0.3857421875 0.2841796859375 0.3583984375 0.2841796859375 0.3417968765625 0.30029296875 0.3427734375 0.3369140640625 0.3740234375 0.3603515640625 0.3847656234375 0.35888671875 0.3974609375 0.3515625 0.4042968765625 0.33544921875 0.4042968765625 0.31201171875 0.3955078125 0.29296875
12 0.3212890625 0.3515625 0.30859375 0.37646484375 0.3105468765625 0.40576171875 0.3251953125 0.4189453140625 0.3574218765625 0.42041015625 0.375 0.39697265625 0.37109375 0.35595703125 0.3447265625 0.33984375 0.3212890625 0.3515625
12 0.4150390625 0.3515625 0.3837890625 0.3603515640625 0.375 0.37939453125 0.37890625 0.40283203125 0.41015625 0.42626953125 0.4355468765625 0.41748046875 0.44140625 0.40283203125 0.4394531234375 0.37646484375 0.4150390625 0.3515625
12 0.4736328125 0.33984375 0.4560546875 0.3486328140625 0.4433593765625 0.36767578125 0.44140625 0.39111328125 0.4501953125 0.416015625 0.4785156234375 0.42041015625 0.5019531234375 0.39697265625 0.5058593765625 0.36181640625 0.4912109375 0.3427734359375 0.4736328125 0.33984375
12 0.4306640625 0.2900390640625 0.4082031234375 0.31201171875 0.4042968765625 0.33837890625 0.4091796875 0.3515625 0.4433593765625 0.36474609375 0.4667968765625 0.34130859375 0.46875 0.31494140625 0.4599609375 0.3017578140625 0.4306640625 0.2900390640625
12 0.4853515625 0.2138671859375 0.4560546875 0.2197265640625 0.4375 0.25048828125 0.44140625 0.28564453125 0.4482421875 0.2958984359375 0.4707031234375 0.30029296875 0.4951171875 0.2841796859375 0.5058593765625 0.25341796875 0.50390625 0.23291015625 0.4853515625 0.2138671859375
12 0.5283203125 0.2900390640625 0.5068359375 0.2783203140625 0.48046875 0.30322265625 0.4785156234375 0.32958984375 0.5097656234375 0.35888671875 0.5341796875 0.3486328140625 0.54296875 0.33251953125 0.54296875 0.31494140625 0.5283203125 0.2900390640625
12 0.5322265625 0.3486328140625 0.5107421875 0.3603515640625 0.5058593765625 0.37353515625 0.5097656234375 0.41162109375 0.5224609375 0.421875 0.5488281234375 0.42041015625 0.5683593765625 0.39990234375 0.5683593765625 0.37060546875 0.5537109375 0.3544921859375 0.5322265625 0.3486328140625
12 0.5791015625 0.3544921859375 0.5683593765625 0.37939453125 0.5703125 0.39990234375 0.5888671875 0.421875 0.6152343765625 0.42041015625 0.6328125 0.40283203125 0.6347656234375 0.36767578125 0.6142578125 0.3427734359375 0.5791015625 0.3544921859375
12 0.5849609375 0.298828125 0.5615234375 0.3017578140625 0.5449218765625 0.32373046875 0.54296875 0.34716796875 0.5722656234375 0.36767578125 0.5791015625 0.3544921859375 0.60546875 0.34130859375 0.6035156234375 0.31787109375 0.5849609375 0.298828125
12 0.5205078125 0.240234375 0.515625 0.27392578125 0.5419921875 0.3046875 0.55859375 0.30322265625 0.5761718765625 0.29150390625 0.578125 0.24755859375 0.5576171875 0.228515625 0.5205078125 0.240234375
12 0.5322265625 0.158203125 0.5107421875 0.1552734359375 0.4921875 0.17431640625 0.48828125 0.20068359375 0.5068359375 0.234375 0.5253906234375 0.23583984375 0.5419921875 0.228515625 0.55078125 0.21240234375 0.55078125 0.18310546875 0.5322265625 0.158203125
12 0.6025390625 0.1728515640625 0.5810546875 0.1728515640625 0.55859375 0.20361328125 0.5634765625 0.2314453140625 0.5878906234375 0.23876953125 0.6044921875 0.228515625 0.6152343765625 0.20654296875 0.6152343765625 0.18896484375 0.6025390625 0.1728515640625
12 0.5986328125 0.2314453140625 0.58203125 0.25048828125 0.5800781234375 0.28271484375 0.5927734375 0.3046875 0.61328125 0.30908203125 0.6386718765625 0.29150390625 0.64453125 0.25634765625 0.6220703125 0.2314453140625 0.5986328125 0.2314453140625
12 0.6162109375 0.3076171859375 0.609375 0.34130859375 0.6357421875 0.369140625 0.64453125 0.36767578125 0.6699218765625 0.35009765625 0.6660156234375 0.31787109375 0.6435546875 0.2958984359375 0.6162109375 0.3076171859375
12 0.6552734375 0.251953125 0.6464843765625 0.27685546875 0.6464843765625 0.29150390625 0.6777343765625 0.32666015625 0.70703125 0.29443359375 0.69921875 0.25634765625 0.6787109375 0.2431640640625 0.6552734375 0.251953125
12 0.7255859375 0.2314453140625 0.7089843765625 0.25634765625 0.7089843765625 0.29443359375 0.7363281234375 0.31494140625 0.7636718765625 0.28271484375 0.7636718765625 0.25048828125 0.7490234375 0.228515625 0.7255859375 0.2314453140625
12 0.6962890625 0.3046875 0.6796875 0.32958984375 0.6777343765625 0.35009765625 0.7011718765625 0.36767578125 0.73046875 0.34716796875 0.73046875 0.32666015625 0.7177734375 0.3046875 0.6962890625 0.3046875
12 0.6826171875 0.3544921859375 0.6552734375 0.3603515640625 0.6386718765625 0.37939453125 0.6386718765625 0.41162109375 0.6640625 0.42333984375 0.6884765625 0.4189453140625 0.6972656234375 0.39990234375 0.6972656234375 0.37646484375 0.6826171875 0.3544921859375
12 0.7119140625 0.3544921859375 0.69921875 0.37353515625 0.69921875 0.39990234375 0.7119140625 0.4189453140625 0.7441406234375 0.42333984375 0.7597656234375 0.40283203125 0.7578125 0.37060546875 0.7373046875 0.3486328140625 0.7119140625 0.3544921859375
12 0.7958984375 0.3486328140625 0.7734375 0.37353515625 0.7734375 0.39990234375 0.7802734375 0.416015625 0.8183593765625 0.42041015625 0.8359375 0.39990234375 0.8359375 0.37353515625 0.8232421875 0.3515625 0.7958984375 0.3486328140625
12 0.7587890625 0.29296875 0.7402343765625 0.31494140625 0.7363281234375 0.34130859375 0.7587890625 0.369140625 0.7714843765625 0.37060546875 0.7949218765625 0.34716796875 0.796875 0.31787109375 0.7822265625 0.29296875 0.7587890625 0.29296875
12 0.8330078125 0.29296875 0.81640625 0.30908203125 0.8105468765625 0.33837890625 0.8330078125 0.36328125 0.84375 0.36181640625 0.8652343765625 0.33837890625 0.8671875 0.30908203125 0.8505859375 0.29296875 0.8330078125 0.29296875
12 0.8642578125 0.3427734359375 0.84375 0.36474609375 0.8417968765625 0.39697265625 0.8564453125 0.4189453140625 0.87890625 0.42041015625 0.90234375 0.40283203125 0.9042968765625 0.37353515625 0.8896484375 0.3515625 0.8642578125 0.3427734359375
12 0.9306640625 0.3427734359375 0.91015625 0.36181640625 0.90625 0.39697265625 0.9208984375 0.4189453140625 0.9472656234375 0.42041015625 0.96875 0.39990234375 0.9707031234375 0.37646484375 0.9580078125 0.3544921859375 0.9306640625 0.3427734359375
12 0.9033203125 0.2783203140625 0.87890625 0.30029296875 0.875 0.32958984375 0.8916015625 0.3544921859375 0.9121093765625 0.35595703125 0.9316406234375 0.33837890625 0.93359375 0.30029296875 0.9189453125 0.28125 0.9033203125 0.2783203140625
12 0.9453125 0.30615234375 0.9453125 0.34130859375 0.9707031234375 0.35888671875 1 0.34130859375 0.9990234375 0.2900390640625 0.9658203125 0.2841796859375 0.9453125 0.30615234375
12 0.8876953125 0.2197265640625 0.8623046875 0.22265625 0.8417968765625 0.25341796875 0.8417968765625 0.27978515625 0.8505859375 0.29296875 0.8769531234375 0.30322265625 0.8876953125 0.287109375 0.9140625 0.27392578125 0.91015625 0.24462890625 0.8876953125 0.2197265640625
12 0.7958984375 0.24609375 0.77734375 0.26806640625 0.77734375 0.29150390625 0.7978515625 0.3134765640625 0.8125 0.31201171875 0.8339843765625 0.28857421875 0.8339843765625 0.26806640625 0.8173828125 0.24609375 0.7958984375 0.24609375
12 0.7685546875 0.1787109359375 0.7558593765625 0.19189453125 0.7519531234375 0.22705078125 0.7685546875 0.2578125 0.78125 0.25927734375 0.80078125 0.23876953125 0.7988281234375 0.20068359375 0.7841796875 0.1787109359375 0.7685546875 0.1787109359375
12 0.8369140625 0.1787109359375 0.8193359375 0.17578125 0.8046875 0.18896484375 0.80078125 0.22119140625 0.8076171875 0.2373046859375 0.8300781234375 0.25048828125 0.8408203125 0.2490234359375 0.8515625 0.23291015625 0.8535156234375 0.20947265625 0.8369140625 0.1787109359375
12 0.9169921875 0.1728515640625 0.8984375 0.20654296875 0.90234375 0.22998046875 0.9130859375 0.24609375 0.9375 0.25048828125 0.9667968765625 0.21826171875 0.96484375 0.18603515625 0.9462890625 0.1640625 0.9169921875 0.1728515640625
12 0.8779296875 0.1435546859375 0.8574218765625 0.16552734375 0.8515625 0.20068359375 0.8603515625 0.2197265640625 0.8847656234375 0.21826171875 0.9003906234375 0.19775390625 0.9042968765625 0.16552734375 0.8974609375 0.1494140640625 0.8779296875 0.1435546859375
12 0.9833984375 0.228515625 0.9580078125 0.234375 0.9433593765625 0.25634765625 0.9433593765625 0.28271484375 0.953125 0.29443359375 0.9658203125 0.2841796859375 0.9990234375 0.2900390640625 1 0.24169921875 0.9833984375 0.228515625
12 1 0.11865234375 0.9892578125 0.1171875 0.9609375 0.14501953125 0.9589843765625 0.17138671875 0.9755859375 0.2021484359375 1 0.20654296875 1 0.11865234375
12 0.6435546875 0.1728515640625 0.6191406234375 0.20068359375 0.6171875 0.21826171875 0.6416015625 0.2490234359375 0.66015625 0.24755859375 0.6777343765625 0.22412109375 0.6777343765625 0.19189453125 0.6630859375 0.1728515640625 0.6435546875 0.1728515640625
12 0 0.54638671875 0.015625 0.55224609375 0.033203123437499996 0.53173828125 0.033203123437499996 0.50537109375 0.0205078125 0.4892578140625 0.0048828125 0.4892578140625 0 0.49365234375 0 0.54638671875
12 0.0322265625 0.5361328140625 0.01953125 0.55810546875 0.01953125 0.57568359375 0.0390625 0.59619140625 0.0615234375 0.5830078140625 0.06835937656249999 0.56396484375 0.0517578125 0.533203125 0.0322265625 0.5361328140625
12 0.0654296875 0.4951171859375 0.0566406234375 0.51416015625 0.0566406234375 0.53759765625 0.0732421875 0.5595703140625 0.08789062343750001 0.55810546875 0.09960937656249999 0.54638671875 0.10351562343750001 0.51123046875 0.0849609375 0.4892578140625 0.0654296875 0.4951171859375
12 0.1083984375 0.5888671859375 0.08984375 0.60791015625 0.08789062343750001 0.63134765625 0.11523437656249999 0.65771484375 0.1347656234375 0.64013671875 0.13671875 0.60791015625 0.1259765625 0.591796875 0.1083984375 0.5888671859375
12 0.0810546875 0.638671875 0.06445312343750001 0.65185546875 0.0605468765625 0.68701171875 0.0791015625 0.708984375 0.08984375 0.70751953125 0.10742187656249999 0.68701171875 0.10742187656249999 0.66357421875 0.0966796875 0.64453125 0.0810546875 0.638671875
12 0.1064453125 0.69140625 0.08984375 0.71337890625 0.08984375 0.74267578125 0.0966796875 0.7587890640625 0.12109375 0.76025390625 0.1328125 0.74853515625 0.13671875 0.71630859375 0.1240234375 0.6943359359375 0.1064453125 0.69140625
12 0.1611328125 0.6884765640625 0.14453125 0.70458984375 0.1386718765625 0.73974609375 0.1455078125 0.755859375 0.171875 0.76025390625 0.18359375 0.74853515625 0.1894531234375 0.71923828125 0.1787109375 0.6943359359375 0.1611328125 0.6884765640625
12 0.2080078125 0.685546875 0.1933593765625 0.69873046875 0.1894531234375 0.73681640625 0.1982421875 0.755859375 0.21875 0.76025390625 0.2324218765625 0.74560546875 0.2363281234375 0.71337890625 0.2236328125 0.6884765640625 0.2080078125 0.685546875
12 0.2568359375 0.685546875 0.2402343765625 0.70458984375 0.23828125 0.73681640625 0.2529296875 0.7646484359375 0.265625 0.76318359375 0.2832031234375 0.74267578125 0.2871093765625 0.71337890625 0.2744140625 0.6884765640625 0.2568359375 0.685546875
12 0.2919921875 0.7001953140625 0.2871093765625 0.71044921875 0.2890625 0.74560546875 0.2958984375 0.755859375 0.32421875 0.75439453125 0.3339843765625 0.73681640625 0.33203125 0.70458984375 0.3173828125 0.6884765640625 0.2919921875 0.7001953140625
12 0.3251953125 0.462890625 0.3066406234375 0.48193359375 0.3027343765625 0.52294921875 0.3134765625 0.5390625 0.3300781234375 0.54052734375 0.3457031234375 0.52587890625 0.3515625 0.48779296875 0.3427734375 0.46875 0.3251953125 0.462890625
12 0.2900390625 0.521484375 0.2734375 0.53759765625 0.2714843765625 0.56689453125 0.2861328125 0.5859375 0.2988281234375 0.58447265625 0.3125 0.57275390625 0.31640625 0.54931640625 0.3056640625 0.5302734359375 0.2900390625 0.521484375
12 0.3095703125 0.5771484359375 0.29296875 0.59619140625 0.29296875 0.62548828125 0.3183593765625 0.64599609375 0.33984375 0.62841796875 0.3417968765625 0.60205078125 0.3291015625 0.580078125 0.3095703125 0.5771484359375
12 0.2998046875 0.6298828140625 0.2763671875 0.6328125 0.265625 0.65478515625 0.26953125 0.68408203125 0.2910156234375 0.69873046875 0.3056640625 0.6884765640625 0.3144531234375 0.66650390625 0.3105468765625 0.64306640625 0.2998046875 0.6298828140625
12 0.2373046875 0.6240234359375 0.2167968765625 0.64306640625 0.21484375 0.67236328125 0.2255859375 0.69140625 0.2402343765625 0.69873046875 0.26171875 0.67822265625 0.2636718765625 0.64599609375 0.2568359375 0.6328125 0.2373046875 0.6240234359375
12 0.140625 0.59912109375 0.1386718765625 0.63134765625 0.1660156234375 0.65185546875 0.1875 0.61669921875 0.1767578125 0.5859375 0.1572265625 0.580078125 0.140625 0.59912109375
12 0.1337890625 0.6416015640625 0.11914062343750001 0.65771484375 0.1171875 0.68408203125 0.1318359375 0.703125 0.1425781234375 0.70458984375 0.1621093765625 0.68408203125 0.1640625 0.66943359375 0.1552734375 0.6474609359375 0.1337890625 0.6416015640625
12 0.1845703125 0.6298828140625 0.1699218765625 0.64599609375 0.1660156234375 0.66943359375 0.1708984375 0.6884765640625 0.19140625 0.69873046875 0.2109375 0.68115234375 0.2128906234375 0.65478515625 0.1962890625 0.6298828140625 0.1845703125 0.6298828140625
12 0.1181640625 0.48046875 0.10351562343750001 0.49072265625 0.1015625 0.50830078125 0.10546875 0.52880859375 0.12109375 0.53759765625 0.1347656234375 0.52880859375 0.1386718765625 0.49658203125 0.1318359375 0.4833984359375 0.1181640625 0.48046875
12 0.0517578125 0.5830078140625 0.037109376562500004 0.60498046875 0.037109376562500004 0.62841796875 0.0478515625 0.64453125 0.06445312343750001 0.64892578125 0.08007812343750001 0.63427734375 0.08398437656249999 0.60498046875 0.0693359375 0.5830078140625 0.0517578125 0.5830078140625
12 0.0263671875 0.638671875 0.0136718765625 0.65478515625 0.01171875 0.68115234375 0.0166015625 0.6943359359375 0.03515625 0.70751953125 0.0566406234375 0.68994140625 0.05859375 0.66064453125 0.0400390625 0.638671875 0.0263671875 0.638671875
12 0.0478515625 0.6943359359375 0.03125 0.72802734375 0.0556640625 0.732421875 0.0566406234375 0.75732421875 0.0703125 0.76025390625 0.08203125 0.73388671875 0.08007812343750001 0.71337890625 0.0634765625 0.6943359359375 0.0478515625 0.6943359359375
12 0 0.63427734375 0.015625 0.64599609375 0.0302734375 0.6357421859375 0.037109376562500004 0.61669921875 0.037109376562500004 0.59912109375 0.0185546875 0.580078125 0 0.59033203125 0 0.63427734375
12 0.1845703125 0.533203125 0.1660156234375 0.56396484375 0.1728515625 0.5830078140625 0.19140625 0.59619140625 0.2128906234375 0.56982421875 0.2128906234375 0.55517578125 0.2060546875 0.5419921859375 0.1845703125 0.533203125
12 0.2080078125 0.57421875 0.1933593765625 0.59326171875 0.19140625 0.61376953125 0.1982421875 0.6328125 0.21875 0.64013671875 0.23828125 0.61962890625 0.23828125 0.59912109375 0.2294921875 0.580078125 0.2080078125 0.57421875
12 0.1552734375 0.486328125 0.1425781234375 0.50537109375 0.140625 0.52880859375 0.1474609375 0.5419921859375 0.1640625 0.54931640625 0.1796875 0.53466796875 0.1816406234375 0.50537109375 0.1689453125 0.486328125 0.1552734375 0.486328125
12 0.1279296875 0.533203125 0.11132812343750001 0.55224609375 0.109375 0.57568359375 0.1142578125 0.5888671859375 0.13671875 0.60205078125 0.15625 0.57861328125 0.1582031234375 0.56103515625 0.1435546875 0.5361328140625 0.1279296875 0.533203125
12 0.2568359375 0.46875 0.2421875 0.49072265625 0.2421875 0.51416015625 0.2587890625 0.5361328140625 0.2734375 0.53466796875 0.2871093765625 0.52001953125 0.2890625 0.48486328125 0.2783203125 0.46875 0.2568359375 0.46875
12 0.1962890625 0.4716796859375 0.18359375 0.49658203125 0.18359375 0.51708984375 0.1982421875 0.5390625 0.21484375 0.53759765625 0.2285156234375 0.51708984375 0.2285156234375 0.49365234375 0.2138671875 0.4716796859375 0.1962890625 0.4716796859375
12 0.21484375 0.54052734375 0.2128906234375 0.56396484375 0.2441406234375 0.59033203125 0.26171875 0.56982421875 0.26171875 0.54345703125 0.2353515625 0.5185546859375 0.21484375 0.54052734375
12 0.3447265625 0.5302734359375 0.328125 0.54638671875 0.3261718765625 0.56982421875 0.3427734375 0.59765625 0.35546875 0.59619140625 0.37109375 0.58447265625 0.375 0.55517578125 0.3603515625 0.533203125 0.3447265625 0.5302734359375
12 0.3583984375 0.5947265640625 0.3457031234375 0.61083984375 0.3457031234375 0.63720703125 0.3583984375 0.65625 0.3730468765625 0.65771484375 0.390625 0.64306640625 0.3925781234375 0.61962890625 0.3798828125 0.59765625 0.3583984375 0.5947265640625
12 0.31640625 0.65185546875 0.3144531234375 0.68115234375 0.3378906234375 0.70166015625 0.35546875 0.68408203125 0.3574218765625 0.65771484375 0.3349609375 0.6357421859375 0.31640625 0.65185546875
12 0.3486328125 0.6884765640625 0.3359375 0.71337890625 0.3378906234375 0.74560546875 0.3525390625 0.76171875 0.3691406234375 0.76025390625 0.3847656234375 0.73974609375 0.3847656234375 0.70751953125 0.3701171875 0.6884765640625 0.3486328125 0.6884765640625
12 0.4306640625 0.6474609359375 0.41796875 0.66064453125 0.4140625 0.69287109375 0.4287109375 0.708984375 0.4394531234375 0.70751953125 0.4550781234375 0.69580078125 0.4589843765625 0.66943359375 0.4443359375 0.6474609359375 0.4306640625 0.6474609359375
12 0.3876953125 0.6474609359375 0.3730468765625 0.66357421875 0.37109375 0.68701171875 0.3857421875 0.7060546859375 0.3964843765625 0.70458984375 0.4121093765625 0.68994140625 0.4140625 0.66943359375 0.4033203125 0.650390625 0.3876953125 0.6474609359375
12 0.3994140625 0.703125 0.390625 0.71630859375 0.3886718765625 0.73974609375 0.3994140625 0.755859375 0.421875 0.75732421875 0.4316406234375 0.74267578125 0.4296875 0.71337890625 0.4130859375 0.697265625 0.3994140625 0.703125
12 0.4501953125 0.7001953140625 0.43359375 0.71923828125 0.43359375 0.74560546875 0.4482421875 0.76171875 0.46484375 0.76025390625 0.4765625 0.74560546875 0.4785156234375 0.71923828125 0.4638671875 0.7001953140625 0.4501953125 0.7001953140625
12 0.4951171875 0.703125 0.4824218765625 0.71923828125 0.4824218765625 0.74853515625 0.4951171875 0.76171875 0.515625 0.76025390625 0.5253906234375 0.74853515625 0.52734375 0.72509765625 0.5107421875 0.703125 0.4951171875 0.703125
12 0.5458984375 0.697265625 0.5292968765625 0.71630859375 0.5292968765625 0.74853515625 0.5400390625 0.76171875 0.55859375 0.76318359375 0.5722656234375 0.75146484375 0.57421875 0.71923828125 0.5634765625 0.7001953140625 0.5458984375 0.697265625
12 0.5927734375 0.69140625 0.57421875 0.71337890625 0.5761718765625 0.74560546875 0.5908203125 0.76171875 0.60546875 0.76318359375 0.6230468765625 0.75146484375 0.62890625 0.71630859375 0.6103515625 0.69140625 0.5927734375 0.69140625
12 0.6513671875 0.6943359359375 0.6328125 0.71337890625 0.6308593765625 0.73974609375 0.6376953125 0.755859375 0.6621093765625 0.76318359375 0.6796875 0.74853515625 0.6816406234375 0.71923828125 0.6728515625 0.7001953140625 0.6513671875 0.6943359359375
12 0.6962890625 0.7001953140625 0.68359375 0.72216796875 0.68359375 0.74267578125 0.6943359375 0.7587890640625 0.71875 0.76025390625 0.73046875 0.73974609375 0.7285156234375 0.71337890625 0.7119140625 0.697265625 0.6962890625 0.7001953140625
12 0.7412109375 0.703125 0.7324218765625 0.71923828125 0.7324218765625 0.74560546875 0.7451171875 0.7587890640625 0.7675781234375 0.75732421875 0.77734375 0.74267578125 0.77734375 0.71337890625 0.7626953125 0.697265625 0.7412109375 0.703125
12 0.7919921875 0.703125 0.7792968765625 0.72509765625 0.78125 0.74267578125 0.7939453125 0.7587890640625 0.8144531234375 0.76025390625 0.828125 0.73974609375 0.82421875 0.71044921875 0.8115234375 0.7001953140625 0.7919921875 0.703125
12 0.8427734375 0.6943359359375 0.828125 0.71630859375 0.8300781234375 0.74560546875 0.8408203125 0.7587890640625 0.86328125 0.75732421875 0.875 0.73974609375 0.875 0.71044921875 0.8642578125 0.6943359359375 0.8427734375 0.6943359359375
12 0.8896484375 0.6943359359375 0.8769531234375 0.71337890625 0.8769531234375 0.73974609375 0.8818359375 0.7529296859375 0.9082031234375 0.76318359375 0.92578125 0.74267578125 0.9277343765625 0.71337890625 0.9130859375 0.6943359359375 0.8896484375 0.6943359359375
12 0.9404296875 0.697265625 0.9277343765625 0.71630859375 0.9277343765625 0.74267578125 0.9384765625 0.7587890640625 0.9589843765625 0.76318359375 0.9746093765625 0.73974609375 0.9746093765625 0.71337890625 0.9560546875 0.6943359359375 0.9404296875 0.697265625
12 0.3798828125 0.4921875 0.3613281234375 0.51123046875 0.3613281234375 0.53173828125 0.3740234375 0.55078125 0.38671875 0.55224609375 0.4042968765625 0.53759765625 0.40625 0.51123046875 0.3935546875 0.4951171859375 0.3798828125 0.4921875
12 0.3896484375 0.55078125 0.3769531234375 0.56396484375 0.375 0.59326171875 0.3984375 0.61083984375 0.4160156234375 0.59619140625 0.41796875 0.56982421875 0.4033203125 0.55078125 0.3896484375 0.55078125
12 0.4072265625 0.603515625 0.39453125 0.61669921875 0.3925781234375 0.63720703125 0.4160156234375 0.66064453125 0.43359375 0.64599609375 0.4355468765625 0.61962890625 0.4228515625 0.603515625 0.4072265625 0.603515625
12 0.4482421875 0.59765625 0.4375 0.61962890625 0.4394531234375 0.64306640625 0.4541015625 0.6591796859375 0.46484375 0.65771484375 0.4824218765625 0.64306640625 0.4824218765625 0.61669921875 0.4697265625 0.59765625 0.4482421875 0.59765625
12 0.4287109375 0.5595703140625 0.41796875 0.57861328125 0.41796875 0.59619140625 0.4394531234375 0.61083984375 0.4589843765625 0.59326171875 0.4589843765625 0.56982421875 0.4423828125 0.556640625 0.4287109375 0.5595703140625
12 0.4130859375 0.50390625 0.40625 0.54345703125 0.4189453125 0.5595703140625 0.4355468765625 0.55810546875 0.44921875 0.54638671875 0.44921875 0.52294921875 0.4345703125 0.5009765640625 0.4130859375 0.50390625
12 0.4677734375 0.4599609359375 0.4541015625 0.462890625 0.44140625 0.48486328125 0.4453125 0.51416015625 0.4589843765625 0.52587890625 0.4736328125 0.521484375 0.4824218765625 0.49365234375 0.4785156234375 0.47314453125 0.4677734375 0.4599609359375
12 0.4785156234375 0.51123046875 0.48046875 0.53759765625 0.5019531234375 0.54931640625 0.5234375 0.51416015625 0.5107421875 0.4833984359375 0.4892578125 0.486328125 0.4785156234375 0.51123046875
12 0.4697265625 0.55078125 0.4589843765625 0.57275390625 0.4638671875 0.5947265640625 0.484375 0.60498046875 0.5058593765625 0.57861328125 0.5019531234375 0.55810546875 0.4892578125 0.544921875 0.4697265625 0.55078125
12 0.5009765625 0.591796875 0.484375 0.61083984375 0.484375 0.64306640625 0.4970703125 0.65625 0.51171875 0.65478515625 0.5292968765625 0.64013671875 0.53125 0.61083984375 0.5185546875 0.591796875 0.5009765625 0.591796875
12 0.4755859375 0.650390625 0.4609375 0.66650390625 0.4589843765625 0.68994140625 0.4697265625 0.7060546859375 0.4863281234375 0.71044921875 0.5 0.69580078125 0.5019531234375 0.66650390625 0.4912109375 0.650390625 0.4755859375 0.650390625
12 0.5224609375 0.6474609359375 0.50390625 0.66650390625 0.50390625 0.69873046875 0.5292968765625 0.71044921875 0.546875 0.69287109375 0.5488281234375 0.66943359375 0.5380859375 0.650390625 0.5224609375 0.6474609359375
12 0.5986328125 0.4775390640625 0.5878906234375 0.49365234375 0.5878906234375 0.52294921875 0.6044921875 0.5419921859375 0.6171875 0.54052734375 0.6328125 0.52587890625 0.6347656234375 0.49365234375 0.6220703125 0.474609375 0.5986328125 0.4775390640625
12 0.5478515625 0.4921875 0.5390625 0.51123046875 0.5410156234375 0.53466796875 0.55859375 0.54931640625 0.5800781234375 0.52880859375 0.5800781234375 0.49951171875 0.5693359375 0.486328125 0.5478515625 0.4921875
12 0.5205078125 0.5302734359375 0.5058593765625 0.55224609375 0.5058593765625 0.58740234375 0.53125 0.59912109375 0.5488281234375 0.57568359375 0.55078125 0.56103515625 0.5400390625 0.5361328140625 0.5205078125 0.5302734359375
12 0.5654296875 0.5771484359375 0.5478515625 0.5771484359375 0.53125 0.60205078125 0.5332031234375 0.63134765625 0.5527343765625 0.64599609375 0.5712890625 0.6357421859375 0.5800781234375 0.61669921875 0.578125 0.59326171875 0.5654296875 0.5771484359375
12 0.5673828125 0.6357421859375 0.55078125 0.65185546875 0.5488281234375 0.67529296875 0.5537109375 0.6943359359375 0.57421875 0.70458984375 0.5957031234375 0.68701171875 0.59765625 0.66650390625 0.5869140625 0.6416015640625 0.5673828125 0.6357421859375
12 0.6240234375 0.6416015640625 0.6074218765625 0.66064453125 0.6074218765625 0.68701171875 0.6240234375 0.7060546859375 0.6386718765625 0.70458984375 0.6542968765625 0.68994140625 0.65625 0.66650390625 0.6474609375 0.6474609359375 0.6240234375 0.6416015640625
12 0.5810546875 0.533203125 0.56640625 0.55224609375 0.5644531234375 0.57275390625 0.5810546875 0.5947265640625 0.5878906234375 0.59326171875 0.6074218765625 0.58447265625 0.609375 0.55224609375 0.5927734375 0.533203125 0.5810546875 0.533203125
12 0.5986328125 0.5888671859375 0.5839843765625 0.59912109375 0.5800781234375 0.63134765625 0.60546875 0.66064453125 0.625 0.64013671875 0.625 0.61083984375 0.6162109375 0.5947265640625 0.5986328125 0.5888671859375
12 0.6552734375 0.5859375 0.6347656234375 0.60498046875 0.6328125 0.63134765625 0.6533203125 0.6533203140625 0.6640625 0.65185546875 0.6816406234375 0.63720703125 0.68359375 0.61376953125 0.6748046875 0.591796875 0.6552734375 0.5859375
12 0.6337890625 0.5302734359375 0.61328125 0.54931640625 0.6113281234375 0.57568359375 0.6298828125 0.59765625 0.640625 0.59619140625 0.66015625 0.58154296875 0.66015625 0.56103515625 0.6533203125 0.5390625 0.6337890625 0.5302734359375
12 0.6748046875 0.5244140640625 0.66015625 0.54638671875 0.6621093765625 0.57568359375 0.6787109375 0.5947265640625 0.6875 0.59326171875 0.703125 0.57861328125 0.703125 0.54638671875 0.6904296875 0.5244140640625 0.6748046875 0.5244140640625
12 0.6533203125 0.4775390640625 0.63671875 0.49951171875 0.6386718765625 0.52587890625 0.66015625 0.53466796875 0.6816406234375 0.51708984375 0.6816406234375 0.49658203125 0.6708984375 0.4775390640625 0.6533203125 0.4775390640625
12 0.7001953125 0.5830078140625 0.6855468765625 0.59912109375 0.68359375 0.62548828125 0.6884765625 0.6416015640625 0.71484375 0.64892578125 0.7324218765625 0.63720703125 0.734375 0.61376953125 0.7197265625 0.5888671859375 0.7001953125 0.5830078140625
12 0.6669921875 0.650390625 0.6582031234375 0.67236328125 0.66015625 0.68994140625 0.6787109375 0.7060546859375 0.6894531234375 0.70458984375 0.69921875 0.69580078125 0.7011718765625 0.66943359375 0.6865234375 0.6474609359375 0.6669921875 0.650390625
12 0.7138671875 0.650390625 0.703125 0.66943359375 0.7099609375 0.697265625 0.73046875 0.70751953125 0.75 0.68701171875 0.75 0.66357421875 0.7373046875 0.64453125 0.7138671875 0.650390625
12 0.75390625 0.66064453125 0.7519531234375 0.68994140625 0.7792968765625 0.70458984375 0.796875 0.68994140625 0.796875 0.65771484375 0.7724609375 0.6416015640625 0.75390625 0.66064453125
12 0.8076171875 0.64453125 0.7988281234375 0.66357421875 0.80078125 0.68994140625 0.8193359375 0.7060546859375 0.83203125 0.70458984375 0.8496093765625 0.68115234375 0.8457031234375 0.65478515625 0.8330078125 0.638671875 0.8076171875 0.64453125
12 0.7646484375 0.591796875 0.7490234375 0.591796875 0.734375 0.61376953125 0.734375 0.64013671875 0.7558593765625 0.65478515625 0.7763671875 0.6416015640625 0.78125 0.62255859375 0.77734375 0.60205078125 0.7646484375 0.591796875
12 0.7412109375 0.5302734359375 0.7158203125 0.5361328140625 0.7050781234375 0.56103515625 0.7099609375 0.5830078140625 0.73046875 0.59619140625 0.7451171875 0.591796875 0.75390625 0.57275390625 0.7519531234375 0.54345703125 0.7412109375 0.5302734359375
12 0.7197265625 0.46875 0.6962890625 0.474609375 0.6855468765625 0.49658203125 0.6875 0.52294921875 0.70703125 0.54345703125 0.7294921875 0.5302734359375 0.7363281234375 0.51416015625 0.7324218765625 0.48486328125 0.7197265625 0.46875
12 0.7509765625 0.486328125 0.73828125 0.49951171875 0.7363281234375 0.52587890625 0.7636718765625 0.54638671875 0.7792968765625 0.53466796875 0.7792968765625 0.50537109375 0.7646484375 0.486328125 0.7509765625 0.486328125
12 0.8017578125 0.4775390640625 0.7832031234375 0.49365234375 0.78125 0.52294921875 0.7900390625 0.5390625 0.8105468765625 0.54052734375 0.8261718765625 0.52587890625 0.828125 0.49951171875 0.8212890625 0.486328125 0.8017578125 0.4775390640625
12 0.7587890625 0.55078125 0.75390625 0.56689453125 0.7578125 0.58740234375 0.78515625 0.60205078125 0.80078125 0.58154296875 0.796875 0.55810546875 0.7802734375 0.5419921859375 0.7587890625 0.55078125
12 0.8115234375 0.591796875 0.7919921875 0.5947265640625 0.78125 0.61083984375 0.7832031234375 0.63720703125 0.8027343765625 0.64892578125 0.8212890625 0.6357421859375 0.8261718765625 0.61962890625 0.8222656234375 0.60205078125 0.8115234375 0.591796875
12 0.8447265625 0.59765625 0.8300781234375 0.61962890625 0.8300781234375 0.63427734375 0.8515625 0.65478515625 0.87109375 0.63720703125 0.87109375 0.61376953125 0.8603515625 0.59765625 0.8447265625 0.59765625
12 0.8662109375 0.6416015640625 0.8515625 0.65771484375 0.8496093765625 0.67822265625 0.8525390625 0.6884765640625 0.87890625 0.70166015625 0.8964843765625 0.68408203125 0.8964843765625 0.66064453125 0.8798828125 0.6416015640625 0.8662109375 0.6416015640625
12 0.8193359375 0.5361328140625 0.8027343765625 0.55517578125 0.8027343765625 0.58447265625 0.8300781234375 0.59912109375 0.8417968765625 0.58740234375 0.84375 0.55517578125 0.8369140625 0.5419921859375 0.8193359375 0.5361328140625
12 0.8896484375 0.5888671859375 0.875 0.60498046875 0.8730468765625 0.63427734375 0.9003906234375 0.65478515625 0.921875 0.63427734375 0.9238281234375 0.61083984375 0.9091796875 0.5888671859375 0.8896484375 0.5888671859375
12 0.8505859375 0.5478515640625 0.8457031234375 0.58740234375 0.875 0.60205078125 0.890625 0.58447265625 0.88671875 0.54931640625 0.8779296875 0.5390625 0.8505859375 0.5478515640625
12 0.8447265625 0.486328125 0.828125 0.50537109375 0.828125 0.52587890625 0.8369140625 0.5419921859375 0.8496093765625 0.54638671875 0.8671875 0.53466796875 0.8691406234375 0.50537109375 0.8623046875 0.4921875 0.8447265625 0.486328125
12 0.8896484375 0.4833984359375 0.87109375 0.50244140625 0.87109375 0.52587890625 0.8857421875 0.544921875 0.9003906234375 0.54638671875 0.9160156234375 0.53173828125 0.91796875 0.50244140625 0.9052734375 0.4833984359375 0.8896484375 0.4833984359375
12 0.9033203125 0.544921875 0.89453125 0.56103515625 0.89453125 0.58154296875 0.9277343765625 0.59912109375 0.94140625 0.58447265625 0.94140625 0.55810546875 0.9189453125 0.5361328140625 0.9033203125 0.544921875
12 0.9423828125 0.5859375 0.92578125 0.60498046875 0.9238281234375 0.62841796875 0.9267578125 0.638671875 0.94921875 0.65185546875 0.96484375 0.63720703125 0.96875 0.60791015625 0.9560546875 0.5888671859375 0.9423828125 0.5859375
12 0.9150390625 0.6416015640625 0.9003906234375 0.65771484375 0.8984375 0.68408203125 0.9296875 0.70458984375 0.9453125 0.69287109375 0.9472656234375 0.66357421875 0.9326171875 0.6416015640625 0.9150390625 0.6416015640625
12 0.9677734375 0.638671875 0.9511718765625 0.65185546875 0.94921875 0.68994140625 0.9785156234375 0.70458984375 0.9941406234375 0.69287109375 0.9980468765625 0.66650390625 0.9833984375 0.6416015640625 0.9677734375 0.638671875
12 0.9345703125 0.4892578140625 0.921875 0.50537109375 0.9199218765625 0.52587890625 0.9365234375 0.5478515640625 0.9511718765625 0.54638671875 0.96484375 0.53466796875 0.9667968765625 0.50830078125 0.9501953125 0.486328125 0.9345703125 0.4892578140625
12 0.9658203125 0.5361328140625 0.9453125 0.55517578125 0.9433593765625 0.57275390625 0.9677734375 0.603515625 0.9765625 0.60205078125 0.9980468765625 0.58154296875 0.9980468765625 0.56396484375 0.9853515625 0.5419921859375 0.9658203125 0.5361328140625
12 0.0595703125 0.8349609359375 0.0380859375 0.8466796859375 0.02734375 0.87451171875 0.0361328125 0.9111328140625 0.06445312343750001 0.92431640625 0.08007812343750001 0.90966796875 0.08789062343750001 0.87451171875 0.0751953125 0.8408203140625 0.0595703125 0.8349609359375
12 0.0322265625 0.9140625 0.009765623437499999 0.94189453125 0.009765623437499999 0.97119140625 0.0166015625 0.9873046859375 0.04296875 0.99755859375 0.06445312343750001 0.97705078125 0.06640625 0.94482421875 0.0537109375 0.919921875 0.0322265625 0.9140625
12 0.0888671875 0.9169921859375 0.07226562343750001 0.93603515625 0.06640625 0.96240234375 0.0712890625 0.984375 0.09960937656249999 0.99755859375 0.11914062343750001 0.97705078125 0.12109375 0.94775390625 0.1123046875 0.92578125 0.0888671875 0.9169921859375
12 0.1728515625 0.8583984359375 0.15625 0.88037109375 0.15625 0.90380859375 0.1816406234375 0.92431640625 0.2089843765625 0.89208984375 0.20703125 0.87158203125 0.1865234375 0.85546875 0.1728515625 0.8583984359375
12 0.1123046875 0.837890625 0.09375 0.85400390625 0.08789062343750001 0.89501953125 0.1005859375 0.9169921859375 0.12304687656249999 0.92431640625 0.1425781234375 0.90673828125 0.1484375 0.86865234375 0.1279296875 0.837890625 0.1123046875 0.837890625
12 0.1396484375 0.9111328140625 0.12304687656249999 0.93603515625 0.125 0.97119140625 0.1494140625 0.99609375 0.1582031234375 0.99462890625 0.1777343765625 0.97412109375 0.1796875 0.93310546875 0.1630859375 0.908203125 0.1396484375 0.9111328140625
12 0.2060546875 0.896484375 0.1855468765625 0.91552734375 0.1816406234375 0.95947265625 0.2041015625 0.9931640640625 0.22265625 0.99169921875 0.2402343765625 0.96240234375 0.2421875 0.93017578125 0.2275390625 0.90234375 0.2060546875 0.896484375
12 0.2392578125 0.83203125 0.22265625 0.84814453125 0.2167968765625 0.88037109375 0.2294921875 0.9052734359375 0.2480468765625 0.91552734375 0.2675781234375 0.89794921875 0.2714843765625 0.87158203125 0.2587890625 0.837890625 0.2392578125 0.83203125
12 0.2724609375 0.896484375 0.2558593765625 0.91552734375 0.2519531234375 0.95361328125 0.2685546875 0.984375 0.2890625 0.98583984375 0.3066406234375 0.96826171875 0.3105468765625 0.93310546875 0.2978515625 0.90234375 0.2724609375 0.896484375
12 0.3291015625 0.896484375 0.3125 0.91845703125 0.3125 0.95361328125 0.3173828125 0.966796875 0.3457031234375 0.98291015625 0.3671875 0.96240234375 0.37109375 0.92431640625 0.3564453125 0.8994140640625 0.3291015625 0.896484375
12 0.3037109375 0.8349609359375 0.28515625 0.85986328125 0.2832031234375 0.88916015625 0.3125 0.91552734375 0.3359375 0.88916015625 0.3378906234375 0.86865234375 0.3271484375 0.8408203140625 0.3037109375 0.8349609359375
12 0.2802734375 0.8203125 0.2529296875 0.8232421859375 0.2480468765625 0.83056640625 0.2675781234375 0.85400390625 0.26953125 0.89501953125 0.27734375 0.89501953125 0.2832031234375 0.89208984375 0.2832031234375 0.86279296875 0.29296875 0.83349609375 0.2802734375 0.8203125
12 0.3525390625 0.8203125 0.33984375 0.84521484375 0.3417968765625 0.88330078125 0.3486328125 0.896484375 0.375 0.90966796875 0.3886718765625 0.89501953125 0.3925781234375 0.85107421875 0.3779296875 0.8232421859375 0.3525390625 0.8203125
12 0.4130859375 0.8232421859375 0.39453125 0.84814453125 0.39453125 0.88330078125 0.4111328125 0.90234375 0.4296875 0.90380859375 0.4472656234375 0.88037109375 0.44921875 0.84814453125 0.4326171875 0.8232421859375 0.4130859375 0.8232421859375
12 0.4521484375 0.8818359359375 0.4316406234375 0.90087890625 0.42578125 0.92138671875 0.4277343765625 0.94775390625 0.4365234375 0.9638671859375 0.4667968765625 0.97705078125 0.484375 0.95361328125 0.484375 0.91845703125 0.4697265625 0.8876953140625 0.4521484375 0.8818359359375
12 0.3896484375 0.896484375 0.3730468765625 0.91552734375 0.3730468765625 0.96240234375 0.3974609375 0.9873046859375 0.40625 0.98583984375 0.42578125 0.96240234375 0.42578125 0.92431640625 0.4150390625 0.9052734359375 0.3896484375 0.896484375
12 0.33984375 1 0.3378906234375 0.98291015625 0.3251953125 0.9697265640625 0.3056640625 0.9697265640625 0.2871093765625 0.99169921875 0.2880859375 1 0.33984375 1
12 0.3964843765625 1 0.3964843765625 0.98583984375 0.3779296875 0.966796875 0.3544921875 0.97265625 0.34375 0.99462890625 0.3466796875 1 0.3964843765625 1
12 0.5185546875 0.8876953140625 0.5019531234375 0.90966796875 0.5 0.94775390625 0.5146484375 0.9697265640625 0.5332031234375 0.97412109375 0.55078125 0.95654296875 0.5527343765625 0.91552734375 0.5380859375 0.890625 0.5185546875 0.8876953140625
12 0.5214843765625 1 0.5175781234375 0.97412109375 0.4970703125 0.955078125 0.4833984375 0.9580078140625 0.46484375 0.98291015625 0.4658203125 1 0.5214843765625 1
12 0.4853515625 0.8232421859375 0.4667968765625 0.84814453125 0.4667968765625 0.88037109375 0.4833984375 0.9052734359375 0.5 0.90966796875 0.5175781234375 0.88623046875 0.51953125 0.85107421875 0.5107421875 0.8291015640625 0.4853515625 0.8232421859375
12 0.5400390625 0.8232421859375 0.5253906234375 0.83935546875 0.5214843765625 0.87451171875 0.5263671875 0.8876953140625 0.5566406234375 0.90673828125 0.5761718765625 0.88037109375 0.57421875 0.84228515625 0.5595703125 0.8232421859375 0.5400390625 0.8232421859375
12 0.5771484375 0.8818359359375 0.5605468765625 0.90380859375 0.55859375 0.93603515625 0.5693359375 0.9638671859375 0.59375 0.97705078125 0.6171875 0.95654296875 0.6191406234375 0.91259765625 0.5986328125 0.8818359359375 0.5771484375 0.8818359359375
12 0.5859375 1 0.5859375 0.98291015625 0.5576171875 0.9580078140625 0.5400390625 0.966796875 0.52734375 0.99169921875 0.5302734375 1 0.5859375 1
12 0.6416015625 0.884765625 0.6230468765625 0.90673828125 0.6230468765625 0.94775390625 0.6318359375 0.966796875 0.65234375 0.97119140625 0.67578125 0.95361328125 0.6796875 0.91552734375 0.6669921875 0.890625 0.6416015625 0.884765625
12 0.6425781234375 1 0.6386718765625 0.97998046875 0.6259765625 0.966796875 0.6083984375 0.966796875 0.58984375 0.98876953125 0.5927734375 1 0.6425781234375 1
12 0.7001953125 0.8876953140625 0.6855468765625 0.90380859375 0.6796875 0.94482421875 0.7041015625 0.978515625 0.71484375 0.97705078125 0.734375 0.95947265625 0.73828125 0.92724609375 0.7255859375 0.896484375 0.7001953125 0.8876953140625
12 0.64453125 0.99755859375 0.7050781234375 1 0.7011718765625 0.97705078125 0.6826171875 0.9580078140625 0.6591796875 0.9638671859375 0.64453125 0.99755859375
12 0.6103515625 0.8291015640625 0.59375 0.84814453125 0.5917968765625 0.88037109375 0.62109375 0.90673828125 0.6425781234375 0.88330078125 0.64453125 0.86572265625 0.6318359375 0.8349609359375 0.6103515625 0.8291015640625
12 0.6669921875 0.83203125 0.65625 0.85107421875 0.6582031234375 0.88330078125 0.6816406234375 0.90673828125 0.7109375 0.88037109375 0.7089843765625 0.84814453125 0.6865234375 0.826171875 0.6669921875 0.83203125
12 0.7314453125 0.83203125 0.71484375 0.85107421875 0.7128906234375 0.88623046875 0.7392578125 0.919921875 0.74609375 0.91845703125 0.7714843765625 0.89501953125 0.7714843765625 0.86572265625 0.7548828125 0.837890625 0.7314453125 0.83203125
12 0.7939453125 0.8349609359375 0.77734375 0.86572265625 0.77734375 0.88916015625 0.7978515625 0.919921875 0.81640625 0.91845703125 0.8359375 0.89794921875 0.8378906234375 0.86279296875 0.8193359375 0.8349609359375 0.7939453125 0.8349609359375
12 0.8427734375 0.85546875 0.8359375 0.90087890625 0.8730468765625 0.93017578125 0.890625 0.89794921875 0.8847656234375 0.86279296875 0.8681640625 0.8466796859375 0.8427734375 0.85546875
12 0.8857421875 0.9052734359375 0.875 0.92724609375 0.8769531234375 0.96240234375 0.9160156234375 0.97998046875 0.9316406234375 0.95361328125 0.9277343765625 0.91845703125 0.9111328125 0.8994140640625 0.8857421875 0.9052734359375
12 0.8330078125 0.9052734359375 0.8125 0.92724609375 0.8105468765625 0.95068359375 0.8349609375 0.99609375 0.8496093765625 0.99462890625 0.8652343765625 0.97412109375 0.8691406234375 0.94189453125 0.8544921875 0.9111328140625 0.8330078125 0.9052734359375
12 0.7626953125 0.90234375 0.7441406234375 0.92724609375 0.7441406234375 0.95947265625 0.7646484375 0.9873046859375 0.7792968765625 0.98583984375 0.796875 0.96826171875 0.80078125 0.93017578125 0.7802734375 0.90234375 0.7626953125 0.90234375
12 0.83203125 1 0.8134765625 0.9697265640625 0.7958984375 0.9697265640625 0.7753906234375 0.99755859375 0.83203125 1
12 0.97265625 1 0.96875 0.97998046875 0.9521484375 0.9638671859375 0.9306640625 0.9638671859375 0.9121093765625 0.99169921875 0.9130859375 1 0.97265625 1
12 0.91015625 1 0.8974609375 0.97265625 0.8837890625 0.966796875 0.8662109375 0.97265625 0.85546875 0.99462890625 0.8603515625 1 0.91015625 1
12 0.9208984375 0.8291015640625 0.90625 0.84521484375 0.90234375 0.88330078125 0.9287109375 0.9169921859375 0.9375 0.91552734375 0.9628906234375 0.88916015625 0.9628906234375 0.85986328125 0.9423828125 0.8291015640625 0.9208984375 0.8291015640625
12 1 0.92431640625 0.9833984375 0.896484375 0.9619140625 0.8935546859375 0.9453125 0.91552734375 0.9433593765625 0.94775390625 0.9482421875 0.9638671859375 0.9765625 0.97998046875 1 0.95361328125 1 0.92431640625
12 0.96484375 0.83056640625 0.96484375 0.87451171875 0.9824218765625 0.88916015625 1 0.88330078125 0.9990234375 0.80859375 0.9833984375 0.80859375 0.96484375 0.83056640625