12 0.2050781234375 0.319010415625 0.171875 0.1731770828125 0.1328125 0.11328125 0.0966796875 0.07291666718749999 0.0478515625 0.0442708328125 0.0009765625 0.03125 0 0.40234375 0.0615234375 0.4427083328125 0.10546875 0.44401041562500004 0.1259765625 0.4375 0.1611328125 0.40885416562500004 0.19140625 0.36328125 0.2050781234375 0.319010415625
12 0.4277343765625 0.1861979171875 0.3828125 0.09765625 0.3369140625 0.0494791671875 0.2724609375 0.023437498437500003 0.2216796875 0.0416666671875 0.1816406234375 0.10546875 0.1738281234375 0.1705729171875 0.1855468765625 0.23828125 0.2128906234375 0.321614584375 0.2421875 0.37890625 0.2763671875 0.4192708328125 0.3642578125 0.4791666671875 0.40234375 0.47786458437499996 0.4384765625 0.4583333328125 0.453125 0.42838541562500004 0.44140625 0.24869791718749998 0.4277343765625 0.1861979171875
12 0.4628906234375 0.774739584375 0.4394531234375 0.696614584375 0.4199218765625 0.59765625 0.3984375 0.537760415625 0.3486328125 0.46875 0.2880859375 0.4270833328125 0.2197265625 0.4166666671875 0.1806640625 0.43489583437499996 0.14453125 0.49609375 0.1308593765625 0.555989584375 0.1347656234375 0.615885415625 0.15625 0.6731770828125 0.203125 0.756510415625 0.2646484375 0.8307291671874999 0.3369140625 0.8854166671874999 0.390625 0.897135415625 0.4404296875 0.8828125015625 0.4628906234375 0.85546875 0.46875 0.834635415625 0.4628906234375 0.774739584375
12 0.12109375 0.587239584375 0.1171875 0.55859375 0.08789062343750001 0.49088541562500004 0.0458984375 0.4375 0.0009765625 0.40625 0 0.790364584375 0.021484376562499997 0.790364584375 0.0712890625 0.7604166671875 0.11132812343750001 0.696614584375 0.12109375 0.647135415625 0.12109375 0.587239584375
12 0.2412109375 0.809895834375 0.1816406234375 0.725260415625 0.14453125 0.647135415625 0.1259765625 0.6432291671875 0.10742187656249999 0.712239584375 0.05859375 0.7799479171875 0.0625 0.85546875 0.08007812343750001 0.912760415625 0.1015625 0.9518229171874999 0.1396484375 0.997395834375 0.3828125 0.99609375 0.3828125 0.944010415625 0.3730468765625 0.9075520828125001 0.2958984375 0.8645833328125001 0.2412109375 0.809895834375
12 0.6191406234375 0.819010415625 0.578125 0.7799479171875 0.5517578125 0.7057291671875 0.4990234375 0.6796874984375 0.4521484375 0.6770833328125 0.44140625 0.68359375 0.44140625 0.696614584375 0.46484375 0.77734375 0.4707031234375 0.81640625 0.4667968765625 0.850260415625 0.4404296875 0.8854166671874999 0.3935546875 0.8984374984375 0.38671875 0.9075520828125001 0.40625 0.95703125 0.4326171875 0.997395834375 0.5078125 0.99609375 0.51953125 0.959635415625 0.546875 0.91015625 0.6162109375 0.8307291671874999 0.6191406234375 0.819010415625
12 0.8681640625 0.783854165625 0.8369140625 0.7578125015625 0.8115234375 0.75 0.7548828125 0.7552083328125 0.6669921875 0.796875 0.6259765625 0.8255208328125001 0.5927734375 0.8541666671874999 0.5488281234375 0.91015625 0.51171875 0.98828125 0.5126953125 0.997395834375 0.90234375 0.99609375 0.921875 0.9361979171874999 0.9199218765625 0.8606770828125001 0.9082031234375 0.834635415625 0.8681640625 0.783854165625
12 0.8300781234375 0.64453125 0.83203125 0.55078125 0.8144531234375 0.46223958437499996 0.7675781234375 0.352864584375 0.7470703125 0.328125 0.7255859375 0.3177083328125 0.6826171875 0.3229166671875 0.6572265625 0.341145834375 0.62890625 0.3763020828125 0.5996093765625 0.43098958437499996 0.5605468765625 0.555989584375 0.5527343765625 0.62109375 0.5605468765625 0.7330729171875 0.5849609375 0.783854165625 0.6386718765625 0.8138020828125001 0.7177734375 0.7682291671875 0.7998046875 0.7447916671875 0.8183593765625 0.69921875 0.8300781234375 0.64453125
12 0.9746093765625 0.3919270828125 0.9765625 0.305989584375 0.9628906234375 0.225260415625 0.9238281234375 0.1393229171875 0.8857421875 0.1041666671875 0.8505859375 0.09895833281250001 0.8076171875 0.12760416562500002 0.7792968765625 0.1705729171875 0.7578125 0.240885415625 0.75 0.3268229171875 0.7792968765625 0.37109375 0.8183593765625 0.4700520828125 0.8339843765625 0.553385415625 0.8359375 0.615885415625 0.8544921875 0.627604165625 0.8769531234375 0.6263020828125 0.9013671875 0.6145833328125 0.9160156234375 0.5950520828125 0.9589843765625 0.50390625 0.9746093765625 0.3919270828125
12 0.7011718765625 0.26953125 0.69140625 0.23828125 0.6494140625 0.1875 0.5693359375 0.1458333328125 0.4951171875 0.12760416562500002 0.4443359375 0.12760416562500002 0.4150390625 0.1380208328125 0.4121093765625 0.14973958437499998 0.4277343765625 0.18098958437499998 0.4394531234375 0.227864584375 0.4550781234375 0.3919270828125 0.4931640625 0.4270833328125 0.5283203125 0.4453125015625 0.5878906234375 0.4544270828125 0.6191406234375 0.3893229171875 0.6494140625 0.346354165625 0.7011718765625 0.3111979171875 0.7011718765625 0.26953125
12 0.55078125 0.56640625 0.5449218765625 0.51171875 0.5292968765625 0.4700520828125 0.5107421875 0.4427083328125 0.4619140625 0.40885416562500004 0.4550781234375 0.41276041562500004 0.4511718765625 0.44401041562500004 0.4365234375 0.4635416671875 0.4130859375 0.4791666671875 0.3691406234375 0.4856770828125 0.4160156234375 0.5794270828125 0.4355468765625 0.66796875 0.44921875 0.67578125 0.4833984375 0.6744791671875 0.5224609375 0.6458333328125 0.5449218765625 0.60546875 0.55078125 0.56640625
12 0.7060546875 0 0.47265625 0.0013020828125 0.4765625 0.0299479171875 0.4902343765625 0.06119791718749999 0.5283203125 0.11718749843750001 0.5732421875 0.1458333328125 0.6328125 0.16015625 0.6630859375 0.1484374984375 0.6894531234375 0.11328125 0.7089843765625 0.05078125 0.7060546875 0
12 0.8310546875 0.1067708328125 0.8583984375 0.096354165625 0.8779296875 0.09895833281250001 0.9169921875 0.12760416562500002 0.92578125 0.1263020828125 0.9238281234375 0.10286458437499998 0.9316406234375 0.07682291718749999 0.9238281234375 0.03515625 0.9091796875 0.002604165625 0.7197265625 0 0.7128906234375 0.006510415625 0.703125 0.084635415625 0.6796875 0.13671875 0.6738281234375 0.20182291718749998 0.6972656234375 0.24609375 0.70703125 0.3111979171875 0.7480468765625 0.321614584375 0.7636718765625 0.212239584375 0.7832031234375 0.16015625 0.8037109375 0.1302083328125 0.8310546875 0.1067708328125
12 0.91015625 0.6236979171875 0.9003906234375 0.7044270828125 0.9003906234375 0.76953125 0.9140625 0.8111979171874999 0.9462890625 0.84375 0.99609375 0.850260415625 0.9990234375 0.4791666671875 0.9677734375 0.5052083328125 0.92578125 0.57421875 0.91015625 0.6236979171875