18 0.6884765625 0.5442708328125 0.701171875 0.5299479171875 0.708984375 0.5091145828125 0.7109375 0.46484375 0.6982421875 0.4427083328125 0.6748046875 0.4296875 0.6337890625 0.4322916671875 0.58984375 0.48046875 0.587890625 0.5221354171875 0.6142578125 0.5364583328125 0.634765625 0.55859375 0.6884765625 0.5442708328125
18 0.5478515625 0.4869791671875 0.5625 0.48828125 0.5947265625 0.4713541671875 0.626953125 0.42578125 0.646484375 0.37890625 0.64453125 0.3502604171875 0.6357421875 0.3385416671875 0.6123046875 0.3229166671875 0.5947265625 0.3229166671875 0.5791015625 0.3333333328125 0.55859375 0.3658854171875 0.5390625 0.4153645828125 0.533203125 0.46484375 0.5478515625 0.4869791671875
18 0.7138671875 0.4635416671875 0.748046875 0.4674479171875 0.7705078125 0.4505208328125 0.78125 0.42578125 0.78125 0.3971354171875 0.767578125 0.3684895828125 0.7431640625 0.34375 0.7177734375 0.3307291671875 0.6767578125 0.3255208328125 0.6630859375 0.3333333328125 0.6484375 0.35546875 0.654296875 0.4153645828125 0.6943359375 0.4375 0.7138671875 0.4635416671875
18 0.8251953125 0.5625 0.837890625 0.5455729171875 0.84765625 0.50390625 0.8291015625 0.4635416671875 0.8095703125 0.453125 0.7763671875 0.453125 0.736328125 0.4856770828125 0.724609375 0.52734375 0.7412109375 0.5572916671875 0.7744140625 0.5755208328125 0.798828125 0.57421875 0.8251953125 0.5625
18 0.775390625 0.62109375 0.78125 0.59765625 0.78125 0.58984375 0.7626953125 0.5703125 0.7001953125 0.5442708328125 0.6640625 0.5690104171875 0.658203125 0.6080729171875 0.6708984375 0.6302083328125 0.6943359375 0.625 0.7314453125 0.6432291671875 0.751953125 0.64453125 0.775390625 0.62109375
18 0.7900390625 0.671875 0.80078125 0.6549479171875 0.796875 0.6080729171875 0.7763671875 0.5807291671875 0.7314453125 0.5520833328125 0.7001953125 0.5442708328125 0.6640625 0.5690104171875 0.658203125 0.6080729171875 0.6826171875 0.6484375 0.7294921875 0.6770833328125 0.771484375 0.6809895828125 0.7900390625 0.671875
18 0.65625 0.7747395828125 0.6806640625 0.7604166671875 0.693359375 0.7356770828125 0.6953125 0.6861979171875 0.69140625 0.6627604171875 0.6728515625 0.640625 0.6474609375 0.6354166671875 0.6318359375 0.6432291671875 0.611328125 0.6705729171875 0.60546875 0.7200520828125 0.6240234375 0.7682291671875 0.6357421875 0.7760416671875 0.65625 0.7747395828125
18 0.634765625 0.58203125 0.6103515625 0.5364583328125 0.5771484375 0.53125 0.560546875 0.55078125 0.556640625 0.56640625 0.560546875 0.62109375 0.5791015625 0.6536458328125 0.5966796875 0.6640625 0.611328125 0.6627604171875 0.634765625 0.6315104171875 0.634765625 0.58203125
18 0.548828125 0.6106770828125 0.55859375 0.5247395828125 0.548828125 0.4908854171875 0.5322265625 0.46875 0.5048828125 0.4661458328125 0.4892578125 0.4739583328125 0.470703125 0.50390625 0.458984375 0.5950520828125 0.4775390625 0.6302083328125 0.5087890625 0.6484375 0.5234375 0.6471354171875 0.548828125 0.6106770828125
18 0.7900390625 0.671875 0.80078125 0.6549479171875 0.796875 0.6106770828125 0.7763671875 0.5807291671875 0.7138671875 0.546875 0.6884765625 0.546875 0.6640625 0.5690104171875 0.658203125 0.6080729171875 0.6806640625 0.6458333328125 0.7236328125 0.6744791671875 0.76953125 0.6809895828125 0.7900390625 0.671875
18 0.5400390625 0.8203125 0.572265625 0.82421875 0.5888671875 0.8151041671874999 0.60546875 0.7877604171875 0.611328125 0.7565104171875 0.60546875 0.72265625 0.5859375 0.6809895828125 0.5634765625 0.6536458328125 0.5244140625 0.6510416671875 0.498046875 0.6861979171875 0.4921875 0.71484375 0.494140625 0.7591145828125 0.501953125 0.77734375 0.5400390625 0.8203125