18 0.6103515625 0.40625 0.623046875 0.3841145828125 0.619140625 0.3138020828125 0.5947265625 0.2838541671875 0.5615234375 0.2916666671875 0.5390625 0.3372395828125 0.53515625 0.3971354171875 0.5478515625 0.4192708328125 0.5546875 0.41796875 0.5791015625 0.4010416671875 0.6103515625 0.40625
18 0.73828125 0.35546875 0.734375 0.3216145828125 0.72265625 0.29296875 0.7099609375 0.28125 0.6669921875 0.2890625 0.625 0.3294270828125 0.623046875 0.39453125 0.6416015625 0.4244791671875 0.669921875 0.4309895828125 0.7294921875 0.375 0.73828125 0.35546875
18 0.712890625 0.52734375 0.7353515625 0.5234375 0.7587890625 0.5078125 0.787109375 0.4596354171875 0.79296875 0.4127604171875 0.787109375 0.3919270828125 0.7744140625 0.3776041671875 0.7587890625 0.3697916671875 0.7314453125 0.375 0.681640625 0.4361979171875 0.6796875 0.48828125 0.6962890625 0.5182291671875 0.712890625 0.52734375
18 0.845703125 0.5013020828125 0.849609375 0.4596354171875 0.8427734375 0.4375 0.8154296875 0.4296875 0.7958984375 0.4375 0.767578125 0.49609375 0.767578125 0.50390625 0.7998046875 0.5390625 0.80859375 0.5377604171875 0.8330078125 0.5234375 0.845703125 0.5013020828125
18 0.7939453125 0.4401041671875 0.8291015625 0.4322916671875 0.845703125 0.44140625 0.841796875 0.4075520828125 0.8271484375 0.3854166671875 0.8056640625 0.3776041671875 0.787109375 0.38671875 0.7939453125 0.4401041671875
18 0.5908203125 0.5859375 0.6103515625 0.5963541671875 0.6328125 0.5950520828125 0.65625 0.57421875 0.662109375 0.5403645828125 0.66015625 0.49609375 0.638671875 0.4440104171875 0.6103515625 0.4088541671875 0.5947265625 0.4010416671875 0.5693359375 0.40625 0.5556640625 0.4166666671875 0.53515625 0.4518229171875 0.537109375 0.5013020828125 0.5625 0.55078125 0.5908203125 0.5859375
18 0.705078125 0.5377604171875 0.6826171875 0.5130208328125 0.6640625 0.5169270828125 0.65625 0.5768229171875 0.630859375 0.59765625 0.6455078125 0.6119791671875 0.662109375 0.61328125 0.6904296875 0.5989583328125 0.705078125 0.56640625 0.705078125 0.5377604171875
18 0.6474609375 0.4322916671875 0.638671875 0.44140625 0.642578125 0.4596354171875 0.6640625 0.5065104171875 0.673828125 0.5091145828125 0.6796875 0.4986979171875 0.67578125 0.4440104171875 0.6669921875 0.4348958328125 0.6474609375 0.4322916671875
18 0.77734375 0.64453125 0.796875 0.5872395828125 0.794921875 0.5325520828125 0.7646484375 0.5052083328125 0.7177734375 0.5286458328125 0.70703125 0.5481770828125 0.701171875 0.58203125 0.68359375 0.6106770828125 0.685546875 0.63671875 0.7080078125 0.6666666671875 0.744140625 0.67578125 0.77734375 0.64453125
18 0.552734375 0.6627604171875 0.576171875 0.65234375 0.58984375 0.62109375 0.58984375 0.58984375 0.564453125 0.55859375 0.5341796875 0.4947916671875 0.5126953125 0.4921875 0.4921875 0.5143229171875 0.484375 0.56640625 0.498046875 0.6106770828125 0.515625 0.6419270828125 0.5341796875 0.6588541671875 0.552734375 0.6627604171875
18 0.673828125 0.7330729171875 0.6884765625 0.7265625 0.705078125 0.69921875 0.705078125 0.6653645828125 0.6884765625 0.640625 0.6591796875 0.6223958328125 0.6376953125 0.6197916671875 0.6083984375 0.6197916671875 0.583984375 0.63671875 0.576171875 0.6653645828125 0.5947265625 0.7135416671875 0.6396484375 0.734375 0.673828125 0.7330729171875