15 0.5773333328125 0.734 0.616 0.732 0.6599999999999999 0.704 0.6906666671874999 0.6599999999999999 0.7026666671874999 0.63 0.7093333328125 0.592 0.7026666671874999 0.538 0.688 0.504 0.6626666671875 0.47000000000000003 0.62 0.44000000000000006 0.5893333328125 0.44000000000000006 0.5386666671875 0.47000000000000003 0.5173333328124999 0.502 0.5013333328125 0.554 0.5013333328125 0.622 0.5173333328124999 0.682 0.5413333328125 0.714 0.5773333328125 0.734
15 0.7666666671875 0.41200000000000003 0.8039999999999999 0.41200000000000003 0.8413333328125001 0.392 0.876 0.358 0.9013333328125 0.302 0.9026666671875001 0.25 0.8853333328125 0.196 0.8640000000000001 0.156 0.8333333328125001 0.124 0.7906666671875 0.118 0.7573333328125 0.13 0.7253333328125 0.162 0.7053333328125 0.21200000000000002 0.7026666671874999 0.262 0.7186666671874999 0.356 0.7373333328125 0.392 0.7666666671875 0.41200000000000003
15 0.49066666718749996 0.4 0.5213333328124999 0.41200000000000003 0.5519999999999999 0.40599999999999997 0.5773333328125 0.38 0.596 0.34199999999999997 0.6026666671875 0.302 0.588 0.196 0.5599999999999999 0.16 0.5306666671875 0.146 0.48666666718749996 0.15 0.4533333328125 0.172 0.43600000000000005 0.21200000000000002 0.43333333281249997 0.266 0.4386666671875 0.32 0.4573333328125 0.362 0.49066666718749996 0.4
15 0.2506666671875 0.404 0.3026666671875 0.388 0.3266666671875 0.366 0.3493333328125 0.33199999999999996 0.36666666718749996 0.27799999999999997 0.3693333328125 0.23399999999999999 0.3573333328125 0.18 0.3333333328125 0.13999999999999999 0.30133333281249997 0.11000000000000001 0.24533333281249997 0.10600000000000001 0.2106666671875 0.118 0.18 0.154 0.16933333281250001 0.2 0.16933333281250001 0.272 0.1786666671875 0.316 0.20400000000000001 0.366 0.2506666671875 0.404
15 0.2773333328125 0.666 0.308 0.67 0.3466666671875 0.6519999999999999 0.384 0.5980000000000001 0.3986666671875 0.546 0.396 0.49800000000000005 0.38 0.44800000000000006 0.3613333328125 0.422 0.32 0.394 0.2813333328125 0.396 0.248 0.41600000000000004 0.23199999999999998 0.43600000000000005 0.2146666671875 0.49000000000000005 0.2133333328125 0.528 0.2266666671875 0.612 0.252 0.648 0.2773333328125 0.666
15 0.11599999999999999 0.5740000000000001 0.148 0.536 0.1546666671875 0.52 0.1546666671875 0.462 0.1426666671875 0.42000000000000004 0.1173333328125 0.376 0.0893333328125 0.352 0.068 0.344 0.032 0.352 0.0026666671875 0.374 0 0.564 0.0333333328125 0.5900000000000001 0.0826666671875 0.5940000000000001 0.11599999999999999 0.5740000000000001
15 0 0.348 0.017333332812499998 0.352 0.048 0.33999999999999997 0.0866666671875 0.33799999999999997 0.1306666671875 0.308 0.13999999999999999 0.27999999999999997 0.144 0.21200000000000002 0.1346666671875 0.16399999999999998 0.1173333328125 0.126 0.09066666718750001 0.10200000000000001 0.064 0.092 0.032 0.088 0.0066666671875 0.094 0 0.098 0 0.348
15 0.6306666671875 0.998 0.6639999999999999 0.952 0.6866666671874999 0.8800000000000001 0.6853333328125 0.8460000000000001 0.6706666671875 0.8019999999999999 0.6453333328124999 0.758 0.6253333328124999 0.738 0.568 0.738 0.5519999999999999 0.748 0.524 0.782 0.5013333328125 0.844 0.5013333328125 0.884 0.5173333328124999 0.9400000000000001 0.5533333328125 0.998 0.6306666671875 0.998
15 0.8880000000000001 0.954 0.8880000000000001 0.9 0.8746666671875 0.844 0.8426666671874999 0.796 0.8093333328125001 0.776 0.7746666671875 0.78 0.7333333328125 0.82 0.7066666671874999 0.9 0.7066666671874999 0.95 0.7213333328125 0.998 0.8733333328124999 0.998 0.8880000000000001 0.954
15 0.3386666671875 0.998 0.41733333281249996 0.998 0.44800000000000006 0.974 0.476 0.9179999999999999 0.484 0.8699999999999999 0.476 0.796 0.45466666718750004 0.75 0.40800000000000003 0.71 0.37466666718749997 0.706 0.344 0.722 0.308 0.766 0.2946666671875 0.8019999999999999 0.2893333328125 0.834 0.2946666671875 0.906 0.312 0.96 0.3386666671875 0.998
15 0.3946666671875 0.48200000000000004 0.4026666671875 0.548 0.4266666671875 0.548 0.4493333328125 0.536 0.476 0.496 0.49066666718749996 0.45599999999999996 0.49466666718749996 0.40800000000000003 0.45466666718750004 0.362 0.4346666671875 0.312 0.43200000000000005 0.27999999999999997 0.4266666671875 0.274 0.404 0.274 0.368 0.292 0.344 0.348 0.316 0.38 0.3133333328125 0.388 0.344 0.404 0.3786666671875 0.442 0.3946666671875 0.48200000000000004
15 0.1493333328125 0.5599999999999999 0.1813333328125 0.608 0.22000000000000003 0.624 0.2253333328125 0.616 0.21200000000000002 0.532 0.2133333328125 0.48600000000000004 0.2293333328125 0.438 0.252 0.40800000000000003 0.192 0.36 0.148 0.422 0.1586666671875 0.47800000000000004 0.1586666671875 0.506 0.14666666718750002 0.544 0.1493333328125 0.5599999999999999
15 0.516 0 0.5146666671875 0.04 0.524 0.09 0.5466666671875 0.13799999999999998 0.5706666671875 0.162 0.588 0.16399999999999998 0.5973333328125 0.15 0.616 0.174 0.6546666671875 0.16 0.6773333328125 0.13999999999999999 0.7026666671874999 0.09 0.708 0.05 0.7066666671874999 0 0.516 0
15 0.9613333328125 0 0.9386666671875 0.022 0.9186666671875001 0.062 0.9066666671875 0.11599999999999999 0.9053333328125 0.178 0.9186666671875001 0.22000000000000003 0.9373333328125 0.246 0.968 0.272 0.9986666671875 0.27599999999999997 0.9986666671875 0 0.9613333328125 0
15 0.8933333328125 0.702 0.9293333328125 0.6940000000000001 0.9560000000000001 0.67 0.984 0.618 0.9933333328125 0.5559999999999999 0.9866666671875001 0.5 0.9733333328124999 0.46799999999999997 0.952 0.44400000000000006 0.9133333328125 0.42800000000000005 0.8720000000000001 0.43 0.8413333328125001 0.45199999999999996 0.8213333328125 0.484 0.8066666671875 0.548 0.8066666671875 0.5940000000000001 0.8226666671875 0.646 0.852 0.6799999999999999 0.8933333328125 0.702
15 0.744 0.628 0.776 0.632 0.8066666671875 0.614 0.8039999999999999 0.5559999999999999 0.8146666671875 0.5 0.8320000000000001 0.45999999999999996 0.8586666671875 0.434 0.8586666671875 0.426 0.8453333328125 0.396 0.8026666671875 0.41600000000000004 0.768 0.41600000000000004 0.7373333328125 0.396 0.716 0.358 0.6946666671874999 0.384 0.6799999999999999 0.43200000000000005 0.6786666671875 0.47800000000000004 0.7 0.522 0.7133333328125 0.584 0.744 0.628
15 0.9986666671875 0.79 0.9786666671875001 0.78 0.9386666671875 0.79 0.9039999999999999 0.8300000000000001 0.8893333328124999 0.8699999999999999 0.892 0.942 0.908 0.998 0.9986666671875 0.998 0.9986666671875 0.79
15 0.2026666671875 0.95 0.1933333328125 0.9279999999999999 0.17333333281250002 0.9119999999999999 0.1453333328125 0.874 0.1266666671875 0.866 0.1 0.868 0.0706666671875 0.8859999999999999 0.028000000000000004 0.976 0.025333332812499998 0.998 0.2013333328125 0.998 0.20400000000000001 0.99 0.2026666671875 0.95
15 0.5106666671875 0.8019999999999999 0.5333333328125 0.762 0.5626666671875 0.734 0.5213333328124999 0.692 0.5053333328125 0.646 0.49866666718749997 0.596 0.504 0.532 0.46266666718750005 0.544 0.4306666671875 0.5860000000000001 0.41733333281249996 0.628 0.4186666671875 0.712 0.44400000000000006 0.734 0.48266666718750006 0.798 0.5106666671875 0.8019999999999999