5 0.2712180375 0.201171875 0.22736150781250003 0.19921875 0.20427912187500002 0.2109375 0.16619318125 0.2685546859375 0.0023082390625 0.7099609359375 0.0046164765625 0.7744140640625 0.027698864062500002 0.7822265640625 0.08540482968749999 0.7373046859375 0.1823508515625 0.5576171859375 0.28391335156249997 0.2158203140625 0.2712180375 0.201171875
5 0.45241477343750003 0.2099609359375 0.44779829531250004 0.1650390640625 0.41663707499999997 0.1328125 0.3427734390625 0.134765625 0.279296875 0.2275390640625 0.13849431875 0.7392578140625 0.1477272734375 0.7841796859375 0.18465909062500002 0.7958984359375 0.24005681874999998 0.7412109359375 0.37162642031250004 0.4287109359375 0.413174715625 0.2763671859375 0.45241477343750003 0.2099609359375
5 0.5678267046875 0.2705078140625 0.5447443187500001 0.2275390640625 0.4997336671875 0.205078125 0.46049360625 0.21484375 0.42009943125 0.2685546859375 0.38547585156249997 0.4248046859375 0.3531605109375 0.8330078140625 0.36008522656249997 0.8974609359375 0.40625 0.9267578140625 0.43625710156249997 0.8994140640625 0.47088068125 0.8076171859375 0.5678267046875 0.3115234359375 0.5678267046875 0.2705078140625
5 0.6763139203125 0.2763671859375 0.6336115078125 0.255859375 0.594371446875 0.26171875 0.5724431812499999 0.2861328140625 0.48703835156249997 0.7001953140625 0.46626420468749996 0.8740234359375 0.49857954531250004 0.9326171859375 0.5055042609375 0.9814453140625 0.5147372156250001 0.9306640640625 0.5609019890625 0.8662109359375 0.6947798296875 0.3310546859375 0.6763139203125 0.2763671859375
5 0.8678977265625001 0.2431640640625 0.8586647734374999 0.2099609359375 0.8182705984374999 0.1796875 0.7697975828125 0.19140625 0.7317116484375 0.2392578140625 0.6232244312499999 0.6201171859375 0.6116832390625 0.7861328140625 0.6428444625 0.822265625 0.6740056812499999 0.8271484359375 0.7017045453125 0.7880859359375 0.7917258515625 0.3857421859375 0.8286576703125 0.2900390640625 0.8678977265625001 0.2431640640625
5 0.9671519890625 0.3076171859375 0.95099431875 0.2724609359375 0.924449575 0.255859375 0.8713600828124999 0.255859375 0.837890625 0.2802734359375 0.7801846593749999 0.4287109359375 0.6809303984375 0.8857421859375 0.6924715906250001 0.9345703140625 0.7224786937500001 0.9482421859375 0.7778764203125 0.9091796859375 0.82634943125 0.8193359359375 0.9486860796875 0.4306640640625 0.9671519890625 0.3076171859375
5 0.9671519890625 0.2978515640625 0.96484375 0.3818359359375 0.90021306875 0.5888671859375 0.86328125 0.7978515640625 0.8702059656250001 0.8876953140625 0.9232954546875 0.9130859359375 0.9625355109375 0.8798828140625 0.9994673296875 0.6982421859375 0.9960049703125 0.28515625 0.9671519890625 0.2978515640625
5 0 0.1826171859375 0.011541193750000001 0.1865234359375 0.1188742875 0.1171875 0.24005681874999998 0.0009765640625 0.0842507125 0 0 0.09863281406249999 0 0.1826171859375
5 0.2966086671875 0.03515625 0.2515980109375 0.0595703140625 0.26775568125000004 0.1298828140625 0.2966086671875 0.03515625
5 0.31161221562499997 0.11816406406249999 0.32084517031250004 0.12402343593750001 0.40855823906250005 0.041992185937499996 0.41663707499999997 0 0.36239346562499997 0.0029296859375 0.31161221562499997 0.11816406406249999
5 0.019620029687500002 0.220703125 0.0738636359375 0.2412109359375 0.2446732953125 0.1650390640625 0.231977984375 0.072265625 0.0046164765625 0.2001953140625 0.019620029687500002 0.220703125