10 0.6386718734375 0.5771484375 0.6025390625 0.5371093734375 0.5498046875 0.5136718734375 0.4775390625 0.5 0.4150390625 0.5058593734375 0.37109375 0.5478515625 0.37109375 0.6220703125 0.4267578125 0.6777343734375 0.5058593734375 0.7138671875 0.62109375 0.6865234375 0.63671875 0.6455078125 0.6171875 0.6552734375 0.6123046875 0.68359375 0.6035156265625 0.6826171875 0.60546875 0.6533203125 0.640625 0.6220703125 0.6386718734375 0.5771484375
10 0.2246093734375 0.7314453125 0.25390625 0.7978515625 0.3388671875 0.8261718734375 0.40234375 0.8310546875 0.44921875 0.7744140625 0.4511718734375 0.7333984375 0.4296875 0.6865234375 0.3603515625 0.62890625 0.2998046875 0.6269531265625 0.2548828125 0.6542968734375 0.23828125 0.6728515625 0.2246093734375 0.7314453125
10 0.47265625 0.7626953125 0.46875 0.8173828125 0.4873046875 0.8496093734375 0.7246093734375 0.8994140625 0.75390625 0.8720703125 0.7753906265625 0.8017578125 0.7363281265625 0.7373046875 0.7119140625 0.71875 0.6650390625 0.7011718734375 0.5576171875 0.69921875 0.5087890625 0.71875 0.47265625 0.7626953125
10 1 0.7138671875 0.9033203125 0.7128906265625 0.8349609375 0.73046875 0.8066406265625 0.7646484375 0.796875 0.7958984375 0.796875 0.8701171875 0.8125 0.9150390625 1 0.9521484375 1 0.7138671875
10 0.7685546875 0.71875 0.8378906265625 0.7216796875 0.9423828125 0.7089843734375 0.94921875 0.6884765625 0.8759765625 0.59375 0.8271484375 0.5761718734375 0.7783203125 0.5761718734375 0.7402343734375 0.6123046875 0.73828125 0.6865234375 0.7685546875 0.71875
10 0.64453125 0.5888671875 0.63671875 0.6689453125 0.6474609375 0.69140625 0.6816406265625 0.6943359375 0.7265625 0.6552734375 0.7363281265625 0.5400390625 0.6962890625 0.49609375 0.6591796875 0.484375 0.64453125 0.4892578125 0.62890625 0.5166015625 0.62890625 0.5556640625 0.64453125 0.5888671875
10 0.359375 0.4306640625 0.3798828125 0.4589843734375 0.4423828125 0.4902343734375 0.5527343734375 0.5087890625 0.5722656265625 0.4873046875 0.5722656265625 0.4521484375 0.55859375 0.4208984375 0.5185546875 0.38671875 0.4228515625 0.359375 0.3837890625 0.3730468734375 0.3691406265625 0.3896484375 0.359375 0.4306640625
10 0.37109375 0.5439453125 0.4199218734375 0.4970703125 0.4091796875 0.4824218734375 0.3349609375 0.4863281265625 0.2988281265625 0.5263671875 0.30078125 0.6220703125 0.3691406265625 0.6259765625 0.37109375 0.5439453125
10 0.5644531265625 0.4248046875 0.578125 0.4638671875 0.6064453125 0.4765625 0.6699218734375 0.4775390625 0.71484375 0.3623046875 0.70703125 0.3427734375 0.6494140625 0.29296875 0.5888671875 0.29296875 0.5576171875 0.30859375 0.53125 0.3544921875 0.5292968734375 0.3818359375 0.5644531265625 0.4248046875
10 0.7265625 0.5185546875 0.7568359375 0.5449218734375 0.78515625 0.5458984375 0.8535156265625 0.4599609375 0.8613281265625 0.4228515625 0.8291015625 0.3671875 0.7724609375 0.3417968734375 0.7412109375 0.3535156265625 0.70703125 0.3916015625 0.6972656265625 0.4580078125 0.7265625 0.5185546875
10 1 0.2177734375 0.9599609375 0.1875 0.8818359375 0.1894531265625 0.8525390625 0.2050781265625 0.80859375 0.2626953125 0.80078125 0.3251953125 0.8720703125 0.40625 0.94140625 0.4150390625 0.9794921875 0.3984375 1 0.3681640625 1 0.2177734375
10 1 0.4755859375 0.9423828125 0.4785156265625 0.90234375 0.5283203125 0.90234375 0.5947265625 0.9375 0.6650390625 0.9814453125 0.703125 1 0.7041015625 1 0.4755859375
10 0.5146484375 0.2128906265625 0.59375 0.2548828125 0.6298828125 0.234375 0.67578125 0.1787109375 0.6640625 0.1337890625 0.6318359375 0.10546875 0.5537109375 0.11132812656249999 0.5292968734375 0.1337890625 0.5097656265625 0.1845703125 0.5146484375 0.2128906265625
10 0.3925781265625 0.3154296875 0.4111328125 0.35546875 0.50390625 0.3720703125 0.5488281265625 0.3095703125 0.5859375 0.2822265625 0.5859375 0.2626953125 0.5595703125 0.2363281265625 0.4970703125 0.2167968734375 0.4228515625 0.2421875 0.3964843734375 0.2802734375 0.3925781265625 0.3154296875