10 0.21875 0.7451171875 0.21875 0.7822265625 0.2548828125 0.8105468734375 0.3115234375 0.8046875 0.34765625 0.7646484375 0.3378906265625 0.7275390625 0.3095703125 0.7109375 0.2451171875 0.71484375 0.21875 0.7451171875
10 0.4199218734375 0.7626953125 0.4277343734375 0.7958984375 0.4677734375 0.8183593734375 0.5263671875 0.8144531265625 0.5527343734375 0.7783203125 0.5400390625 0.7441406265625 0.4853515625 0.7207031265625 0.4677734375 0.7207031265625 0.4199218734375 0.7626953125
10 0.56640625 0.7529296875 0.5625 0.8056640625 0.5791015625 0.8261718734375 0.6474609375 0.8359375 0.6699218734375 0.8251953125 0.68359375 0.7783203125 0.6650390625 0.7441406265625 0.5947265625 0.734375 0.56640625 0.7529296875
10 0.69921875 0.7724609375 0.7050781265625 0.8212890625 0.7353515625 0.8417968734375 0.7783203125 0.8457031265625 0.80859375 0.8193359375 0.8125 0.7841796875 0.7841796875 0.7578125 0.7294921875 0.75 0.69921875 0.7724609375
10 0.83984375 0.7900390625 0.84375 0.8291015625 0.8759765625 0.8515625 0.9267578125 0.85546875 0.9609375 0.8173828125 0.95703125 0.7880859375 0.9130859375 0.75390625 0.8662109375 0.7578125 0.83984375 0.7900390625
10 0.546875 0.0283203125 0.5283203125 0 0.46875 0.0048828125 0.5224609375 0.0703125 0.54296875 0.0673828125 0.546875 0.0283203125
10 0.5478515625 0 0.55078125 0.0400390625 0.5771484375 0.0566406265625 0.6201171875 0.06835937343750001 0.65625 0.0439453125 0.6494140625 0 0.5478515625 0
10 0.8125 0.0380859375 0.8125 0.0576171875 0.8603515625 0.08789062656249999 0.8896484375 0.08007812656249999 0.91015625 0.0498046875 0.9042968734375 0.0205078125 0.8623046875 0.0019531265625 0.8310546875 0.0136718734375 0.8125 0.0380859375
10 0.90625 0.0205078125 0.9082031265625 0.0693359375 0.9541015625 0.09375 0.9785156265625 0.0595703125 0.9785156265625 0.0244140625 0.9560546875 0.0019531265625 0.9189453125 0.0078125 0.90625 0.0205078125
10 0.8671875 0.1298828125 0.8798828125 0.14453125 0.9433593734375 0.1533203125 0.9511718734375 0.1181640625 0.9306640625 0.08398437343750001 0.8994140625 0.07617187343750001 0.8691406265625 0.1025390625 0.8671875 0.1298828125
10 0.7822265625 0.1308593734375 0.8212890625 0.15234375 0.8515625 0.1474609375 0.859375 0.0966796875 0.8388671875 0.06835937343750001 0.8076171875 0.0625 0.7734375 0.0849609375 0.7822265625 0.1308593734375
10 0.6591796875 0 0.66015625 0.0419921875 0.7001953125 0.06835937343750001 0.75 0.0458984375 0.7451171875 0 0.6591796875 0
10 0.62109375 0.1083984375 0.62109375 0.0791015625 0.6025390625 0.0605468734375 0.5791015625 0.0566406265625 0.5527343734375 0.0771484375 0.5673828125 0.1386718734375 0.62109375 0.1083984375
10 0.6279296875 0.11132812656249999 0.6669921875 0.1308593734375 0.6875 0.1220703125 0.6972656265625 0.0751953125 0.6845703125 0.0546875 0.6494140625 0.048828126562500004 0.6230468734375 0.0712890625 0.6279296875 0.11132812656249999
10 0.6894531265625 0.1533203125 0.7080078125 0.171875 0.7353515625 0.171875 0.7734375 0.1298828125 0.76953125 0.0869140625 0.7275390625 0.06445312656249999 0.69921875 0.0771484375 0.6894531265625 0.1533203125
10 0.8046875 0.0634765625 0.7880859375 0.044921873437499996 0.7529296875 0.046875 0.7402343734375 0.0654296875 0.7685546875 0.08203125 0.8046875 0.0634765625
10 0.81640625 0.2177734375 0.8447265625 0.24609375 0.8935546875 0.2324218734375 0.9121093734375 0.2021484375 0.8837890625 0.1542968734375 0.8388671875 0.1621093734375 0.8183593734375 0.1845703125 0.81640625 0.2177734375
10 0.9228515625 0.2324218734375 0.9453125 0.2041015625 0.94140625 0.1650390625 0.9091796875 0.1464843734375 0.8798828125 0.1542968734375 0.90234375 0.2275390625 0.9228515625 0.2324218734375
10 0.9111328125 0.3125 0.921875 0.2880859375 0.9160156265625 0.2412109375 0.8837890625 0.234375 0.8535156265625 0.2490234375 0.8828125 0.3115234375 0.9111328125 0.3125
10 0.8056640625 0.2128906265625 0.82421875 0.1591796875 0.8037109375 0.1386718734375 0.7705078125 0.1347656265625 0.7402343734375 0.1728515625 0.7548828125 0.21484375 0.8056640625 0.2128906265625
10 0.7861328125 0.2910156265625 0.8359375 0.2490234375 0.8017578125 0.2128906265625 0.7666015625 0.2128906265625 0.74609375 0.2314453125 0.7421875 0.2685546875 0.7861328125 0.2910156265625
10 0.7958984375 0.3515625 0.8505859375 0.3652343734375 0.87109375 0.3505859375 0.8808593734375 0.2919921875 0.8623046875 0.26171875 0.8095703125 0.2578125 0.7890625 0.2900390625 0.7958984375 0.3515625
10 0.9033203125 0.4042968734375 0.921875 0.3818359375 0.9238281265625 0.3388671875 0.9033203125 0.31640625 0.87890625 0.3212890625 0.8574218734375 0.3935546875 0.9033203125 0.4042968734375
10 0.9121093734375 0.4111328125 0.9267578125 0.4375 0.9560546875 0.4355468734375 0.984375 0.4072265625 0.9824218734375 0.3798828125 0.9580078125 0.3613281265625 0.92578125 0.3642578125 0.9121093734375 0.4111328125
10 0.7519531265625 0.3955078125 0.7744140625 0.4277343734375 0.8496093734375 0.4248046875 0.8515625 0.3916015625 0.8330078125 0.3671875 0.7841796875 0.35546875 0.7558593734375 0.3740234375 0.7519531265625 0.3955078125
10 0.9208984375 0.3183593734375 0.9306640625 0.359375 0.96484375 0.3525390625 0.9599609375 0.3203125 0.9208984375 0.3183593734375
10 0.71484375 0.3251953125 0.7451171875 0.3652343734375 0.78515625 0.3486328125 0.78515625 0.2939453125 0.7705078125 0.2792968734375 0.7314453125 0.27734375 0.7167968734375 0.3056640625 0.71484375 0.3251953125
10 0.7060546875 0.3222656265625 0.7246093734375 0.2822265625 0.7167968734375 0.2587890625 0.6904296875 0.23828125 0.6582031265625 0.2548828125 0.65234375 0.3173828125 0.7060546875 0.3222656265625
10 0.5683593734375 0.2587890625 0.5703125 0.2919921875 0.6240234375 0.3144531265625 0.6582031265625 0.2822265625 0.66015625 0.2333984375 0.6376953125 0.2128906265625 0.6064453125 0.2128906265625 0.578125 0.2255859375 0.5683593734375 0.2587890625
10 0.484375 0.1318359375 0.5019531265625 0.1611328125 0.5478515625 0.1660156265625 0.5605468734375 0.1396484375 0.5488281265625 0.0869140625 0.5087890625 0.07226562656249999 0.48828125 0.0927734375 0.484375 0.1318359375
10 0.5703125 0.1416015625 0.5703125 0.1826171875 0.5888671875 0.1972656265625 0.6533203125 0.17578125 0.6660156265625 0.1572265625 0.6621093734375 0.1279296875 0.6435546875 0.11523437343750001 0.6025390625 0.1171875 0.5703125 0.1416015625
10 0.7333984375 0.25 0.7480468734375 0.2216796875 0.7363281265625 0.1865234375 0.7060546875 0.1738281265625 0.6777343734375 0.1845703125 0.6875 0.2294921875 0.7333984375 0.25
10 0.6630859375 0.2441406265625 0.6855468734375 0.2353515625 0.6650390625 0.1816406265625 0.6298828125 0.1816406265625 0.6074218734375 0.1962890625 0.6044921875 0.2128906265625 0.6630859375 0.2441406265625
10 0.4941406265625 0.2060546875 0.4863281265625 0.2353515625 0.4990234375 0.2578125 0.5361328125 0.27734375 0.5625 0.2685546875 0.578125 0.2392578125 0.5634765625 0.1953125 0.5263671875 0.1875 0.4941406265625 0.2060546875
10 0.3984375 0.1962890625 0.3984375 0.2119140625 0.4169921875 0.22265625 0.4658203125 0.2285156265625 0.48046875 0.2119140625 0.4785156265625 0.1767578125 0.4541015625 0.1484375 0.4306640625 0.1542968734375 0.3984375 0.1962890625
10 0.484375 0.1787109375 0.4853515625 0.2207031265625 0.55859375 0.1904296875 0.5341796875 0.1660156265625 0.484375 0.1787109375
10 0.484375 0.1298828125 0.4716796875 0.08398437343750001 0.43359375 0.1181640625 0.43359375 0.1318359375 0.4619140625 0.15234375 0.484375 0.1298828125
10 0.4707031265625 0.2431640625 0.4443359375 0.22265625 0.4003906265625 0.2412109375 0.40625 0.2998046875 0.4423828125 0.3066406265625 0.4707031265625 0.2431640625
10 0.453125 0.2900390625 0.4628906265625 0.3291015625 0.4833984375 0.34765625 0.5205078125 0.34765625 0.54296875 0.3095703125 0.5332031265625 0.2783203125 0.4951171875 0.2578125 0.4716796875 0.26171875 0.453125 0.2900390625
10 0.53515625 0.3525390625 0.56640625 0.4091796875 0.6064453125 0.4042968734375 0.62109375 0.3544921875 0.60546875 0.3154296875 0.5634765625 0.2988281265625 0.53515625 0.3251953125 0.53515625 0.3525390625
10 0.6347656265625 0.3837890625 0.6728515625 0.41015625 0.7324218734375 0.3896484375 0.7363281265625 0.3486328125 0.7099609375 0.3261718734375 0.6689453125 0.3203125 0.6328125 0.3505859375 0.6347656265625 0.3837890625
10 0.6816406265625 0.4248046875 0.6777343734375 0.4599609375 0.7041015625 0.484375 0.7373046875 0.48046875 0.76953125 0.4326171875 0.7597656265625 0.4072265625 0.7392578125 0.3984375 0.7041015625 0.4042968734375 0.6816406265625 0.4248046875
10 0.7578125 0.4521484375 0.7578125 0.4814453125 0.7978515625 0.5234375 0.8251953125 0.5234375 0.8496093734375 0.5009765625 0.8535156265625 0.4658203125 0.8271484375 0.4296875 0.7900390625 0.4238281265625 0.7578125 0.4521484375
10 0.921875 0.4423828125 0.9140625 0.4189453125 0.8896484375 0.4042968734375 0.8583984375 0.4042968734375 0.8457031265625 0.4306640625 0.8564453125 0.46484375 0.921875 0.4423828125
10 0.8515625 0.5283203125 0.8779296875 0.5644531265625 0.9111328125 0.5683593734375 0.94140625 0.5478515625 0.9365234375 0.4609375 0.8759765625 0.4589843734375 0.8535156265625 0.4853515625 0.8515625 0.5283203125
10 1 0.5185546875 0.9794921875 0.50390625 0.94921875 0.5068359375 0.9375 0.5771484375 0.9990234375 0.57421875 1 0.5185546875
10 0.9003906265625 0.6240234375 0.9042968734375 0.6591796875 0.9443359375 0.68359375 0.9853515625 0.66796875 1 0.6474609375 0.9941406265625 0.6123046875 0.9736328125 0.5878906265625 0.9248046875 0.5859375 0.9003906265625 0.6240234375
10 0.8720703125 0.75 0.9501953125 0.7753906265625 0.9746093734375 0.7548828125 0.9785156265625 0.7001953125 0.9658203125 0.6855468734375 0.8896484375 0.6777343734375 0.86328125 0.7119140625 0.8720703125 0.75
10 0.8583984375 0.7128906265625 0.87890625 0.6826171875 0.875 0.6552734375 0.8525390625 0.6328125 0.8095703125 0.62890625 0.82421875 0.7080078125 0.8583984375 0.7128906265625
10 0.7431640625 0.640625 0.72265625 0.6669921875 0.7207031265625 0.7119140625 0.7353515625 0.7402343734375 0.7705078125 0.7519531265625 0.8066406265625 0.7412109375 0.8261718734375 0.6943359375 0.8134765625 0.6425781265625 0.7802734375 0.62890625 0.7431640625 0.640625
10 0.8154296875 0.78515625 0.8349609375 0.78515625 0.8652343734375 0.7470703125 0.8447265625 0.7167968734375 0.8203125 0.7177734375 0.79296875 0.7587890625 0.8154296875 0.78515625
10 0.8662109375 0.640625 0.91015625 0.6025390625 0.9042968734375 0.5771484375 0.8623046875 0.5546875 0.81640625 0.5810546875 0.8203125 0.6201171875 0.8662109375 0.640625
10 0.6875 0.6123046875 0.7197265625 0.6328125 0.8027343734375 0.6201171875 0.79296875 0.5615234375 0.7705078125 0.5390625 0.7119140625 0.5332031265625 0.6777343734375 0.5595703125 0.6875 0.6123046875
10 0.6328125 0.6533203125 0.6591796875 0.6875 0.71875 0.6748046875 0.72265625 0.6416015625 0.6748046875 0.5878906265625 0.6494140625 0.58984375 0.6328125 0.6103515625 0.6328125 0.6533203125
10 0.6884765625 0.7753906265625 0.7285156265625 0.7431640625 0.7080078125 0.6894531265625 0.6591796875 0.69140625 0.6386718734375 0.7138671875 0.6386718734375 0.7314453125 0.6884765625 0.7753906265625
10 0.4902343734375 0.6787109375 0.4941406265625 0.7158203125 0.5400390625 0.7421875 0.5712890625 0.734375 0.59375 0.7001953125 0.5878906265625 0.6572265625 0.5498046875 0.6347656265625 0.5107421875 0.64453125 0.4902343734375 0.6787109375
10 0.4296875 0.6005859375 0.4296875 0.6376953125 0.4638671875 0.6699218734375 0.4912109375 0.6640625 0.5371093734375 0.6220703125 0.5332031265625 0.5849609375 0.5009765625 0.55859375 0.4580078125 0.56640625 0.4296875 0.6005859375
10 0.3994140625 0.6484375 0.421875 0.6337890625 0.4550781265625 0.5634765625 0.3701171875 0.55859375 0.33984375 0.5810546875 0.34375 0.6337890625 0.3994140625 0.6484375
10 0.4052734375 0.7324218734375 0.4423828125 0.73046875 0.4707031265625 0.7001953125 0.4287109375 0.640625 0.3808593734375 0.6787109375 0.3808593734375 0.7021484375 0.4052734375 0.7324218734375
10 0.546875 0.6298828125 0.5927734375 0.6640625 0.6269531265625 0.6474609375 0.6347656265625 0.5947265625 0.6259765625 0.5839843734375 0.5791015625 0.5683593734375 0.546875 0.5986328125 0.546875 0.6298828125
10 0.5400390625 0.5957031265625 0.56640625 0.5712890625 0.5566406265625 0.5283203125 0.5244140625 0.5058593734375 0.4785156265625 0.5380859375 0.4794921875 0.5566406265625 0.5400390625 0.5957031265625
10 0.3457031265625 0.5224609375 0.3701171875 0.5546875 0.43359375 0.5478515625 0.4375 0.5244140625 0.4169921875 0.4785156265625 0.3681640625 0.4628906265625 0.34765625 0.4853515625 0.3457031265625 0.5224609375
10 0.42578125 0.4931640625 0.4443359375 0.5214843734375 0.4814453125 0.52734375 0.51171875 0.4990234375 0.51171875 0.4560546875 0.4736328125 0.4277343734375 0.42578125 0.4658203125 0.42578125 0.4931640625
10 0.5800781265625 0.5146484375 0.5859375 0.5576171875 0.6396484375 0.5859375 0.6708984375 0.578125 0.6933593734375 0.5361328125 0.6875 0.5087890625 0.6357421875 0.4765625 0.6064453125 0.4824218734375 0.5800781265625 0.5146484375
10 0.5234375 0.4990234375 0.5576171875 0.51953125 0.62109375 0.4716796875 0.6171875 0.4423828125 0.5908203125 0.4199218734375 0.5595703125 0.4238281265625 0.5214843734375 0.4599609375 0.5234375 0.4990234375
10 0.46875 0.3779296875 0.46875 0.4150390625 0.5029296875 0.44140625 0.5322265625 0.4433593734375 0.5625 0.4150390625 0.55859375 0.3779296875 0.5341796875 0.3535156265625 0.4931640625 0.35546875 0.46875 0.3779296875
10 0.3691406265625 0.4560546875 0.4111328125 0.4667968734375 0.4550781265625 0.4287109375 0.46484375 0.3798828125 0.4482421875 0.3613281265625 0.4150390625 0.359375 0.3613281265625 0.4150390625 0.3691406265625 0.4560546875
10 0.6738281265625 0.4755859375 0.6777343734375 0.4267578125 0.6591796875 0.4003906265625 0.6220703125 0.38671875 0.5996093734375 0.4130859375 0.6220703125 0.47265625 0.6738281265625 0.4755859375
10 0.7910156265625 0.5458984375 0.7890625 0.5107421875 0.7724609375 0.4921875 0.7451171875 0.4824218734375 0.6923828125 0.4921875 0.6982421875 0.5371093734375 0.7910156265625 0.5458984375
10 0.4628906265625 0.3564453125 0.4609375 0.3310546875 0.4404296875 0.3105468734375 0.4033203125 0.30859375 0.38671875 0.3212890625 0.3916015625 0.3671875 0.4628906265625 0.3564453125
10 0.9238281265625 0.4404296875 0.9453125 0.4970703125 0.9619140625 0.4980468734375 0.9667968734375 0.4482421875 0.9238281265625 0.4404296875
10 0.65234375 0.6904296875 0.63671875 0.6591796875 0.6035156265625 0.6708984375 0.59765625 0.6943359375 0.6337890625 0.71875 0.65234375 0.6904296875