10 0.5078125 0.6259765625 0.515625 0.5986328125 0.546875 0.5751953125 0.5494791671875 0.5595703125 0.51171875 0.533203125 0.4518229171875 0.525390625 0.4114583328125 0.5498046875 0.4010416671875 0.5947265625 0.42578125 0.62109375 0.4921875 0.6279296875 0.5078125 0.6259765625
10 0.6002604171875 0.482421875 0.6380208328125 0.4482421875 0.6640625 0.3974609375 0.6315104171875 0.3671875 0.58203125 0.3671875 0.5286458328125 0.4111328125 0.515625 0.4560546875 0.5234375 0.4736328125 0.546875 0.4853515625 0.6002604171875 0.482421875
10 0.5182291671875 0.4267578125 0.5690104171875 0.373046875 0.6041666671875 0.3603515625 0.58203125 0.33984375 0.5247395828125 0.345703125 0.4895833328125 0.3681640625 0.4765625 0.3955078125 0.484375 0.4150390625 0.5052083328125 0.4287109375 0.5182291671875 0.4267578125
10 0.7578125 0.4111328125 0.7760416671875 0.3740234375 0.7630208328125 0.3369140625 0.7278645828125 0.31640625 0.6809895828125 0.322265625 0.6588541671875 0.3388671875 0.6458333328125 0.3740234375 0.6731770828125 0.404296875 0.7122395828125 0.400390625 0.7473958328125 0.4130859375 0.7578125 0.4111328125
10 0.67578125 0.322265625 0.6419270828125 0.328125 0.625 0.3427734375 0.6171875 0.3623046875 0.6380208328125 0.3701171875 0.67578125 0.322265625
10 0.6393229171875 0.330078125 0.6640625 0.3212890625 0.6575520828125 0.310546875 0.6184895828125 0.3046875 0.5911458328125 0.3193359375 0.5885416671875 0.3427734375 0.609375 0.3583984375 0.6393229171875 0.330078125
10 0.7734375 0.2822265625 0.7760416671875 0.2373046875 0.75390625 0.21875 0.70703125 0.216796875 0.6770833328125 0.2353515625 0.6744791671875 0.2705078125 0.7096354171875 0.296875 0.734375 0.2978515625 0.7734375 0.2822265625
10 0.89453125 0.26171875 0.9036458328125001 0.2451171875 0.8958333328125001 0.2216796875 0.8450520828125001 0.193359375 0.8059895828125001 0.201171875 0.7760416671875 0.2275390625 0.7916666671875 0.2724609375 0.8307291671874999 0.2880859375 0.89453125 0.26171875
10 1 0.4970703125 0.96484375 0.4765625 0.91015625 0.4765625 0.8854166671874999 0.4873046875 0.8307291671874999 0.5380859375 0.8229166671874999 0.5810546875 0.8346354171874999 0.59375 0.9231770828125001 0.587890625 0.9739583328125001 0.6103515625 1 0.5908203125 1 0.4970703125
10 0.8489583328125001 0.5146484375 0.8919270828125001 0.482421875 0.921875 0.4736328125 0.9049479171874999 0.453125 0.8450520828125001 0.44140625 0.7942708328125 0.4677734375 0.78125 0.5224609375 0.8098958328125001 0.5654296875 0.8489583328125001 0.5146484375
10 0.95703125 0.740234375 0.9869791671874999 0.7177734375 1 0.7001953125 0.9973958328125001 0.6533203125 0.95703125 0.6015625 0.9205729171874999 0.587890625 0.8684895828125001 0.587890625 0.8125 0.6123046875 0.7942708328125 0.6416015625 0.7916666671875 0.6787109375 0.8346354171874999 0.7265625 0.9114583328125001 0.7490234375 0.95703125 0.740234375
10 0.8307291671874999 0.5966796875 0.8151041671874999 0.5751953125 0.76171875 0.552734375 0.6940104171875 0.564453125 0.6692708328125 0.6005859375 0.6822916671875 0.6396484375 0.7838541671875 0.6552734375 0.8307291671874999 0.5966796875
10 0.80859375 0.7578125 0.8229166671874999 0.7373046875 0.78515625 0.65625 0.68359375 0.640625 0.6263020828125 0.646484375 0.5911458328125 0.6650390625 0.578125 0.6943359375 0.6028645828125 0.7421875 0.7473958328125 0.7568359375 0.80859375 0.7578125
10 0.90234375 0.76171875 0.9114583328125001 0.7529296875 0.83203125 0.7265625 0.8151041671874999 0.7587890625 0.8333333328125001 0.7607421875 0.90234375 0.76171875
10 0.5768229171875 0.681640625 0.6080729171875 0.65234375 0.6614583328125 0.6357421875 0.6640625 0.6044921875 0.6393229171875 0.580078125 0.5768229171875 0.56640625 0.5208333328125 0.5927734375 0.5104166671875 0.6396484375 0.53125 0.6669921875 0.5625 0.6806640625 0.5768229171875 0.681640625
10 0.69921875 0.560546875 0.7708333328125 0.5498046875 0.7395833328125 0.4775390625 0.7044270828125 0.458984375 0.65234375 0.4609375 0.6276041671875 0.4833984375 0.6276041671875 0.5458984375 0.6380208328125 0.5712890625 0.6614583328125 0.5888671875 0.69921875 0.560546875
10 0.6354166671875 0.5693359375 0.6276041671875 0.4833984375 0.57421875 0.48828125 0.5442708328125 0.5029296875 0.5286458328125 0.5400390625 0.55859375 0.568359375 0.6223958328125 0.5751953125 0.6354166671875 0.5693359375
10 0.5390625 0.5048828125 0.5143229171875 0.490234375 0.4778645828125 0.494140625 0.4322916671875 0.5283203125 0.4700520828125 0.5234375 0.5182291671875 0.5361328125 0.5390625 0.5048828125
10 0.546875 0.4873046875 0.5169270828125 0.470703125 0.5 0.4873046875 0.5338541671875 0.4990234375 0.546875 0.4873046875
10 0.4830729171875 0.484375 0.5052083328125 0.4716796875 0.5104166671875 0.4345703125 0.484375 0.4169921875 0.4752604171875 0.392578125 0.44140625 0.388671875 0.4036458328125 0.4130859375 0.3932291671875 0.4462890625 0.40234375 0.4609375 0.42578125 0.4609375 0.4661458328125 0.4833984375 0.4830729171875 0.484375
10 0.41015625 0.548828125 0.4635416671875 0.5009765625 0.4583333328125 0.4833984375 0.4309895828125 0.462890625 0.3893229171875 0.462890625 0.3541666671875 0.4892578125 0.3776041671875 0.5126953125 0.3828125 0.5498046875 0.41015625 0.548828125
10 0.3671875 0.5830078125 0.3802083328125 0.5205078125 0.3424479171875 0.484375 0.2981770828125 0.490234375 0.2682291671875 0.5205078125 0.2578125 0.5810546875 0.2838541671875 0.6064453125 0.3671875 0.5830078125
10 0.3697916671875 0.6923828125 0.3854166671875 0.6494140625 0.4192708328125 0.6240234375 0.39453125 0.5859375 0.3111979171875 0.595703125 0.2682291671875 0.6298828125 0.2682291671875 0.6533203125 0.296875 0.6806640625 0.3138020828125 0.69140625 0.3463541671875 0.6943359375 0.3697916671875 0.6923828125
10 0.5260416671875 0.7216796875 0.5338541671875 0.6728515625 0.4934895828125 0.62890625 0.4283854171875 0.62109375 0.3958333328125 0.6396484375 0.375 0.6669921875 0.3776041671875 0.7177734375 0.4765625 0.7294921875 0.5260416671875 0.7216796875
10 0.5963541671875 0.7373046875 0.5755208328125 0.6845703125 0.56640625 0.68359375 0.5286458328125 0.7333984375 0.5703125 0.7412109375 0.5963541671875 0.7373046875
10 0.37109375 0.71875 0.3723958328125 0.7001953125 0.3138020828125 0.69140625 0.28515625 0.671875 0.2760416671875 0.7021484375 0.3385416671875 0.7177734375 0.37109375 0.71875
10 0.22786458281250002 0.58203125 0.2552083328125 0.5595703125 0.2682291671875 0.5166015625 0.23567708281250002 0.498046875 0.1809895828125 0.51171875 0.1484375 0.5419921875 0.1510416671875 0.5693359375 0.1953125 0.5869140625 0.22786458281250002 0.58203125
10 0.23697916718749998 0.4951171875 0.2265625 0.4658203125 0.20182291718749998 0.4453125 0.17578125 0.44140625 0.1458333328125 0.4599609375 0.140625 0.4833984375 0.1588541671875 0.5166015625 0.23697916718749998 0.4951171875
10 0.3072916671875 0.4521484375 0.3098958328125 0.4208984375 0.29296875 0.40625 0.23828125 0.400390625 0.20572916718749998 0.4169921875 0.20572916718749998 0.4462890625 0.23697916718749998 0.4638671875 0.3072916671875 0.4521484375
10 0.3450520828125 0.482421875 0.3854166671875 0.4443359375 0.37109375 0.416015625 0.3346354171875 0.41015625 0.3125 0.4208984375 0.3177083328125 0.4814453125 0.3450520828125 0.482421875
10 0.3098958328125 0.4853515625 0.2799479171875 0.462890625 0.23697916718749998 0.4755859375 0.23958333281250002 0.4951171875 0.2682291671875 0.5126953125 0.3098958328125 0.4853515625
10 0.421875 0.3955078125 0.4075520828125 0.38671875 0.37890625 0.388671875 0.359375 0.4091796875 0.3880208328125 0.4345703125 0.421875 0.3955078125
10 0.35546875 0.408203125 0.3854166671875 0.3837890625 0.3658854171875 0.353515625 0.3346354171875 0.349609375 0.2838541671875 0.3662109375 0.2838541671875 0.3955078125 0.3098958328125 0.4111328125 0.35546875 0.408203125
10 0.4140625 0.3662109375 0.4244791671875 0.3388671875 0.3971354171875 0.3203125 0.3502604171875 0.310546875 0.3307291671875 0.3232421875 0.328125 0.3466796875 0.36328125 0.3515625 0.3880208328125 0.3740234375 0.4140625 0.3662109375
10 0.44140625 0.388671875 0.4661458328125 0.3583984375 0.4309895828125 0.353515625 0.4010416671875 0.3798828125 0.4166666671875 0.3935546875 0.44140625 0.388671875
10 0.5026041671875 0.3349609375 0.5026041671875 0.3232421875 0.4856770828125 0.314453125 0.4518229171875 0.314453125 0.4244791671875 0.3310546875 0.43359375 0.3515625 0.4661458328125 0.3583984375 0.5026041671875 0.3349609375
10 0.328125 0.3466796875 0.32421875 0.330078125 0.2825520828125 0.326171875 0.265625 0.3330078125 0.2578125 0.3603515625 0.2708333328125 0.3720703125 0.328125 0.3466796875
10 0.23828125 0.400390625 0.26953125 0.400390625 0.265625 0.3740234375 0.23307291718749998 0.359375 0.18359375 0.37109375 0.171875 0.3916015625 0.1927083328125 0.4189453125 0.23828125 0.400390625
10 0.1419270828125 0.515625 0.1484375 0.5068359375 0.1380208328125 0.4716796875 0.1158854171875 0.4609375 0.08723958281250001 0.4609375 0.06770833281250001 0.4775390625 0.06770833281250001 0.5009765625 0.09375 0.5205078125 0.1419270828125 0.515625
10 0.1484375 0.5693359375 0.1458333328125 0.5478515625 0.16015625 0.51953125 0.1184895828125 0.517578125 0.08854166718749999 0.5341796875 0.08333333281250001 0.5537109375 0.1041666671875 0.5771484375 0.1484375 0.5693359375
10 0.1015625 0.5791015625 0.08333333281250001 0.5537109375 0.09375 0.5283203125 0.06901041718749999 0.525390625 0.0416666671875 0.5478515625 0.0416666671875 0.5673828125 0.09114583281250001 0.5810546875 0.1015625 0.5791015625
10 0.14453125 0.65625 0.1953125 0.6123046875 0.1927083328125 0.5908203125 0.16796875 0.576171875 0.1236979171875 0.572265625 0.07291666718749999 0.6064453125 0.0625 0.6494140625 0.09114583281250001 0.6708984375 0.14453125 0.65625
10 0.0703125 0.6650390625 0.0625 0.6220703125 0.09375 0.5869140625 0.07942708281250001 0.578125 0.04296875 0.578125 0.0078125 0.6025390625 0.0052083328125 0.6689453125 0.0260416671875 0.6728515625 0.0703125 0.6650390625
10 0.5846354171875 0.32421875 0.609375 0.3056640625 0.609375 0.2802734375 0.5794270828125 0.265625 0.5299479171875 0.26953125 0.5026041671875 0.2978515625 0.5182291671875 0.3232421875 0.5846354171875 0.32421875
10 0.5325520828125 0.34375 0.58203125 0.33984375 0.5833333328125 0.3330078125 0.56640625 0.3203125 0.5299479171875 0.322265625 0.5 0.3427734375 0.4947916671875 0.3603515625 0.5325520828125 0.34375
10 0.6744791671875 0.2744140625 0.6770833328125 0.2373046875 0.6940104171875 0.21875 0.66015625 0.22265625 0.6432291671875 0.2392578125 0.640625 0.2685546875 0.6536458328125 0.2802734375 0.6744791671875 0.2744140625
10 0.7057291671875 0.2998046875 0.6809895828125 0.27734375 0.6588541671875 0.2919921875 0.6692708328125 0.3154296875 0.7057291671875 0.2998046875
10 0.6497395828125 0.306640625 0.6588541671875 0.2958984375 0.64453125 0.27734375 0.6145833328125 0.2841796875 0.6171875 0.3037109375 0.6354166671875 0.3056640625 0.6497395828125 0.306640625
10 0.7447916671875 0.3037109375 0.7252604171875 0.296875 0.6744791671875 0.3154296875 0.6783854171875 0.322265625 0.7278645828125 0.31640625 0.7473958328125 0.3232421875 0.7447916671875 0.3037109375
10 0.78125 0.4912109375 0.7864583328125 0.4755859375 0.7838541671875 0.4521484375 0.765625 0.4287109375 0.7200520828125 0.40234375 0.6731770828125 0.408203125 0.6432291671875 0.4365234375 0.640625 0.4599609375 0.70703125 0.458984375 0.73046875 0.466796875 0.7578125 0.5068359375 0.78125 0.4912109375
10 0.83984375 0.44140625 0.8828125 0.4404296875 0.9036458328125001 0.3994140625 0.8736979171874999 0.361328125 0.8111979171874999 0.361328125 0.765625 0.3896484375 0.7604166671875 0.4228515625 0.796875 0.4560546875 0.83984375 0.44140625
10 1 0.3916015625 0.9388020828125001 0.384765625 0.90625 0.4052734375 0.8880208328125001 0.4443359375 0.9283854171874999 0.47265625 0.9700520828125001 0.4765625 0.9895833328125001 0.4892578125 1 0.4873046875 1 0.3916015625
10 0.9934895828125001 0.361328125 0.9466145828125001 0.35546875 0.9296875 0.3623046875 0.9361979171874999 0.384765625 0.9973958328125001 0.3896484375 0.9934895828125001 0.361328125
10 0.9322916671874999 0.3857421875 0.9244791671874999 0.3466796875 0.90234375 0.330078125 0.86328125 0.330078125 0.8359375 0.3466796875 0.8359375 0.3564453125 0.8736979171874999 0.361328125 0.90625 0.4013671875 0.9322916671874999 0.3857421875
10 0.8736979171874999 0.328125 0.9205729171874999 0.33984375 0.9322916671874999 0.2822265625 0.8971354171874999 0.263671875 0.8580729171874999 0.27734375 0.8333333328125001 0.3095703125 0.8359375 0.3427734375 0.8736979171874999 0.328125
10 0.8268229171874999 0.357421875 0.8307291671874999 0.3486328125 0.79296875 0.33203125 0.7747395828125 0.3359375 0.7760416671875 0.3740234375 0.8268229171874999 0.357421875
10 0.7724603109375 0.345380771875 0.7914253125 0.3275536125 0.8327466812500001 0.3472751765625 0.8361767953125 0.29630820625 0.8008465859375 0.2821340046875 0.7547635453125 0.322176459375 0.7724603109375 0.345380771875
10 1 0.2802734375 0.9934895828125001 0.275390625 0.9856770828125001 0.275390625 0.9830729171874999 0.2734375 0.95703125 0.2734375 0.9518229171874999 0.275390625 0.9427083328125001 0.2822265625 0.9348958328125001 0.2939453125 0.9322916671874999 0.3076171875 0.9296875 0.3095703125 0.9296875 0.3349609375 0.9348958328125001 0.3447265625 0.9544270828125001 0.35546875 0.96875 0.3564453125 0.99609375 0.357421875 1 0.3544921875 1 0.2802734375
10 1 0.2763671875 0.9986979171874999 0.21875 0.9856770828125001 0.220703125 0.984375 0.2236328125 0.9765625 0.2275390625 0.9765625 0.2294921875 0.9609375 0.2412109375 0.9557291671874999 0.2490234375 0.9557291671874999 0.2529296875 0.9505208328125001 0.2587890625 0.9505208328125001 0.2646484375 0.9479166671874999 0.2666015625 0.94921875 0.275390625 0.9544270828125001 0.275390625 0.95703125 0.2734375 0.98046875 0.2734375 0.9830729171874999 0.275390625 0.9921875 0.2763671875 1 0.2763671875
10 0.9361979171874999 0.283203125 0.9427083328125001 0.2783203125 0.9427083328125001 0.2744140625 0.9453125 0.2724609375 0.9453125 0.2666015625 0.953125 0.2529296875 0.953125 0.2470703125 0.9557291671874999 0.2451171875 0.953125 0.2412109375 0.953125 0.2353515625 0.9361979171874999 0.224609375 0.91015625 0.22265625 0.9036458328125001 0.2255859375 0.9036458328125001 0.2529296875 0.8984375 0.2568359375 0.8984375 0.2626953125 0.90234375 0.265625 0.91015625 0.267578125 0.9322916671874999 0.2822265625 0.9361979171874999 0.283203125
10 0.96484375 0.240234375 0.9830729171874999 0.2265625 0.9856770828125001 0.2265625 0.9908854171874999 0.22265625 0.99609375 0.22265625 1 0.2197265625 0.9986979171874999 0.193359375 0.9908854171874999 0.193359375 0.9752604171874999 0.19921875 0.9401041671874999 0.2216796875 0.9401041671874999 0.2255859375 0.9479166671874999 0.2294921875 0.9557291671874999 0.2392578125 0.96484375 0.240234375
10 0.9309895828125001 0.22265625 0.9583333328125001 0.2041015625 0.9635416671874999 0.1923828125 0.9635416671874999 0.1767578125 0.9518229171874999 0.162109375 0.9388020828125001 0.158203125 0.9127604171874999 0.16015625 0.9049479171874999 0.1640625 0.89453125 0.1640625 0.8893229171874999 0.166015625 0.8645833328125001 0.1806640625 0.859375 0.1884765625 0.859375 0.1962890625 0.8984375 0.2216796875 0.9309895828125001 0.22265625
10 0.7747395828125 0.224609375 0.7981770828125 0.203125 0.8138020828125001 0.197265625 0.8203125 0.1923828125 0.8203125 0.1748046875 0.8151041671874999 0.1689453125 0.8151041671874999 0.1650390625 0.8033854171874999 0.15625 0.7903645828125 0.15234375 0.7799479171875 0.15234375 0.77734375 0.150390625 0.7565104171875 0.150390625 0.7486979171875 0.154296875 0.7265625 0.1748046875 0.7239583328125 0.1806640625 0.7239583328125 0.2138671875 0.7278645828125 0.216796875 0.7356770828125 0.216796875 0.73828125 0.21875 0.75390625 0.21875 0.765625 0.2236328125 0.7747395828125 0.224609375