10 0.0566406265625 0.1611328125 0.0927734375 0.1582031265625 0.11914062656249999 0.1376953125 0.1308593734375 0.1142578125 0.1308593734375 0.0712890625 0.0771484375 0.017578126562499997 0.0009765625 0.0058593734375 0 0.1513671875 0.0566406265625 0.1611328125
10 0.0136718734375 0.2724609375 0.0517578125 0.3027343734375 0.12109375 0.3076171875 0.1416015625 0.3027343734375 0.16796875 0.2666015625 0.1738281265625 0.2333984375 0.1621093734375 0.1962890625 0.1181640625 0.1640625 0.0244140625 0.17578125 0 0.2177734375 0.0136718734375 0.2724609375
10 0.1464843734375 0.4013671875 0.1347656265625 0.3564453125 0.0869140625 0.32421875 0.0029296875 0.3183593734375 0 0.4013671875 0.0673828125 0.4082031265625 0.11523437343750001 0.4345703125 0.1464843734375 0.4013671875
10 0.048828126562500004 0.5888671875 0.0791015625 0.5800781265625 0.10742187343750001 0.5517578125 0.1171875 0.4560546875 0.10742187343750001 0.4345703125 0.0751953125 0.4121093734375 0.0009765625 0.40234375 0 0.5888671875 0.048828126562500004 0.5888671875
10 0.1494140625 0.57421875 0.19921875 0.5791015625 0.2207031265625 0.5439453125 0.2675781265625 0.5087890625 0.2675781265625 0.4892578125 0.2021484375 0.41796875 0.1611328125 0.4140625 0.11914062656249999 0.4443359375 0.1171875 0.5439453125 0.1494140625 0.57421875
10 0.1171875 0.7138671875 0.1669921875 0.6953125 0.2470703125 0.6972656265625 0.26953125 0.6591796875 0.2119140625 0.609375 0.1318359375 0.6113281265625 0.09765625 0.6416015625 0.09765625 0.6982421875 0.1171875 0.7138671875
10 0.09765625 0.7529296875 0.08984375 0.8173828125 0.09960937343750001 0.8466796875 0.1181640625 0.8691406265625 0.1533203125 0.8847656265625 0.2285156265625 0.8876953125 0.2705078125 0.8730468734375 0.3066406265625 0.8271484375 0.3183593734375 0.7763671875 0.3125 0.7490234375 0.2822265625 0.7167968734375 0.2275390625 0.6972656265625 0.1357421875 0.70703125 0.09765625 0.7529296875
10 0.08984375 0.6279296875 0.0576171875 0.59375 0.0009765625 0.5917968734375 0 0.7275390625 0.0566406265625 0.7412109375 0.09179687343750001 0.6982421875 0.08984375 0.6279296875
10 0.06835937343750001 0.7978515625 0.0439453125 0.75 0.0009765625 0.73046875 0 0.9248046875 0.0078125 0.9248046875 0.0605468734375 0.8642578125 0.06835937343750001 0.7978515625
10 0.1972656265625 0.9990234375 0.2089843734375 0.9482421875 0.203125 0.8955078125 0.1396484375 0.8828125 0.0947265625 0.84375 0.06640625 0.8603515625 0.015625 0.9345703125 0.0126953125 1 0.1972656265625 0.9990234375
10 0.4462890625 0.8183593734375 0.5175781265625 0.8623046875 0.5527343734375 0.8349609375 0.5625 0.7763671875 0.5458984375 0.75 0.4716796875 0.76953125 0.4091796875 0.7421875 0.37109375 0.7802734375 0.3701171875 0.8066406265625 0.4462890625 0.8183593734375
10 0.3837890625 0.4765625 0.328125 0.5166015625 0.3261718734375 0.5947265625 0.3623046875 0.6308593734375 0.4140625 0.6416015625 0.4501953125 0.6074218734375 0.50390625 0.5888671875 0.5097656265625 0.5146484375 0.4775390625 0.4765625 0.4150390625 0.4707031265625 0.4052734375 0.4863281265625 0.4052734375 0.4746093734375 0.3837890625 0.4765625
10 0.4306640625 0.7558593734375 0.4863281265625 0.7685546875 0.5449218734375 0.7431640625 0.5722656265625 0.6806640625 0.5605468734375 0.6259765625 0.5029296875 0.59375 0.4365234375 0.6191406265625 0.40234375 0.6787109375 0.4140625 0.7412109375 0.4306640625 0.7558593734375
10 0.3183593734375 0.7861328125 0.328125 0.7900390625 0.3681640625 0.7753906265625 0.4042968734375 0.7373046875 0.40625 0.6513671875 0.3486328125 0.625 0.2978515625 0.6425781265625 0.2519531265625 0.6982421875 0.3066406265625 0.7373046875 0.3183593734375 0.7861328125
10 0.3642578125 0.32421875 0.3535156265625 0.3134765625 0.3603515625 0.3066406265625 0.2958984375 0.2871093734375 0.2216796875 0.30859375 0.1972656265625 0.3662109375 0.2207031265625 0.4423828125 0.2490234375 0.46484375 0.2871093734375 0.4658203125 0.3544921875 0.4433593734375 0.37890625 0.3974609375 0.37109375 0.3447265625 0.3808593734375 0.3427734375 0.3652343734375 0.3291015625 0.3798828125 0.3339843734375 0.3808593734375 0.3193359375 0.3642578125 0.32421875
10 0.2939453125 0.2792968734375 0.37109375 0.3017578125 0.4072265625 0.2910156265625 0.4472656265625 0.2568359375 0.4550781265625 0.2119140625 0.4033203125 0.15234375 0.3349609375 0.1464843734375 0.2792968734375 0.1982421875 0.2714843734375 0.2412109375 0.2939453125 0.2792968734375
10 0.4140625 0.3935546875 0.4404296875 0.4160156265625 0.4707031265625 0.4189453125 0.5371093734375 0.3759765625 0.5253906265625 0.2958984375 0.5048828125 0.26953125 0.4814453125 0.2597656265625 0.4228515625 0.28125 0.39453125 0.3193359375 0.3984375 0.3642578125 0.4140625 0.3935546875
10 0.6230468734375 0.4599609375 0.62109375 0.4326171875 0.5947265625 0.3984375 0.5322265625 0.390625 0.4667968734375 0.4345703125 0.4609375 0.4658203125 0.5253906265625 0.5126953125 0.6230468734375 0.4599609375
10 0.51171875 0.5908203125 0.5439453125 0.6074218734375 0.5771484375 0.6484375 0.6113281265625 0.6494140625 0.6494140625 0.6328125 0.7089843734375 0.5537109375 0.6953125 0.5009765625 0.6533203125 0.46875 0.5810546875 0.4765625 0.5400390625 0.50390625 0.5136718734375 0.5400390625 0.51171875 0.5908203125
10 0.5625 0.8369140625 0.6025390625 0.8984375 0.6582031265625 0.9091796875 0.6904296875 0.90234375 0.7207031265625 0.8701171875 0.73046875 0.8076171875 0.7080078125 0.7578125 0.6650390625 0.7265625 0.6240234375 0.72265625 0.5761718734375 0.7548828125 0.5625 0.8369140625
10 0.2988281265625 0.9599609375 0.2841796875 0.8652343734375 0.2128906265625 0.8955078125 0.2353515625 1 0.3203125 0.9990234375 0.3183593734375 0.9794921875 0.2988281265625 0.9599609375
10 0.3115234375 0.828125 0.29296875 0.8623046875 0.29296875 0.9228515625 0.30078125 0.9541015625 0.33203125 0.9970703125 0.4589843734375 0.9990234375 0.4902343734375 0.9833984375 0.5175781265625 0.9287109375 0.51953125 0.8974609375 0.5019531265625 0.8564453125 0.4599609375 0.8261718734375 0.4033203125 0.80859375 0.3525390625 0.8105468734375 0.3115234375 0.828125
10 0.5 0.9794921875 0.5234375 0.9951171875 0.5751953125 0.9550781265625 0.6269531265625 0.9443359375 0.6230468734375 0.9130859375 0.5654296875 0.8613281265625 0.5380859375 0.8613281265625 0.51953125 0.8779296875 0.5214843734375 0.9208984375 0.5 0.9794921875
10 0.5732421875 0.95703125 0.52734375 0.9970703125 0.703125 0.9990234375 0.6728515625 0.9667968734375 0.6201171875 0.953125 0.5732421875 0.95703125
10 0.6943359375 0.90234375 0.6347656265625 0.9169921875 0.6435546875 0.953125 0.7158203125 1 0.75390625 0.9990234375 0.81640625 0.9521484375 0.8300781265625 0.9150390625 0.82421875 0.8623046875 0.8017578125 0.83203125 0.7744140625 0.8203125 0.734375 0.8251953125 0.72265625 0.8720703125 0.6943359375 0.90234375
10 0.7207031265625 0.7666015625 0.7373046875 0.8125 0.8046875 0.8232421875 0.84375 0.7939453125 0.8505859375 0.7578125 0.7207031265625 0.7666015625
10 0.6621093734375 0.6416015625 0.65625 0.6962890625 0.6777343734375 0.7333984375 0.7099609375 0.7578125 0.796875 0.7666015625 0.8447265625 0.76171875 0.8671875 0.7353515625 0.87890625 0.7001953125 0.8730468734375 0.6474609375 0.8134765625 0.59765625 0.7783203125 0.5859375 0.7177734375 0.5917968734375 0.6621093734375 0.6416015625
10 0.65625 0.4619140625 0.6953125 0.4970703125 0.7080078125 0.5234375 0.75 0.5283203125 0.81640625 0.4814453125 0.82421875 0.4267578125 0.7988281265625 0.3603515625 0.7431640625 0.3378906265625 0.7197265625 0.34375 0.6933593734375 0.3701171875 0.6660156265625 0.4150390625 0.65625 0.4619140625
10 0.5595703125 0.2421875 0.5332031265625 0.2783203125 0.5332031265625 0.3408203125 0.5576171875 0.3828125 0.625 0.4111328125 0.6513671875 0.4042968734375 0.6933593734375 0.3662109375 0.6972656265625 0.3134765625 0.68359375 0.2783203125 0.6533203125 0.2441406265625 0.6123046875 0.2285156265625 0.5830078125 0.23046875 0.5595703125 0.2421875
10 0.3378906265625 0.6201171875 0.3222656265625 0.5908203125 0.3212890625 0.5136718734375 0.2392578125 0.5292968734375 0.2109375 0.5751953125 0.2246093734375 0.6201171875 0.28515625 0.6494140625 0.3378906265625 0.6201171875
10 0.2548828125 0.11328125 0.21484375 0.1728515625 0.23046875 0.2431640625 0.27734375 0.2607421875 0.2714843734375 0.2216796875 0.28125 0.1943359375 0.3271484375 0.1464843734375 0.3613281265625 0.1396484375 0.3427734375 0.109375 0.3095703125 0.09765625 0.2763671875 0.09960937343750001 0.2548828125 0.11328125
10 0.2167968734375 0.3134765625 0.2832031265625 0.2802734375 0.2236328125 0.2421875 0.1806640625 0.2578125 0.1503906265625 0.3076171875 0.1582031265625 0.3720703125 0.1933593734375 0.3896484375 0.2167968734375 0.3134765625
10 0.4052734375 0.46875 0.4541015625 0.4667968734375 0.4550781265625 0.4345703125 0.4326171875 0.41796875 0.3857421875 0.4199218734375 0.3359375 0.4697265625 0.3417968734375 0.4990234375 0.4052734375 0.46875
10 0.4121093734375 0.0634765625 0.3984375 0.0966796875 0.41015625 0.1552734375 0.4384765625 0.18359375 0.51953125 0.2021484375 0.5458984375 0.19140625 0.57421875 0.1611328125 0.58203125 0.1220703125 0.5722656265625 0.0947265625 0.5224609375 0.04296875 0.4755859375 0.03515625 0.4345703125 0.044921873437499996 0.4121093734375 0.0634765625
10 0.5859375 0.1884765625 0.6083984375 0.2207031265625 0.6611328125 0.24609375 0.6875 0.2451171875 0.7402343734375 0.2099609375 0.7441406265625 0.1337890625 0.7236328125 0.07617187343750001 0.7001953125 0.0605468734375 0.6513671875 0.0566406265625 0.6162109375 0.0703125 0.5859375 0.1064453125 0.5859375 0.1884765625
10 0.76953125 0.2958984375 0.7558593734375 0.2490234375 0.7314453125 0.23046875 0.6699218734375 0.2529296875 0.7109375 0.3447265625 0.7490234375 0.3339843734375 0.76953125 0.2958984375
10 0.765625 0.2255859375 0.8046875 0.1748046875 0.8046875 0.1064453125 0.7841796875 0.07226562656249999 0.7392578125 0.06640625 0.7265625 0.0771484375 0.7597656265625 0.1982421875 0.75390625 0.2255859375 0.765625 0.2255859375
10 0.73828125 0.0283203125 0.7236328125 0.0058593734375 0.64453125 0.0029296875 0.6455078125 0.0546875 0.73046875 0.0634765625 0.7402343734375 0.0556640625 0.73828125 0.0283203125
10 0.53125 0.0009765625 0.5478515625 0.0527343734375 0.60546875 0.0712890625 0.640625 0.0517578125 0.6435546875 0 0.53125 0.0009765625
10 0.3691406265625 0.1220703125 0.3886718734375 0.1123046875 0.3984375 0.0869140625 0.4042968734375 0.0419921875 0.3925781265625 0.0048828125 0.2763671875 0 0.2578125 0.0341796875 0.26953125 0.0869140625 0.3691406265625 0.1220703125
10 0.2490234375 0 0.08789062656249999 0.0009765625 0.09375 0.0205078125 0.1396484375 0.06640625 0.1816406265625 0.0712890625 0.2324218734375 0.0439453125 0.2490234375 0
10 0.2363281265625 0.1298828125 0.2714843734375 0.0986328125 0.2509765625 0.0527343734375 0.2314453125 0.0527343734375 0.1855468734375 0.0810546875 0.1855468734375 0.1357421875 0.2128906265625 0.1748046875 0.2363281265625 0.1298828125
10 0.4423828125 0 0.40625 0.0439453125 0.4082031265625 0.0693359375 0.4501953125 0.0390625 0.5292968734375 0.0400390625 0.4931640625 0 0.4423828125 0