10 0.3723958328125 0.2939453125 0.3802083328125 0.3349609375 0.4674479171875 0.37890625 0.5247395828125 0.3671875 0.5598958328125 0.3173828125 0.5221354171875 0.2734375 0.4596354171875 0.25 0.4075520828125 0.255859375 0.3723958328125 0.2939453125
10 0.6328125 0.2373046875 0.6302083328125 0.2587890625 0.66015625 0.31640625 0.7018229171875 0.32421875 0.734375 0.3076171875 0.75 0.2705078125 0.71484375 0.220703125 0.66796875 0.21484375 0.6328125 0.2373046875
10 0.6796875 0.4912109375 0.7044270828125 0.517578125 0.8229166671874999 0.5068359375 0.8333333328125001 0.4462890625 0.8111979171874999 0.4140625 0.73046875 0.400390625 0.6796875 0.4326171875 0.6796875 0.4912109375
10 0.73828125 0.5078125 0.6953125 0.5439453125 0.6901041671875 0.5791015625 0.7096354171875 0.60546875 0.80859375 0.62109375 0.8385416671874999 0.6103515625 0.8515625 0.5537109375 0.8385416671874999 0.5263671875 0.8138020828125001 0.509765625 0.73828125 0.5078125
10 0.6731770828125 0.6953125 0.76953125 0.705078125 0.84375 0.6982421875 0.8333333328125001 0.6435546875 0.7825520828125 0.609375 0.7044270828125 0.607421875 0.6640625 0.6337890625 0.6731770828125 0.6953125
10 0.4479166671875 0.6435546875 0.4518229171875 0.705078125 0.6341145828125 0.705078125 0.6614583328125 0.6943359375 0.6510416671875 0.6435546875 0.5950520828125 0.6171875 0.49609375 0.61328125 0.46484375 0.623046875 0.4479166671875 0.6435546875
10 0.2955729171875 0.591796875 0.2708333328125 0.6201171875 0.2682291671875 0.6533203125 0.29296875 0.705078125 0.4127604171875 0.70703125 0.4453125 0.6962890625 0.4401041671875 0.6337890625 0.4075520828125 0.5859375 0.3294270828125 0.578125 0.2955729171875 0.591796875
10 0.0026041671875 0.5927734375 0.006510417187500001 0.708984375 0.1705729171875 0.70703125 0.20572916718749998 0.6826171875 0.21614583281250002 0.6630859375 0.2109375 0.5966796875 0.15234375 0.556640625 0.07682291718749999 0.55078125 0.0026041671875 0.5927734375
10 0.24869791718749998 0.70703125 0.265625 0.6767578125 0.2630208328125 0.6220703125 0.23828125 0.599609375 0.20833333281250002 0.5966796875 0.1822916671875 0.7060546875 0.24869791718749998 0.70703125
10 0.1458333328125 0.4970703125 0.1184895828125 0.474609375 0.00390625 0.45703125 0.0013020828125 0.587890625 0.1432291671875 0.5498046875 0.1458333328125 0.4970703125
10 0.1497395828125 0.49609375 0.1484375 0.5517578125 0.1966145828125 0.580078125 0.23307291718749998 0.58984375 0.2890625 0.5595703125 0.2942708328125 0.5107421875 0.27734375 0.4921875 0.22005208281250002 0.482421875 0.1497395828125 0.49609375
10 0.3020833328125 0.4990234375 0.296875 0.5498046875 0.31640625 0.57421875 0.4283854171875 0.58984375 0.4609375 0.5693359375 0.4635416671875 0.5205078125 0.4205729171875 0.484375 0.35546875 0.470703125 0.3020833328125 0.4990234375
10 0.4986979171875 0.5234375 0.484375 0.5400390625 0.4817708328125 0.5830078125 0.5091145828125 0.609375 0.6419270828125 0.630859375 0.6796875 0.6005859375 0.6770833328125 0.5615234375 0.6002604171875 0.5078125 0.5403645828125 0.5078125 0.4986979171875 0.5234375
10 0.3411458328125 0.3798828125 0.3359375 0.3974609375 0.3919270828125 0.447265625 0.43359375 0.44921875 0.5234375 0.4130859375 0.50390625 0.37890625 0.41015625 0.359375 0.3763020828125 0.361328125 0.3411458328125 0.3798828125
10 0.4557291671875 0.4326171875 0.4296875 0.4638671875 0.4375 0.4951171875 0.46484375 0.515625 0.4934895828125 0.51953125 0.5703125 0.4931640625 0.5833333328125 0.4501953125 0.5455729171875 0.41796875 0.48828125 0.416015625 0.4557291671875 0.4326171875
10 0.1822916671875 0.4013671875 0.1822916671875 0.4306640625 0.2109375 0.4658203125 0.29296875 0.5 0.3671875 0.4560546875 0.3567708328125 0.4208984375 0.2747395828125 0.37109375 0.21223958281250002 0.376953125 0.1822916671875 0.4013671875
10 0.0026041671875 0.4365234375 0.00390625 0.455078125 0.1471354171875 0.494140625 0.20052083281250002 0.4833984375 0.203125 0.4638671875 0.1822916671875 0.4365234375 0.10546875 0.404296875 0.04296875 0.40234375 0.0026041671875 0.4365234375
10 0.23307291718749998 0.369140625 0.32421875 0.384765625 0.3723958328125 0.3583984375 0.3619791671875 0.3115234375 0.3216145828125 0.283203125 0.26171875 0.28125 0.22135416718749998 0.3134765625 0.23307291718749998 0.369140625
10 0 0.1767578125 0.04296875 0.205078125 0.08984375 0.208984375 0.1328125 0.1728515625 0.1276041671875 0.1337890625 0.06380208281250001 0.078125 0.0013020828125 0.068359375 0 0.1767578125
10 0.20833333281250002 0.1904296875 0.20572916718749998 0.2451171875 0.23828125 0.28515625 0.3255208328125 0.2724609375 0.3359375 0.2333984375 0.3033854171875 0.1640625 0.2513020828125 0.154296875 0.21614583281250002 0.1728515625 0.20833333281250002 0.1904296875
10 0.19921875 0.251953125 0.21354166718749998 0.1748046875 0.1861979171875 0.1640625 0.1471354171875 0.166015625 0.1041666671875 0.2060546875 0.1471354171875 0.25390625 0.19921875 0.251953125
10 0.3854166671875 0.1865234375 0.3580729171875 0.169921875 0.3190104171875 0.169921875 0.3359375 0.2431640625 0.38671875 0.23828125 0.3854166671875 0.1865234375
10 0.3984375 0.2353515625 0.4283854171875 0.248046875 0.48022564375 0.21074282187499999 0.5 0.1787109375 0.48046875 0.166015625 0.4544270828125 0.166015625 0.4036458328125 0.1943359375 0.3984375 0.2353515625
10 0.5872395828125 0.337890625 0.6158854171875 0.3359375 0.6458333328125 0.3056640625 0.640625 0.2705078125 0.5989583328125 0.2412109375 0.5625 0.2958984375 0.5872395828125 0.337890625
10 0.4583333328125 0.2470703125 0.55078125 0.29296875 0.5716145828125 0.287109375 0.5989583328125 0.2451171875 0.5911458328125 0.2177734375 0.51171875 0.181640625 0.4583333328125 0.2001953125 0.4583333328125 0.2470703125
10 0.4140625 0.2490234375 0.3658854171875 0.240234375 0.3333333328125 0.2548828125 0.3229166671875 0.2822265625 0.3658854171875 0.310546875 0.4140625 0.2490234375
10 0.5169270828125 0.38671875 0.55078125 0.37890625 0.5755208328125 0.3486328125 0.5729166671875 0.3232421875 0.5520833328125 0.3037109375 0.5052083328125 0.3759765625 0.5169270828125 0.38671875
10 0.1171875 0.3271484375 0.1705729171875 0.37109375 0.20963541718749998 0.373046875 0.22135416718749998 0.3642578125 0.234375 0.2861328125 0.1966145828125 0.25390625 0.1458333328125 0.2587890625 0.1171875 0.3271484375
10 0.09244791718749999 0.31640625 0.1328125 0.3017578125 0.1432291671875 0.2548828125 0.10546875 0.216796875 0.00390625 0.2109375 0.00390625 0.322265625 0.09244791718749999 0.31640625
10 0.0026041671875 0.3310546875 0 0.3935546875 0.01171875 0.404296875 0.1393229171875 0.41015625 0.15625 0.3974609375 0.1614583328125 0.3642578125 0.1158854171875 0.330078125 0.03515625 0.3203125 0.0026041671875 0.3310546875