10 0.3417968734375 0.3349609375 0.3808593734375 0.2978515625 0.39453125 0.2451171875 0.3662109375 0.2050781265625 0.3232421875 0.1894531265625 0.26953125 0.2275390625 0.25390625 0.2822265625 0.2841796875 0.3359375 0.3417968734375 0.3349609375
10 0.2167968734375 0.2587890625 0.2714843734375 0.2158203125 0.2753906265625 0.1611328125 0.2470703125 0.1308593734375 0.1865234375 0.1269531265625 0.16015625 0.1416015625 0.1386718734375 0.2041015625 0.1630859375 0.24609375 0.2167968734375 0.2587890625
10 0.1943359375 0.4765625 0.23828125 0.4853515625 0.2900390625 0.46875 0.3046875 0.4189453125 0.2890625 0.3740234375 0.2509765625 0.3359375 0.2021484375 0.33203125 0.1621093734375 0.3720703125 0.1660156265625 0.4404296875 0.1943359375 0.4765625
10 0.12109375 0.4345703125 0.16015625 0.4208984375 0.16015625 0.3759765625 0.1777343734375 0.3427734375 0.1552734375 0.3261718734375 0.1025390625 0.33203125 0.07617187343750001 0.3662109375 0.08203125 0.4072265625 0.12109375 0.4345703125
10 0 0.3759765625 0.048828126562500004 0.3837890625 0.0673828125 0.37890625 0.08203125 0.3486328125 0.125 0.3212890625 0.10351562656249999 0.2763671875 0.0615234375 0.25390625 0 0.2744140625 0 0.3759765625
10 0.09960937343750001 0.4521484375 0.0732421875 0.4160156265625 0.0009765625 0.3964843734375 0 0.5126953125 0.01953125 0.5126953125 0.0771484375 0.5078125 0.09960937343750001 0.4521484375
10 0.1015625 0.5244140625 0.1416015625 0.5703125 0.1777343734375 0.5712890625 0.2265625 0.5244140625 0.23046875 0.5009765625 0.17578125 0.4638671875 0.1591796875 0.42578125 0.1455078125 0.42578125 0.1015625 0.4560546875 0.09375 0.4970703125 0.1015625 0.5244140625
10 0.06445312656249999 0.6357421875 0.1328125 0.6103515625 0.12890625 0.5576171875 0.1005859375 0.5292968734375 0.0615234375 0.5136718734375 0.0009765625 0.51953125 0 0.6064453125 0.0224609375 0.6269531265625 0.06445312656249999 0.6357421875
10 0.2011718734375 0.7353515625 0.2558593734375 0.7099609375 0.265625 0.6630859375 0.2353515625 0.61328125 0.1611328125 0.5996093734375 0.1171875 0.6318359375 0.11523437343750001 0.6787109375 0.1533203125 0.7265625 0.2011718734375 0.7353515625
10 0.046875 0.7626953125 0.0859375 0.7705078125 0.1337890625 0.7597656265625 0.1503906265625 0.7373046875 0.1171875 0.6904296875 0.1162109375 0.6269531265625 0.0595703125 0.6425781265625 0.0136718734375 0.6943359375 0.0136718734375 0.7158203125 0.046875 0.7626953125
10 0.078125 0.9169921875 0.1279296875 0.89453125 0.1542968734375 0.8642578125 0.1298828125 0.7714843734375 0.0751953125 0.7734375 0.046875 0.7880859375 0.021484373437500003 0.8720703125 0.0498046875 0.9121093734375 0.078125 0.9169921875
10 0.21484375 0.8603515625 0.2597656265625 0.8271484375 0.2636718734375 0.7587890625 0.2373046875 0.7265625 0.1611328125 0.734375 0.1386718734375 0.7763671875 0.1484375 0.8271484375 0.1708984375 0.85546875 0.21484375 0.8603515625
10 0.31640625 0.7880859375 0.3652343734375 0.7568359375 0.3671875 0.7158203125 0.3056640625 0.65234375 0.2705078125 0.65234375 0.2636718734375 0.6962890625 0.24609375 0.7255859375 0.2763671875 0.7832031265625 0.31640625 0.7880859375
10 0.4277343734375 0.7119140625 0.4785156265625 0.6787109375 0.4589843734375 0.6220703125 0.4228515625 0.59765625 0.3544921875 0.61328125 0.33203125 0.6552734375 0.34375 0.6923828125 0.3740234375 0.7109375 0.4277343734375 0.7119140625
10 0.4589843734375 0.8310546875 0.5009765625 0.8125 0.5371093734375 0.7724609375 0.5253906265625 0.7177734375 0.4912109375 0.69140625 0.4111328125 0.7167968734375 0.3808593734375 0.7568359375 0.4072265625 0.82421875 0.4589843734375 0.8310546875
10 0.5859375 0.7763671875 0.6347656265625 0.7548828125 0.6425781265625 0.7080078125 0.6005859375 0.64453125 0.5478515625 0.6308593734375 0.5175781265625 0.6552734375 0.51171875 0.6923828125 0.5527343734375 0.7646484375 0.5859375 0.7763671875
10 0.6875 0.7138671875 0.7314453125 0.7011718734375 0.75 0.6767578125 0.74609375 0.6318359375 0.7158203125 0.6113281265625 0.6748046875 0.61328125 0.6230468734375 0.6572265625 0.6572265625 0.7128906265625 0.6875 0.7138671875
10 0.50390625 0.6884765625 0.515625 0.6552734375 0.5527343734375 0.6201171875 0.5244140625 0.5527343734375 0.4658203125 0.57421875 0.4375 0.5986328125 0.4765625 0.6533203125 0.4785156265625 0.6845703125 0.50390625 0.6884765625
10 0.6230468734375 0.6474609375 0.6660156265625 0.6240234375 0.671875 0.5732421875 0.6318359375 0.5175781265625 0.5810546875 0.5097656265625 0.5449218734375 0.5322265625 0.5371093734375 0.5791015625 0.5673828125 0.6269531265625 0.6230468734375 0.6474609375
10 0.4785156265625 0.5693359375 0.5234375 0.5380859375 0.5253906265625 0.4931640625 0.5009765625 0.4589843734375 0.4501953125 0.4550781265625 0.4199218734375 0.4892578125 0.41796875 0.5263671875 0.4423828125 0.5605468734375 0.4785156265625 0.5693359375
10 0.4355468734375 0.5693359375 0.4111328125 0.52734375 0.3642578125 0.5175781265625 0.328125 0.5400390625 0.3535156265625 0.6123046875 0.43359375 0.5966796875 0.4355468734375 0.5693359375
10 0.2373046875 0.61328125 0.2646484375 0.6464843734375 0.2910156265625 0.6474609375 0.3417968734375 0.6201171875 0.3457031265625 0.5869140625 0.3339843734375 0.5634765625 0.2841796875 0.5214843734375 0.2099609375 0.53515625 0.19140625 0.5595703125 0.1933593734375 0.5927734375 0.2373046875 0.61328125
10 0.48046875 0.4521484375 0.50390625 0.4384765625 0.5058593734375 0.3759765625 0.4560546875 0.3457031265625 0.4033203125 0.3515625 0.3808593734375 0.3779296875 0.38671875 0.4169921875 0.4326171875 0.4511718734375 0.48046875 0.4521484375
10 0.4091796875 0.5097656265625 0.4296875 0.4638671875 0.4267578125 0.4511718734375 0.3759765625 0.4160156265625 0.328125 0.4580078125 0.33984375 0.5146484375 0.3574218734375 0.5185546875 0.4091796875 0.5097656265625
10 0.3222656265625 0.4501953125 0.3613281265625 0.4150390625 0.3613281265625 0.3701171875 0.3330078125 0.3378906265625 0.2802734375 0.3378906265625 0.2675781265625 0.3505859375 0.29296875 0.3798828125 0.3046875 0.4404296875 0.3222656265625 0.4501953125
10 0.3222656265625 0.5419921875 0.3378906265625 0.5205078125 0.3378906265625 0.4892578125 0.3095703125 0.4472656265625 0.2939453125 0.46875 0.2363281265625 0.4892578125 0.2353515625 0.5234375 0.2861328125 0.5214843734375 0.3222656265625 0.5419921875
10 0.578125 0.3994140625 0.61328125 0.3662109375 0.6152343734375 0.3193359375 0.5615234375 0.2753906265625 0.5205078125 0.2734375 0.4863281265625 0.3154296875 0.4902343734375 0.3505859375 0.5322265625 0.390625 0.578125 0.3994140625
10 0.5800781265625 0.4580078125 0.5839843734375 0.4189453125 0.5751953125 0.4042968734375 0.5205078125 0.390625 0.49609375 0.4521484375 0.5263671875 0.4863281265625 0.5410156265625 0.4853515625 0.5800781265625 0.4580078125
10 0.5537109375 0.5234375 0.59375 0.5068359375 0.5791015625 0.4902343734375 0.5498046875 0.4824218734375 0.52734375 0.4912109375 0.5234375 0.5419921875 0.5332031265625 0.5517578125 0.5537109375 0.5234375
10 0.03125 0.7392578125 0.0009765625 0.7128906265625 0.00390625 0.8720703125 0.041015626562500004 0.8212890625 0.046875 0.7802734375 0.03125 0.7392578125
10 0.25390625 0.3310546875 0.25390625 0.3017578125 0.2294921875 0.265625 0.1748046875 0.2558593734375 0.1621093734375 0.2685546875 0.1484375 0.3115234375 0.18359375 0.3388671875 0.25390625 0.3310546875
10 0.0986328125 0.265625 0.1503906265625 0.2724609375 0.16796875 0.2529296875 0.14453125 0.2236328125 0.1386718734375 0.1845703125 0.1582031265625 0.1435546875 0.1181640625 0.1386718734375 0.0859375 0.1728515625 0.07226562656249999 0.2255859375 0.0986328125 0.265625
10 0.07617187343750001 0.1416015625 0.0517578125 0.109375 0.0009765625 0.10742187343750001 0 0.2373046875 0.0390625 0.2451171875 0.06835937343750001 0.2255859375 0.07617187343750001 0.1416015625
10 0.3984375 0.3525390625 0.4560546875 0.34375 0.4785156265625 0.3173828125 0.484375 0.2685546875 0.4599609375 0.2441406265625 0.4345703125 0.23828125 0.3964843734375 0.2568359375 0.3691406265625 0.3349609375 0.3984375 0.3525390625
10 0.3417968734375 0.1884765625 0.3798828125 0.16796875 0.38671875 0.1513671875 0.37890625 0.1162109375 0.3505859375 0.09765625 0.3115234375 0.10742187343750001 0.2792968734375 0.1416015625 0.3232421875 0.1855468734375 0.3417968734375 0.1884765625
10 0.2871093734375 0.1103515625 0.2412109375 0.06835937343750001 0.1884765625 0.07617187343750001 0.1542968734375 0.1181640625 0.1591796875 0.13671875 0.2294921875 0.125 0.2734375 0.1455078125 0.2871093734375 0.1103515625
10 0.2792968734375 0.2138671875 0.3203125 0.1865234375 0.2841796875 0.15234375 0.2734375 0.1533203125 0.2792968734375 0.2138671875
10 0.44140625 0.2021484375 0.3974609375 0.16796875 0.3544921875 0.1796875 0.3457031265625 0.1904296875 0.4042968734375 0.2470703125 0.4472656265625 0.2275390625 0.44140625 0.2021484375
10 0.5214843734375 0.2705078125 0.5136718734375 0.2451171875 0.4970703125 0.2285156265625 0.4521484375 0.2265625 0.4453125 0.2373046875 0.4824218734375 0.2646484375 0.4902343734375 0.3017578125 0.5214843734375 0.2705078125
10 0.4375 0.1533203125 0.4609375 0.1318359375 0.4628906265625 0.0712890625 0.4365234375 0.037109373437499996 0.3896484375 0.03125 0.3769531265625 0.0400390625 0.3691406265625 0.1025390625 0.3955078125 0.14453125 0.4375 0.1533203125
10 0.2646484375 0 0.24609375 0.0302734375 0.2480468734375 0.0673828125 0.2900390625 0.10351562656249999 0.30859375 0.1064453125 0.3505859375 0.09375 0.37109375 0.0673828125 0.3730468734375 0.0361328125 0.3525390625 0 0.2646484375 0
10 0.13671875 0.1201171875 0.1640625 0.0908203125 0.1640625 0.0419921875 0.1337890625 0.009765626562500001 0.0732421875 0.00390625 0.078125 0.0595703125 0.0625 0.0966796875 0.1064453125 0.12109375 0.13671875 0.1201171875
10 0 0.1044921875 0.009765626562500001 0.1044921875 0.0400390625 0.1015625 0.07226562656249999 0.0712890625 0.07617187343750001 0.0341796875 0.0595703125 0 0 0.0009765625 0 0.1044921875
10 0.1796875 0.0478515625 0.1972656265625 0.0322265625 0.2021484375 0 0.125 0.0009765625 0.1796875 0.0478515625
10 0.58984375 0.1279296875 0.5839843734375 0.0830078125 0.5712890625 0.07421875 0.5302734375 0.08007812656249999 0.515625 0.1025390625 0.51953125 0.1201171875 0.5722656265625 0.1455078125 0.58984375 0.1279296875
10 0.37890625 0.0341796875 0.4042968734375 0.0244140625 0.4033203125 0 0.3535156265625 0.0009765625 0.37890625 0.0341796875
10 0.578125 0.2333984375 0.5927734375 0.2128906265625 0.62890625 0.1943359375 0.6269531265625 0.1572265625 0.6083984375 0.1386718734375 0.5830078125 0.1386718734375 0.5683593734375 0.1552734375 0.5605468734375 0.2080078125 0.578125 0.2333984375
10 0.6347656265625 0.2998046875 0.6699218734375 0.2724609375 0.6738281265625 0.2470703125 0.6455078125 0.2050781265625 0.6201171875 0.2011718734375 0.5878906265625 0.2197265625 0.58203125 0.2568359375 0.6005859375 0.296875 0.6347656265625 0.2998046875
10 0.77734375 0.2919921875 0.7734375 0.2646484375 0.7529296875 0.25 0.7197265625 0.2558593734375 0.7011718734375 0.2841796875 0.7011718734375 0.3134765625 0.7363281265625 0.3271484375 0.77734375 0.2919921875
10 0.7578125 0.3798828125 0.7880859375 0.3574218734375 0.828125 0.3486328125 0.828125 0.3212890625 0.8056640625 0.296875 0.7685546875 0.30078125 0.7402343734375 0.3251953125 0.734375 0.3603515625 0.7578125 0.3798828125
10 0.78515625 0.4443359375 0.8291015625 0.4296875 0.8378906265625 0.4130859375 0.84375 0.3779296875 0.8193359375 0.35546875 0.7822265625 0.3613281265625 0.75390625 0.3974609375 0.7558593734375 0.4345703125 0.78515625 0.4443359375
10 0.8261718734375 0.5166015625 0.8613281265625 0.4873046875 0.86328125 0.4638671875 0.8388671875 0.4355468734375 0.8134765625 0.43359375 0.7783203125 0.44921875 0.765625 0.4677734375 0.7861328125 0.515625 0.8261718734375 0.5166015625
10 0.8847656265625 0.6279296875 0.9394531265625 0.5908203125 0.9355468734375 0.5498046875 0.9150390625 0.5292968734375 0.8701171875 0.53125 0.828125 0.5693359375 0.83203125 0.6103515625 0.8583984375 0.6269531265625 0.8847656265625 0.6279296875
10 0.8232421875 0.51953125 0.7841796875 0.5175781265625 0.74609375 0.5478515625 0.7509765625 0.5839843734375 0.8203125 0.5908203125 0.83984375 0.5498046875 0.8232421875 0.51953125
10 0.8740234375 0.5292968734375 0.9111328125 0.5292968734375 0.9140625 0.5068359375 0.8974609375 0.48828125 0.8642578125 0.4863281265625 0.8339843734375 0.5166015625 0.84765625 0.5439453125 0.8740234375 0.5292968734375
10 0.7558593734375 0.6728515625 0.78125 0.6806640625 0.8261718734375 0.6630859375 0.83203125 0.6220703125 0.8095703125 0.5878906265625 0.7646484375 0.58203125 0.7392578125 0.5957031265625 0.73046875 0.6142578125 0.7519531265625 0.6416015625 0.7558593734375 0.6728515625
10 0.7792968734375 0.5185546875 0.77734375 0.4814453125 0.7294921875 0.4472656265625 0.6845703125 0.4511718734375 0.6855468734375 0.5107421875 0.7119140625 0.5371093734375 0.7402343734375 0.5439453125 0.7792968734375 0.5185546875
10 0.7158203125 0.37109375 0.6787109375 0.3769531265625 0.65234375 0.4091796875 0.6767578125 0.4511718734375 0.7441406265625 0.4501953125 0.75 0.4052734375 0.7158203125 0.37109375
10 0.6708984375 0.3671875 0.6796875 0.3505859375 0.6796875 0.3095703125 0.6591796875 0.28515625 0.6416015625 0.30078125 0.6074218734375 0.3037109375 0.6386718734375 0.3818359375 0.6708984375 0.3671875
10 0.6884765625 0.32421875 0.6777343734375 0.3720703125 0.7363281265625 0.3798828125 0.7324218734375 0.3310546875 0.7119140625 0.3203125 0.6884765625 0.32421875
10 0.7373046875 0.2109375 0.7060546875 0.2050781265625 0.66796875 0.2255859375 0.671875 0.2724609375 0.6894531265625 0.2822265625 0.7480468734375 0.2451171875 0.7373046875 0.2109375
10 0.6640625 0.1435546875 0.6640625 0.1259765625 0.6376953125 0.0859375 0.6142578125 0.08203125 0.59375 0.0947265625 0.5917968734375 0.1318359375 0.6347656265625 0.1572265625 0.6640625 0.1435546875
10 0.7011718734375 0.2021484375 0.703125 0.1748046875 0.6884765625 0.1503906265625 0.6689453125 0.14453125 0.6308593734375 0.1611328125 0.6308593734375 0.1943359375 0.6699218734375 0.2216796875 0.7011718734375 0.2021484375
10 0.75390625 0.2451171875 0.77734375 0.2568359375 0.7841796875 0.2480468734375 0.8115234375 0.25390625 0.8339843734375 0.2392578125 0.8359375 0.2060546875 0.8212890625 0.18359375 0.7841796875 0.1855468734375 0.76171875 0.2080078125 0.75390625 0.2451171875
10 0.7246093734375 0.1533203125 0.72265625 0.1181640625 0.7060546875 0.09960937343750001 0.6845703125 0.09960937343750001 0.6640625 0.1162109375 0.6660156265625 0.1416015625 0.7089843734375 0.1669921875 0.7246093734375 0.1533203125
10 0.6933593734375 0.0712890625 0.6474609375 0.041015626562500004 0.62890625 0.0517578125 0.6171875 0.0771484375 0.66796875 0.1103515625 0.6875 0.0947265625 0.6933593734375 0.0712890625
10 0.73046875 0.1220703125 0.7568359375 0.11132812656249999 0.7714843734375 0.0908203125 0.76953125 0.0712890625 0.7509765625 0.0546875 0.7216796875 0.0566406265625 0.6953125 0.0810546875 0.6953125 0.0947265625 0.73046875 0.1220703125
10 0.7763671875 0.06835937343750001 0.7675781265625 0.1103515625 0.82421875 0.1279296875 0.8222656265625 0.0771484375 0.8056640625 0.06445312656249999 0.7763671875 0.06835937343750001
10 0.88671875 0.0771484375 0.8642578125 0.06835937343750001 0.828125 0.0869140625 0.83203125 0.1357421875 0.85546875 0.1396484375 0.8925781265625 0.1103515625 0.88671875 0.0771484375
10 0.8515625 0.0537109375 0.84765625 0.0185546875 0.8310546875 0.0019531265625 0.8037109375 0.0019531265625 0.7832031265625 0.0244140625 0.78125 0.0595703125 0.8300781265625 0.0771484375 0.8515625 0.0537109375
10 0.8203125 0.1787109375 0.8300781265625 0.1513671875 0.8212890625 0.12890625 0.7861328125 0.125 0.7480468734375 0.1572265625 0.75 0.1904296875 0.76953125 0.1962890625 0.8203125 0.1787109375
10 0.7207031265625 0.0302734375 0.7099609375 0.009765626562500001 0.6865234375 0.0058593734375 0.6484375 0.0380859375 0.69921875 0.0693359375 0.7207031265625 0.0517578125 0.7207031265625 0.0302734375
10 0.8427734375 0.1894531265625 0.83984375 0.2392578125 0.8847656265625 0.2490234375 0.9042968734375 0.2197265625 0.8964843734375 0.1865234375 0.8427734375 0.1894531265625
10 0.8828125 0.3193359375 0.89453125 0.2802734375 0.8701171875 0.2480468734375 0.8310546875 0.2441406265625 0.7910156265625 0.2822265625 0.8349609375 0.3300781265625 0.8515625 0.3330078125 0.8828125 0.3193359375
10 0.90625 0.3818359375 0.9296875 0.3740234375 0.9394531265625 0.3330078125 0.9228515625 0.3105468734375 0.8896484375 0.3066406265625 0.8798828125 0.32421875 0.8496093734375 0.3369140625 0.84765625 0.3544921875 0.90625 0.3818359375
10 0.8740234375 0.3730468734375 0.8466796875 0.37890625 0.8359375 0.4326171875 0.8642578125 0.4609375 0.8964843734375 0.4619140625 0.8984375 0.3876953125 0.8740234375 0.3730468734375
10 1 0.3701171875 0.9697265625 0.3457031265625 0.9462890625 0.3457031265625 0.91796875 0.3876953125 0.9199218734375 0.4052734375 0.9707031265625 0.4248046875 1 0.4052734375 1 0.3701171875
10 0.9990234375 0.4394531265625 0.9658203125 0.4394531265625 0.91796875 0.4677734375 0.9082031265625 0.4951171875 0.9277343734375 0.5126953125 1 0.4990234375 0.9990234375 0.4394531265625
10 1 0.5048828125 0.9423828125 0.5078125 0.9238281265625 0.5322265625 0.9433593734375 0.5810546875 0.9824218734375 0.5849609375 1 0.5791015625 1 0.5048828125
10 1 0.2861328125 0.9814453125 0.28515625 0.9628906265625 0.3115234375 0.984375 0.3232421875 0.9863281265625 0.3505859375 1 0.3583984375 1 0.2861328125
10 0.8310546875 0.14453125 0.8203125 0.1806640625 0.8378906265625 0.1923828125 0.8603515625 0.18359375 0.86328125 0.1689453125 0.8310546875 0.14453125
10 0.9277343734375 0.1748046875 0.9238281265625 0.1435546875 0.8974609375 0.125 0.8603515625 0.13671875 0.8515625 0.1513671875 0.8652343734375 0.1767578125 0.91015625 0.1962890625 0.9277343734375 0.1748046875
10 0.8847656265625 0.2529296875 0.89453125 0.3037109375 0.9375 0.3076171875 0.9433593734375 0.2802734375 0.8974609375 0.2402343734375 0.8847656265625 0.2529296875
10 0.97265625 0.2646484375 0.9248046875 0.25390625 0.94140625 0.2822265625 0.94140625 0.3076171875 0.9609375 0.3115234375 0.9785156265625 0.2841796875 0.97265625 0.2646484375
10 0.94140625 0.2509765625 0.9375 0.2060546875 0.9052734375 0.19921875 0.9003906265625 0.2373046875 0.94140625 0.2509765625
10 0.9541015625 0.42578125 0.9306640625 0.4140625 0.9042968734375 0.4228515625 0.9003906265625 0.4580078125 0.91796875 0.4658203125 0.95703125 0.4443359375 0.9541015625 0.42578125
10 0.7050781265625 0.1767578125 0.703125 0.2021484375 0.74609375 0.2158203125 0.74609375 0.1669921875 0.7236328125 0.16015625 0.7050781265625 0.1767578125
10 0.7802734375 0.11914062656249999 0.7587890625 0.11132812656249999 0.73046875 0.1259765625 0.7285156265625 0.1494140625 0.7441406265625 0.1591796875 0.7832031265625 0.1279296875 0.7802734375 0.11914062656249999
10 0.5566406265625 0.2001953125 0.5644531265625 0.1435546875 0.5458984375 0.12890625 0.5283203125 0.1328125 0.5566406265625 0.2001953125