10 0.5400390625 0.3984375 0.5722656265625 0.3466796875 0.5722656265625 0.2978515625 0.5244140625 0.26171875 0.4785156265625 0.2822265625 0.4589843734375 0.3330078125 0.46484375 0.3798828125 0.49609375 0.4052734375 0.5400390625 0.3984375
10 0.1474609375 0.08007812656249999 0.16015625 0.0654296875 0.16015625 0.0380859375 0.1298828125 0.0019531265625 0.0556640625 0 0.02734375 0.0146484375 0.10351562656249999 0.0810546875 0.1474609375 0.08007812656249999
10 0.35546875 0.1572265625 0.35546875 0.0966796875 0.3193359375 0.06445312656249999 0.2548828125 0.0605468734375 0.23828125 0.0908203125 0.2402343734375 0.1298828125 0.2705078125 0.16015625 0.3066406265625 0.1748046875 0.35546875 0.1572265625
10 0.4609375 0.1708984375 0.45703125 0.1279296875 0.4111328125 0.1015625 0.3681640625 0.10742187343750001 0.3574218734375 0.1611328125 0.4277343734375 0.1884765625 0.4609375 0.1708984375
10 0.43359375 0.2587890625 0.44140625 0.2216796875 0.4228515625 0.1875 0.3564453125 0.1640625 0.32421875 0.1865234375 0.3261718734375 0.2216796875 0.3486328125 0.25390625 0.38671875 0.2763671875 0.43359375 0.2587890625
10 0.3261718734375 0.2451171875 0.3193359375 0.18359375 0.2646484375 0.17578125 0.234375 0.2001953125 0.23046875 0.2236328125 0.2753906265625 0.2568359375 0.3261718734375 0.2451171875
10 0.24609375 0.1689453125 0.2363281265625 0.1025390625 0.2431640625 0.06640625 0.2099609375 0.07226562656249999 0.1953125 0.0986328125 0.1953125 0.1455078125 0.2089843734375 0.1708984375 0.24609375 0.1689453125
10 0.1855468734375 0.1630859375 0.1855468734375 0.1162109375 0.1572265625 0.0859375 0.1103515625 0.08203125 0.09765625 0.0947265625 0.0859375 0.1572265625 0.1162109375 0.18359375 0.1416015625 0.17578125 0.1582031265625 0.1845703125 0.1855468734375 0.1630859375
10 0.0859375 0.1318359375 0.09375 0.0751953125 0.0556640625 0.037109373437499996 0.0048828125 0.021484373437500003 0 0.1455078125 0.0605468734375 0.1494140625 0.0859375 0.1318359375
10 0 0.2412109375 0.01171875 0.2626953125 0.0654296875 0.2578125 0.078125 0.2255859375 0.109375 0.2021484375 0.0751953125 0.16015625 0.0341796875 0.1464843734375 0 0.1552734375 0 0.2412109375
10 0 0.3486328125 0.0253906265625 0.3662109375 0.0751953125 0.3574218734375 0.10742187343750001 0.3330078125 0.08789062656249999 0.3154296875 0.0673828125 0.26171875 0 0.2685546875 0 0.3486328125
10 0.1533203125 0.32421875 0.1796875 0.3017578125 0.1875 0.2333984375 0.1767578125 0.2128906265625 0.1181640625 0.2011718734375 0.07617187343750001 0.2314453125 0.0703125 0.2626953125 0.08203125 0.2978515625 0.11523437343750001 0.3271484375 0.1533203125 0.32421875
10 0.2636718734375 0.3466796875 0.2890625 0.2919921875 0.2568359375 0.2421875 0.2197265625 0.2324218734375 0.1933593734375 0.2470703125 0.1855468734375 0.2958984375 0.2089843734375 0.3369140625 0.2402343734375 0.3525390625 0.2636718734375 0.3466796875
10 0.1943359375 0.42578125 0.21484375 0.3916015625 0.2011718734375 0.3466796875 0.1630859375 0.32421875 0.1181640625 0.33203125 0.09960937343750001 0.3642578125 0.10546875 0.4072265625 0.15234375 0.4326171875 0.1943359375 0.42578125
10 0.3603515625 0.4042968734375 0.40234375 0.3837890625 0.4082031265625 0.3271484375 0.3876953125 0.2871093734375 0.3310546875 0.2753906265625 0.2734375 0.3134765625 0.2714843734375 0.3681640625 0.2900390625 0.390625 0.3203125 0.4033203125 0.3603515625 0.4042968734375
10 0.4501953125 0.34375 0.4589843734375 0.3271484375 0.4589843734375 0.2919921875 0.4404296875 0.2675781265625 0.390625 0.2841796875 0.4140625 0.3525390625 0.4501953125 0.34375
10 0.5009765625 0.453125 0.51171875 0.4228515625 0.46484375 0.3857421875 0.4521484375 0.3515625 0.4384765625 0.3496093734375 0.4121093734375 0.3642578125 0.4082031265625 0.3896484375 0.4296875 0.4189453125 0.4355468734375 0.4501953125 0.453125 0.4619140625 0.5009765625 0.453125
10 0.3896484375 0.5234375 0.4375 0.4931640625 0.4316406265625 0.4287109375 0.4072265625 0.3925781265625 0.33203125 0.4248046875 0.3378906265625 0.4912109375 0.3564453125 0.51953125 0.37109375 0.5224609375 0.3896484375 0.5234375
10 0.3017578125 0.4785156265625 0.3261718734375 0.4384765625 0.3203125 0.4130859375 0.2666015625 0.3652343734375 0.2363281265625 0.3837890625 0.2285156265625 0.4091796875 0.234375 0.4599609375 0.26171875 0.4853515625 0.3017578125 0.4785156265625
10 0.2109375 0.5068359375 0.2265625 0.4755859375 0.2246093734375 0.4580078125 0.1982421875 0.4296875 0.1298828125 0.43359375 0.10546875 0.4541015625 0.1044921875 0.4921875 0.1650390625 0.5019531265625 0.1855468734375 0.5166015625 0.2109375 0.5068359375
10 0.3574218734375 0.5419921875 0.3291015625 0.4863281265625 0.2666015625 0.4902343734375 0.25 0.5107421875 0.2988281265625 0.5595703125 0.3574218734375 0.5419921875
10 0.2666015625 0.640625 0.2910156265625 0.6181640625 0.2949218734375 0.5634765625 0.2587890625 0.5234375 0.1904296875 0.53125 0.1582031265625 0.5634765625 0.1640625 0.6181640625 0.2089843734375 0.6494140625 0.2666015625 0.640625
10 0.1357421875 0.6113281265625 0.15234375 0.5966796875 0.1582031265625 0.5595703125 0.1816406265625 0.5302734375 0.1669921875 0.50390625 0.1005859375 0.4921875 0.0625 0.5146484375 0.0859375 0.6044921875 0.09960937343750001 0.6142578125 0.1357421875 0.6113281265625
10 0.046875 0.5244140625 0.0527343734375 0.4833984375 0.02734375 0.4423828125 0.0009765625 0.4277343734375 0 0.5283203125 0.0234375 0.5302734375 0.046875 0.5244140625
10 0.09765625 0.4853515625 0.11328125 0.4326171875 0.0732421875 0.3925781265625 0.0263671875 0.3925781265625 0 0.4248046875 0.0292968734375 0.4423828125 0.06640625 0.4970703125 0.09765625 0.4853515625
10 0 0.6474609375 0.0615234375 0.6425781265625 0.08203125 0.6220703125 0.0703125 0.5595703125 0.0146484375 0.5292968734375 0 0.5302734375 0 0.6474609375
10 0 0.8017578125 0.01953125 0.8056640625 0.06640625 0.7763671875 0.07226562656249999 0.7158203125 0.06640625 0.6533203125 0.0556640625 0.64453125 0.0263671875 0.64453125 0 0.6591796875 0 0.8017578125
10 0.1650390625 0.7675781265625 0.1953125 0.7392578125 0.1972656265625 0.6748046875 0.1572265625 0.6191406265625 0.1025390625 0.6171875 0.06835937343750001 0.6630859375 0.06835937343750001 0.6982421875 0.1083984375 0.7636718734375 0.140625 0.7705078125 0.1650390625 0.7675781265625
10 0.1123046875 0.8984375 0.16796875 0.8369140625 0.17578125 0.8076171875 0.1630859375 0.7734375 0.0966796875 0.7675781265625 0.0566406265625 0.7939453125 0.046875 0.8564453125 0.0566406265625 0.8935546875 0.078125 0.9052734375 0.1123046875 0.8984375
10 0.2470703125 0.75 0.2597656265625 0.7255859375 0.265625 0.6650390625 0.2568359375 0.6503906265625 0.1933593734375 0.6552734375 0.1972656265625 0.7412109375 0.21875 0.7568359375 0.2470703125 0.75
10 0 0.9638671875 0.033203126562500004 0.9443359375 0.05078125 0.9111328125 0.046875 0.8740234375 0.0166015625 0.8417968734375 0 0.8427734375 0 0.9638671875
10 0.2158203125 0.94140625 0.2441406265625 0.9189453125 0.2578125 0.8603515625 0.2392578125 0.83203125 0.1962890625 0.8222656265625 0.12890625 0.8818359375 0.11328125 0.9287109375 0.1308593734375 0.9619140625 0.2158203125 0.94140625
10 0.2900390625 1 0.2910156265625 0.9892578125 0.2548828125 0.94921875 0.2021484375 0.9453125 0.1435546875 0.9628906265625 0.12890625 0.9990234375 0.2900390625 1
10 0.3779296875 1 0.3886718734375 0.9677734375 0.3808593734375 0.8857421875 0.3427734375 0.84765625 0.2998046875 0.8613281265625 0.27734375 0.9013671875 0.2832031265625 0.9599609375 0.3066406265625 0.9990234375 0.3779296875 1
10 0.4619140625 0.8652343734375 0.4746093734375 0.8330078125 0.46484375 0.7939453125 0.4482421875 0.7753906265625 0.4150390625 0.75 0.3896484375 0.7480468734375 0.3261718734375 0.7783203125 0.32421875 0.8193359375 0.3408203125 0.84375 0.41015625 0.8818359375 0.4619140625 0.8652343734375
10 0.4716796875 0.94140625 0.4941406265625 0.9111328125 0.48828125 0.8798828125 0.4619140625 0.8671875 0.4228515625 0.8847656265625 0.3916015625 0.8847656265625 0.39453125 0.9638671875 0.4716796875 0.94140625
10 0.5957031265625 0.9990234375 0.5996093734375 0.9697265625 0.5693359375 0.9160156265625 0.5146484375 0.9199218734375 0.4980468734375 0.9326171875 0.5 0.9990234375 0.5957031265625 0.9990234375
10 0.4970703125 1 0.4941406265625 0.9501953125 0.4443359375 0.9453125 0.4013671875 0.96484375 0.3847656265625 0.9990234375 0.4970703125 1
10 0.6376953125 0.765625 0.6777343734375 0.6962890625 0.6621093734375 0.6474609375 0.6357421875 0.625 0.6064453125 0.625 0.5712890625 0.64453125 0.546875 0.6806640625 0.5449218734375 0.7314453125 0.5878906265625 0.7744140625 0.6376953125 0.765625
10 0.6796875 0.8349609375 0.6816406265625 0.8173828125 0.6513671875 0.7636718734375 0.578125 0.7841796875 0.5722656265625 0.8310546875 0.58984375 0.8583984375 0.6796875 0.8349609375
10 0.5107421875 0.8808593734375 0.5332031265625 0.8623046875 0.5625 0.7646484375 0.5419921875 0.73828125 0.5146484375 0.73046875 0.4697265625 0.7480468734375 0.45703125 0.7705078125 0.4746093734375 0.8271484375 0.4707031265625 0.8642578125 0.4941406265625 0.8798828125 0.5107421875 0.8808593734375
10 0.4140625 0.7412109375 0.3955078125 0.67578125 0.3330078125 0.6660156265625 0.296875 0.7041015625 0.2949218734375 0.7529296875 0.31640625 0.7705078125 0.4140625 0.7412109375
10 0.5087890625 0.73046875 0.5390625 0.7001953125 0.5488281265625 0.6533203125 0.5283203125 0.625 0.4697265625 0.62109375 0.4482421875 0.6328125 0.4326171875 0.625 0.40234375 0.6611328125 0.4199218734375 0.7314453125 0.453125 0.7431640625 0.5087890625 0.73046875
10 0.33203125 0.8427734375 0.3222656265625 0.7783203125 0.3017578125 0.7675781265625 0.27734375 0.7822265625 0.2636718734375 0.8212890625 0.2636718734375 0.8544921875 0.2792968734375 0.8759765625 0.33203125 0.8427734375
10 0.2792968734375 0.7744140625 0.2490234375 0.7578125 0.2080078125 0.7597656265625 0.1953125 0.8193359375 0.2353515625 0.828125 0.2578125 0.8505859375 0.2792968734375 0.7744140625
10 0.3935546875 0.66015625 0.4238281265625 0.6337890625 0.42578125 0.5888671875 0.3974609375 0.5566406265625 0.3544921875 0.546875 0.3027343734375 0.5693359375 0.2949218734375 0.6298828125 0.3134765625 0.6542968734375 0.33984375 0.6650390625 0.3935546875 0.66015625
10 0.5410156265625 0.6142578125 0.56640625 0.5654296875 0.5644531265625 0.5322265625 0.5380859375 0.50390625 0.4716796875 0.4941406265625 0.4355468734375 0.5224609375 0.42578125 0.5751953125 0.4560546875 0.609375 0.4980468734375 0.6201171875 0.5410156265625 0.6142578125
10 0.6103515625 0.52734375 0.6308593734375 0.5009765625 0.6347656265625 0.4599609375 0.5986328125 0.42578125 0.5341796875 0.4296875 0.5019531265625 0.4599609375 0.49609375 0.4892578125 0.5439453125 0.5058593734375 0.5683593734375 0.5361328125 0.6103515625 0.52734375
10 0.5917968734375 0.6240234375 0.59375 0.5830078125 0.5732421875 0.5605468734375 0.53515625 0.6240234375 0.55078125 0.6533203125 0.5917968734375 0.6240234375
10 0.4462890625 0.5 0.4111328125 0.5058593734375 0.3730468734375 0.5419921875 0.41796875 0.5732421875 0.4462890625 0.5
10 0.7207031265625 0.9287109375 0.7167968734375 0.8759765625 0.6826171875 0.8417968734375 0.6220703125 0.8496093734375 0.58203125 0.8876953125 0.5878906265625 0.9482421875 0.6308593734375 0.9794921875 0.7207031265625 0.9287109375
10 0.7880859375 0.8984375 0.8125 0.8740234375 0.8027343734375 0.8310546875 0.7705078125 0.8066406265625 0.68359375 0.8310546875 0.7128906265625 0.8642578125 0.7246093734375 0.9072265625 0.75 0.9130859375 0.7880859375 0.8984375
10 0.7666015625 0.8027343734375 0.7753906265625 0.7744140625 0.7675781265625 0.7275390625 0.7255859375 0.6855468734375 0.6845703125 0.6953125 0.6621093734375 0.7451171875 0.671875 0.7900390625 0.70703125 0.8173828125 0.7666015625 0.8027343734375
10 0.2119140625 0.0703125 0.2441406265625 0.0615234375 0.2421875 0.0400390625 0.2177734375 0.021484373437500003 0.1845703125 0.0253906265625 0.1660156265625 0.0419921875 0.16015625 0.0830078125 0.1875 0.1103515625 0.2119140625 0.0703125
10 0.3154296875 0.0605468734375 0.31640625 0.0517578125 0.3037109375 0.0253906265625 0.2724609375 0.01953125 0.2480468734375 0.0322265625 0.25 0.0595703125 0.3154296875 0.0605468734375
10 0.2802734375 0.017578126562499997 0.28125 0.0009765625 0.19921875 0.0009765625 0.1982421875 0.017578126562499997 0.2402343734375 0.0341796875 0.2802734375 0.017578126562499997