10 0.484375 0.5986328125 0.4921875 0.6259765625 0.5078125 0.6279296875 0.57421875 0.62109375 0.5989583328125 0.5947265625 0.5885416671875 0.5498046875 0.5481770828125 0.525390625 0.48828125 0.533203125 0.4505208328125 0.5595703125 0.453125 0.5751953125 0.484375 0.5986328125
10 0.3997395828125 0.482421875 0.453125 0.4853515625 0.4765625 0.4736328125 0.484375 0.4560546875 0.4713541671875 0.4111328125 0.41796875 0.3671875 0.3684895828125 0.3671875 0.3359375 0.3974609375 0.3619791671875 0.4482421875 0.3997395828125 0.482421875
10 0.4817708328125 0.4267578125 0.4947916671875 0.4287109375 0.515625 0.4150390625 0.5234375 0.3955078125 0.5104166671875 0.3681640625 0.4752604171875 0.345703125 0.41796875 0.33984375 0.3958333328125 0.3603515625 0.4309895828125 0.373046875 0.4817708328125 0.4267578125
10 0.22395833281250002 0.3740234375 0.2421875 0.4111328125 0.2526041671875 0.4130859375 0.2877604171875 0.400390625 0.3268229171875 0.404296875 0.3541666671875 0.3740234375 0.3411458328125 0.3388671875 0.3190104171875 0.322265625 0.2721354171875 0.31640625 0.23697916718749998 0.3369140625 0.22395833281250002 0.3740234375
10 0.3580729171875 0.328125 0.32421875 0.322265625 0.3619791671875 0.3701171875 0.3828125 0.3623046875 0.375 0.3427734375 0.3580729171875 0.328125
10 0.4114583328125 0.3427734375 0.4088541671875 0.3193359375 0.3815104171875 0.3046875 0.3424479171875 0.310546875 0.3359375 0.3212890625 0.3606770828125 0.330078125 0.390625 0.3583984375 0.4114583328125 0.3427734375
10 0.265625 0.2978515625 0.2903645828125 0.296875 0.3255208328125 0.2705078125 0.3229166671875 0.2353515625 0.29296875 0.216796875 0.24609375 0.21875 0.22395833281250002 0.2373046875 0.2265625 0.2822265625 0.265625 0.2978515625
10 0.1692708328125 0.2880859375 0.20833333281250002 0.2724609375 0.22395833281250002 0.2275390625 0.1940104171875 0.201171875 0.1549479171875 0.193359375 0.1041666671875 0.2216796875 0.09635416718749999 0.2451171875 0.10546875 0.26171875 0.1692708328125 0.2880859375
10 0 0.5908203125 0.0260416671875 0.6103515625 0.07682291718749999 0.587890625 0.1653645828125 0.59375 0.1770833328125 0.5810546875 0.1692708328125 0.5380859375 0.1145833328125 0.4873046875 0.08984375 0.4765625 0.03515625 0.4765625 0 0.4970703125 0 0.5908203125
10 0.1901041671875 0.5654296875 0.21875 0.5224609375 0.20572916718749998 0.4677734375 0.1549479171875 0.44140625 0.09505208281250001 0.453125 0.078125 0.4736328125 0.1080729171875 0.482421875 0.1510416671875 0.5146484375 0.1901041671875 0.5654296875
10 0.0026041671875 0.6533203125 0 0.7001953125 0.013020832812499999 0.7177734375 0.04296875 0.740234375 0.08854166718749999 0.7490234375 0.1653645828125 0.7265625 0.20833333281250002 0.6787109375 0.20572916718749998 0.6416015625 0.1875 0.6123046875 0.1315104171875 0.587890625 0.07942708281250001 0.587890625 0.04296875 0.6015625 0.0026041671875 0.6533203125
10 0.3177083328125 0.6396484375 0.3307291671875 0.6005859375 0.3059895828125 0.564453125 0.23828125 0.552734375 0.1848958328125 0.5751953125 0.1692708328125 0.5966796875 0.21614583281250002 0.6552734375 0.3177083328125 0.6396484375
10 0.19140625 0.7578125 0.2526041671875 0.7568359375 0.3971354171875 0.7421875 0.421875 0.6943359375 0.4088541671875 0.6650390625 0.3736979171875 0.646484375 0.31640625 0.640625 0.21484375 0.65625 0.1770833328125 0.7373046875 0.19140625 0.7578125
10 0.08854166718749999 0.7529296875 0.09765625 0.76171875 0.1666666671875 0.7607421875 0.1848958328125 0.7587890625 0.16796875 0.7265625 0.08854166718749999 0.7529296875
10 0.3919270828125 0.65234375 0.4231770828125 0.681640625 0.4375 0.6806640625 0.46875 0.6669921875 0.4895833328125 0.6396484375 0.4791666671875 0.5927734375 0.4231770828125 0.56640625 0.3606770828125 0.580078125 0.3359375 0.6044921875 0.3385416671875 0.6357421875 0.3919270828125 0.65234375
10 0.30078125 0.560546875 0.3385416671875 0.5888671875 0.3619791671875 0.5712890625 0.3723958328125 0.5458984375 0.3723958328125 0.4833984375 0.34765625 0.4609375 0.2955729171875 0.458984375 0.2604166671875 0.4775390625 0.22916666718749998 0.5498046875 0.30078125 0.560546875
10 0.44140625 0.568359375 0.4713541671875 0.5400390625 0.4557291671875 0.5029296875 0.42578125 0.48828125 0.3723958328125 0.4833984375 0.3645833328125 0.5693359375 0.3776041671875 0.5751953125 0.44140625 0.568359375
10 0.5677083328125 0.5283203125 0.5221354171875 0.494140625 0.4856770828125 0.490234375 0.4609375 0.5048828125 0.4817708328125 0.5361328125 0.5299479171875 0.5234375 0.5677083328125 0.5283203125
10 0.4661458328125 0.4990234375 0.5 0.4873046875 0.4830729171875 0.470703125 0.453125 0.4873046875 0.4661458328125 0.4990234375
10 0.4895833328125 0.4345703125 0.4947916671875 0.4716796875 0.5169270828125 0.484375 0.5338541671875 0.4833984375 0.57421875 0.4609375 0.59765625 0.4609375 0.6067708328125 0.4462890625 0.5963541671875 0.4130859375 0.55859375 0.388671875 0.5247395828125 0.392578125 0.515625 0.4169921875 0.4895833328125 0.4345703125
10 0.6171875 0.5498046875 0.6223958328125 0.5126953125 0.6458333328125 0.4892578125 0.6106770828125 0.462890625 0.5690104171875 0.462890625 0.5416666671875 0.4833984375 0.5364583328125 0.5009765625 0.58984375 0.548828125 0.6171875 0.5498046875
10 0.7421875 0.5810546875 0.7317708328125 0.5205078125 0.7018229171875 0.490234375 0.6575520828125 0.484375 0.6197916671875 0.5205078125 0.6328125 0.5830078125 0.7161458328125 0.6064453125 0.7421875 0.5810546875
10 0.6145833328125 0.6494140625 0.6302083328125 0.6923828125 0.6536458328125 0.6943359375 0.6861979171875 0.69140625 0.703125 0.6806640625 0.7317708328125 0.6533203125 0.7317708328125 0.6298828125 0.6888020828125 0.595703125 0.60546875 0.5859375 0.5807291671875 0.6240234375 0.6145833328125 0.6494140625
10 0.5234375 0.7294921875 0.6223958328125 0.7177734375 0.625 0.6669921875 0.6041666671875 0.6396484375 0.5716145828125 0.62109375 0.5065104171875 0.62890625 0.4661458328125 0.6728515625 0.4739583328125 0.7216796875 0.5234375 0.7294921875
10 0.4244791671875 0.6845703125 0.4036458328125 0.7373046875 0.4296875 0.7412109375 0.4713541671875 0.7333984375 0.43359375 0.68359375 0.4244791671875 0.6845703125
10 0.71484375 0.671875 0.6861979171875 0.69140625 0.6276041671875 0.7001953125 0.62890625 0.71875 0.6614583328125 0.7177734375 0.7239583328125 0.7021484375 0.71484375 0.671875
10 0.8046875 0.5869140625 0.8489583328125001 0.5693359375 0.8515625 0.5419921875 0.8190104171874999 0.51171875 0.7643229171875 0.498046875 0.7317708328125 0.5166015625 0.7447916671875 0.5595703125 0.7721354171875 0.58203125 0.8046875 0.5869140625
10 0.859375 0.4833984375 0.8541666671874999 0.4599609375 0.82421875 0.44140625 0.7981770828125 0.4453125 0.7734375 0.4658203125 0.7630208328125 0.4951171875 0.8411458328125001 0.5166015625 0.859375 0.4833984375
10 0.7942708328125 0.4462890625 0.7942708328125 0.4169921875 0.76171875 0.400390625 0.70703125 0.40625 0.6901041671875 0.4208984375 0.6927083328125 0.4521484375 0.7630208328125 0.4638671875 0.7942708328125 0.4462890625
10 0.6653645828125 0.41015625 0.62890625 0.416015625 0.6145833328125 0.4443359375 0.6549479171875 0.482421875 0.6822916671875 0.4814453125 0.6875 0.4208984375 0.6653645828125 0.41015625
10 0.7200520828125 0.462890625 0.6901041671875 0.4853515625 0.7317708328125 0.5126953125 0.7604166671875 0.4951171875 0.7630208328125 0.4755859375 0.7200520828125 0.462890625
10 0.5924479171875 0.38671875 0.578125 0.3955078125 0.6119791671875 0.4345703125 0.640625 0.4091796875 0.62109375 0.388671875 0.5924479171875 0.38671875
10 0.7161458328125 0.3955078125 0.7161458328125 0.3662109375 0.6653645828125 0.349609375 0.6341145828125 0.353515625 0.6145833328125 0.3837890625 0.64453125 0.408203125 0.6901041671875 0.4111328125 0.7161458328125 0.3955078125
10 0.6119791671875 0.3740234375 0.63671875 0.3515625 0.671875 0.3466796875 0.6692708328125 0.3232421875 0.6497395828125 0.310546875 0.6028645828125 0.3203125 0.5755208328125 0.3388671875 0.5859375 0.3662109375 0.6119791671875 0.3740234375
10 0.5338541671875 0.3583984375 0.55859375 0.388671875 0.5833333328125 0.3935546875 0.5989583328125 0.3798828125 0.5690104171875 0.353515625 0.5338541671875 0.3583984375
10 0.56640625 0.3515625 0.5755208328125 0.3310546875 0.5481770828125 0.314453125 0.5143229171875 0.314453125 0.4973958328125 0.3232421875 0.4973958328125 0.3349609375 0.5338541671875 0.3583984375 0.56640625 0.3515625
10 0.734375 0.3330078125 0.7174479171875 0.326171875 0.67578125 0.330078125 0.671875 0.3466796875 0.7291666671875 0.3720703125 0.7421875 0.3603515625 0.734375 0.3330078125
10 0.828125 0.3916015625 0.81640625 0.37109375 0.7669270828125 0.359375 0.734375 0.3740234375 0.73046875 0.400390625 0.76171875 0.400390625 0.8072916671874999 0.4189453125 0.828125 0.3916015625
10 0.90625 0.5205078125 0.9322916671874999 0.5009765625 0.9322916671874999 0.4775390625 0.9127604171874999 0.4609375 0.8841145828125001 0.4609375 0.8619791671874999 0.4716796875 0.8515625 0.5068359375 0.8580729171874999 0.515625 0.90625 0.5205078125
10 0.9166666671874999 0.5537109375 0.9114583328125001 0.5341796875 0.8815104171874999 0.517578125 0.83984375 0.51953125 0.8541666671874999 0.5478515625 0.8515625 0.5693359375 0.8958333328125001 0.5771484375 0.9166666671874999 0.5537109375
10 0.9583333328125001 0.5673828125 0.9583333328125001 0.5478515625 0.9309895828125001 0.525390625 0.90625 0.5283203125 0.9166666671874999 0.5537109375 0.8984375 0.5791015625 0.9088541671874999 0.5810546875 0.9583333328125001 0.5673828125
10 0.9088541671874999 0.6708984375 0.9375 0.6494140625 0.9270833328125001 0.6064453125 0.8763020828125001 0.572265625 0.83203125 0.576171875 0.8072916671874999 0.5908203125 0.8046875 0.6123046875 0.85546875 0.65625 0.9088541671874999 0.6708984375
10 0.9739583328125001 0.6728515625 0.9947916671874999 0.6689453125 0.9921875 0.6025390625 0.95703125 0.578125 0.9205729171874999 0.578125 0.90625 0.5869140625 0.9375 0.6220703125 0.9296875 0.6650390625 0.9739583328125001 0.6728515625
10 0.4973958328125 0.2978515625 0.4700520828125 0.26953125 0.4205729171875 0.265625 0.390625 0.2802734375 0.390625 0.3056640625 0.4153645828125 0.32421875 0.4817708328125 0.3232421875 0.4973958328125 0.2978515625
10 0.5 0.3427734375 0.4700520828125 0.322265625 0.43359375 0.3203125 0.4166666671875 0.3330078125 0.41796875 0.33984375 0.4674479171875 0.34375 0.5052083328125 0.3603515625 0.5 0.3427734375
10 0.359375 0.2685546875 0.3567708328125 0.2392578125 0.33984375 0.22265625 0.3059895828125 0.21875 0.3229166671875 0.2373046875 0.3255208328125 0.2744140625 0.3463541671875 0.2802734375 0.359375 0.2685546875
10 0.3307291671875 0.3154296875 0.3411458328125 0.2919921875 0.3190104171875 0.27734375 0.2942708328125 0.2998046875 0.3307291671875 0.3154296875
10 0.3854166671875 0.2841796875 0.35546875 0.27734375 0.3411458328125 0.2958984375 0.3502604171875 0.306640625 0.3645833328125 0.3056640625 0.3828125 0.3037109375 0.3854166671875 0.2841796875
10 0.3216145828125 0.322265625 0.3255208328125 0.3154296875 0.2747395828125 0.296875 0.2552083328125 0.3037109375 0.2526041671875 0.3232421875 0.2721354171875 0.31640625 0.3216145828125 0.322265625
10 0.21614583281250002 0.4521484375 0.21354166718749998 0.4755859375 0.21875 0.4912109375 0.2421875 0.5068359375 0.26953125 0.466796875 0.29296875 0.458984375 0.359375 0.4599609375 0.3567708328125 0.4365234375 0.3268229171875 0.408203125 0.2799479171875 0.40234375 0.234375 0.4287109375 0.21614583281250002 0.4521484375
10 0.203125 0.4560546875 0.23958333281250002 0.4228515625 0.234375 0.3896484375 0.1888020828125 0.361328125 0.1263020828125 0.361328125 0.09635416718749999 0.3994140625 0.1171875 0.4404296875 0.16015625 0.44140625 0.203125 0.4560546875
10 0 0.4873046875 0.010416667187500001 0.4892578125 0.0299479171875 0.4765625 0.07161458281250001 0.47265625 0.1119791671875 0.4443359375 0.09375 0.4052734375 0.06119791718749999 0.384765625 0 0.3916015625 0 0.4873046875
10 0.05338541718749999 0.35546875 0.006510417187500001 0.361328125 0.0026041671875 0.3896484375 0.06380208281250001 0.384765625 0.0703125 0.3623046875 0.05338541718749999 0.35546875
10 0.09375 0.4013671875 0.1263020828125 0.361328125 0.1640625 0.3564453125 0.1640625 0.3466796875 0.13671875 0.330078125 0.09765625 0.330078125 0.07552083281250001 0.3466796875 0.06770833281250001 0.3857421875 0.09375 0.4013671875
10 0.1666666671875 0.3095703125 0.1419270828125 0.27734375 0.1028645828125 0.263671875 0.06770833281250001 0.2822265625 0.07942708281250001 0.33984375 0.1263020828125 0.328125 0.1640625 0.3427734375 0.1666666671875 0.3095703125
10 0.1692708328125 0.3486328125 0.1731770828125 0.357421875 0.22395833281250002 0.3740234375 0.22526041718749998 0.3359375 0.20703125 0.33203125 0.1692708328125 0.3486328125
10 0.1638232046875 0.29630820625 0.16725331875 0.3472751765625 0.2085746875 0.3275536125 0.22753968906250002 0.345380771875 0.24523645468750002 0.322176459375 0.1991534140625 0.2821340046875 0.1638232046875 0.29630820625
10 0 0.3544921875 0.00390625 0.357421875 0.03125 0.3564453125 0.0455729171875 0.35546875 0.06510416718749999 0.3447265625 0.0703125 0.3349609375 0.0703125 0.3095703125 0.06770833281250001 0.3076171875 0.06510416718749999 0.2939453125 0.05729166718749999 0.2822265625 0.0481770828125 0.275390625 0.04296875 0.2734375 0.0169270828125 0.2734375 0.014322917187500001 0.275390625 0.006510417187500001 0.275390625 0 0.2802734375 0 0.3544921875
10 0.0494791671875 0.2587890625 0.0442708328125 0.2529296875 0.0442708328125 0.2490234375 0.0390625 0.2412109375 0.0234375 0.2294921875 0.0234375 0.2275390625 0.015625 0.2236328125 0.014322917187500001 0.220703125 0.0013020828125 0.21875 0 0.2763671875 0.0078125 0.2763671875 0.0169270828125 0.275390625 0.01953125 0.2734375 0.04296875 0.2734375 0.0455729171875 0.275390625 0.05078125 0.275390625 0.05208333281250001 0.2666015625 0.0494791671875 0.2646484375 0.0494791671875 0.2587890625
10 0.06380208281250001 0.224609375 0.046875 0.2353515625 0.046875 0.2412109375 0.0442708328125 0.2451171875 0.046875 0.2470703125 0.046875 0.2529296875 0.0546875 0.2666015625 0.0546875 0.2724609375 0.05729166718749999 0.2744140625 0.05729166718749999 0.2783203125 0.06380208281250001 0.283203125 0.06770833281250001 0.2822265625 0.08984375 0.267578125 0.09765625 0.265625 0.1015625 0.2626953125 0.1015625 0.2568359375 0.09635416718749999 0.2529296875 0.09635416718749999 0.2255859375 0.08984375 0.22265625 0.06380208281250001 0.224609375
10 0.00390625 0.22265625 0.009114582812499999 0.22265625 0.014322917187500001 0.2265625 0.0169270828125 0.2265625 0.03515625 0.240234375 0.0442708328125 0.2392578125 0.05208333281250001 0.2294921875 0.05989583281250001 0.2255859375 0.05989583281250001 0.2216796875 0.0247395828125 0.19921875 0.009114582812499999 0.193359375 0.0013020828125 0.193359375 0 0.2197265625 0.00390625 0.22265625
10 0.06119791718749999 0.158203125 0.0481770828125 0.162109375 0.0364583328125 0.1767578125 0.0364583328125 0.1923828125 0.0416666671875 0.2041015625 0.06901041718749999 0.22265625 0.1015625 0.2216796875 0.140625 0.1962890625 0.140625 0.1884765625 0.1354166671875 0.1806640625 0.1106770828125 0.166015625 0.10546875 0.1640625 0.09505208281250001 0.1640625 0.08723958281250001 0.16015625 0.06119791718749999 0.158203125
10 0.2513020828125 0.154296875 0.24348958281250002 0.150390625 0.22265625 0.150390625 0.22005208281250002 0.15234375 0.20963541718749998 0.15234375 0.1966145828125 0.15625 0.1848958328125 0.1650390625 0.1848958328125 0.1689453125 0.1796875 0.1748046875 0.1796875 0.1923828125 0.1861979171875 0.197265625 0.20182291718749998 0.203125 0.22526041718749998 0.224609375 0.234375 0.2236328125 0.24609375 0.21875 0.26171875 0.21875 0.2643229171875 0.216796875 0.2721354171875 0.216796875 0.2760416671875 0.2138671875 0.2760416671875 0.1806640625 0.2734375 0.1748046875 0.2513020828125 0.154296875