10 0.3818359375 0.2890625 0.44140625 0.2958984375 0.46875 0.2412109375 0.4472656265625 0.1611328125 0.3935546875 0.10742187343750001 0.3388671875 0.11328125 0.3144531265625 0.1806640625 0.32421875 0.2724609375 0.3486328125 0.296875 0.3818359375 0.2890625
10 0.58203125 0.2314453125 0.5859375 0.1767578125 0.5498046875 0.11523437343750001 0.4931640625 0.09375 0.4472656265625 0.1181640625 0.44140625 0.1455078125 0.4755859375 0.2265625 0.5419921875 0.2207031265625 0.58203125 0.2314453125
10 0.4667968734375 0.3212890625 0.4902343734375 0.3564453125 0.51171875 0.3662109375 0.5498046875 0.3535156265625 0.6044921875 0.3574218734375 0.6347656265625 0.3310546875 0.6152343734375 0.2666015625 0.5537109375 0.2246093734375 0.4873046875 0.23046875 0.4609375 0.2685546875 0.4667968734375 0.3212890625
10 0.46875 0.4228515625 0.48046875 0.4873046875 0.5566406265625 0.5185546875 0.5947265625 0.4980468734375 0.6240234375 0.4589843734375 0.6621093734375 0.4326171875 0.6464843734375 0.3916015625 0.5947265625 0.3574218734375 0.5478515625 0.35546875 0.5166015625 0.3671875 0.46875 0.4228515625
10 0.3486328125 0.3027343734375 0.3183593734375 0.3388671875 0.3066406265625 0.4365234375 0.3603515625 0.4824218734375 0.40234375 0.4892578125 0.4306640625 0.4824218734375 0.4550781265625 0.4599609375 0.4863281265625 0.3779296875 0.4765625 0.3427734375 0.4462890625 0.30859375 0.4208984375 0.29296875 0.3857421875 0.2910156265625 0.3486328125 0.3027343734375
10 0.8261718734375 0.5341796875 0.8105468734375 0.5693359375 0.77734375 0.6025390625 0.88671875 0.6123046875 0.9433593734375 0.5595703125 0.95703125 0.4912109375 0.9433593734375 0.4619140625 0.9033203125 0.43359375 0.8486328125 0.4277343734375 0.8125 0.4482421875 0.828125 0.4951171875 0.8261718734375 0.5341796875
10 0.62109375 0.4658203125 0.5957031265625 0.5205078125 0.5996093734375 0.5615234375 0.6298828125 0.5957031265625 0.72265625 0.6181640625 0.7978515625 0.58203125 0.8261718734375 0.5263671875 0.8261718734375 0.4912109375 0.8105468734375 0.4541015625 0.7900390625 0.43359375 0.7470703125 0.4199218734375 0.6494140625 0.44140625 0.62109375 0.4658203125
10 0.9199218734375 0.7587890625 0.9550781265625 0.7099609375 0.9394531265625 0.6611328125 0.9072265625 0.62890625 0.8330078125 0.6074218734375 0.7324218734375 0.6279296875 0.7529296875 0.6796875 0.8720703125 0.7109375 0.9199218734375 0.7587890625
10 0.62109375 0.7490234375 0.6230468734375 0.8583984375 0.64453125 0.8916015625 0.6806640625 0.91796875 0.76953125 0.9345703125 0.8876953125 0.9296875 0.9355468734375 0.8095703125 0.9042968734375 0.7431640625 0.8740234375 0.71484375 0.7744140625 0.68359375 0.6865234375 0.6855468734375 0.6455078125 0.70703125 0.62109375 0.7490234375
10 0.5058593734375 0.6533203125 0.4863281265625 0.7197265625 0.5058593734375 0.7607421875 0.59765625 0.7861328125 0.6494140625 0.7011718734375 0.6865234375 0.68359375 0.74609375 0.6787109375 0.7177734375 0.625 0.6513671875 0.60546875 0.5771484375 0.6015625 0.5302734375 0.625 0.5058593734375 0.6533203125
10 0.4931640625 1 0.64453125 0.9990234375 0.6738281265625 0.9208984375 0.6230468734375 0.8720703125 0.5810546875 0.7890625 0.5126953125 0.78125 0.4433593734375 0.8330078125 0.4277343734375 0.8662109375 0.4277343734375 0.9091796875 0.4931640625 1
10 0.2685546875 0.75 0.2402343734375 0.7587890625 0.25390625 0.8447265625 0.2285156265625 0.9091796875 0.2451171875 0.9296875 0.2753906265625 0.9365234375 0.3388671875 0.9199218734375 0.3642578125 0.9003906265625 0.3916015625 0.9042968734375 0.3984375 0.8642578125 0.3886718734375 0.8115234375 0.3583984375 0.77734375 0.3134765625 0.7558593734375 0.2685546875 0.75
10 0.2880859375 0.93359375 0.2050781265625 0.9990234375 0.4863281265625 0.9990234375 0.4482421875 0.94921875 0.3896484375 0.921875 0.2880859375 0.93359375
10 0 0.8955078125 0.1464843734375 0.9404296875 0.2236328125 0.890625 0.2421875 0.8642578125 0.2519531265625 0.8154296875 0.23828125 0.7666015625 0.2080078125 0.734375 0.1748046875 0.71875 0.0537109375 0.7265625 0 0.7763671875 0 0.8955078125
10 0.1064453125 0.9375 0.0615234375 0.9160156265625 0 0.9052734375 0.0009765625 1 0.15234375 0.9990234375 0.1386718734375 0.9677734375 0.1064453125 0.9375
10 0.41796875 0.9111328125 0.44140625 0.8330078125 0.515625 0.7763671875 0.4775390625 0.7324218734375 0.4306640625 0.7363281265625 0.3964843734375 0.7744140625 0.3984375 0.8544921875 0.40625 0.8994140625 0.41796875 0.9111328125
10 0.3886718734375 0.7939453125 0.4121093734375 0.7490234375 0.4521484375 0.73046875 0.45703125 0.7138671875 0.3974609375 0.66015625 0.3720703125 0.6542968734375 0.30859375 0.6904296875 0.2910156265625 0.7451171875 0.3886718734375 0.7939453125
10 0.19921875 0.5048828125 0.19921875 0.5458984375 0.1777343734375 0.5771484375 0.18359375 0.6142578125 0.2333984375 0.6582031265625 0.31640625 0.6748046875 0.3623046875 0.6582031265625 0.38671875 0.6318359375 0.4082031265625 0.5361328125 0.3759765625 0.49609375 0.3232421875 0.46875 0.2880859375 0.4609375 0.2333984375 0.46875 0.19921875 0.5048828125
10 0.2421875 0.7509765625 0.265625 0.7451171875 0.265625 0.7138671875 0.1767578125 0.61328125 0.1279296875 0.61328125 0.09570312656249999 0.6376953125 0.0693359375 0.71484375 0.1728515625 0.7167968734375 0.2421875 0.7509765625
10 0.1943359375 0.27734375 0.1328125 0.3154296875 0.11523437343750001 0.3525390625 0.11523437343750001 0.3876953125 0.1513671875 0.4609375 0.21484375 0.4775390625 0.2724609375 0.4589843734375 0.2871093734375 0.4443359375 0.3066406265625 0.4091796875 0.30859375 0.3642578125 0.296875 0.3251953125 0.2724609375 0.2988281265625 0.2294921875 0.2792968734375 0.1943359375 0.27734375
10 0.1171875 0.6142578125 0.1728515625 0.60546875 0.18359375 0.5517578125 0.1816406265625 0.5146484375 0.1396484375 0.46484375 0.125 0.4677734375 0.06835937343750001 0.5458984375 0.07226562656249999 0.5908203125 0.1171875 0.6142578125
10 0.0234375 0.5478515625 0.07226562656249999 0.5263671875 0.11914062656249999 0.4580078125 0.12109375 0.4228515625 0.10546875 0.3935546875 0.0400390625 0.3359375 0.0009765625 0.3300781265625 0 0.5458984375 0.0234375 0.5478515625
10 0.2451171875 0.2832031265625 0.3046875 0.3173828125 0.3261718734375 0.3017578125 0.3066406265625 0.1845703125 0.2841796875 0.171875 0.2392578125 0.1699218734375 0.1923828125 0.1855468734375 0.1738281265625 0.2197265625 0.17578125 0.2705078125 0.2451171875 0.2832031265625
10 0.0341796875 0.3300781265625 0.08789062656249999 0.3662109375 0.11328125 0.3525390625 0.1425781265625 0.3017578125 0.1386718734375 0.2763671875 0.0927734375 0.2363281265625 0.0380859375 0.21875 0.0009765625 0.2207031265625 0 0.3251953125 0.0341796875 0.3300781265625
10 0.1660156265625 0.2529296875 0.1953125 0.1787109375 0.1953125 0.1494140625 0.1591796875 0.109375 0.1142578125 0.1015625 0.08007812656249999 0.1435546875 0.08203125 0.2060546875 0.1181640625 0.25 0.1660156265625 0.2529296875
10 0.09570312656249999 0.1044921875 0.0791015625 0.09570312656249999 0.0634765625 0.10546875 0.0361328125 0.09765625 0.0029296875 0.10546875 0 0.1962890625 0.07226562656249999 0.1982421875 0.09570312656249999 0.1044921875
10 0.25 0.1416015625 0.2441406265625 0.1650390625 0.3105468734375 0.1845703125 0.3261718734375 0.1220703125 0.2822265625 0.11523437343750001 0.25 0.1416015625
10 0.4716796875 0.09960937343750001 0.4472656265625 0.1181640625 0.4453125 0.1572265625 0.4775390625 0.2265625 0.5498046875 0.22265625 0.6230468734375 0.2587890625 0.6621093734375 0.2294921875 0.6640625 0.1787109375 0.6474609375 0.15234375 0.6220703125 0.1386718734375 0.5654296875 0.13671875 0.5341796875 0.10351562656249999 0.5068359375 0.09375 0.4716796875 0.09960937343750001
10 0.7900390625 0.3378906265625 0.8496093734375 0.3681640625 0.8671875 0.3447265625 0.8671875 0.3037109375 0.8330078125 0.2421875 0.7724609375 0.2324218734375 0.7167968734375 0.2685546875 0.7089843734375 0.3076171875 0.7197265625 0.34375 0.7900390625 0.3378906265625
10 0.6689453125 0.4316406265625 0.7548828125 0.4199218734375 0.80859375 0.4443359375 0.8564453125 0.42578125 0.8613281265625 0.4091796875 0.8417968734375 0.3681640625 0.8017578125 0.3417968734375 0.7216796875 0.3457031265625 0.6884765625 0.3671875 0.6660156265625 0.3994140625 0.6689453125 0.4316406265625
10 0.94921875 0.4638671875 0.9609375 0.4248046875 0.9433593734375 0.3701171875 0.9111328125 0.3496093734375 0.8681640625 0.3515625 0.8496093734375 0.3759765625 0.86328125 0.4208984375 0.9013671875 0.4316406265625 0.94921875 0.4638671875
10 0.8896484375 0.234375 0.953125 0.2236328125 0.9248046875 0.1699218734375 0.8720703125 0.1582031265625 0.8457031265625 0.1748046875 0.82421875 0.2177734375 0.8515625 0.2587890625 0.8896484375 0.234375
10 0.9394531265625 0.3603515625 0.98828125 0.3173828125 0.99609375 0.2705078125 0.9863281265625 0.2431640625 0.9560546875 0.2265625 0.9111328125 0.2324218734375 0.859375 0.2705078125 0.8691406265625 0.3447265625 0.9394531265625 0.3603515625
10 0.82421875 0.2197265625 0.8496093734375 0.1689453125 0.8056640625 0.16015625 0.7675781265625 0.2060546875 0.82421875 0.2197265625
10 0.99609375 0.4365234375 0.9990234375 0.3183593734375 0.9472656265625 0.3681640625 0.96484375 0.4267578125 0.99609375 0.4365234375
10 1 0.5283203125 0.9873046875 0.5234375 0.95703125 0.5283203125 0.9433593734375 0.5654296875 0.90234375 0.6103515625 0.9511718734375 0.6845703125 0.96484375 0.6845703125 1 0.6787109375 1 0.5283203125
10 0.39453125 0.6044921875 0.3984375 0.6435546875 0.4248046875 0.6816406265625 0.4589843734375 0.7001953125 0.5185546875 0.6328125 0.5761718734375 0.5966796875 0.56640625 0.5439453125 0.5166015625 0.5058593734375 0.4638671875 0.5097656265625 0.4287109375 0.5292968734375 0.40625 0.5576171875 0.39453125 0.6044921875
10 0.0126953125 0.66796875 0 0.6689453125 0.0058593734375 0.7529296875 0.0605468734375 0.7177734375 0.048828126562500004 0.6904296875 0.0126953125 0.66796875
10 0.7138671875 0.9511718734375 0.6640625 0.9951171875 0.9511718734375 0.9990234375 0.9052734375 0.9472656265625 0.8505859375 0.9355468734375 0.7138671875 0.9511718734375
10 1 0.2529296875 0.9990234375 0.18359375 0.9716796875 0.1953125 0.9589843734375 0.2216796875 1 0.2529296875
10 1 0.5244140625 0.9970703125 0.4375 0.9667968734375 0.4677734375 0.9609375 0.5166015625 1 0.5244140625