1 0.58 0.7816666671875 0.5599999999999999 0.6983333328125 0.5233333328125 0.6366666671875 0.47888888906249993 0.6033333328125 0.4188888890625 0.5933333328125 0.37444444374999997 0.6133333328125 0.337777778125 0.655 0.3066666671875 0.7216666671875 0.29555555624999996 0.8016666671875001 0.3066666671875 0.8983333328124999 0.34555555625 0.9733333328124999 0.37444444374999997 1 0.43333333281249997 0.9983333328124999 0.492222221875 0.95 0.55 0.9366666671875 0.57555555625 0.865 0.58 0.7816666671875
1 0.917777778125 0.5183333328125 0.8744444437500001 0.4566666671875 0.8211111109375 0.43 0.75444444375 0.4266666671875 0.7144444437499999 0.45999999999999996 0.68555555625 0.46333333281250005 0.66444444375 0.5016666671875 0.657777778125 0.595 0.6866666671874999 0.7216666671875 0.7233333328125 0.7766666671875 0.7788888890625 0.77 0.8577777781249999 0.7916666671875 0.9111111109375001 0.735 0.93555555625 0.6683333328125001 0.937777778125 0.5816666671874999 0.917777778125 0.5183333328125
1 0.682222221875 0.445 0.6688888890625 0.395 0.6566666671875 0.3933333328125 0.627777778125 0.3533333328125 0.55 0.3433333328125 0.512222221875 0.37 0.4911111109375 0.4016666671875 0.482222221875 0.5616666671874999 0.4911111109375 0.5883333328125 0.5633333328125001 0.6866666671874999 0.602222221875 0.6883333328125001 0.6333333328124999 0.6583333328125 0.6533333328125 0.5916666671875 0.657777778125 0.515 0.682222221875 0.445
1 0 0.8416666671874999 0.0211111109375 0.8699999999999999 0.067777778125 0.8966666671875 0.13888888906250002 0.8933333328125 0.1266666671875 0.9883333328124999 0.13999999999999999 0.9949999999999999 0.1833333328125 0.9566666671874999 0.2133333328125 0.8916666671875 0.222222221875 0.8616666671875001 0.21555555625 0.835 0.2311111109375 0.8150000000000001 0.262222221875 0.725 0.2666666671875 0.645 0.24444444375000002 0.5716666671875 0.2033333328125 0.51 0.1366666671875 0.4566666671875 0.107777778125 0.4533333328125 0.0411111109375 0.48 0 0.525 0 0.8416666671874999
1 0.48666666718749996 0.38166666718750003 0.462222221875 0.3016666671875 0.42555555624999997 0.25 0.37666666718749997 0.2233333328125 0.3211111109375 0.22000000000000003 0.27444444375 0.24666666718750002 0.242222221875 0.2883333328125 0.2266666671875 0.32166666718750003 0.2133333328125 0.3916666671875 0.222222221875 0.4716666671875 0.242222221875 0.5316666671875 0.2811111109375 0.5833333328125 0.34444444375 0.6083333328125 0.427777778125 0.5866666671874999 0.45555555625000005 0.5516666671875 0.48444444375 0.4683333328125 0.48666666718749996 0.38166666718750003
1 0.45555555625000005 0.1116666671875 0.45555555625000005 0.005 0.1966666671875 0 0.19555555625 0.075 0.21777777812500002 0.155 0.252222221875 0.21000000000000002 0.28444444375 0.2316666671875 0.3166666671875 0.2166666671875 0.40555555625000006 0.22000000000000003 0.43555555625000003 0.1716666671875 0.45555555625000005 0.1116666671875
1 0.19555555625 0.0816666671875 0.17444444374999998 0.0466666671875 0.1411111109375 0.02 0.107777778125 0.01 0.058888889062500005 0.02 0.03 0.0433333328125 0.0022222218750000003 0.10166666718749999 0.0022222218750000003 0.1516666671875 0.02 0.24500000000000002 0.0633333328125 0.33999999999999997 0.14666666718750002 0.355 0.20555555625 0.32 0.222222221875 0.28500000000000003 0.21777777812500002 0.1816666671875 0.19555555625 0.0816666671875
1 0.7977777781250001 0.16499999999999998 0.7677777781249999 0.12 0.73 0.0933333328125 0.6788888890625 0.0966666671875 0.6433333328125 0.1233333328125 0.6066666671875 0.1816666671875 0.59555555625 0.23500000000000001 0.597777778125 0.2883333328125 0.6166666671875001 0.3433333328125 0.672222221875 0.38333333281250004 0.7033333328125 0.4266666671875 0.73555555625 0.43166666718749996 0.772222221875 0.3966666671875 0.8044444437499999 0.335 0.8133333328125 0.21833333281249998 0.7977777781250001 0.16499999999999998
1 1 0.0083333328125 0.9788888890624999 0.0066666671875 0.9322222218749999 0.03 0.88444444375 0.0983333328125 0.8644444437500001 0.16499999999999998 0.86 0.2316666671875 0.877777778125 0.3116666671875 0.9077777781249999 0.3633333328125 0.96555555625 0.4066666671875 1 0.40499999999999997 1 0.0083333328125
1 0.922222221875 1 0.93555555625 0.9949999999999999 0.93555555625 0.915 0.922222221875 0.8283333328125 0.912222221875 0.8233333328124999 0.9077777781249999 0.8433333328125 0.81444444375 0.78 0.747777778125 0.7766666671875 0.71 0.8 0.6688888890625 0.8616666671875001 0.6511111109375001 0.9283333328125 0.6533333328125 0.985 0.67 1 0.922222221875 1
1 1 0.7083333328125 0.9322222218749999 0.6966666671875 0.86 0.8016666671875001 0.8988888890625001 0.8366666671875 0.9099999999999999 0.8166666671874999 0.92444444375 0.825 0.9411111109375 1 1 1 1 0.7083333328125
1 0.642222221875 1 0.5988888890624999 0.9566666671874999 0.55 0.9400000000000001 0.4966666671875 0.95 0.44666666718750003 1 0.642222221875 1
1 0.49444444374999996 0.1866666671875 0.4411111109375 0.16999999999999998 0.40444444375 0.2316666671875 0.4511111109375 0.2783333328125 0.4933333328125 0.385 0.542222221875 0.3383333328125 0.54 0.2683333328125 0.5266666671875 0.22833333281249998 0.49444444374999996 0.1866666671875