1 0.4921568625 0.7602941171875 0.5254901953125 0.7161764703125 0.5372549015625 0.6544117640625 0.5352941171875 0.5838235296875001 0.521568628125 0.5279411765625001 0.498039215625 0.480882353125 0.471568628125 0.45 0.44019607812499995 0.43235294062499996 0.3735294125 0.42941176406250003 0.3186274515625 0.46764705937500006 0.28039215624999997 0.5279411765625001 0.2490196078125 0.625 0.2450980390625 0.707352940625 0.2666666671875 0.7955882359374999 0.2754901953125 0.8058823531250001 0.3225490203125 0.8088235296875 0.34607843125 0.8470588234375 0.36666666718749996 0.8485294124999999 0.4186274515625 0.83823529375 0.459803921875 0.8029411765625 0.5117647062499999 0.825 0.4921568625 0.7602941171875
1 0.7147058828125 0.7294117640625 0.7509803921875 0.68676470625 0.7686274515625 0.6220588234375 0.7745098046875001 0.5191176468750001 0.7647058828125 0.457352940625 0.732352940625 0.3852941171875 0.6970588234374999 0.36176470625 0.655882353125 0.36176470625 0.6049019609374999 0.40294117656250006 0.5803921562500001 0.44558823593749997 0.5568627453125 0.5191176468750001 0.5549019609375 0.6102941171875 0.5647058828125 0.66323529375 0.6049019609374999 0.7235294125 0.6431372546875 0.73676470625 0.6696078437499999 0.732352940625 0.6794117640625 0.71176470625 0.7049019609375 0.71176470625 0.7147058828125 0.7294117640625
1 0.378431371875 1 0.386274509375 0.9779411765624999 0.384313725 0.9279411765625 0.3686274515625 0.8779411765624999 0.3225490203125 0.81176470625 0.21862745156250002 0.817647059375 0.1892156859375 0.8441176468749999 0.1627450984375 0.9014705875000001 0.1627450984375 0.9602941171875001 0.1735294125 1 0.378431371875 1
1 0.5490196078125 1 0.5470588234375 0.9397058828124999 0.5166666671875 0.894117646875 0.46960784375 0.8852941171875001 0.382352940625 0.9014705875000001 0.394117646875 0.942647059375 0.38725490156250003 1 0.5490196078125 1
1 0.7529411765625 0.8102941171875001 0.7078431375 0.7485294125 0.7009803921875 0.7235294125 0.6872549015625 0.7235294125 0.6833333328125 0.71176470625 0.671568628125 0.7352941171875 0.63039215625 0.744117646875 0.6009803921875 0.7705882359375 0.5764705875 0.8338235296875001 0.5764705875 0.8691176468749999 0.59607843125 0.9220588234375 0.648039215625 0.9852941171875 0.68039215625 0.9897058828124999 0.740196078125 0.9470588234375 0.7647058828125 0.8867647062499999 0.7647058828125 0.8485294124999999 0.7529411765625 0.8102941171875001
1 0.8784313718750001 0.73676470625 0.8245098046875 0.65 0.8029411765625 0.6529411765625001 0.751960784375 0.6911764703125 0.715686275 0.73676470625 0.7627450984374999 0.83676470625 0.7607843140624999 0.925 0.78823529375 0.925 0.832352940625 0.9058823531250001 0.8725490203125 0.8279411765625 0.894117646875 0.8044117640625 0.8784313718750001 0.73676470625
1 0.982352940625 1 1 0.9897058828124999 0.99607843125 0.875 0.9715686281249999 0.8205882359375 0.932352940625 0.7970588234375 0.9049019609375 0.8029411765625 0.8754901953124999 0.8264705875 0.832352940625 0.91176470625 0.7754901953125 0.9264705875000001 0.7549019609375 0.9514705875 0.759803921875 0.9647058828124999 0.8205882359375 0.982352940625 0.8441176468749999 1 0.982352940625 1
1 1 0.5926470593750001 0.9715686281249999 0.5323529406249999 0.951960784375 0.5205882359375 0.9166666671874999 0.5235294125000001 0.8607843140625 0.580882353125 0.8392156859375 0.6544117640625 0.8950980390625001 0.7823529406249999 0.9588235296875001 0.792647059375 1 0.7602941171875 1 0.5926470593750001
1 1 0.23676470625 0.9813725484375 0.21176470625000002 0.8950980390625001 0.22352941249999997 0.8568627453125 0.257352940625 0.8372549015624999 0.325 0.8647058828124999 0.36911764687500004 0.8725490203125 0.43676470624999997 0.8852941171875001 0.4588235296875 0.9284313718750001 0.48235294062499995 0.9549019609375 0.480882353125 1 0.45147058749999996 1 0.23676470625
1 0.7274509796874999 0.24558823593749998 0.713725490625 0.19558823593750002 0.667647059375 0.1352941171875 0.628431371875 0.1294117640625 0.6009803921875 0.13823529375000002 0.5705882359375 0.175 0.5568627453125 0.207352940625 0.5607843140625 0.2279411765625 0.5509803921875001 0.257352940625 0.5568627453125 0.319117646875 0.5705882359375 0.36323529374999997 0.5950980390625 0.3970588234375 0.6058823531249999 0.39852941249999996 0.655882353125 0.35882352968750003 0.7068627453125 0.36176470625 0.7274509796874999 0.3102941171875 0.7274509796874999 0.24558823593749998
1 0.5588235296875 0.21911764687500002 0.4911764703125 0.2147058828125 0.444117646875 0.17941176406249998 0.3970588234375 0.1852941171875 0.37254902031250003 0.21911764687500002 0.3607843140625 0.2720588234375 0.36666666718749996 0.3338235296875 0.384313725 0.3955882359375 0.41078431406249993 0.4205882359375 0.49607843125000006 0.4485294125 0.5166666671875 0.4352941171875 0.5372549015625 0.4014705875 0.5372549015625 0.2485294125 0.5588235296875 0.21911764687500002
1 0.3686274515625 0.357352940625 0.3686274515625 0.3455882359375 0.35392156875 0.27647058750000003 0.3068627453125 0.267647059375 0.267647059375 0.2852941171875 0.25196078437499997 0.25588235312499996 0.23333333281250002 0.2779411765625 0.23529411718749998 0.319117646875 0.2078431375 0.3779411765625 0.20196078437499998 0.43382352968750004 0.244117646875 0.45 0.28823529375 0.5044117640625 0.3411764703125 0.44264705937500004 0.3529411765625 0.419117646875 0.34901960781249997 0.3779411765625 0.3686274515625 0.357352940625
1 0.28431372499999996 0.51323529375 0.244117646875 0.45294117656250005 0.1990196078125 0.43823529375000003 0.1627450984375 0.457352940625 0.1529411765625 0.5455882359374999 0.1313725484375 0.5955882359375 0.1431372546875 0.642647059375 0.1588235296875 0.6661764703124999 0.1754901953125 0.63823529375 0.24803921562500003 0.6058823531249999 0.2568627453125 0.5926470593750001 0.28431372499999996 0.51323529375
1 0.1774509796875 0.63823529375 0.1588235296875 0.669117646875 0.1490196078125 0.7102941171875 0.1627450984375 0.775 0.209803921875 0.8191176468749999 0.2627450984375 0.8044117640625 0.2431372546875 0.707352940625 0.24803921562500003 0.6058823531249999 0.1774509796875 0.63823529375
1 0.1568627453125 1 0.1686274515625 0.9955882359375 0.1607843140625 0.9514705875 0.1627450984375 0.892647059375 0.1921568625 0.81323529375 0.144117646875 0.7764705875 0.0774509796875 0.7794117640625 0.038235293749999996 0.8088235296875 0.025490195312500002 0.83676470625 0.0235294125 0.9044117640625 0.013725490625 0.9544117640625001 0 0.9779411765624999 0 1 0.1568627453125 1
1 0.0009803921875 0.6058823531249999 0 0.7514705875 0.017647059375 0.8014705875000001 0.0294117640625 0.8102941171875001 0.0666666671875 0.775 0.06274509843750001 0.71323529375 0.0333333328125 0.630882353125 0.0009803921875 0.6058823531249999
1 0.1568627453125 0.4602941171875 0.13823529375000002 0.41176470624999995 0.10294117656249999 0.3852941171875 0.063725490625 0.38823529375 0.044117646875 0.3294117640625 0.0049019609375 0.31176470625 0 0.56323529375 0.040196078125 0.6411764703125 0.0666666671875 0.6455882359375 0.09117647031250001 0.6352941171875 0.12745097968750002 0.5985294125 0.1568627453125 0.5220588234375 0.1568627453125 0.4602941171875
1 0 0.31323529375 0.036274509375 0.3147058828125 0.0588235296875 0.357352940625 0.10098039218749999 0.3352941171875 0.1470588234375 0.2602941171875 0.1627450984375 0.21323529375 0.1666666671875 0.15441176406249998 0.1549019609375 0.0985294125 0.12254902031249999 0.05 0.0892156859375 0.026470587499999997 0.034313725 0.020588235937499998 0 0.03676470625 0 0.31323529375
1 0.4078431375 0.03676470625 0.38725490156250003 0.0088235296875 0.3147058828125 0 0.282352940625 0.0338235296875 0.2578431375 0.094117646875 0.2107843140625 0.1088235296875 0.20196078437499998 0.142647059375 0.2509803921875 0.18676470625 0.2588235296875 0.23676470625 0.2754901953125 0.2705882359375 0.35882352968750003 0.2720588234375 0.3764705875 0.207352940625 0.415686275 0.169117646875 0.43137254843750006 0.1014705875 0.4078431375 0.03676470625
1 0.8490196078125001 0.36323529374999997 0.8147058828124999 0.30294117656249997 0.7872549015625 0.282352940625 0.7539215687499999 0.282352940625 0.7352941171875 0.2985294125 0.713725490625 0.3661764703125 0.7392156859375001 0.392647059375 0.7647058828125 0.4544117640625 0.7745098046875001 0.5102941171875 0.7745098046875001 0.58676470625 0.8019607843750001 0.5955882359375 0.8392156859375 0.5485294125 0.8647058828124999 0.4779411765625 0.8686274515625 0.4279411765625 0.8490196078125001 0.36323529374999997
1 0.5745098046875 0.8338235296875001 0.594117646875 0.7720588234375 0.5578431375 0.7352941171875 0.5264705875 0.7205882359375 0.5 0.7602941171875 0.513725490625 0.8044117640625 0.5117647062499999 0.83676470625 0.5049019609375 0.8441176468749999 0.49509803906250005 0.8235294124999999 0.463725490625 0.8058823531250001 0.4431372546875 0.825 0.44117647031249996 0.8485294124999999 0.45196078437500004 0.88823529375 0.4931372546875 0.8823529406249999 0.5264705875 0.9 0.5450980390625 0.9308823531250001 0.5509803921875001 0.98676470625 0.5686274515624999 0.98676470625 0.5911764703125 0.9735294124999999 0.6039215687499999 0.9485294124999999 0.5745098046875 0.8661764703125 0.5745098046875 0.8338235296875001