16 0.5546875 0.4658203125 0.5722656265625 0.4443359375 0.5683593734375 0.4013671875 0.55078125 0.3837890625 0.5527343734375 0.3173828125 0.53515625 0.3115234375 0.5380859375 0.2519531265625 0.5068359375 0.2714843734375 0.4980468734375 0.2666015625 0.4707031265625 0.1689453125 0.4501953125 0.14453125 0.4140625 0.2763671875 0.3916015625 0.3105468734375 0.3769531265625 0.3115234375 0.3730468734375 0.3427734375 0.4082031265625 0.4169921875 0.4003906265625 0.4306640625 0.41796875 0.4912109375 0.4365234375 0.5097656265625 0.4707031265625 0.5107421875 0.4121093734375 0.5419921875 0.38671875 0.6201171875 0.41015625 0.7412109375 0.4501953125 0.7792968734375 0.5019531265625 0.7802734375 0.6201171875 0.7421875 0.6386718734375 0.6904296875 0.62890625 0.6103515625 0.61328125 0.5732421875 0.5732421875 0.5292968734375 0.5214843734375 0.5068359375 0.55078125 0.4970703125 0.5546875 0.4658203125
16 0 0.2587890625 0.0439453125 0.28125 0.0849609375 0.2753906265625 0.11523437343750001 0.3076171875 0.109375 0.3193359375 0.140625 0.3408203125 0.09570312656249999 0.3662109375 0.171875 0.3837890625 0.140625 0.3935546875 0.1347656265625 0.4345703125 0.1816406265625 0.5048828125 0.203125 0.5068359375 0.203125 0.5458984375 0.22265625 0.5966796875 0.3046875 0.7001953125 0.3193359375 0.6660156265625 0.3623046875 0.6484375 0.3808593734375 0.6259765625 0.40234375 0.5458984375 0.3828125 0.4677734375 0.3583984375 0.4355468734375 0.3359375 0.4248046875 0.3535156265625 0.3896484375 0.296875 0.3583984375 0.26171875 0.2529296875 0.23828125 0.2431640625 0.2285156265625 0.1962890625 0.2519531265625 0.1513671875 0.2109375 0.0908203125 0.1376953125 0.06835937343750001 0.1142578125 0.0703125 0.1044921875 0.09179687343750001 0.0341796875 0.00390625 0.03125 0.0576171875 0.048828126562500004 0.1240234375 0.0185546875 0.1015625 0.0009765625 0.10742187343750001 0 0.1591796875 0.0107421875 0.1699218734375 0.0136718734375 0.1572265625 0.017578126562499997 0.1845703125 0.03125 0.1845703125 0.0537109375 0.22265625 0.05859375 0.1884765625 0.05078125 0.1826171875 0.0634765625 0.1777343734375 0.0703125 0.1865234375 0.0605468734375 0.1904296875 0.0595703125 0.2363281265625 0 0.2119140625 0 0.2587890625
16 0.19921875 0.5205078125 0.15234375 0.4833984375 0.1464843734375 0.4580078125 0.0986328125 0.40625 0.0791015625 0.40625 0.0498046875 0.37890625 0.046875 0.4111328125 0.08984375 0.5087890625 0.05078125 0.5302734375 0.10351562656249999 0.5732421875 0.10351562656249999 0.6005859375 0.1269531265625 0.6416015625 0.109375 0.7587890625 0.11914062656249999 0.8544921875 0.1572265625 0.8925781265625 0.2265625 0.8955078125 0.2529296875 0.8886718734375 0.2988281265625 0.8466796875 0.30859375 0.7744140625 0.2890625 0.6962890625 0.2431640625 0.6328125 0.1796875 0.6318359375 0.21484375 0.6123046875 0.19921875 0.5205078125
16 0.037109373437499996 0.6689453125 0.08398437343750001 0.6357421875 0.09375 0.5751953125 0.033203126562500004 0.5283203125 0.07421875 0.5068359375 0.07421875 0.4775390625 0.0009765625 0.40625 0 0.6650390625 0.037109373437499996 0.6689453125
16 0.3984375 0.8564453125 0.41015625 0.8466796875 0.4140625 0.7763671875 0.3818359375 0.640625 0.3300781265625 0.6689453125 0.3105468734375 0.7099609375 0.30859375 0.7451171875 0.3203125 0.8486328125 0.3984375 0.8564453125
16 0.6738281265625 0.7412109375 0.703125 0.7294921875 0.7050781265625 0.6728515625 0.68359375 0.6103515625 0.6357421875 0.5546875 0.6171875 0.5693359375 0.640625 0.6865234375 0.6308593734375 0.7373046875 0.6738281265625 0.7412109375
16 0.7392578125 0.4824218734375 0.69140625 0.5380859375 0.67578125 0.5888671875 0.7138671875 0.6738281265625 0.7548828125 0.69921875 0.79296875 0.7001953125 0.8330078125 0.68359375 0.8720703125 0.6425781265625 0.8994140625 0.640625 0.9082031265625 0.6220703125 0.8984375 0.5888671875 0.8369140625 0.4980468734375 0.7919921875 0.48046875 0.7392578125 0.4824218734375
16 0.55859375 0.3369140625 0.57421875 0.4658203125 0.6123046875 0.4589843734375 0.6328125 0.4736328125 0.6191406265625 0.5478515625 0.66796875 0.5634765625 0.7265625 0.4619140625 0.7265625 0.3623046875 0.71875 0.3388671875 0.6845703125 0.3105468734375 0.6572265625 0.30859375 0.6552734375 0.296875 0.5986328125 0.30078125 0.55859375 0.3369140625
16 0.7519531265625 0.1083984375 0.7285156265625 0.0498046875 0.70703125 0.0380859375 0.6982421875 0 0.640625 0.0009765625 0.6464843734375 0.0361328125 0.6347656265625 0.1025390625 0.6171875 0.1123046875 0.6142578125 0.1347656265625 0.5957031265625 0.1298828125 0.6015625 0.1787109375 0.5859375 0.2021484375 0.5957031265625 0.2705078125 0.6123046875 0.2910156265625 0.63671875 0.2958984375 0.6904296875 0.28125 0.6953125 0.2529296875 0.7060546875 0.2578125 0.7275390625 0.2421875 0.7558593734375 0.1962890625 0.7558593734375 0.1494140625 0.74609375 0.1396484375 0.7519531265625 0.1083984375
16 0.5400390625 0 0.5 0.0478515625 0.50390625 0.1494140625 0.5185546875 0.16796875 0.5625 0.1806640625 0.5878906265625 0.1767578125 0.5917968734375 0.1240234375 0.6074218734375 0.1220703125 0.6142578125 0.09375 0.6328125 0.0947265625 0.6308593734375 0.0556640625 0.6425781265625 0.0283203125 0.6279296875 0 0.5400390625 0
16 0.5439453125 0.2480468734375 0.5371093734375 0.2822265625 0.5390625 0.3017578125 0.5488281265625 0.3037109375 0.5859375 0.2705078125 0.5761718734375 0.2099609375 0.5478515625 0.1796875 0.4912109375 0.17578125 0.4746093734375 0.1884765625 0.4902343734375 0.2490234375 0.5087890625 0.2714843734375 0.5439453125 0.2480468734375
16 0.23828125 0.2001953125 0.2402343734375 0.2412109375 0.26171875 0.2373046875 0.2978515625 0.3300781265625 0.34765625 0.3330078125 0.41015625 0.2705078125 0.421875 0.2177734375 0.3662109375 0.1503906265625 0.34765625 0.1533203125 0.3505859375 0.20703125 0.3212890625 0.140625 0.2783203125 0.1425781265625 0.23828125 0.2001953125
16 0.2060546875 0 0.20703125 0.0576171875 0.2207031265625 0.0908203125 0.2353515625 0.1015625 0.2734375 0.1025390625 0.2890625 0.0908203125 0.2910156265625 0.0732421875 0.3193359375 0.0566406265625 0.3388671875 0.08007812656249999 0.3857421875 0.09179687343750001 0.3925781265625 0.0478515625 0.37890625 0.0009765625 0.2060546875 0