16 0.3339843734375 0.2568359375 0.3730468734375 0.2080078125 0.38671875 0.1689453125 0.37890625 0.1513671875 0.4042968734375 0.1162109375 0.4033203125 0.10546875 0.390625 0.1201171875 0.3896484375 0.08398437343750001 0.3525390625 0.09375 0.2880859375 0.1621093734375 0.2685546875 0.1503906265625 0.2548828125 0.1640625 0.2255859375 0.15625 0.2080078125 0.1738281265625 0.1777343734375 0.1708984375 0.1796875 0.2861328125 0.1386718734375 0.3193359375 0.1464843734375 0.3623046875 0.11132812656249999 0.3857421875 0.078125 0.4638671875 0.0908203125 0.5058593734375 0.1318359375 0.5292968734375 0.1640625 0.5283203125 0.21484375 0.4697265625 0.22265625 0.4326171875 0.21484375 0.3955078125 0.2216796875 0.4003906265625 0.25390625 0.3720703125 0.2919921875 0.3046875 0.3378906265625 0.2802734375 0.3339843734375 0.2568359375
16 1 0.9501953125 0.9824218734375 0.9423828125 1 0.9287109375 0.9375 0.8779296875 0.9365234375 0.8691406265625 0.9638671875 0.8691406265625 0.96875 0.8583984375 0.8984375 0.7978515625 0.9404296875 0.8046875 0.9472656265625 0.7939453125 0.8964843734375 0.7587890625 0.9277343734375 0.7548828125 0.9199218734375 0.7099609375 0.94140625 0.7080078125 0.9453125 0.6474609375 0.9824218734375 0.5576171875 0.9355468734375 0.5107421875 0.9267578125 0.43359375 0.9052734375 0.4453125 0.8916015625 0.421875 0.8730468734375 0.4599609375 0.8603515625 0.4628906265625 0.8173828125 0.42578125 0.796875 0.4892578125 0.8261718734375 0.5439453125 0.8144531265625 0.5986328125 0.85546875 0.6787109375 0.84375 0.7490234375 0.796875 0.8154296875 0.8046875 0.8896484375 0.8701171875 0.9902343734375 0.9628906265625 0.9990234375 0.9736328125 0.9785156265625 1 0.9677734375 1 0.9501953125
16 0.3447265625 0.5703125 0.2978515625 0.5644531265625 0.296875 0.6357421875 0.28125 0.6435546875 0.2675781265625 0.6728515625 0.3046875 0.7060546875 0.3515625 0.8291015625 0.3964843734375 0.8857421875 0.48046875 0.7861328125 0.48046875 0.7314453125 0.4658203125 0.7402343734375 0.4472656265625 0.7197265625 0.44921875 0.7060546875 0.4345703125 0.7089843734375 0.3925781265625 0.6630859375 0.3447265625 0.5703125
16 1 0.0966796875 0.96875 0.0654296875 0.96875 0.0419921875 0.984375 0.0361328125 0.9765625 0.0283203125 1 0.0029296875 0.8798828125 0 0.85546875 0.0419921875 0.8583984375 0.0527343734375 0.87890625 0.0517578125 0.8339843734375 0.0869140625 0.8144531265625 0.1494140625 0.96484375 0.1982421875 0.9941406265625 0.1728515625 0.98828125 0.1572265625 1 0.1533203125 1 0.0966796875
16 0.7509765625 0.09765625 0.82421875 0.1005859375 0.84765625 0.0693359375 0.84375 0.0400390625 0.8222656265625 0.0185546875 0.8310546875 0 0.72265625 0.0009765625 0.6933593734375 0.0556640625 0.6962890625 0.08203125 0.7509765625 0.09765625
16 0.5644531265625 0.1044921875 0.6201171875 0.1386718734375 0.6699218734375 0.1455078125 0.7089843734375 0.0068359375 0.5830078125 0 0.5644531265625 0.1044921875
16 0.55859375 0.0927734375 0.5712890625 0 0.4589843734375 0.0009765625 0.4638671875 0.05078125 0.55859375 0.0927734375
16 0.37890625 0.0009765625 0.4550781265625 0.0439453125 0.4560546875 0 0.37890625 0.0009765625
16 0.23046875 0.1005859375 0.2441406265625 0.0595703125 0.2216796875 0.0390625 0.1972656265625 0.0771484375 0.23046875 0.1005859375
16 0.27734375 0.1357421875 0.3037109375 0.12890625 0.32421875 0.1005859375 0.30078125 0.0556640625 0.3027343734375 0.0009765625 0.2294921875 0 0.2558593734375 0.0576171875 0.23046875 0.1064453125 0.27734375 0.1357421875
16 0.3652343734375 0.3076171875 0.3525390625 0.2792968734375 0.2910156265625 0.3076171875 0.2832031265625 0.3505859375 0.3046875 0.3662109375 0.359375 0.3330078125 0.3652343734375 0.3076171875
16 0.6962890625 0.81640625 0.7529296875 0.8125 0.82421875 0.7587890625 0.8222656265625 0.7021484375 0.84375 0.6748046875 0.8173828125 0.6640625 0.8037109375 0.6386718734375 0.7578125 0.6513671875 0.7646484375 0.578125 0.6806640625 0.6894531265625 0.6845703125 0.6308593734375 0.6503906265625 0.6904296875 0.6416015625 0.6972656265625 0.6279296875 0.6875 0.6142578125 0.7167968734375 0.6005859375 0.7089843734375 0.58984375 0.7490234375 0.5673828125 0.7519531265625 0.5439453125 0.7910156265625 0.5283203125 0.7792968734375 0.5029296875 0.78125 0.4990234375 0.7578125 0.4921875 0.7841796875 0.41015625 0.8642578125 0.4003906265625 0.9365234375 0.421875 0.9853515625 0.4697265625 1 0.5234375 0.9990234375 0.5888671875 0.94921875 0.6113281265625 0.9150390625 0.61328125 0.8837890625 0.5957031265625 0.8720703125 0.5986328125 0.8574218734375 0.6513671875 0.8496093734375 0.6884765625 0.83203125 0.6962890625 0.81640625
16 0.6083984375 0.7011718734375 0.6074218734375 0.6572265625 0.6396484375 0.66015625 0.640625 0.6337890625 0.6669921875 0.625 0.6748046875 0.6328125 0.671875 0.6201171875 0.703125 0.5927734375 0.7089843734375 0.5771484375 0.6933593734375 0.5693359375 0.7080078125 0.5683593734375 0.703125 0.5595703125 0.7207031265625 0.5458984375 0.71875 0.4951171875 0.734375 0.4892578125 0.7363281265625 0.4658203125 0.7480468734375 0.4580078125 0.7480468734375 0.4169921875 0.765625 0.4052734375 0.7626953125 0.3847656265625 0.7255859375 0.3984375 0.7119140625 0.3613281265625 0.6787109375 0.36328125 0.6669921875 0.3808593734375 0.6474609375 0.34375 0.6357421875 0.36328125 0.6220703125 0.3574218734375 0.6201171875 0.37109375 0.5791015625 0.3457031265625 0.55078125 0.4228515625 0.5136718734375 0.4345703125 0.546875 0.4638671875 0.52734375 0.4736328125 0.5332031265625 0.4970703125 0.51953125 0.5029296875 0.5488281265625 0.5419921875 0.5722656265625 0.6396484375 0.5302734375 0.6425781265625 0.5097656265625 0.6748046875 0.4921875 0.7744140625 0.5029296875 0.7890625 0.5410156265625 0.7880859375 0.5644531265625 0.7177734375 0.5791015625 0.6953125 0.59375 0.7001953125 0.5917968734375 0.6591796875 0.578125 0.6494140625 0.6035156265625 0.6552734375 0.59765625 0.6787109375 0.6083984375 0.7011718734375