16 0.4355468734375 0.0595703125 0.4003906265625 0.0361328125 0.3974609375 0 0.3740234375 0.017578126562499997 0.3496093734375 0.0068359375 0.3466796875 0.0527343734375 0.3203125 0.0439453125 0.3203125 0.0869140625 0.3027343734375 0.0966796875 0.31640625 0.1416015625 0.2910156265625 0.1494140625 0.3037109375 0.1796875 0.3339843734375 0.1884765625 0.3046875 0.2138671875 0.29296875 0.2412109375 0.2949218734375 0.3505859375 0.3251953125 0.3828125 0.37109375 0.4033203125 0.4169921875 0.35546875 0.4589843734375 0.3310546875 0.4628906265625 0.2431640625 0.4433593734375 0.2001953125 0.4765625 0.1533203125 0.4736328125 0.1386718734375 0.4472656265625 0.1416015625 0.4355468734375 0.0595703125
16 0.1542968734375 0.4091796875 0.1865234375 0.484375 0.19921875 0.4794921875 0.2099609375 0.453125 0.2558593734375 0.4853515625 0.2792968734375 0.4638671875 0.27734375 0.4482421875 0.2939453125 0.4433593734375 0.3203125 0.4091796875 0.2861328125 0.3359375 0.2275390625 0.3261718734375 0.16015625 0.3740234375 0.1542968734375 0.4091796875
16 0.4931640625 0.1894531265625 0.48046875 0.1923828125 0.4746093734375 0.2197265625 0.4707031265625 0.3486328125 0.4326171875 0.3535156265625 0.40625 0.3759765625 0.36328125 0.4580078125 0.3691406265625 0.4990234375 0.3896484375 0.5 0.38671875 0.5107421875 0.4072265625 0.5292968734375 0.4462890625 0.5234375 0.4589843734375 0.5322265625 0.5400390625 0.5078125 0.5722656265625 0.4677734375 0.5703125 0.4208984375 0.5390625 0.3623046875 0.54296875 0.3408203125 0.51953125 0.2802734375 0.515625 0.2099609375 0.4931640625 0.1894531265625
16 0.6455078125 0.05078125 0.6152343734375 0.1005859375 0.62890625 0.1201171875 0.5810546875 0.1347656265625 0.5214843734375 0.2060546875 0.53125 0.2998046875 0.59375 0.3583984375 0.6552734375 0.3496093734375 0.6845703125 0.328125 0.7050781265625 0.2958984375 0.71875 0.2373046875 0.7109375 0.1943359375 0.6777343734375 0.1435546875 0.703125 0.0771484375 0.6455078125 0.05078125
16 0.8408203125 0.17578125 0.8017578125 0.2050781265625 0.7988281265625 0.1806640625 0.7724609375 0.1816406265625 0.7431640625 0.1328125 0.73046875 0.1357421875 0.7402343734375 0.1748046875 0.7363281265625 0.2431640625 0.7167968734375 0.2529296875 0.7011718734375 0.3115234375 0.66015625 0.3544921875 0.671875 0.4072265625 0.73046875 0.4306640625 0.7646484375 0.4199218734375 0.8339843734375 0.3330078125 0.80859375 0.2705078125 0.8369140625 0.2871093734375 0.8623046875 0.2734375 0.87109375 0.2216796875 0.8681640625 0.17578125 0.8408203125 0.17578125
16 0.8847656265625 0.5029296875 0.9072265625 0.50390625 0.92578125 0.4619140625 0.93359375 0.4267578125 0.9238281265625 0.4033203125 0.9394531265625 0.3486328125 0.9169921875 0.3066406265625 0.8876953125 0.3300781265625 0.83984375 0.3095703125 0.83984375 0.3408203125 0.8105468734375 0.3623046875 0.77734375 0.4306640625 0.7988281265625 0.4716796875 0.7490234375 0.4921875 0.7050781265625 0.5654296875 0.6953125 0.6689453125 0.7080078125 0.6894531265625 0.7480468734375 0.7080078125 0.7568359375 0.6816406265625 0.7763671875 0.69140625 0.8154296875 0.6425781265625 0.8369140625 0.67578125 0.8964843734375 0.6552734375 0.91015625 0.5556640625 0.9042968734375 0.5224609375 0.8847656265625 0.5029296875
16 0.4326171875 0.3515625 0.40234375 0.3798828125 0.36328125 0.4541015625 0.3613281265625 0.5068359375 0.3779296875 0.5546875 0.3955078125 0.5546875 0.4130859375 0.53125 0.4462890625 0.5253906265625 0.4511718734375 0.5830078125 0.50390625 0.5947265625 0.5527343734375 0.5380859375 0.57421875 0.4326171875 0.5214843734375 0.2900390625 0.515625 0.2099609375 0.4853515625 0.1894531265625 0.4746093734375 0.2216796875 0.4707031265625 0.3466796875 0.4326171875 0.3515625
16 0.21484375 0.3271484375 0.1621093734375 0.3701171875 0.15234375 0.3955078125 0.1865234375 0.484375 0.2099609375 0.453125 0.2558593734375 0.4853515625 0.27734375 0.4658203125 0.27734375 0.4501953125 0.3203125 0.4130859375 0.2890625 0.3427734375 0.2822265625 0.23046875 0.2529296875 0.2402343734375 0.2207031265625 0.2705078125 0.21484375 0.3271484375
16 0.4160156265625 0.5400390625 0.4052734375 0.5996093734375 0.3828125 0.5927734375 0.36328125 0.5419921875 0.35546875 0.4560546875 0.3193359375 0.4199218734375 0.28515625 0.4560546875 0.2890625 0.4873046875 0.27734375 0.4990234375 0.296875 0.5751953125 0.3105468734375 0.5791015625 0.32421875 0.6142578125 0.2988281265625 0.6572265625 0.2949218734375 0.7646484375 0.31640625 0.8154296875 0.3466796875 0.8417968734375 0.37109375 0.8427734375 0.3876953125 0.81640625 0.4433593734375 0.8017578125 0.5019531265625 0.7021484375 0.5019531265625 0.6787109375 0.4716796875 0.6171875 0.4316406265625 0.6103515625 0.4443359375 0.5332031265625 0.4160156265625 0.5400390625
16 0.58203125 0.4912109375 0.546875 0.5927734375 0.5917968734375 0.6005859375 0.5771484375 0.6113281265625 0.5419921875 0.6074218734375 0.5175781265625 0.6435546875 0.5234375 0.6826171875 0.5605468734375 0.7001953125 0.6357421875 0.6621093734375 0.65234375 0.6337890625 0.6621093734375 0.5673828125 0.6494140625 0.46875 0.625 0.4873046875 0.6220703125 0.515625 0.6083984375 0.48828125 0.58203125 0.4912109375
16 0.53515625 0.8193359375 0.5791015625 0.8574218734375 0.6640625 0.8662109375 0.6933593734375 0.7978515625 0.7285156265625 0.7763671875 0.7324218734375 0.7548828125 0.7060546875 0.6933593734375 0.6357421875 0.6660156265625 0.5810546875 0.6953125 0.54296875 0.7412109375 0.53515625 0.8193359375
16 0.9296875 0.7099609375 0.9375 0.6982421875 0.9228515625 0.6796875 0.8955078125 0.6875 0.8662109375 0.671875 0.8330078125 0.6953125 0.8261718734375 0.6572265625 0.8154296875 0.6503906265625 0.7802734375 0.7089843734375 0.7597656265625 0.6982421875 0.7578125 0.7236328125 0.7363281265625 0.7392578125 0.7324218734375 0.7880859375 0.7099609375 0.7890625 0.6972656265625 0.8017578125 0.671875 0.8564453125 0.6611328125 0.8671875 0.6074218734375 0.8603515625 0.6015625 0.9208984375 0.5644531265625 0.9619140625 0.55078125 0.9951171875 0.8769531265625 0.9990234375 0.91015625 0.8798828125 0.9667968734375 0.8603515625 0.91796875 0.8349609375 0.9433593734375 0.8154296875 0.93359375 0.8017578125 0.9394531265625 0.7861328125 0.9785156265625 0.7451171875 0.9296875 0.7099609375