5 0.7890625 0.44327445625 0.7763671875 0.4144021734375 0.7548828125 0.3940217390625 0.7373046875 0.397418478125 0.720703125 0.41610054375 0.732421875 0.463654890625 0.734375 0.5315896734375001 0.724609375 0.7184103265624999 0.7265625 0.786345109375 0.6923828125 0.7710597828125 0.654296875 0.7829483703125 0.6552734375 0.7914402171875 0.6904296875 0.7846467390625 0.7197265625 0.8186141296875 0.732421875 0.8169157609375001 0.7509765625 0.801630434375 0.76171875 0.7727581515625 0.79296875 0.565557065625 0.7890625 0.44327445625
5 0.7265625 0.4398777171875 0.7080078125 0.4144021734375 0.6806640625 0.42119565156250005 0.6640625 0.44667119531250005 0.611328125 0.6878396734375001 0.623046875 0.7931385875 0.634765625 0.799932065625 0.66796875 0.762567934375 0.72265625 0.57235054375 0.732421875 0.473845109375 0.7265625 0.4398777171875
5 0.6824296796875 0.38892685625 0.6843828046875 0.358356203125 0.6716874921875 0.3260871828125 0.6482499921875 0.319293703125 0.6218828046875 0.351562725 0.5984453046875 0.4194975078125 0.5378984296875 0.5417801171875001 0.5164140546875 0.6199051171875001 0.4967315 0.67637033125 0.4734453046875 0.7252040296875 0.47779566406249996 0.7346833968750001 0.5115312421875 0.6725545734375 0.5486406171875 0.6453806609375 0.5935624921875 0.5570654421875 0.6550859296875 0.47044859531250005 0.6824296796875 0.38892685625
5 0.615234375 0.3243885875 0.611328125 0.28702445625 0.5947265625 0.2615489125 0.5751953125 0.2615489125 0.55859375 0.280230978125 0.51171875 0.409307065625 0.494140625 0.5044157609375 0.474609375 0.5553668484375 0.443359375 0.6674592390625 0.4453125 0.6912364125 0.470703125 0.7150135875 0.5078125 0.6402853265624999 0.537109375 0.541779890625 0.58984375 0.4296875 0.615234375 0.3243885875
5 0.59375 0.6334918484375 0.609375 0.579144021875 0.6083984375 0.5570652171875 0.5947265625 0.5570652171875 0.5498046875 0.6487771734375001 0.513671875 0.6810461953125 0.513671875 0.7048233703125 0.48828125 0.8271059781250001 0.462890625 0.8746603265624999 0.4638671875 0.8831521734375001 0.474609375 0.8814538046875 0.5009765625 0.859375 0.53515625 0.7965353265624999 0.58203125 0.65047554375 0.59375 0.6334918484375
5 0.41796875 0.551970109375 0.423828125 0.49422554375 0.451171875 0.3685461953125 0.44921875 0.317595109375 0.4228515625 0.268342390625 0.3955078125 0.268342390625 0.369140625 0.307404890625 0.35546875 0.38892662968749997 0.34375 0.4806385875 0.341796875 0.6233016296875 0.3505859375 0.6487771734375001 0.3671875 0.6640625 0.3818359375 0.6555706515625 0.400390625 0.619904890625 0.40625 0.5689538046875 0.41796875 0.551970109375
5 0.4333762 0.7017535953125 0.486328125 0.5180027171875 0.525390625 0.3617527171875 0.5234375 0.331182065625 0.5126953125 0.305706521875 0.4853515625 0.29891304375 0.462890625 0.3345788046875 0.4325871453125 0.48016310000000006 0.421875 0.5451766296875 0.3911652921875 0.7031256390625 0.3643397765625 0.8115197343749999 0.374991103125 0.8266125890625 0.4187798609375 0.7621249515625 0.4333762 0.7017535953125
5 0.2978515625 0.5230978265624999 0.271484375 0.592730978125 0.2451171875 0.631793478125 0.2275390625 0.6351902171875 0.158203125 0.7184103265624999 0.041407065625 0.8197522968750001 0.060342771875 0.830728796875 0.1088655109375 0.8046593640624999 0.228515625 0.762567934375 0.3173828125 0.669157609375 0.33984375 0.630095109375 0.3427734375 0.46875 0.2978515625 0.5230978265624999
5 0.369140625 0.3040081515625 0.388671875 0.2700407609375 0.396484375 0.20889945625 0.3857421875 0.190217390625 0.3701171875 0.1834239125 0.3525390625 0.1970108703125 0.296875 0.331182065625 0.240234375 0.5451766296875 0.212890625 0.6131114125 0.2158203125 0.6216032609375 0.2255859375 0.6148097828125 0.24609375 0.6233016296875 0.28125 0.565557065625 0.330078125 0.409307065625 0.36328125 0.3345788046875 0.369140625 0.3040081515625
5 0.2371171359375 0.5505979890625 0.2722733859375 0.411331684375 0.1814530734375 0.48436157656249995 0.0408280734375 0.644008315625 0.0300858859375 0.6660871203125 0.0281327609375 0.7000545109375 0.0398515109375 0.76798929375 0.0535233859375 0.7781795109375 0.11114057343749999 0.7459104890625 0.1277421359375 0.723831684375 0.1794999484375 0.66438875 0.2371171359375 0.5505979890625
5 0.31640625 0.280230978125 0.2998046875 0.278532609375 0.1962890625 0.3804347828125 0.0732421875 0.5197010875 0.0029296875 0.5774456515625 0.001953125 0.6470788046875 0.0556640625 0.625 0.1748046875 0.489130434375 0.2705078125 0.40760869531250005 0.31640625 0.280230978125
5 0.2890625 0.280230978125 0.2890625 0.2428668484375 0.2666015625 0.2038043484375 0.2275390625 0.2038043484375 0.0517578125 0.3940217390625 0 0.46025815156250005 0.001953125 0.5757472828125 0.0712890625 0.5197010875 0.2041015625 0.370244565625 0.2705078125 0.3091032609375 0.2890625 0.280230978125
5 0.1982421875 0.149456521875 0.1728515625 0.15625 0.1005859375 0.2513586953125 0.0849609375 0.2615489125 0.0791015625 0.278532609375 0.0693359375 0.2819293484375 0.0185546875 0.3600543484375 0.0087890625 0.36684782656250003 0.0029296875 0.356657609375 0.00390625 0.44667119531250005 0.2099609375 0.2173913046875 0.21484375 0.18172554375 0.208984375 0.1647418484375 0.1982421875 0.149456521875
5 0.1005859375 0.15625 0.0634765625 0.17663043437499998 0.0029296875 0.2309782609375 0.00390625 0.3481657609375 0.1318359375 0.20720108750000002 0.14453125 0.18172554375 0.1259765625 0.1596467390625 0.1005859375 0.15625
5 0.43361242187500004 0.75526458125 0.431640625 0.7883698046875 0.454915075 0.9034489265625 0.48095162187499996 0.8389612859375 0.48371309531250006 0.7655551359375 0.4521484375 0.6983562171875 0.43361242187500004 0.75526458125