5 0.76171875 0.4534646734375 0.7431640625 0.411005434375 0.7275390625 0.397418478125 0.7080078125 0.4008152171875 0.693359375 0.4194972828125 0.701171875 0.463654890625 0.69921875 0.551970109375 0.671875 0.721807065625 0.66796875 0.7795516296875 0.6611328125 0.7914402171875 0.6328125 0.7897418484375 0.6533203125 0.8186141296875 0.66796875 0.8169157609375001 0.6884765625 0.8050271734375001 0.705078125 0.776154890625 0.755859375 0.565557065625 0.76171875 0.4534646734375
5 0.666015625 0.6368885875 0.69140625 0.5485733703125 0.69921875 0.4976222828125 0.69921875 0.4534646734375 0.6845703125 0.42119565156250005 0.6513671875 0.42119565156250005 0.623046875 0.4670516296875 0.587890625 0.6029211953125 0.5546875 0.698029890625 0.556640625 0.7931385875 0.564453125 0.7965353265624999 0.6044921875 0.76766304375 0.611328125 0.7421875 0.65234375 0.6742527171875 0.666015625 0.6368885875
5 0.6484375 0.41610054375 0.658203125 0.3685461953125 0.65625 0.3481657609375 0.6357421875 0.319293478125 0.6044921875 0.332880434375 0.48828125 0.5451766296875 0.462890625 0.6165081515625 0.435546875 0.6674592390625 0.44140625 0.6810461953125 0.4970703125 0.645380434375 0.5458984375 0.56046195625 0.6162109375 0.4789402171875 0.6484375 0.41610054375
5 0.591796875 0.31419837031250003 0.587890625 0.28702445625 0.5751953125 0.2649456515625 0.5419921875 0.268342390625 0.482421875 0.39232337031250003 0.439453125 0.5587635875 0.41015625 0.6334918484375 0.39453125 0.65047554375 0.392578125 0.6878396734375001 0.4140625 0.708220109375 0.45703125 0.6266983703125 0.494140625 0.5315896734375001 0.5703125 0.39232337031250003 0.591796875 0.31419837031250003
5 0.580078125 0.5621603265624999 0.5771484375 0.5366847828125 0.5498046875 0.5570652171875 0.5009765625 0.645380434375 0.466796875 0.6742527171875 0.423828125 0.83389945625 0.39453125 0.878057065625 0.404296875 0.8814538046875 0.4462890625 0.8491847828125 0.509765625 0.7319972828125 0.57421875 0.5825407609375 0.580078125 0.5621603265624999
5 0.380859375 0.52139945625 0.390625 0.4568614125 0.421875 0.3685461953125 0.423828125 0.307404890625 0.4013671875 0.268342390625 0.3720703125 0.2649456515625 0.341796875 0.307404890625 0.306640625 0.4568614125 0.287109375 0.6165081515625 0.2978515625 0.6487771734375001 0.314453125 0.657269021875 0.3369140625 0.6419836953125 0.361328125 0.5893342390625 0.365234375 0.5485733703125 0.380859375 0.52139945625
5 0.41015625 0.6233016296875 0.478515625 0.3991168484375 0.494140625 0.36514945625 0.49609375 0.331182065625 0.4892578125 0.3091032609375 0.4580078125 0.2955163046875 0.42578125 0.3549592390625 0.392578125 0.4568614125 0.376953125 0.551970109375 0.3671875 0.565557065625 0.35546875 0.6097146734375001 0.3515625 0.6538722828125 0.306640625 0.7795516296875 0.306640625 0.8169157609375001 0.3115234375 0.8288043484375001 0.318359375 0.8271059781250001 0.3525390625 0.7846467390625 0.3828125 0.7184103265624999 0.39453125 0.6470788046875 0.41015625 0.6233016296875
5 0.454683640625 0.7048233703125 0.449800828125 0.682744565625 0.4085231046875 0.7202766359375 0.3943213359375 0.7044977546875 0.3769635234375 0.7484042125 0.376558640625 0.8033288046875 0.376558640625 0.91202445625 0.382418015625 0.9154211953125 0.396089890625 0.8678668484375001 0.413668015625 0.8474864125 0.419527390625 0.799932065625 0.454683640625 0.7048233703125
5 0.333984375 0.33797554375 0.341796875 0.3040081515625 0.369140625 0.2632472828125 0.376953125 0.23607337031250003 0.376953125 0.2055027171875 0.3662109375 0.1868206515625 0.3505859375 0.18002717343750002 0.3291015625 0.20040760937500002 0.25390625 0.3685461953125 0.224609375 0.4670516296875 0.169921875 0.6029211953125 0.19921875 0.6165081515625 0.2177734375 0.6012228265624999 0.2421875 0.5553668484375 0.2890625 0.4296875 0.333984375 0.33797554375
5 0.2177734375 0.604619565625 0.103515625 0.7150135875 0 0.7977989953125 0.0018001937499999999 0.8272986109374999 0.051900868749999995 0.7984850156250001 0.1414508890625 0.770357515625 0.181640625 0.75577445625 0.283203125 0.65047554375 0.2998046875 0.4789402171875 0.2490234375 0.540081521875 0.2177734375 0.604619565625
5 0.2361212359375 0.4137495984375 0.1365118609375 0.488477859375 0.0027227984375 0.6294425328125001 0 0.6914629640625 0.0037726578125 0.7827062125 0.08622179375 0.7182184953124999 0.1326056109375 0.6549180765625 0.1804571734375 0.57509470625 0.2214727984375 0.47319253281250007 0.2361212359375 0.4137495984375
5 0.2666015625 0.2853260875 0.0654296875 0.48573369531250005 0.0029296875 0.5366847828125 0.00390625 0.619904890625 0.1533203125 0.46875 0.2412109375 0.4008152171875 0.29296875 0.2734375 0.2666015625 0.2853260875
5 0.2509765625 0.20040760937500002 0.2119140625 0.1970108703125 0.0283203125 0.3804347828125 0 0.41610054375 0.001953125 0.5349864125 0.2509765625 0.3023097828125 0.26953125 0.2768342390625 0.267578125 0.23267662968749997 0.2509765625 0.20040760937500002
5 0.1767578125 0.14266304375 0.1572265625 0.149456521875 0.0380859375 0.28872282656250003 0 0.344769021875 0.001953125 0.409307065625 0.1904296875 0.21399456562500002 0.197265625 0.202105978125 0.193359375 0.161345109375 0.1767578125 0.14266304375
5 0.0908203125 0.149456521875 0.0380859375 0.17663043437499998 0.0009765625 0.2105978265625 0.00390625 0.3209918484375 0.1220703125 0.190217390625 0.125 0.1647418484375 0.1083984375 0.149456521875 0.0908203125 0.149456521875