5 0.7822265625 0.40421195625 0.7568359375 0.3940217390625 0.736328125 0.41610054375 0.748046875 0.4568614125 0.755859375 0.5553668484375 0.755859375 0.786345109375 0.7568359375 0.8220108703125 0.787109375 0.7897418484375 0.814453125 0.5553668484375 0.806640625 0.44667119531250005 0.7822265625 0.40421195625
5 0.74609375 0.5451766296875 0.748046875 0.46025815156250005 0.7421875 0.436480978125 0.7236328125 0.4144021734375 0.7001953125 0.4177989125 0.677734375 0.4534646734375 0.638671875 0.6946331515625 0.650390625 0.7659646734375001 0.66015625 0.799932065625 0.66796875 0.8033288046875 0.701171875 0.762567934375 0.705078125 0.7252038046875 0.736328125 0.6131114125 0.74609375 0.5451766296875
5 0.6953125 0.395720109375 0.697265625 0.3617527171875 0.6865234375 0.3294836953125 0.6630859375 0.319293478125 0.638671875 0.3413722828125 0.609375 0.436480978125 0.560546875 0.541779890625 0.548828125 0.6029211953125 0.52055923125 0.6907769421875 0.5361328125 0.682744565625 0.5693359375 0.6555706515625 0.60546875 0.579144021875 0.66796875 0.4806385875 0.6953125 0.395720109375
5 0.6337890625 0.540081521875 0.607421875 0.5757472828125 0.5712890625 0.6555706515625 0.5390625 0.684442934375 0.541015625 0.7014266296875 0.51953125 0.83389945625 0.498046875 0.8746603265624999 0.4990234375 0.8865489125 0.505859375 0.88485054375 0.5322265625 0.8627717390624999 0.564453125 0.799932065625 0.62109375 0.6131114125 0.6337890625 0.540081521875
5 0.4912109375 0.56046195625 0.5078125 0.528192934375 0.51953125 0.473845109375 0.541015625 0.3617527171875 0.53515625 0.3209918484375 0.5224609375 0.3023097828125 0.5009765625 0.29891304375 0.482421875 0.3243885875 0.458984375 0.4194972828125 0.44140625 0.5587635875 0.42578125 0.6334918484375 0.404296875 0.748980978125 0.40625 0.799932065625 0.41015625 0.8203125 0.41796875 0.8203125 0.44921875 0.7591711953125 0.466796875 0.6946331515625 0.4921875 0.57235054375 0.4912109375 0.56046195625
5 0.46484375 0.3821331515625 0.46484375 0.3345788046875 0.45703125 0.3006114125 0.4306640625 0.268342390625 0.4052734375 0.27173912968749997 0.3828125 0.31080162968749997 0.369140625 0.436480978125 0.37109375 0.6266983703125 0.3818359375 0.6555706515625 0.3876953125 0.6623641296875 0.3935546875 0.6487771734375001 0.40234375 0.6640625 0.421875 0.643682065625 0.43359375 0.6029211953125 0.439453125 0.5621603265624999 0.46484375 0.3821331515625
5 0.349609375 0.4025135875 0.404296875 0.25985054375 0.40625 0.21569293437499998 0.3935546875 0.190217390625 0.3740234375 0.1868206515625 0.3642578125 0.1970108703125 0.337890625 0.2564538046875 0.302734375 0.36514945625 0.2578125 0.5621603265624999 0.2265625 0.6368885875 0.232421875 0.6368885875 0.2470703125 0.6216032609375 0.2724609375 0.625 0.30078125 0.5757472828125 0.349609375 0.4025135875
5 0.3435623625 0.48847778281250004 0.31524205 0.5377305 0.2732498625 0.6379343046875 0.2576248625 0.634537565625 0.188288925 0.7211544125 0.1114694171875 0.7902525265625 0.0530843640625 0.8321009921875 0.086616321875 0.8410194265625 0.1611755640625 0.8019152015625 0.26055455 0.765312021875 0.3318436125 0.6854886515625 0.364070175 0.6328391953125 0.3650467375 0.46809734843750006 0.3435623625 0.48847778281250004
5 0.220703125 0.6470788046875 0.259765625 0.551970109375 0.2900390625 0.411005434375 0.1962890625 0.4925271734375 0.064453125 0.6538722828125 0.0546875 0.6810461953125 0.05859375 0.7014266296875 0.052734375 0.721807065625 0.060546875 0.735394021875 0.068359375 0.7829483703125 0.076171875 0.786345109375 0.1337890625 0.7540760875 0.1607810796875 0.71616035625 0.1806640625 0.68953804375 0.220703125 0.6470788046875
5 0.330078125 0.280230978125 0.3212890625 0.27513587031250003 0.2958984375 0.2955163046875 0.0869140625 0.5298913046875 0.0009765625 0.6012228265624999 0.00390625 0.6674592390625 0.0888671875 0.618206521875 0.1982421875 0.489130434375 0.2880859375 0.40760869531250005 0.330078125 0.280230978125
5 0 0.5961277171875 0.005859375 0.5961277171875 0.0849609375 0.5298913046875 0.2158203125 0.37703804375 0.2880859375 0.305706521875 0.298828125 0.28702445625 0.298828125 0.24626358750000002 0.2724609375 0.2038043484375 0.2412109375 0.2038043484375 0.2001953125 0.241168478125 0.1162109375 0.34986412968749997 0.0283203125 0.4449728265625 0 0.49422554375 0 0.5961277171875
5 0.2197265625 0.22078804375 0.224609375 0.20889945625 0.220703125 0.17153532656249998 0.2080078125 0.1528532609375 0.1904296875 0.1528532609375 0.08543287031249999 0.29918581718750004 0 0.40552184843749994 0.00390625 0.4840353265625 0.0244140625 0.4449728265625 0.1123046875 0.35326087031250003 0.1533203125 0.292119565625 0.2197265625 0.22078804375
5 0.1044921875 0.1596467390625 0.0458984375 0.20040760937500002 0.0029296875 0.2445652171875 0.00390625 0.3685461953125 0.1455078125 0.2038043484375 0.1484375 0.18172554375 0.1279296875 0.1596467390625 0.1044921875 0.1596467390625
5 0.6183515703125 0.38010845625 0.6261640703125 0.30198345625 0.6056562578125 0.26292095625 0.5822187578125 0.2663176953125 0.5675703203125 0.2883965 0.5304609453125 0.410679109375 0.5167890703125 0.4854073703125 0.5128828203125 0.5261682390625 0.4982343828125 0.5584372609375 0.4874921953125 0.5907062828125 0.4718671953125 0.6892117171875001 0.4845625078125 0.718084 0.5031171953125 0.7163856296875 0.5343671953125 0.6484508484375 0.5597578203125 0.5397551953125 0.6007734453125 0.44804323906250004 0.6183515703125 0.38010845625