5 0.86328125 0.43308423906250004 0.8369140625 0.397418478125 0.8076171875 0.3940217390625 0.794921875 0.41610054375 0.8125 0.450067934375 0.8203125 0.52139945625 0.837890625 0.5825407609375 0.861328125 0.7252038046875 0.87109375 0.762567934375 0.87890625 0.7693614125 0.873046875 0.7795516296875 0.8896484375 0.8152173906250001 0.896484375 0.8135190218749999 0.908203125 0.7931385875 0.91015625 0.762567934375 0.892578125 0.5451766296875 0.86328125 0.43308423906250004
5 0.818359375 0.49082880468749995 0.80859375 0.4398777171875 0.7978515625 0.42119565156250005 0.7705078125 0.4144021734375 0.75 0.4398777171875 0.740234375 0.4976222828125 0.748046875 0.6912364125 0.759765625 0.735394021875 0.8017578125 0.801630434375 0.80859375 0.799932065625 0.83203125 0.748980978125 0.822265625 0.698029890625 0.82421875 0.5859375 0.818359375 0.49082880468749995
5 0.751953125 0.42629076093749996 0.751953125 0.358355978125 0.7314453125 0.319293478125 0.7060546875 0.32608695625 0.6875 0.358355978125 0.685546875 0.436480978125 0.66796875 0.52139945625 0.658203125 0.5621603265624999 0.658203125 0.6131114125 0.642578125 0.7252038046875 0.6484375 0.7319972828125 0.662109375 0.6810461953125 0.689453125 0.6402853265624999 0.744140625 0.4704483703125 0.751953125 0.42629076093749996
5 0.677734375 0.409307065625 0.677734375 0.3006114125 0.6630859375 0.268342390625 0.634013034375 0.26269967968749997 0.6170497921875 0.2880830921875 0.6166553078125 0.318268771875 0.603515625 0.44667119531250005 0.60876545625 0.5309407171875 0.6115270171875 0.6269861921875 0.58982979375 0.6599159953125 0.5925912671875 0.6997062453125 0.60876545625 0.7147991796875 0.6399305546875 0.6722646906249999 0.662109375 0.5247961953125 0.677734375 0.409307065625
5 0.6875 0.6470788046875 0.6640625 0.67764945625 0.6484375 0.7387907609375 0.642578125 0.8610733703125 0.642578125 0.8814538046875 0.6484375 0.8814538046875 0.671875 0.8474864125 0.69140625 0.7693614125 0.7041015625 0.6012228265624999 0.6875 0.6470788046875
5 0.5006742562500001 0.858867165625 0.5338116875 0.8417162421875 0.5649766984375 0.734694190625 0.595703125 0.4568614125 0.599609375 0.344769021875 0.5810546875 0.305706521875 0.5498046875 0.3125 0.537109375 0.3481657609375 0.53125 0.5180027171875 0.546875 0.6029211953125 0.5511695 0.6338465625 0.5267108031250001 0.67432283125 0.5132980015624999 0.8252513390624999 0.5006742562500001 0.858867165625
5 0.5390625 0.551970109375 0.529296875 0.5112092390625 0.5234375 0.3481657609375 0.4990234375 0.2853260875 0.4658203125 0.27513587031250003 0.443359375 0.3040081515625 0.4375 0.33797554375 0.451171875 0.5180027171875 0.486328125 0.6402853265624999 0.5087890625 0.669157609375 0.52734375 0.670855978125 0.548828125 0.6334918484375 0.548828125 0.619904890625 0.54296875 0.6165081515625 0.5390625 0.551970109375
5 0.443359375 0.5485733703125 0.44921875 0.528192934375 0.44140625 0.514605978125 0.4443359375 0.475543478125 0.4267578125 0.475543478125 0.41015625 0.4976222828125 0.380859375 0.6233016296875 0.3642578125 0.645380434375 0.3505859375 0.6487771734375001 0.306640625 0.721807065625 0.27107896875000004 0.772426296875 0.198492190625 0.8437743796875001 0.24228094687500001 0.852006796875 0.27778536875 0.81701885 0.346427221875 0.793693503125 0.373046875 0.762567934375 0.4228515625 0.6929347828125 0.455078125 0.619904890625 0.462890625 0.5689538046875 0.443359375 0.5485733703125
5 0.44921875 0.2700407609375 0.44921875 0.2190896734375 0.4326171875 0.1970108703125 0.4189453125 0.1936141296875 0.3984375 0.22248641249999998 0.375 0.3209918484375 0.3515625 0.5689538046875 0.33984375 0.6334918484375 0.3427734375 0.6419836953125 0.361328125 0.6402853265624999 0.384765625 0.606317934375 0.396484375 0.5587635875 0.416015625 0.41270380468749995 0.44921875 0.2700407609375
5 0.26953125 0.7340220546875 0.271484375 0.7170383593749999 0.2880859375 0.7085465109375 0.29296875 0.7000546625 0.3037109375 0.6881660765625 0.33203125 0.6457068375 0.349609375 0.5777720546875 0.3603515625 0.41303020625000003 0.3349609375 0.43001390156249997 0.2763671875 0.5047421625 0.171875 0.666087271875 0.158203125 0.7034514015625 0.16015625 0.7170383593749999 0.16015625 0.7374187937500001 0.169921875 0.757799228125 0.173828125 0.7917666203125 0.1875 0.8053535765625 0.1962890625 0.79006825 0.2138671875 0.79006825 0.2412109375 0.769687815625 0.26953125 0.7340220546875
5 0.3564453125 0.411005434375 0.365234375 0.39232337031250003 0.380859375 0.293817934375 0.3662109375 0.2853260875 0.3447265625 0.305706521875 0.2568359375 0.4177989125 0.1669921875 0.5502717390625 0.0537109375 0.6623641296875 0.0361328125 0.696331521875 0 0.721807065625 0.0126953125 0.7336956515625 0.037109375 0.7319972828125 0.0576171875 0.709918478125 0.1572265625 0.6521739125 0.3291015625 0.434782609375 0.3564453125 0.411005434375
5 0 0.7048233703125 0.01953125 0.7048233703125 0.1669921875 0.546875 0.2529296875 0.42119565156250005 0.3310546875 0.32608695625 0.34375 0.28702445625 0.337890625 0.2496603265625 0.3134765625 0.21399456562500002 0.2841796875 0.2173913046875 0.2529296875 0.2445652171875 0.1650390625 0.383831521875 0.1044921875 0.461956521875 0.0390625 0.5859375 0 0.643682065625 0 0.7048233703125
5 0.1650390625 0.3804347828125 0.2080078125 0.305706521875 0.2587890625 0.2377717390625 0.265625 0.2190896734375 0.259765625 0.1783288046875 0.2470703125 0.163043478125 0.2294921875 0.163043478125 0.2138671875 0.18002717343750002 0.0751953125 0.40760869531250005 0.0009765625 0.502717390625 0.001953125 0.6029211953125 0.0205078125 0.5706521734375001 0.0830078125 0.502717390625 0.1005859375 0.461956521875 0.1650390625 0.3804347828125
5 0.1650390625 0.18002717343750002 0.1279296875 0.17663043437499998 0.0400390625 0.2615489125 0 0.3243885875 0.00390625 0.46025815156250005 0.1162109375 0.29891304375 0.1806640625 0.2241847828125 0.18359375 0.2055027171875 0.1650390625 0.18002717343750002
5 0.0146484375 0.4415760875 0 0.4670516296875 0.00390625 0.501019021875 0.0771484375 0.40421195625 0.181640625 0.2258831515625 0.1435546875 0.2649456515625 0.0146484375 0.4415760875
5 0.151152946875 0.720973525 0.1736390953125 0.6427650703125 0.10223576875 0.6873575484375001 0.088034 0.7463568640625 0.0651533671875 0.77311239375 0.05359504375 0.8219765625000001 0.0896119359375 0.8094723828125 0.12117143125 0.7847749921875 0.151152946875 0.720973525
5 0.5156649921875001 0.7388104734375001 0.5227659640625 0.6798111578125 0.50540815 0.679125059375 0.48470299843750003 0.6490516609375 0.471876234375 0.755275371875 0.4766101296875 0.7820309046875 0.4971238140625 0.7758565578125001 0.5156649921875001 0.7388104734375001
5 0.6397569437499999 0.8121980671875001 0.6354166671875 0.7276570046875 0.6302083328125 0.6944444453124999 0.6189236109375 0.6506642499999999 0.609375 0.6159420296875 0.6067708328125 0.5691425109375 0.605902778125 0.52687198125 0.6041666671875 0.4664855078125 0.5989583328125 0.448369565625 0.5920138890625 0.4513888890625 0.5911458328125 0.4589371984375 0.5876736109375 0.493659421875 0.5868055562500001 0.532910628125 0.582465278125 0.5797101437500001 0.5807291671875 0.6234903375 0.5807291671875 0.63858695625 0.581597221875 0.6748188390625 0.5807291671875 0.711050725 0.582465278125 0.75483091875 0.590277778125 0.7986111109375 0.609375 0.8423913046875 0.636284721875 0.899758453125 0.6467013890625 0.8952294671875001 0.644965278125 0.8484299515625 0.6397569437499999 0.8121980671875001