7 0.291043403125 0.39251475 0.2841290296875 0.47433436718750005 0.278640359375 0.48505225 0.2790074953125 0.49556564375 0.28690702031250004 0.49792133749999995 0.32682072500000003 0.40968625468750003 0.3450795734375 0.316944265625 0.3466888453125 0.2510992296875 0.3399947484375 0.25528032343749996 0.3368373859375 0.248811696875 0.323394115625 0.171650315625 0.3147480828125 0.175899571875 0.30831710156250003 0.21559745156250001 0.3057655171875 0.3104224828125 0.291043403125 0.39251475
7 0.4058404453125 0.377979734375 0.3956289375 0.2801637515625 0.3879426 0.285184590625 0.3822825984375 0.2630140359375 0.36771950468750003 0.253528646875 0.38225202187499996 0.54195978125 0.39219526562499996 0.5468756625 0.4011288859375 0.5228797125 0.4058404453125 0.377979734375
7 0.5780635578125 0.6088053921875 0.579740140625 0.600852184375 0.5544812390625 0.5491031734375 0.5448378203125 0.496808859375 0.5469304828125 0.3888420828125 0.5265973125000001 0.3382368390625 0.5127134890625 0.416352503125 0.5161094953124999 0.5136013953125 0.5336524390624999 0.5682514046875 0.5712776765625 0.6103581375 0.5780635578125 0.6088053921875
7 0.61580505 0.59827699375 0.5959063265625 0.6160769703125 0.598408965625 0.6317788984375 0.6076057015624999 0.6432997312500001 0.6163435171875 0.6416788234374999 0.6257360578125 0.630824615625 0.6229580671875 0.607237640625 0.61580505 0.59827699375
7 0.5471140515624999 0.3940987796875 0.5496840015625 0.46769253437499997 0.5724157921875 0.5590031 0.5897751687499999 0.6083964125 0.5976746937499999 0.6107521124999999 0.6158172859375 0.570645253125 0.591616953125 0.4372811171875 0.5783205421875001 0.44827165156250004 0.5904237609375 0.40311258437499997 0.586752403125 0.29797865 0.567979559375 0.292055328125 0.5594253109375 0.2989329328125 0.5621788296875 0.377783384375 0.557803803125 0.3924097109375 0.5471140515624999 0.3940987796875
7 0.36495385156250004 0.7741405609374999 0.35652809531249996 0.70075129375 0.35526759218750004 0.6086909390625 0.3423627890625 0.5749313875000001 0.329537534375 0.571431925 0.33328844062499996 0.7068259484375 0.3419895484375 0.7881002609375 0.3491303296875 0.82469265 0.3569380703125 0.8244199968749999 0.36495385156250004 0.7741405609374999
7 0.8329471203125 0.3525386265625 0.8154714875 0.3557804453125 0.8249802828125 0.292291103125 0.81077826875 0.24936641406249999 0.7931986156249999 0.277611621875 0.7983874625 0.31427217500000004 0.8141620390625001 0.37424704375 0.8246559875000001 0.394933015625 0.8427741078125001 0.41008963906250007 0.8329471203125 0.3525386265625
7 0.8145046765625 0.020291125 0.7688391875 0.083727309375 0.768514890625 0.1863692203125 0.7802020296875 0.2412237234375 0.7880097703125 0.240951071875 0.80920570625 0.23231623125 0.8033988453124999 0.1219937609375 0.8145046765625 0.020291125
7 0.920735259375 0.459998246875 0.925673225 0.4335102734375 0.90748779375 0.3604618234375 0.9026905562499999 0.2790511875 0.89953319375 0.2725825609375 0.8977648265625 0.2779074203125 0.8839177109374999 0.273127865625 0.86039046875 0.2989492125 0.868265521875 0.3565683875 0.8898041203125 0.413710421875 0.920735259375 0.459998246875
7 0.8517383046875 0.10714794375 0.8547427031250001 0.2491469203125 0.8587383578125 0.25163894062500003 0.900579525 0.218599171875 0.8946013328125 0.0753882671875 0.865689440625 0.08692410625 0.8517383046875 0.10714794375
7 0.6304965609375001 0.3753976765625 0.6513253609375 0.35624944531249997 0.64417234375 0.3472887953125 0.6324607328125 0.347697775 0.6243654046875 0.367717121875 0.6304965609375001 0.3753976765625
7 0.6645116468750001 0.5939445671875 0.691367584375 0.607480284375 0.7067077140625 0.59904993125 0.7032749984375 0.5846962609374999 0.6671305421875 0.5570113640625001 0.6678648140625 0.57803815 0.6613665203125 0.5598442015625 0.6565325734375 0.561328784375 0.658013353125 0.57575061875 0.6536505625 0.5627452015625 0.646956465625 0.566926296875 0.6645116468750001 0.5939445671875
7 0.64429473125 0.490704190625 0.6442274203125 0.4328123625 0.618405578125 0.392925003125 0.6090925859375 0.4340392984375 0.610928265625 0.486606265625 0.6244755546875 0.53876425625 0.6345105828125 0.5463084874999999 0.6511601609375 0.5194115359375 0.64429473125 0.490704190625
7 0.6584784046875 0.7849428859375001 0.643046490625 0.7907448875 0.6628411937500001 0.797948303125 0.6725335593749999 0.7397156593750001 0.6590780515625 0.6901860171875 0.653338503125 0.637755375 0.630869828125 0.5819615984375 0.62259093125 0.596724246875 0.6275962093749999 0.628128103125 0.6202473890625 0.641542496875 0.625895153125 0.6913447890625 0.6439888015624999 0.76176489375 0.6584784046875 0.7849428859375001
7 0.4319376640625 0.845484934375 0.426589721875 0.7483042078125 0.40586494218749997 0.7424490484375 0.4118431359375 0.8856599562499999 0.4209358515625 0.9221841812499999 0.4274586171875 0.8851146515625 0.42477241093749996 0.8641560265624999 0.4319376640625 0.845484934375
7 0.5740128531249999 0.9405225953125 0.5873092640625 0.929532059375 0.5834176296875 0.902036646875 0.5684446359375 0.920980390625 0.5386944515625001 0.9364928328125 0.5740128531249999 0.9405225953125
7 0.6291993765624999 0.7859653328125 0.6270883453125 0.7255133218750001 0.6103592203125 0.7221501828125 0.6041240421875 0.7394730171874999 0.6055008015625 0.7788982453125 0.6291993765624999 0.7859653328125
7 0.5961510999999999 0.9029077609374999 0.602098690625 0.9053316203125 0.6131678140625 0.886524203125 0.6126171109375 0.8707541125 0.623686234375 0.851946696875 0.630209 0.814877165625 0.6295665125000001 0.7964787249999999 0.6107018828124999 0.78792705625 0.6040077859374999 0.7921081484375 0.605017409375 0.8210199828125001 0.5930977578125 0.8714357421875001 0.5961510999999999 0.9029077609374999