0 0.4957941234375 0 0.4874300890625 0.000134178125 0.4216777609375 0.020019140625 0.35196579375 0.066425634375 0.3609323078125 0.09933588125000001 0.326299409375 0.170900646875 0.369198615625 0.2241234078125 0.2770734765625 0.2722897453125 0.26877001875 0.37029548437500004 0.307697190625 0.4217026375 0.3151889109375 0.4683445921875 0.397796053125 0.511386303125 0.4289836484375 0.5650180421875 0.49185455312500004 0.574548434375 0.53815569375 0.5572970390624999 0.5847542812500001 0.6045276687500001 0.6709926421875 0.6396253109375001 0.7261797359375 0.624995084375 0.7957553749999999 0.5746847203125001 0.84162274375 0.489047428125 0.8326562296875 0.4561371828125 0.8654301500000001 0.44326679843749994 0.9098227234375 0.3713612171875 0.9277061625 0.3238331421875 0.9216396484375 0.1501109078125 0.80186063125 0 0.4957941234375 0
0 0.16256715 1 0.1779586359375 0.95976134375 0.155210825 0.8120277343750001 0.19854998125 0.7939026171875 0.2139485765625 0.7591643640625 0.27025725 0.692705609375 0.25838451875 0.632536434375 0.2225556578125 0.5859068749999999 0.122734309375 0.5815754515625 0.0980407828125 0.6019809234375 0.030107234375000003 0.5594039578125 0.002643815625 0.5564543703125 0.0160161765625 0.9673708140624999 0.0414727 1 0.16256715 1
0 0.6060582703125 0.6829334953124999 0.6133455 0.7237196453125 0.5915581921874999 0.771384046875 0.5990499109375 0.8180260031250001 0.6615923984375 0.8461338625 0.68696755625 0.8452477421875001 0.7336343046875 0.89443030625 0.7798115171875 0.9016121828125 0.7873466046875001 0.8935317890625001 0.7955385296874999 0.8482964640624999 0.834552440625 0.79025891875 0.8170283921875001 0.7361500375000001 0.79641843125 0.7056007046875 0.7673996578125 0.6860937500000001 0.6751133984375 0.6736819328125 0.6664877015624999 0.6505313625 0.6256333875 0.6558666578125 0.6060582703125 0.6829334953124999
0 0.780084128125 0.60161523125 0.7187809734374999 0.6369793484375 0.7229574953125 0.6446507625 0.6929410703125 0.6525390640625 0.7273385078125 0.6581779828125 0.7872598265625 0.6951717953125 0.8189803281250001 0.736081875 0.8391937078125 0.7832567375 0.9476283562500001 0.7824015890625 0.9655117953125 0.7348735140625 0.9883897125000001 0.718440075 0.9974677578125 0.6985799078125 0.9905399171875 0.5561568 0.916112303125 0.4395426234375 0.8910655625 0.421851278125 0.8694021828125 0.44508240781249997 0.8560360828125001 0.510041575 0.8413067218749999 0.5359620375 0.780084128125 0.60161523125
0 0.49716159062500004 1 0.7301766046875 0.9912896703125 0.7187562203125 0.8881097562500001 0.6873083703125 0.85500741875 0.5423880234375 0.8463879390625 0.5120183859375 0.816179421875 0.4883225109375 0.8091896390625 0.3654869203125 0.8173877828125 0.3399754359375 0.8143700328125 0.32381465 0.7992998546875001 0.2977702578125 0.8090037656250001 0.33022815625 0.8430479906249999 0.348353275 0.8863871453125001 0.41271137187500007 0.910522971875 0.3317091703125 0.997387196875 0.332092209375 1 0.49716159062500004 1
0 0.7984447484375 0.87555539375 0.7880282359375 0.9130511421874999 0.79644944375 0.93034590625 0.8038730015625 0.9750359265625 0.82487954375 0.988959728125 0.991735921875 0.9821558171874999 0.9950944890625 0.9664040093749999 0.9938675531250001 0.9312691765625001 0.9851736921875001 0.9061666703125001 0.9868281812499999 0.8416164828125 0.9699175999999999 0.80507501875 0.9507948296875 0.7891311187500001 0.860937646875 0.790314684375 0.8435747203125 0.7967839578125 0.7976267921875 0.852132171875 0.7984447484375 0.87555539375
0 0.49475606718750004 0 0.42558163125000004 0.0198828140625 0.3483345765625 0.0743697015625 0.357369253125 0.1092318828125 0.324142984375 0.1651130046875 0.369198615625 0.2241234078125 0.2770053125 0.2703378109375 0.26877001875 0.37029548437500004 0.30776535312500003 0.42365457187500005 0.3192972703125 0.474064071875 0.39382402031249997 0.50957069375 0.4289836484375 0.5650180421875 0.49185455312500004 0.574548434375 0.5362037578125001 0.557365203125 0.5827341828125 0.602643896875 0.66904070625 0.639693475 0.7261797359375 0.624995084375 0.7957553749999999 0.5746847203125001 0.8473422218750001 0.48493906875 0.834608165625 0.45606901874999994 0.8654301500000001 0.44326679843749994 0.9098227234375 0.3713612171875 0.9277061625 0.3238331421875 0.9194832234374999 0.144323265625 0.7999975390625 0 0.49475606718750004 0
0 0.16256715 1 0.1779586359375 0.95976134375 0.155210825 0.8120277343750001 0.19854998125 0.7939026171875 0.2158323484375 0.757144265625 0.27025725 0.692705609375 0.25838451875 0.632536434375 0.2225556578125 0.5859068749999999 0.120782375 0.5816436140625 0.0999927171875 0.6019127609375 0.030107234375000003 0.5594039578125 0.002643815625 0.5564543703125 0.0160161765625 0.9673708140624999 0.0401259890625 1 0.16256715 1
0 0.49723728749999996 1 0.7301766046875 0.9912896703125 0.7187562203125 0.8881097562500001 0.6873083703125 0.85500741875 0.544339959375 0.8463197765625001 0.49417831718749994 0.8089851484375 0.363534984375 0.8174559453124999 0.323950975 0.8032037265625 0.2977702578125 0.8090037656250001 0.30417136875 0.8244147578125001 0.326119796875 0.8373285109375 0.348353275 0.8863871453125001 0.41271137187500007 0.910522971875 0.3373604859375 0.9913269031249999 0.3359386671875 1 0.49723728749999996 1
0 0.87135411875 0.4450142453125 0.8449379406249999 0.5280179703125001 0.7858036078125 0.5975068718750001 0.7225485171875 0.6329391515625 0.627517159375 0.653846559375 0.6059901062499999 0.6809815609375 0.611461728125 0.7257397437499999 0.5915581921874999 0.771384046875 0.5991862375 0.8219298734375 0.6850156203125 0.8453159046875 0.7336343046875 0.89443030625 0.77785958125 0.9016803453125 0.7911823124999999 0.891443528125 0.7974904656249999 0.8482283015625001 0.8338150437499999 0.7971247734375 0.87244476875 0.7840499000000001 0.9487065687499999 0.7852954109375 0.9673274031249999 0.7309014796875 0.9973995953125 0.696627971875 0.98615890625 0.5426295796875 0.89698953125 0.4235987234375 0.87135411875 0.4450142453125
0 0.7969699546875 0.8892871031249999 0.7880963984375 0.9150030765625001 0.79644944375 0.93034590625 0.8038730015625 0.9750359265625 0.82487954375 0.988959728125 0.991735921875 0.9821558171874999 0.9950944890625 0.9664040093749999 0.993935715625 0.9332211109375 0.9851736921875001 0.9061666703125001 0.9868281812499999 0.8416164828125 0.9699175999999999 0.80507501875 0.9488428953125 0.7891992812499999 0.866725290625 0.7881582609375 0.8454584921875 0.7947638593749999 0.7976267921875 0.852132171875 0.7969699546875 0.8892871031249999