0 0.5434067625 1 0.590611396875 0.9917452765625001 0.6524435125 0.9618192015625 0.7140376328125 0.9050786937499999 0.700033215625 0.8739762984375 0.7230445296875 0.7978748343750001 0.672347609375 0.7520182484375 0.7558036609375 0.690033371875 0.7486734125 0.5919352984375 0.7021836484375 0.5472506046875 0.6874877546875 0.5023548531250001 0.5991644359375 0.47276566249999996 0.559970959375 0.4246730328125 0.49638321875 0.4250951515625 0.453350834375 0.44937724843750004 0.39993745468749997 0.41001773124999996 0.30927034999999997 0.38884284999999996 0.2570513734375 0.41192611875 0.1962026 0.4725011078125 0.164296559375 0.5642592984375 0.1783009765625 0.5953616921875 0.1479439296875 0.613200590625 0.1153464125 0.691165425 0.10511817812499999 0.7409059375 0.1382861484375 0.9115403499999999 0.23511991718749997 1 0.5434067625 1
0 0.7475881203125 0 0.79173235625 0.13787693437499998 0.7517621703125 0.162558640625 0.7419874171874999 0.199278078125 0.6967684359375 0.27372723125 0.7179075265625 0.33129832187499997 0.760589746875 0.3717489234375 0.8598597109374999 0.36041152187500003 0.8810571015625 0.33639435624999997 0.9548147796875 0.3678199796875 0.9824014953125 0.366437028125 0.91207621875 0 0.7475881203125 0
0 0.3666303796875 0.3359098875 0.3530525078125 0.2967658578125 0.3671152234375 0.24627999687500002 0.3524193296875 0.20138424375000002 0.2862498078125 0.183406240625 0.2613256796875 0.188251 0.20753962656249997 0.1469742421875 0.16080744062500002 0.1471044953125 0.1546291734375 0.1562641515625 0.15361446875 0.2022240546875 0.12415995625000001 0.2656501828125 0.14993274843749999 0.316351528125 0.1750679359375 0.3433006390625 0.20678099843750003 0.3580278953125 0.299872696875 0.3558501515625 0.3120137453125 0.3773663421875 0.35153045 0.36570571093750004 0.3666303796875 0.3359098875
0 0 0.48908845 0.006714584375000001 0.5212719328125 0.09846834843749999 0.6248073515625 0.12597425625 0.6383627140625 0.14373677499999998 0.6120286984375001 0.1467764625 0.54577836875 0.157269628125 0.51787285 0.2074680484375 0.44345063125 0.2624842921875 0.3989319796875 0.257159115625 0.3920083640625 0.2855719875 0.379521578125 0.25071591875 0.37933302812499997 0.1857452234375 0.35216843125 0.1480155078125 0.3167242015625 0.1206712140625 0.273292209375 0.01370535 0.2910997453125 0.003477115625 0.3408402578125 0 0.3442799578125 0 0.48908845
0 0.453590271875 0 0.1958026140625 0.050766475 0.22322328906250002 0.15088953125 0.2594623109375 0.178664796875 0.40394683125 0.16450761875 0.43866822031249997 0.1895933609375 0.463165803125 0.1927902375 0.5832066124999999 0.16547730624999998 0.6088760890625 0.1644670265625 0.627195403125 0.1768235609375 0.6514011203125001 0.1631648828125 0.614017140625 0.1346173328125 0.5893354359375 0.094647146875 0.5219940203125 0.08087629843750001 0.576545771875 0 0.453590271875 0
0 0 0.2792657515625 0.00952513125 0.2849484140625 0.098090871875 0.269722659375 0.114228015625 0.260616871875 0.15095187968749998 0.198762246875 0.14647979375 0.1757553609375 0.1509024359375 0.137091746875 0.1398794078125 0.1213272765625 0.1255561890625 0.07834876406249999 0.10263010937499999 0.067882534375 0 0.08845536875 0 0.2792657515625
0 0.5441222546875 1 0.582942434375 0.993235971875 0.64860903125 0.9625645484375 0.7163814187499999 0.8966643828124999 0.702004328125 0.8636447484374999 0.7260797906249999 0.8032538828125 0.672347609375 0.7520182484375 0.756176334375 0.6919506125 0.7486734125 0.5919352984375 0.701810975 0.5453333640625 0.682535253125 0.497348478125 0.603371590625 0.47393755468750004 0.559970959375 0.4246730328125 0.49638321875 0.4250951515625 0.45526807500000005 0.4490045734375 0.4022273703125 0.41156229843750003 0.311187590625 0.3884701765625 0.2570513734375 0.41192611875 0.1962026 0.4725011078125 0.1592901859375 0.5692117999999999 0.1763837359375 0.5957343671875 0.1479439296875 0.613200590625 0.1153464125 0.691165425 0.10511817812499999 0.7409059375 0.1413214109375 0.9169193968749999 0.2356290546875 1 0.5441222546875 1
0 0.7475881203125 0 0.79173235625 0.13787693437499998 0.7517621703125 0.162558640625 0.7404428515625 0.2015679921875 0.6967684359375 0.27372723125 0.7179075265625 0.33129832187499997 0.760589746875 0.3717489234375 0.8617769515625 0.360038846875 0.8791398609375 0.3367670296875 0.9548147796875 0.3678199796875 0.9824014953125 0.366437028125 0.91207621875 0 0.7475881203125 0
0 0.4535737734375 0 0.1958026140625 0.050766475 0.22322328906250002 0.15088953125 0.2594623109375 0.178664796875 0.40202959062500004 0.1648802921875 0.45741408124999994 0.193908259375 0.585123853125 0.16510463125 0.62645005625 0.1729890796875 0.6514011203125001 0.1631648828125 0.6426680078125 0.14894497812500002 0.6189696437500001 0.13962370625 0.5893354359375 0.094647146875 0.5219940203125 0.08087629843750001 0.576545771875 0 0.4535737734375 0
0 0 0.47773734375 0.01315778125 0.53394726875 0.11984986093750001 0.6375634953125 0.141819534375 0.612401371875 0.1549258421875 0.526287159375 0.20246167499999998 0.448403134375 0.259395159375 0.40351180781249996 0.349985884375 0.367995625 0.36700305312500003 0.337827128125 0.354597075 0.2944759421875 0.3671152234375 0.24627999687500002 0.3516739828125 0.1975497625 0.2632429203125 0.1878783265625 0.20753962656249997 0.1469742421875 0.16272468125 0.1467318203125 0.151167365625 0.158926740625 0.151697228125 0.202596728125 0.12381421875000001 0.258753503125 0.08770544999999999 0.27771042343749996 0.01218771875 0.288410221875 0.002305221875 0.3450474125 0 0.3486989484375 0 0.47773734375
0 0 0.27849403125 0.011442371875 0.284575740625 0.0927118234375 0.2727579203125 0.1126834484375 0.2629067875 0.15095187968749998 0.198762246875 0.14578831875 0.161962003125 0.15052976093749998 0.13517450625 0.1398794078125 0.1213272765625 0.1255561890625 0.07834876406249999 0.10263010937499999 0.067882534375 0 0.08845536875 0 0.27849403125