20 0.6374197953125 0.9068738703125 0.6460379421875 0.9110435515624999 0.6920525140625 0.901731921875 0.728427859375 0.9048718234375001 0.733512315625 0.9341850296875001 0.76520046875 0.9613201828125 0.7953308796874999 0.9714716937500001 0.83944269375 0.9756988859375 0.8694406828125001 0.9680809109374999 0.9024949296875 0.9480723890625 0.9200100265625 0.9170045453125001 0.9218465734375 0.8945809812500001 0.9132354062499999 0.8529382109375 0.8795120750000001 0.8215723921875 0.8596969578125 0.8128706015624999 0.7843674421875 0.8062283671875001 0.744120371875 0.8212813640625001 0.74167396875 0.8386884203125 0.72972774375 0.8488434046875 0.7305362296875 0.8805141421875 0.6516068125000001 0.8901306906249999 0.6374197953125 0.9068738703125
20 0.782569184375 0.9874290296874999 0.800216703125 0.974130671875 0.7433501734375 0.9483877265625 0.712954921875 0.9026972437499999 0.6677558171875 0.906206521875 0.6163779875000001 0.9256121515625001 0.621873665625 0.9332876359375 0.6399254265625001 0.935824646875 0.65125481875 0.9581262421875 0.6976004437500001 0.9932383281250001 0.7497205499999999 0.9966186921875 0.782569184375 0.9874290296874999
20 0.5973051453125 0.939696353125 0.6337536828125 0.914247909375 0.6350465828125 0.8956925796874999 0.6307044046875 0.88916536875 0.5781800546875 0.8699496343750001 0.5521269828125 0.8307863640625 0.51452494375 0.855086534375 0.48133827812499996 0.8573255703125 0.48065523125 0.8808974078125 0.4946296546875 0.912446178125 0.5196686296874999 0.930757571875 0.5497990390624999 0.9409090843750001 0.5973051453125 0.939696353125
20 0.5551832390625 0.818395815625 0.5726843749999999 0.86227415 0.59541635 0.8782889968750001 0.6381690515625 0.8921867750000001 0.7027128203124999 0.872659178125 0.7333938546875001 0.841469365625 0.7391683390625 0.8097376453124999 0.7245840578125 0.7731723671874999 0.6897734359375 0.7495430187500001 0.6253028578125 0.74048226875 0.6075891296875 0.7448958859375 0.5819995296875 0.7679258140624999 0.5197035328124999 0.7433921265625 0.50484045 0.7462340562499999 0.51237130625 0.75814020625 0.5703913359375 0.785031425 0.5551832390625 0.818395815625
20 0.649937590625 0.7429582953125 0.6637133828125 0.7478528359375 0.7076927765625001 0.7343105421875 0.7184785234375 0.7604803734375001 0.7550525 0.7902745046875 0.7826040859375001 0.8000635859375 0.8582054250000001 0.8047717015625 0.8910540593749999 0.795582040625 0.915828190625 0.7783544625000001 0.932527821875 0.7530889703125 0.9370825921874999 0.7113242328125 0.9248053125 0.6770555015624999 0.891625625 0.64182145 0.8393730984375001 0.6206715984375 0.7820953453125 0.616566375 0.7438172421875 0.62696529375 0.722165578125 0.6406870671875 0.7041068359375 0.675623146875 0.7046435 0.709228 0.6510248796875 0.7352218265625 0.649937590625 0.7429582953125
20 0.773491159375 0.537450515625 0.78054458125 0.56210964375 0.8111454453125001 0.5969812671875 0.8430392109374999 0.6132975593750001 0.8894580265625001 0.6198212984375 0.9269206625 0.61522473125 0.9791139609374999 0.59001675 0.991332009375 0.5779276484375 0.996974071875 0.5284264421875 0.9856446796875 0.5061248453125 0.9539565265625001 0.4789896921875 0.9163614703125 0.46581677343749994 0.8647850078125 0.4585681734375 0.82162108125 0.46630811562499996 0.7849007218749999 0.493690678125 0.7714629625 0.49574676249999994 0.770375671875 0.5034832312499999 0.7790600296875 0.5165376546875 0.773491159375 0.537450515625
20 0.6386570625 0.458345075 0.66539318125 0.473936509375 0.7043403703125 0.5149119296875 0.765144834375 0.5313467171874999 0.7744460281250001 0.5119445609375 0.7691559609375 0.49345021562499997 0.7811683984375 0.4921799734375 0.821892903125 0.46437399843750005 0.8587456843749999 0.45476092343749996 0.8594949406250001 0.44007382812499996 0.842060015625 0.4050802375 0.8098282171875001 0.38181331875 0.782820275 0.368156003125 0.72581434375 0.3621166609375 0.692965709375 0.3713063234375 0.65393835 0.39639233749999997 0.6402217859375 0.437855628125 0.61422794375 0.44505018906249993 0.6088646859375 0.4551441890625 0.6386570625 0.458345075
20 1 0.188077765625 0.9703007781249999 0.1755772078125 0.9264607843749999 0.1694158984375 0.8755603890625 0.17606855 0.8062632171875 0.21070665625 0.7905114765625 0.2479392828125 0.7994606765625 0.296532678125 0.8303333625 0.329470184375 0.8671129515624999 0.3484454546875 0.9367411750000001 0.3582310625 0.9747474546875001 0.34976626093749996 0.9987061203125001 0.3383410359375 1 0.3370962375 1 0.188077765625
20 1 0.06535663124999999 0.854546503125 0.044914474999999995 0.8495874875 0.07084384375 0.8968809999999999 0.1179230625 0.934204234375 0.1330300984375 0.9703077578125001 0.13810411875 1 0.1355091953125 1 0.06535663124999999
20 0.7578893953125 0.1338908171875 0.7897831609375 0.1502071109375 0.8284585265625 0.1931166484375 0.9041330562500001 0.1692364203125 0.9164242953124999 0.128558971875 0.884802353125 0.11030856093750001 0.85135084375 0.0770086265625 0.84938885625 0.044189615625 0.7746029859375 0.033679146874999996 0.7366629171875 0.0510286921875 0.7156211078125 0.069766971875 0.7010890765625 0.117032615625 0.7578893953125 0.1338908171875
20 0.59031814375 0.1941637921875 0.6019855671875 0.22341601406249997 0.630823075 0.2521228546875 0.6828037796875 0.275206821875 0.72949441875 0.27979644375 0.7694696671875 0.2666775640625 0.7845383625 0.25301677499999997 0.8184150578124999 0.18973281250000001 0.8073574875 0.1654970984375 0.7920901625 0.1525036578125 0.71744369375 0.12228958593749999 0.660165940625 0.1181843625 0.6148274328125 0.1413972421875 0.5909419609375 0.124234121875 0.5755352312500001 0.130944284375 0.5744479421875 0.13868075468750002 0.5972461265625 0.16358034375 0.59031814375 0.1941637921875
20 0.65993240625 0.278895578125 0.66168878125 0.32253345 0.676140640625 0.34132924062500003 0.7002979375 0.3565582453125 0.8039945046874999 0.36718720781249997 0.8336544609375001 0.3526186078125 0.842412009375 0.33708468593749996 0.80353103125 0.3049940078125 0.7846045734375 0.26190151875 0.7426603578125001 0.2796744765625 0.7214861265625 0.280643271875 0.6701814875000001 0.2714605546875 0.6215950734375 0.242936665625 0.6093108140625 0.246141025 0.61453466875 0.25575062656249997 0.6374722546875 0.26094661406249997 0.65993240625 0.278895578125
20 0.657890246875 0.312138003125 0.6576254046875001 0.27659903125 0.6374722546875 0.26094661406249997 0.6196923156249999 0.25647548750000004 0.6154093671875 0.29630610625 0.5964027359374999 0.31927505312500004 0.62565146875 0.3263441734375 0.6572734109375 0.3445945828125 0.6689478156249999 0.3363737171875 0.657890246875 0.312138003125
20 0.6102936046874999 0.0707427125 0.6208075281250001 0.0988466609375 0.6870414609375 0.1140721921875 0.7001411890625 0.10506548125 0.7221378671875 0.06082124531250001 0.7668665171875 0.03259185625 0.59408536875 0.00830905 0.5861432890625 0.0180406203125 0.585320840625 0.06131606093750001 0.5908165203125 0.068991546875 0.6102936046874999 0.0707427125
20 0.5900463203124999 0.196097909375 0.5946673031249999 0.1632179140625 0.5741761203125 0.140614871875 0.5755352312500001 0.130944284375 0.5906701375 0.12616823906250002 0.6148274328125 0.1413972421875 0.6410268875 0.12338382187500001 0.673875521875 0.11419415937499999 0.646595759375 0.10247096093750001 0.6151062375 0.1019900359375 0.609749959375 0.0746109484375 0.5888475515625 0.073645625 0.583682925 0.1103938546875 0.54553724375 0.138562259375 0.5403726171875001 0.1753104890625 0.5578075421875 0.21030407968749998 0.6063277453125 0.22994322500000003 0.5900463203124999 0.196097909375
20 0.581375925 0.1080973078125 0.5862025171874999 0.064398453125 0.580846240625 0.0370193640625 0.55675515625 0.030675103125 0.516713696875 0.034909240625 0.485150984375 0.0630166625 0.482021534375 0.10399555625000001 0.49830296093750004 0.137840871875 0.532026290625 0.169206690625 0.5386092609375 0.16914570625 0.5492033562499999 0.1311882203125 0.581375925 0.1080973078125
20 0.5206919375 0 0.52683035625 0.00970473125 0.5215333109375 0.028683475000000003 0.577385740625 0.0335745421875 0.5889277234375 0.007584190624999999 0.5349634078125 0 0.5206919375 0
20 0.40888361093750003 0 0.4054862703125 0.0123741265625 0.4197325171875 0.0419887796875 0.437035021875 0.059212884375 0.4769370796875 0.07468235 0.4981845 0.0451252078125 0.5212614875 0.030617592187499997 0.52336985625 0.0062599109375 0.518652675 0 0.40888361093750003 0
20 0.354630153125 0 0.35010429374999996 0.0322031703125 0.329877953125 0.0451391 0.34080310156250004 0.051605328125 0.35709150625 0.04797755625 0.3663857203125 0.0660484875 0.38423186875000004 0.0794043578125 0.3997048078125 0.0815789375 0.4393420234375 0.06150943125 0.4110481609375 0.028934356249999998 0.4101055953125 0 0.354630153125 0
20 0.3022513375 0 0.3101360265625 0.007848962499999999 0.332529965625 0.0169131828125 0.350787340625 0.0086313328125 0.3530227375 0 0.3022513375 0
20 0.2859055390625 0.0212083046875 0.3226189171875 0.031298832812499996 0.3271004984375 0.018122440625 0.30701355937499997 0.0113547671875 0.2859055390625 0.0212083046875
20 0.30251801718750004 0.0994773359375 0.3207091796875 0.0823107421875 0.3195626609375 0.0436893796875 0.3135233359375 0.039882128125 0.3003573984375 0.040004096875 0.277552234375 0.0525775953125 0.257803328125 0.052760546875 0.2584131828125 0.057777054687499996 0.2695439421875 0.0534244234375 0.275583265625 0.0572316734375 0.2826366890625 0.0818908015625 0.30251801718750004 0.0994773359375
20 0.317792325 0.0749976875 0.325595003125 0.0849697203125 0.374460221875 0.074086403125 0.34623955 0.012922981250000002 0.33056099843750003 0.0215672625 0.3195626609375 0.0436893796875 0.317792325 0.0749976875
20 0.39955842656249996 0.1387556296875 0.388229034375 0.1164540328125 0.392850015625 0.0835740375 0.38423186875000004 0.0794043578125 0.3610224609375 0.0761424875 0.325595003125 0.0849697203125 0.29036617656249997 0.1204511796875 0.3032533125 0.15973641875 0.3386075796875 0.1794975328125 0.3800743609375 0.1744775515625 0.39955842656249996 0.1387556296875
20 0.47781875625000003 0.077764740625 0.44680667031250004 0.0645308390625 0.42223815 0.07093955468749999 0.391490903125 0.093244625 0.38850085624999997 0.114519915625 0.4021372484375 0.139118059375 0.45100246562499996 0.1282347421875 0.4919918140625 0.13596773906249998 0.4933509265625 0.12629715156250002 0.47781875625000003 0.077764740625
20 0.44731541249999995 0.2480280484375 0.4653009625 0.24168031562499998 0.49428485312500003 0.21321046406250002 0.5451852484375 0.2065578125 0.5462725390625 0.1988213421875 0.539828971875 0.17917872343750002 0.5037986390625 0.1455163578125 0.4868341671875 0.13524287968749998 0.4561601125 0.12895960312500002 0.4238551234375 0.1342810296875 0.3970458125 0.1472779421875 0.3798025375 0.1764116703125 0.39011085 0.215334478125 0.421799003125 0.24246963125 0.44731541249999995 0.2480280484375
20 0.4526054796875 0.2665223953125 0.48069372968749996 0.3099163296875 0.510008671875 0.32587019375000004 0.5458403734374999 0.33287832968750003 0.5752947171875 0.329128590625 0.6023758499999999 0.3141975609375 0.6154093671875 0.29630610625 0.617789559375 0.2700143078125 0.60524045625 0.2376796953125 0.587666128125 0.22238970781249998 0.560386365625 0.21066650937500003 0.5294404875 0.20631735 0.499714321875 0.21200120625 0.47833447968750004 0.22378886250000002 0.45790252656249997 0.24754365156249997 0.40836124375000005 0.2445257171875 0.397568515625 0.255828975 0.4526054796875 0.2665223953125
20 0.4703122265625 0.2995818671875 0.4549124796875 0.2688189421875 0.43285657187500004 0.2667053453125 0.4195512328125 0.2865309171875 0.4202272984375 0.3004321671875 0.4321665453125 0.3277502734375 0.45584640781249997 0.355732253125 0.48624863906250004 0.3639496484375 0.510008671875 0.32587019375000004 0.4703122265625 0.2995818671875
20 0.458007025 0.41520549375 0.49886394999999994 0.405169003125 0.5162988765625001 0.44016259375000005 0.5344168484375 0.451584346875 0.5545037890625 0.45835202031250005 0.602281715625 0.45520517343750005 0.638186609375 0.43362496406249995 0.6476934140624999 0.403403946875 0.6686690125 0.37578092343749997 0.6578832671875 0.3496110921875 0.620493821875 0.3256193125 0.59443376875 0.32392913125 0.55099801875 0.333603190625 0.514894496875 0.3285291703125 0.4975850109375 0.3487781546875 0.49472738437499997 0.38782293125 0.45448031406249995 0.4028759296875 0.4519677015625 0.4113982421875 0.458007025 0.41520549375
20 0.5208919359374999 0.55717495625 0.5597729140625 0.589265634375 0.6075508421875 0.5861187859375 0.6511190124999999 0.5942142125000001 0.6906900171875 0.5652599640625 0.6984996781249999 0.5377589078125 0.7003362234375 0.51533534375 0.687581509375 0.49381959062499997 0.6628143578125 0.47357407812499996 0.6355345953125 0.4618508796875 0.5971240703125 0.45448031406249995 0.5516531437500001 0.4599237078125 0.524028365625 0.4787229734375 0.51384549375 0.4950427390625 0.50976815625 0.5240544984375 0.5208919359374999 0.55717495625
20 0.6545795140624999 0.597659034375 0.682807165625 0.6213493671875 0.7082503828125 0.6554961296874999 0.7224374 0.63875295 0.7800601671875 0.6123357109375 0.747762159375 0.5801840484375 0.6918435171875 0.5664082374999999 0.6545795140624999 0.597659034375
20 0.5067501875 0.6952221453125 0.523237225 0.7182486015625 0.5602886375 0.7352897546875 0.598970984375 0.7407262046875001 0.6444419109374999 0.735282809375 0.685776271875 0.7124933421875 0.6993534328125001 0.6907336546875 0.7030927375 0.65477126875 0.7007195265624999 0.6435899796875 0.655461190625 0.600741425 0.596963728125 0.586603184375 0.559501090625 0.5911997515625 0.532963603125 0.602262546875 0.5046557796875 0.6446336484375 0.42905444218750005 0.6399255328125 0.4211123609375 0.649657103125 0.5022093765625 0.6620407046875 0.5067501875 0.6952221453125
20 0.43794441093750003 0.6421610953125 0.5020769578125 0.6442712187499999 0.5133471187499999 0.620214984375 0.4707268359375 0.624086690625 0.43794441093750003 0.6421610953125
20 0.4996305546875 0.661678275 0.427761540625 0.6584808625 0.4262630265625 0.6878550515625 0.43759241875 0.7101566484374999 0.47966905468750004 0.7101531750000001 0.5319215828125 0.731303025 0.5376228750000001 0.7281596515625 0.510548721875 0.7056175921875 0.4996305546875 0.661678275
20 0.35539415 0.78045569375 0.3749374453125 0.791091603125 0.38456969218750003 0.816113159375 0.40417919687500004 0.8356338125 0.43607296250000005 0.8519501046875 0.46444001718749994 0.855936834375 0.5073321203125001 0.850131009375 0.548394659375 0.8292756609374999 0.5522001734375 0.8021980171875001 0.5406651703125 0.79071528125 0.5564761421875 0.7998404875 0.5615013671875 0.7827958609375 0.5373440703125001 0.7675668578125 0.5057883390625 0.7582011890625 0.509388240625 0.7419424078125 0.54379461875 0.7497363874999999 0.529342759375 0.7309405953125 0.489712525 0.7135370125 0.45360900156249995 0.70846299375 0.3999241703125 0.7255720765625 0.3761641375 0.7636515296875 0.35539415 0.78045569375
20 0.33141454375 0.9043001859375 0.3675180671875 0.9093742046875001 0.4000948796875 0.9021186609375 0.41604525312499996 0.8915402625000001 0.430371671875 0.8550934796874999 0.38429786875 0.818047278125 0.3709333 0.791515015625 0.32505812968750003 0.7811230421875 0.2865744140625 0.8023408218749999 0.277611253125 0.8286936046875001 0.2849364984375 0.851418615625 0.2727184484375 0.8635077156250001 0.29246735468749996 0.8633247656249999 0.3086825703125 0.8882853390625 0.33141454375 0.9043001859375
20 0.3513900046875 0.7808791078125 0.35702508437499997 0.7688509890625 0.37358531250000004 0.7632890999999999 0.3911004109375 0.7322212546875 0.43270659375 0.7074976703125 0.426402428125 0.6681514484375 0.41398574843749997 0.653586321875 0.381820159375 0.6392041453124999 0.34028716718749996 0.6353393828125 0.321148115625 0.64053884375 0.284699578125 0.6659872874999999 0.2674563046875 0.6951210140625 0.2677211453125 0.7306599859375 0.307821834375 0.77278368125 0.3513900046875 0.7808791078125
20 0.2868462375 0.8004067046875001 0.322751128125 0.7788264953125 0.2980501859375 0.7674657265625 0.2738266796875 0.7433519796875 0.2639226125 0.7202645390625 0.26603098125 0.6959068578125 0.23861181562499997 0.7038872625 0.1964619875 0.7324790812499999 0.2189813671875 0.796785878125 0.26329181562500004 0.8276672984375001 0.277611253125 0.8286936046875001 0.2868462375 0.8004067046875001
20 0.21667436874999998 0.79448933125 0.20276615312500001 0.7718253046875 0.1711372296875 0.7910479828125 0.11935515625 0.79461824375 0.1335351921875 0.815348153125 0.1654289578125 0.8316644468750001 0.2203997109375 0.8334731234375001 0.2412359078125 0.825553703125 0.24374851875 0.8170313890625 0.21667436874999998 0.79448933125
20 0.1416828859375 0.794797721875 0.1739878765625 0.7894762953125001 0.20161265312499999 0.7706770296875 0.2026337328125 0.75405581875 0.193067696875 0.737919003125 0.1963295671875 0.7147095953125 0.1723778828125 0.6886617328125 0.13654618125 0.6816535953125 0.1096706609375 0.685765765625 0.081230415625 0.71036738125 0.07457425625 0.7390167109375 0.07877703281250001 0.7652475265625001 0.1081581859375 0.7900861328125 0.1416828859375 0.794797721875
20 0.0766094328125 0.7432473765625 0.0702982875 0.7413742421875 0.060997093749999995 0.7607764 0.0665589828125 0.777336628125 0.0939049578125 0.7979445703125 0.11453554218749999 0.800844009375 0.11820165625000001 0.7934699703125 0.08515439062499999 0.776005403125 0.0766094328125 0.7432473765625
20 0 0.7379622453125 0.008538953125 0.7504454093749999 0.032968071875 0.7637402953125 0.0604534484375 0.764644634375 0.083743028125 0.70184506875 0.07587413750000001 0.68298829375 0.0472352625 0.68093568125 0.024092064062499998 0.6865585546874999 0.00671636875 0.6979227953125 0 0.7105634375000001 0 0.7379622453125
20 0.0592477 0.6796654390625 0.07492625 0.6710211593750001 0.07621217031250001 0.68993891875 0.08659367343749999 0.7002733812499999 0.1210732421875 0.679479015625 0.09623988125 0.6503487609375 0.0691587484375 0.665279790625 0.0592477 0.6796654390625
20 0.0745289859375 0.6177127015625 0.0534209671875 0.6275662390625001 0.04215080625 0.651622475 0.053480196875 0.6739240718749999 0.0583660203125 0.6765830484375 0.091692090625 0.654640409375 0.0950201703125 0.64031574375 0.094953959375 0.6314310015625 0.0745289859375 0.6177127015625
20 0.2483242328125 0.662847384375 0.2524677796875 0.6427203687499999 0.24683968125 0.617275396875 0.22980899843749997 0.598117175 0.17701282499999998 0.580835559375 0.1269941078125 0.590570603125 0.10282982968750001 0.6128146875 0.0941384921875 0.637233353125 0.11645924218749999 0.6748859203124999 0.1950436453125 0.6957918359375 0.22958942499999999 0.6838822140625 0.2483242328125 0.662847384375
20 0.228164103125 0.6846680578125001 0.1881888546875 0.6977869375 0.2015534234375 0.7243191984374999 0.2677281265625 0.693186896875 0.277572965625 0.66991650625 0.2589775578125 0.67124773125 0.2407863953125 0.6884143234375 0.228164103125 0.6846680578125001
20 0.321148115625 0.64053884375 0.347141959375 0.6333442828125 0.3504700390625 0.6190196171875 0.315725628125 0.6042750109374999 0.29292744375 0.579375421875 0.2669336015625 0.5865699828125 0.24819879218750002 0.6076048109375 0.25511281406249997 0.6519675406250001 0.23304992656249998 0.687327034375 0.2507636546875 0.68291341875 0.2618282046875 0.66967604375 0.277572965625 0.66991650625 0.321148115625 0.64053884375
20 0.48212941875000004 0.6177999421875 0.45634118749999997 0.6141756421875 0.41928977500000003 0.5971344890625 0.392480465625 0.6101314015625 0.39566914375 0.615510340625 0.412839228125 0.6149649578124999 0.39682264375 0.6166586140625 0.390710128125 0.641439709375 0.41914339375000004 0.65431118125 0.42247147343749997 0.639986515625 0.48212941875000004 0.6177999421875
20 0.4462977171875 0.6107918046874999 0.417254596875 0.5929038249999999 0.3856256734375 0.612126503125 0.3518953625 0.6182337734375001 0.34999260468750004 0.6317725953125 0.3898284515625 0.6383573171875 0.41914339375000004 0.65431118125 0.41962082812499996 0.641558203125 0.4795505953125 0.6174375109375 0.4462977171875 0.6107918046874999
20 0.3884763203125 0.610554815625 0.40415486874999995 0.601910534375 0.413184240625 0.5844424953125 0.4009069625 0.5501737640625 0.40579976718750005 0.515359653125 0.3905324390625 0.5023662125 0.3547007390625 0.4953580765625 0.306445375 0.5112579015625001 0.29001756875 0.5345892765625 0.2882472328125 0.565897584375 0.3206114515625 0.6069339890625 0.35359250625 0.6155138124999999 0.3884763203125 0.610554815625
20 0.4666564796875 0.6156253625 0.5170132296875 0.61284094375 0.5523082671874999 0.5862442265625 0.5165497578125 0.55064774375 0.509496334375 0.525988615625 0.512963815625 0.49196034843750003 0.45310724062499996 0.48749269375 0.41543899375000004 0.502908121875 0.40186183125 0.524667809375 0.401178784375 0.548239646875 0.414337740625 0.58559076875 0.4316402453125 0.6028148734375 0.4666564796875 0.6156253625
20 0.3939929390625 0.505811034375 0.4074969109375 0.5126396921875 0.42025860625 0.49668235625 0.3973210203125 0.49148636874999996 0.3939929390625 0.505811034375
20 0.2686447078125 0.50890384375 0.286013421875 0.535012690625 0.30359473124999997 0.5128295890625 0.324974571875 0.5010419328125 0.3547007390625 0.4953580765625 0.3882254390625 0.500069665625 0.3918915515625 0.4926956265625 0.35823443125 0.4702145515625 0.3426290703125 0.4502704859375 0.32973495625 0.44845833593749995 0.295122965625 0.451483215625 0.27659376875 0.461699184375 0.265661640625 0.49270604531249995 0.21435700156249998 0.483523328125 0.2095373875 0.48974909375 0.23023418437499998 0.5015332765625 0.2686447078125 0.50890384375
20 0.3527387515625 0.46253906562499997 0.394742196875 0.4911239390625 0.42568807499999994 0.4954730984375 0.4797109375 0.4853146421875 0.5101863609375 0.4649436890625 0.5146017328125 0.44288255468750004 0.48121643281250004 0.41846736250000005 0.44911705468749996 0.41296992968749996 0.45047616718750005 0.40329934375 0.4812896234375 0.3898790171875 0.458285828125 0.3757982875 0.4144458359375 0.369636978125 0.3929997828125 0.37253989062500004 0.35791035937500004 0.388317746875 0.3412107296875 0.41358324062499996 0.3527387515625 0.46253906562499997
20 0.4269357078125 0.355613759375 0.400126396875 0.368610671875 0.4430847125 0.3716895890625 0.48787259218749995 0.3898180328125 0.491810528125 0.3805098765625 0.48339799375 0.365521334375 0.44810993750000006 0.3546449640625 0.4269357078125 0.355613759375
20 0.42150623906250007 0.35682301562499996 0.44553111406249996 0.354282534375 0.44634658125 0.34848018125 0.4316229 0.3316185078125 0.4286398328125 0.315420709375 0.4102500390625 0.3059330734375 0.37577046875 0.3267274390625 0.319102571875 0.3276387234375 0.308647878125 0.34589260624999996 0.3108154765625 0.3678927578125 0.34453880937500003 0.399258575 0.356756859375 0.3871694734375 0.42150623906250007 0.35682301562499996
20 0.2929763078125 0.3170637984375 0.344009125 0.32818063125 0.3760422921875 0.324793321875 0.40339524843749996 0.30792817499999997 0.42654542500000003 0.2648322125 0.39729669218749997 0.2577630921875 0.393498159375 0.2473676453125 0.4103302109375 0.23987163906250003 0.3863785265625 0.213823775 0.317022125 0.2021040484375 0.2953042515625 0.206941078125 0.2679512953125 0.2238062265625 0.25423473125 0.2652695171875 0.266173978125 0.292587621875 0.2929763078125 0.3170637984375
20 0.2580402453125 0.238191875 0.25450655312500003 0.2633354 0.2641388 0.2883569578125 0.29066930625 0.3147672515625 0.30532677812500003 0.3227441828125 0.34658794843749996 0.3285430625 0.3760422921875 0.324793321875 0.40624589218749996 0.3063564875 0.4268172484375 0.2628980953125 0.39729669218749997 0.2577630921875 0.3958051609375 0.24966419218749997 0.412909034375 0.24023406875000003 0.38983902656249997 0.21726859531249998 0.37925889375 0.1802799046875 0.3703689234375 0.17804434062500002 0.3432215796875 0.18409062812500002 0.317022125 0.2021040484375 0.273924409375 0.218728734375 0.2580402453125 0.238191875
20 0.2695961921875 0.13725534374999998 0.2666723546875 0.16741537812500001 0.29476758593749997 0.1733362234375 0.32381070625 0.1912242046875 0.3411864015625 0.1798599625 0.313634815625 0.17007088125 0.2893450984375 0.1370723921875 0.2695961921875 0.13725534374999998
20 0.2722482046875 0.10902942812500001 0.22494073124999997 0.1368963859375 0.2309800546875 0.14070363749999998 0.2501191078125 0.13550417812499999 0.25662888437500003 0.164031540625 0.27027225625 0.1511565953125 0.26932436875 0.1391894609375 0.2887352421875 0.132055884375 0.29057178906250003 0.1096323203125 0.2722482046875 0.10902942812500001
20 0.321569915625 0.1978124 0.32150370625 0.1889276578125 0.276987646875 0.168865096875 0.23925318906249998 0.17539578125 0.21563255781250001 0.1937716328125 0.2038919421875 0.19310775625 0.2154269453125 0.2045904921875 0.212165075 0.2277999 0.22892393437499997 0.24889224062499998 0.2541023109375 0.24750003125000003 0.2710737640625 0.22030042187499999 0.321569915625 0.1978124
20 0.191328878125 0.235719321875 0.16900115 0.2355398421875 0.16933918125 0.24249046875000002 0.1859656203125 0.245813321875 0.18576000937499998 0.2566321828125 0.22552964531250003 0.2543321625 0.22892393437499997 0.24889224062499998 0.20843275156250002 0.226289196875 0.191328878125 0.235719321875
20 0.15848024375 0.2449089828125 0.15366063125 0.2511347484375 0.164651990625 0.2664857203125 0.1475481171875 0.27591584375 0.1448298921875 0.2952570171875 0.165181671875 0.3375636640625 0.17787017656249998 0.3501946734375 0.20053593906249997 0.357324778125 0.23650704218750002 0.3446293109375 0.2045470671875 0.31942827500000004 0.1929458515625 0.2990607953125 0.1823587375 0.29954519375 0.17156601093749999 0.31084845156249996 0.170618121875 0.2988813171875 0.1985809328125 0.287032678125 0.21582420781249997 0.25789895 0.2046272375 0.2533668390625 0.18263754062499998 0.2601379875 0.15848024375 0.2449089828125
20 0.21723556875 0.332059284375 0.271523275 0.3574398 0.284417390625 0.35925195 0.308647878125 0.34589260624999996 0.312791425 0.3257655890625 0.2929763078125 0.3170637984375 0.266173978125 0.292587621875 0.25240516562500004 0.2502199921875 0.21270174062499997 0.2614047546875 0.2014315796875 0.28546099062499997 0.170618121875 0.2988813171875 0.175298334375 0.31235915468750003 0.17781094687500001 0.3038368421875 0.1981034984375 0.2997856546875 0.21723556875 0.332059284375
20 0.2726697953125 0.3960611625 0.2744993625 0.4111106875 0.31358595 0.4323825046875 0.34093890625 0.4155173578125 0.3416881625 0.4008302625 0.3099338 0.364810365625 0.2611347921875 0.38457842656249996 0.2726697953125 0.3960611625
20 0.3437163609375 0.442534015625 0.33924176093749997 0.41823731875 0.3173182734375 0.43389320781249996 0.3154155171875 0.44743202968749995 0.3426290703125 0.4502704859375 0.3437163609375 0.442534015625
20 0.21883160156249998 0.5078200265625 0.26904895 0.5247392109375 0.273596740625 0.5204475625 0.26633770625 0.5066072953125 0.21761189062500003 0.497787009375 0.21265985625 0.4862432890625 0.2628109953125 0.4942777328125 0.27062065625 0.4667766765625 0.3131085171875 0.4451354828125 0.31304230624999996 0.4362507390625 0.292007478125 0.41751593124999997 0.24613230625 0.4071239578125 0.22183560937500002 0.4115985578125 0.20588523749999998 0.42217695468749994 0.1918306390625 0.45668962031250004 0.17486616875 0.4464161421875 0.1645508765625 0.44496642187499996 0.1597312625 0.45119218749999995 0.19481370781250001 0.47288741874999995 0.21883160156249998 0.5078200265625
20 0.19210246250000002 0.454755503125 0.21185835000000003 0.41709946249999996 0.23011572343750003 0.40881761250000004 0.2696135375 0.40845170937499997 0.27042900468750003 0.4026493578125 0.2617446484375 0.389594934375 0.244508353125 0.38125557187500003 0.21016818437499998 0.382346334375 0.1870911984375 0.3968539515625 0.165240903125 0.38392149531249997 0.1606931125 0.38821314375 0.1825434078125 0.4011456 0.171816890625 0.4213336 0.1765633140625 0.44369618125 0.19210246250000002 0.454755503125
20 0.1825434078125 0.4011456 0.1658507578125 0.388938003125 0.1870911984375 0.3968539515625 0.229579059375 0.3752127578125 0.175291353125 0.34983224375 0.14875386562499998 0.3608950390625 0.1402681390625 0.37449484375000003 0.1070152625 0.36784913750000003 0.09445917968749999 0.3729876125 0.13375138125 0.3834405703125 0.1391076578125 0.410819659375 0.1564101625 0.4280437640625 0.1718831015625 0.43021834375 0.1825434078125 0.4011456
20 0.12335591718750001 0.4480522859375 0.098574803125 0.5027529515625 0.1276911140625 0.4920525859375 0.13814580781250002 0.47379870312500005 0.1692310875 0.45844425937500005 0.1605467296875 0.4453898359375 0.17364645781250002 0.436383125 0.1587171640625 0.4303403109375 0.12335591718750001 0.4480522859375
20 0.1678057640625 0.459230103125 0.1352951640625 0.475370390625 0.1257883578125 0.5055914078125 0.1489245734375 0.5374416234375 0.180825321875 0.516284828125 0.218016134375 0.513622378125 0.21883160156249998 0.5078200265625 0.19712070625 0.47518396718749994 0.1678057640625 0.459230103125
20 0.24446646875 0.60609410625 0.2672054234375 0.5846358640625 0.27203201718750003 0.5409370109375 0.2509971890625 0.5222022015625 0.19711372656249998 0.51265705625 0.1594454796875 0.5280724828125 0.1472274296875 0.5401615843750001 0.1413867359375 0.5630085625000001 0.1270672984375 0.56198225625 0.11939703906250002 0.569779709375 0.145523303125 0.580354634375 0.210265703125 0.5874812656249999 0.24446646875 0.60609410625
20 0.12224768593749999 0.5682080218750001 0.1413867359375 0.5630085625000001 0.1384698796875 0.55569550625 0.1023663578125 0.5506214875000001 0.0659178203125 0.57606993125 0.0690333078125 0.610037215625 0.09407228281249999 0.6283486109374999 0.11246905625 0.60036315625 0.145523303125 0.580354634375 0.12224768593749999 0.5682080218750001
20 0.1266630546875 0.5461468875 0.13616288125 0.553398959375 0.14634575156250001 0.53707919375 0.130196746875 0.5210033625 0.1119393734375 0.5292852140625001 0.10718597031249999 0.544395721875 0.1266630546875 0.5461468875
20 0.252244821875 0.3823428625 0.269686728125 0.3798633640625 0.28183856875 0.3588895203125 0.2523180140625 0.35375451562500004 0.252244821875 0.3823428625
20 0.2798696 0.3635435984375 0.27056840625 0.38294575468750003 0.30817044375 0.358645584375 0.2798696 0.3635435984375