7 0.44361897499999997 0.4607565671875 0.45309706250000004 0.4528867890625 0.45085133437499997 0.43152010625 0.440148303125 0.4277353328125 0.385020996875 0.4354933296875 0.3567158015625 0.4463238578125 0.2955059921875 0.4802516359375 0.26349309375 0.52583981875 0.2666305390625 0.5696974359375 0.28744523437499997 0.6136609828124999 0.30085629062499997 0.6151972484375 0.3078305109375 0.611518403125 0.3124299296875 0.599251684375 0.3121295796875 0.5403667515625 0.32694863125 0.5132787234375 0.34996684375 0.49416640312500004 0.38348393281250004 0.47689643125 0.414701309375 0.46575982031249996 0.44361897499999997 0.4607565671875
7 0.547286575 0.410582996875 0.5540566390625 0.404961725 0.4976293 0.3863439359375 0.442501996875 0.3941019328125 0.38257111093749996 0.41218422187500003 0.2920353203125 0.44723040156250005 0.200682903125 0.47450687656249996 0.172581865625 0.4872798328125 0.16486610625 0.4979102078125 0.186068009375 0.50353733125 0.24119531562500002 0.495779334375 0.29279796875 0.48250014375 0.3398551796875 0.45398763124999997 0.382108815625 0.43579941250000004 0.440148303125 0.4277353328125 0.46114605 0.4314200296875 0.5104489921875001 0.42427419843749997 0.5185730656249999 0.41752867499999996 0.547286575 0.410582996875
7 0.39119725625 0.73237250625 0.34595635156250004 0.7361455765625 0.28250081250000003 0.7487066718750001 0.2569036453125 0.7572886921875 0.254808090625 0.765364478125 0.28745456875 0.7678248453125 0.368995671875 0.7592545296875 0.39119725625 0.73237250625
7 0.5008605015625001 0.7532505109375001 0.529369853125 0.7443624078125 0.5429099796875 0.733119865625 0.5799517203125 0.7213710890625 0.58089741875 0.7163619828125001 0.5464886156250001 0.71114101875 0.48242060625 0.7178748374999999 0.42892655468749996 0.7411722390625 0.40414601718750004 0.7575239625 0.5008605015625001 0.7532505109375001
7 0.3313110203125 0.5687908937499999 0.34323899375 0.5842302218750001 0.3728442171875 0.5997754796875 0.48467810624999996 0.62729893125 0.5258569718749999 0.626898625 0.5490793421875 0.6097287296875 0.3880715828125 0.5765723015625001 0.36510735156249996 0.5681845812499999 0.35047135156250003 0.5549937609375 0.330290234375 0.559078765625 0.3313110203125 0.5687908937499999
7 0.24910346093750002 0.5990339734375 0.274238334375 0.6140671421875 0.287649390625 0.6156034078125 0.26805963906249997 0.583294415625 0.2476743609375 0.5854369937499999 0.24910346093750002 0.5990339734375
7 0.53978430625 0.5773196609375 0.5230527515625 0.572204625 0.4591889 0.5808808703125 0.44483214687499995 0.584353709375 0.4423282765625 0.5885446437499999 0.5325519453124999 0.6065561203125001 0.5478543984375001 0.5980741765625 0.53978430625 0.5773196609375
7 0.28941171875 0.6183640046875001 0.322874821875 0.628594075 0.3613456640625 0.6304422765625 0.4621221875 0.6227960609375 0.4512149984375 0.6170688609375 0.391133940625 0.6057086859374999 0.360378859375 0.5932301078125 0.31628781250000004 0.5939364968749999 0.3078305109375 0.611518403125 0.3010604484375 0.6171396734375 0.28941171875 0.6183640046875001
7 0.38493413906249996 0.5327146843749999 0.3650862453125 0.5259633078125 0.33616857968749997 0.530966559375 0.3247240078125 0.534133315625 0.3172124046875 0.5467061171875 0.36109929531249996 0.544057303125 0.37836823124999996 0.54027838125 0.38493413906249996 0.5327146843749999
7 0.504558871875 0.56432899375 0.49710124999999994 0.5494017546875 0.4885688640625 0.5522624281249999 0.47921984375 0.5473534 0.45009802031249996 0.5504142265625 0.42266343749999996 0.5415144171875 0.40600697343750003 0.551120615625 0.3887380375 0.5548995375 0.36462395000000003 0.5495784968749999 0.3300860765625 0.557136340625 0.3275822078125 0.5613272734375 0.3311068625 0.5668484687500001 0.3421431203125 0.5597968609375 0.35379185 0.5585725296875 0.369781859375 0.5706390953125 0.430271234375 0.5858841234375001 0.488106565625 0.5758776171875 0.5642316187499999 0.57180431875 0.5707975249999999 0.5642406234374999 0.556569840625 0.5549346546875 0.504558871875 0.56432899375
7 0.6885004234375 0.40948800625 0.6652780546875 0.42665790000000003 0.6628492734375 0.44557006718750003 0.680118209375 0.441791146875 0.6925084796875 0.43361528437499997 0.6937874046875 0.41776979687500004 0.6885004234375 0.40948800625
7 0.666449015625 0.4658124953125 0.6527047328125 0.4751126109375 0.6550795296875 0.483700484375 0.6880592328125 0.47532447031249997 0.6865550453125 0.4470062578125 0.6778185 0.44792450625 0.666449015625 0.4658124953125
7 0.723380859375 0.5452576437500001 0.7732962718749999 0.5439390890625 0.7911025921875 0.5312662109375 0.773350253125 0.5164390484375 0.723638996875 0.519700028125 0.6691781453125001 0.5057852609375 0.6701989312500001 0.5154973890625001 0.6850390859375 0.530630634375 0.723380859375 0.5452576437500001