7 0.5430807796875 0.4464938 0.5502702296875001 0.4564977671875 0.5717415171875 0.45574797343749995 0.576263678125 0.445335028125 0.572370065625 0.3898008375 0.5635403890624999 0.36080909375000003 0.5339650390624999 0.29738170625000004 0.4907210125 0.2622667171875 0.44675137343750004 0.2623371671875 0.4014429609375 0.2800344171875 0.3989749296875 0.293305640625 0.40215831562500004 0.3005194953125 0.4140743140625 0.30596339375000003 0.4728367578125 0.30977138125 0.49882507656249997 0.3264438984375 0.5162851703125 0.3507392484375 0.5311750390625 0.3853793828125 0.540106909375 0.4172975671875 0.5430807796875 0.4464938
7 0.58590064375 0.5534088015624999 0.5910359656249999 0.56055449375 0.6135445749999999 0.505563321875 0.6096509640625001 0.450029134375 0.5957932875 0.38898288124999997 0.5671479374999999 0.29622293437499997 0.546310328125 0.20319033437499998 0.5355287171875001 0.174266753125 0.5254624609375 0.1658282515625 0.5183700734375 0.1865859796875 0.5222636859375 0.2421201703125 0.5319109109375 0.29452343124999997 0.5570714234375 0.3434549453125 0.5722678718750001 0.3868744 0.576263678125 0.445335028125 0.5711232265625 0.46602459375 0.5748124515625 0.515705903125 0.5809748375 0.52428073125 0.58590064375 0.5534088015624999
7 0.2757832359375 0.37525280781250003 0.2751752046875 0.32985891093749997 0.26707114062500004 0.2656817296875 0.26029559375 0.23954826406250002 0.252385659375 0.236894475 0.2476539828125 0.2692898015625 0.2505154015625 0.3512301109375 0.2757832359375 0.37525280781250003
7 0.24730636874999998 0.48319254375 0.254184109375 0.5122524484375 0.264454753125 0.5265438328125 0.2735910109375 0.5643148953125 0.27852194531249996 0.5656077078124999 0.286130428125 0.53164691875 0.28388217031249996 0.4672652484375 0.2643730765625 0.41227636093750003 0.2497897890625 0.3864155484375 0.24730636874999998 0.48319254375
7 0.4431438265625 0.326923328125 0.42691005468750004 0.3377452515625 0.4093375078125 0.3661939765625 0.3740799640625 0.47583550468749997 0.371606803125 0.516941984375 0.3871149625 0.5413054984375 0.43142195625 0.3830028203125 0.44139114843750005 0.36067962656249997 0.4555707921875 0.34699942500000003 0.45290350156250003 0.32658251250000003 0.4431438265625 0.326923328125
7 0.4187089265625 0.24280637187499998 0.4019590578125 0.26683135625 0.3994910265625 0.28010258125 0.433087828125 0.262814309375 0.4323724734375 0.2423292296875 0.4187089265625 0.24280637187499998
7 0.42009347343750003 0.534293846875 0.42636318281249996 0.51795985625 0.42216298906249994 0.4536463484375 0.4197000875 0.439082315625 0.4156940234375 0.4362922 0.3914327359375 0.525039671875 0.3988265734375 0.54089651875 0.42009347343750003 0.534293846875
7 0.3966142203125 0.2816680453125 0.3840748015625 0.31433602031249996 0.37954751249999996 0.3525842265625 0.38014528593749997 0.4536486359375 0.38661938125 0.44316752656249997 0.40214292812499997 0.3840252671875 0.416736475 0.354215565625 0.4191074421875 0.310182646875 0.40215831562500004 0.3005194953125 0.39702299375 0.29337380468749996 0.3966142203125 0.2816680453125
7 0.4753915953125 0.382932371875 0.4835110453125 0.3636037796875 0.480537175 0.33440754687499996 0.478176465625 0.3227699515625 0.466158275 0.31439961250000004 0.46573924218749996 0.35836436875 0.4683043390625 0.37585484375 0.4753915953125 0.382932371875
7 0.43550969687499996 0.500060403125 0.45092079218750003 0.49366221875000005 0.4486622765625 0.4849510671875 0.4542115015625 0.47596725624999997 0.45318956562499996 0.4467028609375 0.4639814359375 0.4199559265625 0.455560534375 0.40266994062499994 0.4529954375 0.38517946875 0.4599856296875 0.3614952984375 0.4548554375 0.3265143484375 0.4508493734375 0.32372423437500003 0.44509576093750003 0.32685516406250004 0.45136034062499997 0.33835643437499996 0.451769115625 0.3500621921875 0.4386165359375 0.36517153125 0.41918911875 0.424450115625 0.42513686093749997 0.4828425828125 0.42389002187499997 0.5590663375 0.43097727812500003 0.5661438671875 0.4412530515625 0.552599990625 0.43550969687499996 0.500060403125
7 0.5771423859375 0.69435504375 0.5616342265625 0.66999153125 0.542937553125 0.6662494203125 0.5455026484375 0.68373989375 0.5527942921875 0.696670303125 0.56851196875 0.6990514375 0.5771423859375 0.69435504375
7 0.5224933296875001 0.6684283546875001 0.514174621875 0.6540688078125 0.5054420093750001 0.6558387609375 0.5114970734375001 0.6893224078125 0.5398512296875 0.6897972625000001 0.5395446500000001 0.6810179453125 0.5224933296875001 0.6684283546875001
7 0.439270340625 0.7196797015625 0.4371037609375 0.7695655 0.4485036625 0.7882124593750001 0.464533046875 0.77153765625 0.46474769218749995 0.7217200187499999 0.48242756093750006 0.6683624765625 0.472667884375 0.6687032921875 0.45653630625 0.68245165625 0.439270340625 0.7196797015625