20 0 0.13541071093749998 0.025876743749999997 0.11119491249999999 0.028755454687499998 0.0914859921875 0.0396403953125 0.07526909375 0.0320554796875 0.023837759375 0 0.02606300625 0 0.13541071093749998
20 0.048685400000000004 0.023944125 0.0606905984375 0.047762526562500005 0.08728134374999999 0.032678328125 0.13809521875 0.031971090625 0.1994749375 0.064936715625 0.20481518906249999 0.0548778171875 0.1666364125 0.016784671875 0.048685400000000004 0.023944125
20 0.24772505156250002 0.05262900625 0.2740091421875 0.031693462500000005 0.279762415625 0.0108559890625 0.167662746875 0.0177087875 0.20768975312500002 0.053749265625 0.24772505156250002 0.05262900625
20 0.2234977765625 0.0568324125 0.2122039609375 0.0652475171875 0.20614403281250002 0.0802336453125 0.21938000156249998 0.10887705781250001 0.22050440781249997 0.13033198906250001 0.23364230468749997 0.1384445859375 0.2560213515625 0.13629384687499999 0.2921640484375 0.0982172890625 0.3094114265625 0.0914459765625 0.3542717375 0.089094946875 0.36587635625 0.06795081875 0.361983753125 0.03099451875 0.34669097031249996 0.0190832453125 0.3212329234375 0.0184616390625 0.27503547500000003 0.0326175765625 0.250701834375 0.053450903125000004 0.2234977765625 0.0568324125
20 0.40651252656250003 0.13427435468749999 0.427669096875 0.0901378671875 0.45364652968749997 0.063350978125 0.44585303125 0.0265991171875 0.4318973828125 0.002882934375 0.373383934375 0.00594949375 0.3638319828125 0.0289418515625 0.36925786562499996 0.0951548765625 0.3885496171875 0.12739252968749998 0.40651252656250003 0.13427435468749999
20 0.49617879374999996 0 0.434874165625 0.0037048296875 0.4562144375 0.056371081249999996 0.5125730015625 0.04950584375 0.5304336921874999 0.0544372203125 0.5509603609375 0.0729195171875 0.5616367171875 0.071382090625 0.5729305328125001 0.062966984375 0.571397253125 0.033710259375 0.5581626203125001 0 0.49617879374999996 0
20 0.55854908125 0 0.5768314296875 0.062762546875 0.60331995625 0.0457279 0.6000574421875 0 0.55854908125 0
20 0.6009234593749999 0 0.6030133 0.039876554687499996 0.614920428125 0.0431641390625 0.643870496875 0.035779514062500004 0.650752321875 0.0178166046875 0.64782190625 0 0.6009234593749999 0
20 0.6779663828125 0 0.67559705625 0.0067355203125 0.68359499375 0.0473882796875 0.720027759375 0.08948453906250001 0.7399411171875 0.096264146875 0.7603697140625 0.0942156265625 0.784085896875 0.08025997812499999 0.801337421875 0.054908296875 0.8047355203125001 0.007790882812499999 0.8014311968750001 0 0.6779663828125 0
20 0.8021072015625 0 0.8047355203125001 0.007790882812499999 0.8036967453124999 0.062607871875 0.8606686218749999 0.06744532343750001 0.8695008953125001 0.0493801953125 0.8633511875 0.0066747703125 0.8645274828125 0 0.8021072015625 0
20 0.8664755906250001 0 0.8651994171874999 0.004622103125000001 0.8684787078125 0.029875712500000002 0.8888990124999999 0.0649879296875 0.9397128875 0.0642806921875 0.97830883125 0.07301489375 0.9737570015625 0 0.8664755906250001 0
20 0.8801689578125 0.08500350625 0.8555245125000001 0.1185658546875 0.8477144265625001 0.156135465625 0.86104846875 0.20530969531249998 0.8726489390625 0.202745934375 0.9087791953125001 0.22041048281250003 0.9370095859375001 0.21795308750000003 0.961032425 0.209848784375 0.9843397328125001 0.18809134375 0.978819925 0.0827671359375 0.957573578125 0.06921206875 0.9338615421875 0.0645873484375 0.90285880625 0.07012374375 0.8801689578125 0.08500350625
20 0.7593350875 0.1304522484375 0.76559530625 0.137947384375 0.7951586875000001 0.14226545 0.816916128125 0.1655727578125 0.8215325546875001 0.179021459375 0.8096171343749999 0.2128946109375 0.8394871703125 0.2230640203125 0.8563256750000001 0.20849091406250003 0.8487366125 0.1756399484375 0.852032490625 0.1265720859375 0.87729439375 0.0861320578125 0.8538931609375 0.0687783140625 0.8107788609375 0.06712622812499999 0.7614982671875 0.0970901890625 0.744246740625 0.1224418703125 0.7412658125 0.1402003421875 0.7593350875 0.1304522484375
20 0.7305894562499999 0.14173776875 0.701843825 0.153023290625 0.6787409546875 0.178681628125 0.6822246828125 0.207836134375 0.69382100625 0.2238527421875 0.7138365828125 0.232582796875 0.7578749984375001 0.23320855 0.7972969859375 0.2203856015625 0.8149573859375 0.2028357125 0.8200932 0.18887591875 0.8191732328124999 0.171321884375 0.80644835625 0.1524307125 0.7892051234374999 0.1406216578125 0.7636448578125 0.138049603125 0.7593350875 0.1304522484375 0.7443448125 0.1429726875 0.7305894562499999 0.14173776875
20 0.8731392984375 0.30540001875 0.8777557249999999 0.31884871875 0.9191198671875 0.3430842890625 0.9572047187500001 0.3420662484375 0.9623405328124999 0.3281064546875 0.990268415625 0.301217346875 0.9838244921875001 0.196919471875 0.943887265625 0.21857054687500002 0.9147327593749999 0.222054275 0.892971171875 0.21732733437500001 0.8681222906249999 0.2469887875 0.8809493859374999 0.26783040625 0.881869353125 0.2853844421875 0.8731392984375 0.30540001875
20 0.74482273125 0.301367875 0.79491278125 0.3241682359375 0.8371029671875 0.32684665625 0.8610235875000001 0.31679190468749996 0.8815626968749999 0.279533096875 0.8745869468749999 0.258384821875 0.8506746203125 0.23127883593749998 0.8126961343750001 0.2156669546875 0.776353146875 0.23126224843749998 0.7393968484375 0.2351548515625 0.7272811375 0.24654673749999997 0.7247090828125 0.272107003125 0.74482273125 0.301367875
20 0.6118331343750001 0.07755253125 0.63944191875 0.1005531828125 0.6522607203125 0.1585555390625 0.661804378125 0.1727239171875 0.6705302859375 0.17128870937500001 0.6998933765625 0.153125509375 0.7168382453125 0.1219224828125 0.708533653125 0.07541837968750001 0.68667399375 0.050160623437499996 0.6627575203125 0.04163500625 0.6216958875 0.04183115 0.5872011296874999 0.055373775 0.5770358671875 0.06666344375 0.5801148671874999 0.0694357890625 0.6118331343750001 0.07755253125
20 0.55414158125 0.077642309375 0.5632722171875 0.1025892625 0.565009934375 0.135746884375 0.5448755515625 0.1993878546875 0.5583201046874999 0.2133517953125 0.5690986796875 0.2137648171875 0.572292340625 0.16274650468750002 0.585949625 0.14345060625 0.6050452328125 0.134626625 0.6305032796875001 0.13524823125000002 0.6447697296875 0.146235390625 0.6492880859375 0.13915327500000002 0.63944191875 0.1005531828125 0.617888915625 0.081146771875 0.5840157640625 0.0692313515625 0.55414158125 0.077642309375
20 0.5758617 0.26817293124999997 0.5955664734375 0.2896320109375 0.6319053140625 0.2926170859375 0.6423772328124999 0.2871787625 0.6614769875000001 0.2597744140625 0.658929815625 0.1738524703125 0.64795095 0.1509581828125 0.6325559468749999 0.1370964609375 0.6050452328125 0.134626625 0.585949625 0.14345060625 0.5740383515625 0.15874338906250002 0.5705380359375 0.20391035624999998 0.5758617 0.26817293124999997
20 0.6483307968750001 0.2888225546875 0.66875939375 0.286774034375 0.698122484375 0.268610834375 0.713219125 0.239460475 0.7098334671875 0.2308367859375 0.686738890625 0.21933438593750001 0.6788431734375 0.1806320765625 0.66580749375 0.174469928125 0.6590320328125 0.17580291875 0.6631207796874999 0.25382085 0.6451495765625 0.2840997625 0.6483307968750001 0.2888225546875
20 0.40846297500000006 0.1341721359375 0.41081400468749996 0.179032446875 0.41953576562499995 0.1961776078125 0.445296321875 0.2212309265625 0.4613087828125 0.2282149703125 0.49549273749999995 0.2274013671875 0.5080173234375 0.2238112734375 0.54631490625 0.18953339375 0.563570578125 0.14560134375 0.5634766531250001 0.10649015937499999 0.5521911328125 0.077744528125 0.5305359109375 0.056387668749999995 0.5047712078125 0.049914718749999996 0.4583693234375 0.060169759375 0.4295173265625 0.0880852 0.40846297500000006 0.1341721359375
20 0.261566040625 0.1301358453125 0.2566263703125 0.1851572734375 0.28351133125 0.23166552343750002 0.334116621875 0.24563775781250002 0.37538683906250003 0.2307621421875 0.38750255 0.21937025625 0.397876396875 0.193401115625 0.3957298046875 0.1524417015625 0.376131396875 0.11435270312500001 0.36289128125 0.10428965937500001 0.3348694734375 0.09206758125 0.311361875 0.09134375781250001 0.28456669218749997 0.1025270609375 0.261566040625 0.1301358453125
20 0.1726465796875 0.22476296406250001 0.1686351703125 0.2601776890625 0.193680196875 0.27157787031249997 0.2376163921875 0.270253175 0.27313748437499996 0.2576346640625 0.28864299843749996 0.23628609687500002 0.2742743296875 0.223348490625 0.25703524375 0.192959065625 0.2564302265625 0.144095640625 0.22183739687499998 0.1371074484375 0.19637105625 0.1736465796875 0.1617740796875 0.18523875781250002 0.15920617343750001 0.1922186546875 0.1726465796875 0.22476296406250001
20 0.045593959375 0.0769128859375 0.04774055 0.1178723 0.05656453125000001 0.136967909375 0.06775197968749999 0.1451827234375 0.1189747296875 0.1522772796875 0.14976473437499999 0.180000725 0.1664968734375 0.1820575390625 0.1981170671875 0.1696434640625 0.2170123859375 0.1383382203125 0.21722511562500002 0.1050783796875 0.2019364796875 0.0745867375 0.1843865921875 0.0569263375 0.1480518984375 0.03536089375 0.1184885171875 0.031042828124999998 0.0796839890625 0.0369880984375 0.054426232812499996 0.0588477578125 0.045593959375 0.0769128859375
20 0 0.181834528125 0.030169928125000002 0.1931137421875 0.0385933265625 0.1672468203125 0.0649796359375 0.1482617234375 0.045687884375 0.11602407031249999 0.044056531249999996 0.0662365296875 0.0241307328125 0.11519802812499999 0.0047243218750000005 0.13675103125000002 0 0.1391322328125 0 0.181834528125
20 0.05941835937499999 0.2287411984375 0.07141941093750001 0.2711399671875 0.09677109218749999 0.28839149375 0.12120280624999999 0.28808898437499997 0.156723896875 0.27547047343750003 0.16668472343750002 0.2602799078125 0.1732598921875 0.236465653125 0.16351594375 0.1998160109375 0.138372846875 0.1678850140625 0.11907694843750001 0.15422772812500002 0.069804646875 0.147030953125 0.036847315625 0.1712499359375 0.0342752625 0.1968102015625 0.05941835937499999 0.2287411984375
20 0 0.3127208375 0.010431979687499999 0.32029760937499996 0.031167234375000002 0.32410043437499997 0.057038301562500004 0.31394346562500003 0.0687451390625 0.294749784375 0.0641370046875 0.244140346875 0.0510032546875 0.2174473828125 0.0293480328125 0.1960905234375 0.00912801875 0.183459571875 0 0.181850940625 0 0.3127208375
20 0.4322523484375 0.2522295140625 0.437384015625 0.2568500890625 0.45257872812500005 0.24823054687499999 0.47988500468749995 0.24679948437500002 0.5552245171875 0.2849009234375 0.55338458125 0.24979285468749998 0.5628301671875 0.243430415625 0.5623190734375 0.23367817500000002 0.5531884375 0.20873122031250002 0.54189876875 0.1985659578125 0.496519071875 0.2283254828125 0.46336145 0.23006319999999997 0.4433458734375 0.22133314531249998 0.43492662187500003 0.22861969843750002 0.4322523484375 0.2522295140625
20 0.513422471875 0.3829261390625 0.5632141609375 0.36271441875 0.5704109359375 0.31344211718750004 0.5360308375 0.27319408749999996 0.503801478125 0.255325103125 0.47793455625 0.24690170312499998 0.444981371875 0.2525403171875 0.4183864796875 0.28620488593750004 0.4289481765625 0.338458115625 0.484885425 0.37953218906249997 0.513422471875 0.3829261390625
20 0.2941711 0.3044495703125 0.29468219375000004 0.3142018109375 0.30063575625 0.315845603125 0.3203488234375 0.3001439453125 0.3490944546875 0.2888584234375 0.3962118703125 0.2922565203125 0.4143792171875 0.3030392421875 0.43255900468749997 0.258080859375 0.40905555312499997 0.2387766671875 0.3792877359375 0.23055770625 0.3503376671875 0.2379423296875 0.31347943906250003 0.26236575 0.2941711 0.3044495703125
20 0.351044903125 0.28875620468749996 0.3071045609375 0.30866126875 0.3009424125 0.32169694843749996 0.2784570015625 0.34047760781249997 0.2715668828125 0.395601253125 0.28172799843749996 0.402891953125 0.290960853125 0.42978935468749996 0.3183652015625 0.44888911093750006 0.331094225 0.4491999125 0.341161415625 0.417379428125 0.3682674015625 0.39346710156250003 0.387363009375 0.384643121875 0.438074665625 0.3819854359375 0.4446456890625 0.37675155 0.44557395 0.3571448484375 0.426895509375 0.3366098859375 0.419613103125 0.309610265625 0.4002149859375 0.29400253125 0.351044903125 0.28875620468749996
20 0.1590707796875 0.33891115312500003 0.161524028125 0.3857219125 0.1667579140625 0.392292934375 0.20607353593750002 0.39609990625 0.22937254999999998 0.41150320156250003 0.24743353125 0.43891584375 0.25810988749999997 0.43737841718750003 0.2741306421875 0.407201725 0.2704424765625 0.37414632187499997 0.2856454828125 0.3283660421875 0.2848277328125 0.31276245625 0.26738006406250003 0.2970525046875 0.2335069125 0.2851370828125 0.2119497609375 0.284311040625 0.192751934375 0.291184571875 0.17488709687499998 0.3048335640625 0.1590707796875 0.33891115312500003
20 0.29879582031249996 0.280737534375 0.2852490484375 0.2648231453125 0.2673883578125 0.25989176718749996 0.21256722031250003 0.2774333625 0.21780110625 0.28400438437500003 0.26738006406250003 0.2970525046875 0.282672846875 0.308963778125 0.287289275 0.3224124796875 0.2931406203125 0.3221058234375 0.29879582031249996 0.280737534375
20 0.1659650453125 0.26520713906250004 0.131057265625 0.2895283390625 0.16379771875 0.31714956562499996 0.19172560156250001 0.2902604578125 0.197065853125 0.280201559375 0.19172974843749999 0.2716800890625 0.1659650453125 0.26520713906250004
20 0.0720036953125 0.41290523593749995 0.0983858578125 0.4125005078125 0.124256925 0.4023435390625 0.1551615890625 0.3762763265625 0.160101259375 0.3212548984375 0.1322880375 0.29435335 0.0831179546875 0.2891070234375 0.0571405203125 0.3158939140625 0.0258269828125 0.33415933125 0.0217133546875 0.367623609375 0.041929221875 0.3988349296875 0.0720036953125 0.41290523593749995
20 0 0.45760316874999996 0.00917218125 0.4455351765625 0.0282677890625 0.436711196875 0.0360737296875 0.41772195312499993 0.034949324999999996 0.396267021875 0.0218155734375 0.3695740578125 0 0.34702657812500004 0 0.45760316874999996
20 0 0.5130929515625 0.0009407796875000001 0.5310440984375 0.017055459375000002 0.539978590625 0.01972973125 0.5163687734375 0.0444763953125 0.48475687343749996 0.07065826562500001 0.46187088125000003 0.1082320234375 0.4511006 0.0789794453125 0.4340535109375 0.0573200765625 0.4312770203125 0.0111226296875 0.4454329578125 0 0.45945432343750003 0 0.5130929515625
20 0.0180859390625 0.5223223375 0.016953240624999998 0.5380281421875 0.026083876562500004 0.562975096875 0.051537776562500005 0.5821770703125 0.088081053125 0.5890630421874999 0.12575703124999998 0.5802432093750001 0.14475042031250002 0.56946878125 0.17154975 0.539705109375 0.18192359687499998 0.5137359703125 0.17433453593749998 0.48088500468750006 0.13871951875 0.45439233124999995 0.091806540625 0.4548951296875 0.0726087140625 0.46176866250000004 0.0333870171875 0.497072875 0.0180859390625 0.5223223375
20 0.156784646875 0.46322460468750004 0.1763872015625 0.48273323437500004 0.182025815625 0.51568641875 0.2019391734375 0.5224660250000001 0.2332527125 0.50420060625 0.2500953640625 0.47104713125000003 0.24876652031250002 0.445691303125 0.2315274359375 0.4153018796875 0.1941664078125 0.39281232187500004 0.1414020859375 0.39362177656249997 0.1148113390625 0.40870597656249996 0.10669874374999999 0.421843875 0.110080253125 0.4490479328125 0.156784646875 0.46322460468750004
20 0.23005490625 0.5737992859375 0.251199034375 0.5854039046875 0.2741872453125 0.6135362234375 0.2888667171875 0.6137448078125 0.31915806875 0.57597490625 0.34184791875 0.56109514375 0.3718243203125 0.5546346343749999 0.3721392703125 0.5233252421875 0.341553703125 0.49950269374999995 0.329548503125 0.47568429375 0.2844837546875 0.4741344265625 0.26148725 0.48316284375 0.22749943906249998 0.5250380781249999 0.23005490625 0.5737992859375
20 0.3297570875 0.461004821875 0.302250521875 0.43995461718750006 0.272687140625 0.435636553125 0.25235246718750004 0.4767962578125 0.25491622812500003 0.48839672968750003 0.2844837546875 0.4741344265625 0.32944628593749997 0.4737338453125 0.3297570875 0.461004821875
20 0.33099200624999997 0.44724946406250005 0.33703949375 0.48800444218749994 0.34863581875 0.50402105 0.37871029218749996 0.51809135625 0.4362996265625 0.5160511296875 0.46617381093750004 0.507640171875 0.47839174062499995 0.49819873281250004 0.4770711921875 0.43568216875 0.49298972812499997 0.4035550265625 0.48365050781249996 0.3932875453125 0.453678253125 0.38116768749999996 0.38356433125 0.3867980078125 0.34947844843750003 0.40814242656250005 0.33941540468750003 0.42138254374999995 0.33099200624999997 0.44724946406250005
20 0.560646253125 0.369694315625 0.539191321875 0.370818721875 0.5050032203125 0.3902126921875 0.4840552359375 0.4196697078125 0.4761429296875 0.45528887031250004 0.4846519609375 0.5056938703125 0.50384149375 0.535981075 0.539252071875 0.5585728515625 0.5597828890625001 0.5584747812499999 0.60105310625 0.543599165625 0.62600420625 0.5158881609375 0.6311400203125 0.5019283671875 0.64366460625 0.4983382734375 0.6499289734375 0.4872530421875 0.6335076374999999 0.4724672046875 0.636284128125 0.4508078359375 0.6200755234375 0.40276215937500004 0.5944171875 0.3796592890625 0.560646253125 0.369694315625
20 0.564040203125 0.34115726875 0.5673194953125 0.366410878125 0.5963676343750001 0.3795570703125 0.6179206390624999 0.39896348125 0.6295128156249999 0.4335604578125 0.6388520359375 0.44382793906250007 0.6613333 0.4436276484375 0.6814552421875 0.4357277828125 0.6933665171875 0.420435 0.7002483421875 0.402472090625 0.6967646140625 0.37331758437499996 0.6687510999999999 0.3239347703125 0.647095878125 0.3025779109375 0.625129853125 0.29395007500000003 0.5978235781250001 0.2953811359375 0.5708198109375 0.3212439109375 0.564040203125 0.34115726875
20 0.6672178203125 0.294678046875 0.6780944671875 0.315621884375 0.679423309375 0.34097771250000003 0.6991239359375 0.38101715937499997 0.7050775 0.3826609515625 0.7223290265625 0.3573092703125 0.7431706453125 0.344482175 0.7820773921875 0.340487353125 0.79891175 0.344494615625 0.7980940015625 0.3288910296875 0.748928065625 0.305064334375 0.7314803953125 0.2893543828125 0.719577415625 0.2674864296875 0.6755348531250001 0.2854410453125 0.6672178203125 0.294678046875
20 0.8931382875 0.38845154531250004 0.8995090187500001 0.3607363953125 0.8901739453124999 0.3318885453125 0.8688253796875 0.3163830296875 0.8381293 0.3277707703125 0.806922128125 0.32940626875 0.8029148656249999 0.3462406265625 0.8432526749999999 0.36955208125 0.87136840625 0.4208853421875 0.8931382875 0.38845154531250004
20 0.9213769718749999 0.3488334140625 0.906897790625 0.3711060953125 0.89991789375 0.3685381875 0.9050454140624999 0.39173913125 0.9208534390625 0.39482227812500004 0.9456981734375001 0.38374119375000004 0.95453459375 0.34709569687499997 0.9213769718749999 0.3488334140625
20 0.9949704734375 0.39093796875 0.98944651875 0.304194128125 0.9642909812499999 0.3280042359375 0.9485768828125 0.3640322734375 0.9476486218750001 0.383638975 0.9949704734375 0.39093796875
20 1 0.48715873125 0.994046359375 0.3919643015625 0.9351240359374999 0.38722906875 0.8968306 0.4029265796875 0.8698268328125 0.4287893546875 0.8704401453124999 0.4404920453125 0.8883989078125 0.4659542375 0.9292561031250001 0.46185719843750006 0.9846864046875 0.47459866249999993 1 0.48838708437499995 1 0.48715873125
20 1 0.5166371 0.9983353968750001 0.49246350000000005 0.9590239203125 0.470076159375 0.9293583218749999 0.463807646875 0.882752 0.470161790625 0.8544152421875 0.48924910625000007 0.8203252125 0.5291738921875 0.8086142296875 0.5669479421875 0.8125068328125 0.603904240625 0.82799990625 0.6382967796875 0.8404181265625 0.65133660625 0.88198670625 0.6794730718750001 0.9239724546874999 0.6782505953125 0.961341775 0.6635794171875 1 0.6188790484375 1 0.5166371
20 0.6927366171875 0.4830537828125 0.6812300718750001 0.524728728125 0.6890235703124999 0.561480590625 0.7166282093749999 0.6030616109375 0.7460852250000001 0.6240095953125 0.7844767312500001 0.6288429 0.8131201453125 0.61560693125 0.809440271875 0.5453907921875001 0.8478442203125001 0.49448299218749997 0.8796729984375 0.46738944687500006 0.8790596875000001 0.45568675625 0.86428214375 0.43494735625000003 0.82497066875 0.412560015625 0.762556321875 0.4158310125 0.726622209375 0.4392280984375 0.6927366171875 0.4830537828125
20 0.7431706453125 0.344482175 0.726127703125 0.355154384375 0.7013810406250001 0.3867662859375 0.7020965718750001 0.40041942343750003 0.688230703125 0.43439479375 0.6896617640625 0.46170107031249996 0.69797465 0.47104443749999997 0.7303186687500001 0.43512276562499996 0.7683054484375 0.413573909375 0.7973577359374999 0.4081397328125 0.8269211171874999 0.41245779687499995 0.8650018218750001 0.430020125 0.8580302171874999 0.39029148125 0.8361705578124999 0.36503372500000003 0.8098947624999999 0.348808534375 0.7801269453125 0.340589571875 0.7431706453125 0.344482175
20 0.5890396140624999 0.5569415 0.5884180078125001 0.582399546875 0.6038088640625 0.6148416375 0.6213587515625 0.6325020375 0.63726899375 0.637535634375 0.6772020750000001 0.6344649265625 0.7010204765625 0.6224597281250001 0.7128295312499999 0.6052164953125 0.686970903125 0.5596323609375 0.679790715625 0.5345831890625 0.694380409375 0.47710021874999997 0.67303184375 0.4615947046875 0.6495242453125 0.46087088125 0.637204096875 0.4683618703125 0.6501334109375 0.49115393906250004 0.5890396140624999 0.5569415
20 0.43863406875 0.6352329140624999 0.43831911874999996 0.66654230625 0.46778028125000004 0.668909921875 0.503199153125 0.6543409625 0.5278435984375001 0.6207786140625 0.5264208296875 0.5563116015625 0.4778765 0.507026859375 0.3964687640625 0.521072284375 0.38260704218749997 0.5364672875000001 0.38178100000000004 0.5580244375000001 0.406826025 0.5694246187500001 0.4184223484375 0.5854412265625 0.43863406875 0.6352329140624999
20 0.587089165625 0.5570437187499999 0.5293976125000001 0.5571334968749999 0.5264042421874999 0.630633075 0.5634586140625 0.6472712875 0.5858376609375 0.6451205484375 0.6103757390625 0.6281881203124999 0.5885202265625 0.5843499953125 0.587089165625 0.5570437187499999
20 0.34574881562500004 0.56089070625 0.3173098390625 0.5780275734375 0.2962596359375 0.605534140625 0.2791061828125 0.6514166375 0.2819683046875 0.706029190625 0.290894503125 0.7270752468749999 0.3227108421875 0.75572280625 0.3347201875 0.7609608390625 0.362950578125 0.7585034453125 0.3943663359375 0.7421884750000001 0.4267103546875 0.706266803125 0.435644846875 0.6901521234375 0.43256999374999994 0.668799409375 0.43965625625 0.654737396875 0.4339154234375 0.6198337656249999 0.41216212968750005 0.5779460890625 0.4007702421875 0.565830378125 0.3749033203125 0.5574069781250001 0.34574881562500004 0.56089070625
20 0.1766855640625 0.525745315625 0.1717541875 0.54360600625 0.14023206562499999 0.5765508968749999 0.1818089375 0.5675266265625 0.22820667656250002 0.575851953125 0.22606008437499997 0.5348925390625 0.18520703593750001 0.5204092109375 0.1766855640625 0.525745315625
20 0.14166727343750002 0.5852768046875 0.122060571875 0.58434854375 0.106865859375 0.5929680859375 0.074521840625 0.6288897578125 0.0642502125 0.6568093453125 0.0655790546875 0.6821651734375 0.07881502500000001 0.7108085875000001 0.10272735156249999 0.737914571875 0.1349567109375 0.7557835578125001 0.182896021875 0.756204871875 0.20897152812500003 0.7499488000000001 0.252400778125 0.72029149375 0.276636346875 0.6789273515625001 0.2792084015625 0.6533670859375 0.2780839953125 0.6319121546875001 0.262590921875 0.597519615625 0.23713702187500002 0.5783176421875 0.193613846875 0.5688637625 0.164357121875 0.5703970421875 0.14166727343750002 0.5852768046875
20 0.048765431250000005 0.5852560703125 0.012124082812500001 0.5578392812499999 0.009253665625 0.5403874656250001 0.00206933125 0.5339186625 0.0151657609375 0.727834940625 0.0616781578125 0.6823696109374999 0.0664133921875 0.6234472875 0.048765431250000005 0.5852560703125
20 0.0767623578125 0.7089603578125 0.063420021875 0.6969468640625001 0.0516151140625 0.695609728125 0.0116737390625 0.735841171875 0.016784671875 0.8333635875000001 0.071397225 0.8305014640625 0.0946064609375 0.7882132078125 0.09471697343749999 0.75300291875 0.0767623578125 0.7089603578125
20 0.068529740625 1 0.0810099265625 0.9952632375 0.0905618765625 0.9722708796875 0.132662284375 0.9172577453124999 0.1204567953125 0.8709580796875 0.10475513750000001 0.8512450125000001 0.0725257765625 0.8333760281249999 0.016989109375 0.8372644828125001 0.02910828125 1 0.068529740625 1
20 0.14837223593749999 0.8998100765625001 0.1671570421875 0.9037151187499999 0.18615043125 0.8929406906249999 0.1677869421875 0.8410963359375 0.1732377046875 0.79582715 0.20260494218749997 0.7590835828125 0.19942372343749998 0.7543607890625 0.129309803125 0.759991109375 0.09993841875000001 0.8153150468750001 0.1055770328125 0.8482682296874999 0.12466434687500001 0.8766049875 0.14837223593749999 0.8998100765625001
20 0.16881742187499998 0.8234400828125 0.1701462640625 0.8487959109375 0.1891272140625 0.8937625875 0.2478451 0.8945969234375 0.279972240625 0.9105154609375001 0.2924926796875 0.9255057343749999 0.30511948437499997 0.9238660890625001 0.355532778125 0.8781963218750001 0.370531346875 0.8285151468749999 0.362635628125 0.7898128359375 0.34662731406249997 0.764248425 0.3188099453125 0.75592724375 0.294075721875 0.731798040625 0.24901097343749998 0.7302481734375 0.22036756093749998 0.7434841421875 0.176729728125 0.7878209203125001 0.16881742187499998 0.8234400828125
20 0.320049625 1 0.3150678703125 0.9644166296875 0.2900269921875 0.9344360796875 0.2853083453125 0.91903693125 0.2498977671875 0.8964451531250001 0.2203343859375 0.8921270890624999 0.179579409375 0.898174578125 0.158840009375 0.9129521203125 0.1395399625 0.9178752046875 0.11243397656250001 0.9417875296875 0.0874787296875 0.988078903125 0.0880920421875 0.9997815921875001 0.088334609375 1 0.320049625 1
20 0.4137073296875 1 0.4159717953125 0.9865097531250001 0.392472490625 0.9486251921875001 0.388890690625 0.8989398703125 0.3550175390625 0.88702445 0.2938256703125 0.9322811953125001 0.3193776421875 0.972013984375 0.32446646874999996 1 0.4137073296875 1
20 0.50279350625 1 0.5495222484375 0.9971129187500001 0.5681067640624999 0.9785366984375001 0.579817746875 0.9407626499999999 0.5695627062499999 0.8943607640625 0.550679828125 0.8699249046875 0.5617692062499999 0.8576089031249999 0.550683975 0.8513445359375 0.5313839296875 0.8562676187499999 0.4813960984375 0.83541770625 0.4407433390625 0.84341564375 0.41230436406250004 0.8605525093749999 0.3987492984375 0.88179885625 0.3913480859375 0.9271702609375 0.3945251578125 0.9504734218750001 0.41166202343749997 0.9789123984374999 0.4403804421875 1 0.50279350625 1
20 0.4268125734375 0.7082172515625 0.39446855468750003 0.7441389234375 0.3716764859375 0.7570682375 0.3656165578125 0.7720543640625 0.36745649375 0.8071624343750001 0.3761782546875 0.8243075937500001 0.4055330515625 0.84330513125 0.43201743125 0.8448508515625001 0.4560402703125 0.8367465484375 0.4738028890625 0.8211471093749999 0.486536059375 0.80287754375 0.5017390640625 0.7570972640625 0.4949760453125 0.70268915 0.4731163859375 0.6774313937499999 0.45915659218749993 0.6722955796875 0.43770166093749996 0.673419984375 0.435849284375 0.69405301875 0.4268125734375 0.7082172515625
20 0.5161367609374999 0.63997229375 0.503301371875 0.6562914109375 0.47773696093750007 0.672299725 0.5014407015625 0.7140851828125 0.50492443125 0.7432396890625 0.4953683328125 0.784812415625 0.475957775 0.8249457874999999 0.4993590078125 0.8422995312499999 0.5276916171875 0.841792584375 0.555513134375 0.831533396875 0.5769722125000001 0.8118286234375001 0.5850889546875 0.7801103578124999 0.602029678125 0.7674877 0.605112825 0.751679675 0.60512111875 0.7145189390625 0.5913740562500001 0.676123284375 0.5656135 0.651069965625 0.5316381296875 0.637204096875 0.5161367609374999 0.63997229375
20 0.5851911734375 0.78206080625 0.5826191203125 0.8076210703125 0.562186375 0.828249959375 0.572441415625 0.87465184375 0.6021028687500001 0.899500725 0.6227359031249999 0.9013531015625 0.6534361296875 0.8713849937499999 0.68782866875 0.85589191875 0.6938885984375001 0.8409057921875001 0.6926619734374999 0.8175004124999999 0.6747073578125 0.77345785 0.655104803125 0.7539492203125 0.6350892265625 0.745219165625 0.6069610546875001 0.7496270078125 0.6022341156250001 0.7713885953124999 0.5851911734375 0.78206080625
20 0.5955816078125 0.6817701921875 0.6103550046875 0.7210899609375 0.6420732703125 0.7292067046875 0.6859072484375 0.7259315609375 0.7252270171874999 0.7111581640625 0.7684435359374999 0.7147606984375 0.774605684375 0.70172501875 0.7690692890624999 0.6707222828125 0.7314016062500001 0.6423813796875 0.6821293046875 0.6351846046875 0.6432225578125 0.6391794265625 0.612628696875 0.6525176140625 0.5986647546875 0.6659621687499999 0.5955816078125 0.6817701921875
20 0.778715165625 0.686841109375 0.8092026609375 0.690132840625 0.8448301171875 0.660884409375 0.8161991453124999 0.618379275 0.7913544109374999 0.629460359375 0.7659985828125 0.6307892015625 0.7239147625 0.6114808625 0.71344284375 0.6169191859375001 0.7124123625000001 0.6345754390625 0.749466734375 0.651213653125 0.7710197375 0.6706200640625 0.778715165625 0.686841109375
20 1 0.624728109375 0.9824941984375 0.6380232984374999 0.9661667875 0.6623486468750001 0.9668823171875 0.676001784375 0.9884311734375 0.7139885640625 1 0.7217536734375 1 0.624728109375
20 0.8130013390625 0.6879779546875 0.79974878125 0.733656015625 0.8706680109375 0.7993703875 0.9031059546875 0.8025599 0.9173765515625 0.794966690625 0.9484815062499999 0.79138074375 0.97671604375 0.77034298125 0.9900666734374999 0.7451957375 0.9862762890625 0.7101898859375 0.9753996421875 0.6892460484375 0.9538466390625 0.6698396359375 0.8919433859374999 0.682862875 0.8478068984375 0.6617063062499999 0.8130013390625 0.6879779546875
20 0.6900982140624999 0.805899940625 0.7271484375 0.8411185234375 0.72057326875 0.8649327765624999 0.7337111671875001 0.8730453734375001 0.7540416921875 0.8504660359375 0.76368756875 0.8665848625000001 0.793144584375 0.8875328484375 0.825378090625 0.8868214640625001 0.8511469406250001 0.8747140468750001 0.87199270625 0.8433065828125 0.87230765625 0.8119971921875001 0.8613287906249999 0.7891029046875 0.8150415656250001 0.745567290625 0.7664930875 0.7148629171875001 0.7099300875 0.7178272578125 0.6833351953125 0.751491825 0.681172015625 0.784853884375 0.6900982140624999 0.805899940625
20 0.6090620312499999 0.9949704734375 0.832337253125 0.9822912125000001 0.8265964203125 0.9473875812499999 0.8054564390625 0.9172025937500001 0.7553705359375 0.8758218640625 0.7318629375000001 0.875098040625 0.705484921875 0.8569224 0.670581290625 0.8626632328125 0.642244534375 0.881750546875 0.6209898921875 0.9053562171875 0.60496084375 0.972693646875 0.6090620312499999 0.9949704734375
20 0.8721847031250001 0.902948584375 0.9203284515625001 0.907270796875 0.93295525625 0.9056311515625 0.972790265625 0.882029628125 0.9883979999999999 0.862631509375 0.991072271875 0.83902169375 0.980821378125 0.774039440625 0.9370854718749999 0.7978454 0.8740536671875001 0.8079940765625 0.8738409359375 0.8412539156250001 0.846730803125 0.8837466109375001 0.8721847031250001 0.902948584375
20 1 0.75893134375 0.9875968374999999 0.77270645 0.9864558453125 0.8255729921875 1 0.8548833359374999 1 0.75893134375
20 1 0.8864710421875 0.9672455765624999 0.888187628125 0.9481499687499999 0.8970116078125001 0.9250470984374999 0.9226699453125 0.918574146875 0.9484346484374999 0.9211337609375001 0.9786154874999999 1 0.9737428296875 1 0.8864710421875
20 0.93028513125 0.9106605999999999 0.8821413828125 0.9063383875 0.8440606781250001 0.888776059375 0.8451809359375 0.9288113593749999 0.8336743890625 0.9704863046875 0.8879761390625 0.9803532046875001 0.9201074281249999 0.9776913734375 0.9182674921875 0.942583303125 0.93028513125 0.9106605999999999
20 0.8321535499999999 0.885488475 0.7892436875 0.8877372859375001 0.789239540625 0.9063176531250001 0.8074068875 0.9171003750000001 0.833163296875 0.9607340625 0.8450787171874999 0.9268609109374999 0.839337884375 0.891957278125 0.8321535499999999 0.885488475
20 0.594382559375 0.994761890625 0.5920315296875 0.949901578125 0.5823856546874999 0.9337827515624999 0.566360753125 0.9825398125 0.551472696875 0.9970107 0.594382559375 0.994761890625