0 0.1363155359375 0.35438526875 0.1562465390625 0.369306509375 0.17143502500000002 0.3748397390625 0.188496 0.4017755890625 0.20034038125000003 0.402699925 0.21945685781250002 0.3971062796875 0.24720723437499997 0.4005601921875 0.266153484375 0.393020853125 0.268816684375 0.389846975 0.26690759375 0.379230778125 0.25264344375 0.3618531671875 0.2498466203125 0.35229492812499996 0.237491559375 0.3455335140625 0.23169108437500002 0.33525776875 0.2239083140625 0.3359386734375 0.21315849375 0.325115646875 0.19919819218749998 0.32241584375 0.1330446375 0.3282035296875 0.128776196875 0.3354390203125 0.1363155359375 0.35438526875
0 0.478169528125 0 0.0682564203125 0.03586275 0.0368929296875 0.159182715625 0.0591211015625 0.2787943109375 0.081848928125 0.3032737890625 0.11383114218749998 0.3102786359375 0.20211761250000002 0.243737003125 0.247889903125 0.251495959375 0.3579432609375 0.23206461093750003 0.40566124375 0.2396533421875 0.43538112656249994 0.28802841562500003 0.45965377656250006 0.2741413203125 0.507371759375 0.28173005 0.5252966531250001 0.2625165546875 0.5581299984375 0.279249865625 0.6114306015625 0.20498587812500002 0.6081120765625 0.0886213671875 0.592072459375 0.0733596734375 0.581298825 0.017445260937500002 0.5651018750000001 0 0.478169528125 0
0 0.8287277046874999 0.21244274999999999 0.858861246875 0.24313636249999998 0.8827202375000001 0.246930728125 0.9045603312500001 0.2724681671875 0.9162344875 0.2714468109375 0.9603777234375 0.23817599375 0.9652300484375 0.2152047359375 0.9763935265624999 0.2083463 0.9600152218750001 0.0323462171875 0.9249927515625 0.0354102875 0.9117865609375 0.0189204078125 0.8918189546875 0.014785590625000001 0.833448171875 0.019892371875000002 0.8091389187500001 0.044565890625 0.7987533640625 0.0827256359375 0.7873702671875 0.1543026109375 0.790945015625 0.1951621578125 0.7985209578125 0.203321984375 0.8287277046874999 0.21244274999999999
0 0.2908746296875 0.507512878125 0.3108056328125 0.52243411875 0.3286573203125 0.5247934703125 0.3512515234375 0.5365408328125 0.3772264328125 0.542110665625 0.38958149375 0.5488720796875 0.40726295468749996 0.5492857375 0.4155564046875 0.5544419125 0.4413610890625 0.5580660515625 0.47054647968749996 0.5555126609375 0.4799344921875 0.5507701453125 0.48580817343750005 0.5394730437499999 0.48423953593749997 0.53274823125 0.479290190625 0.53220095 0.4763231421875 0.5206970203125 0.46802969218749996 0.5155408453125 0.4675190140625 0.5097037671875 0.46362762812499997 0.5100442203125 0.46523286875 0.5059826078125 0.455163953125 0.502942353125 0.4491932515625 0.49072091562500003 0.30647677500000003 0.495364646875 0.2908746296875 0.507512878125
0 0.25620363749999997 0.615437528125 0.2753201125 0.60984388125 0.3219435328125 0.627331303125 0.3428958921875 0.6539267 0.35028881875 0.7160186421875 0.393251496875 0.770097171875 0.40687134687500004 0.7689055890625001 0.48147755156249994 0.669250575 0.48691376093749994 0.6305435484374999 0.46947573125000003 0.6105027359374999 0.4006955796875 0.608677878125 0.13289646093750002 0.5281962265625 0.06287533437500001 0.57941575 0.0555666390625 0.59672015625 0.06261911406250001 0.6549207140625 0.0771871125 0.6869761343749999 0.11438591875 0.71999249375 0.23533550937499997 0.6682384781249999 0.25620363749999997 0.615437528125
0 0.4773747640625 1 0.763903321875 0.9729396124999999 0.724965653125 0.9312527484374999 0.5965261171875 0.8973962828125 0.40905870625 0.9059552125 0.3097313546875 0.891118203125 0.1853040375 0.925531209375 0.1103701703125 0.9654170296875 0.08640046875 1 0.4773747640625 1
0 0.465396334375 1 0.763733096875 0.9709939203125 0.724965653125 0.9312527484374999 0.5905188124999999 0.8959612671875 0.40905870625 0.9059552125 0.3077856625 0.8912884296874999 0.190970890625 0.9230748390624999 0.1103701703125 0.9654170296875 0.080394065625 0.9925469187499999 0.0770012875 1 0.465396334375 1
0 0.355313134375 0.5381460734375 0.3772264328125 0.542110665625 0.38958149375 0.5488720796875 0.435353784375 0.5566310375 0.472321946875 0.5533967421875 0.482427465625 0.5456505734375 0.48423953593749997 0.53274823125 0.4701456109375 0.5173163125 0.46734878750000003 0.507758075 0.4560516859375 0.5018843937499999 0.4521969046875 0.49143842187500003 0.445131640625 0.489115675 0.30453108281249996 0.495534871875 0.28892893750000004 0.5076831046875 0.306744021875 0.520828878125 0.3286573203125 0.5247934703125 0.355313134375 0.5381460734375
0 0.23533550937499997 0.6682384781249999 0.2464385703125 0.62707508125 0.259924796875 0.6131513828124999 0.2753201125 0.60984388125 0.3219435328125 0.627331303125 0.345692715625 0.6634849375 0.3480026734375 0.7122974828124999 0.393251496875 0.770097171875 0.40704157187499995 0.77085128125 0.48147755156249994 0.669250575 0.48691376093749994 0.6305435484374999 0.4848344453125 0.6179816578125 0.46947573125000003 0.6105027359374999 0.39663396875 0.6070726375 0.13289646093750002 0.5281962265625 0.06287533437500001 0.57941575 0.0555666390625 0.59672015625 0.06261911406250001 0.6549207140625 0.0771871125 0.6869761343749999 0.11438591875 0.71999249375 0.23533550937499997 0.6682384781249999
0 0.1601141109375 0.32387467187499996 0.1330446375 0.3282035296875 0.128776196875 0.3354390203125 0.1363155359375 0.35438526875 0.1543008453125 0.3694767359375 0.1663154546875 0.372346765625 0.1758370890625 0.380336365625 0.183376428125 0.399282615625 0.19061191875 0.40355105625 0.256765471875 0.3977633703125 0.268986909375 0.39179266875 0.26673736875 0.3772850859375 0.26093689375 0.367009340625 0.25264344375 0.3618531671875 0.2498466203125 0.35229492812499996 0.239607478125 0.34730898125 0.23169108437500002 0.33525776875 0.22196262031249997 0.33610889843749997 0.2182780640625 0.32760862031250004 0.21315849375 0.325115646875 0.19919819218749998 0.32241584375 0.1601141109375 0.32387467187499996
0 0.4781695234375 0 0.0682564203125 0.03586275 0.0370631546875 0.16112840781249999 0.058950875 0.27684861875 0.079733009375 0.3014983234375 0.11188545000000001 0.31044886250000003 0.20211761250000002 0.243737003125 0.2498355953125 0.251325734375 0.3579432609375 0.23206461093750003 0.40566124375 0.2396533421875 0.42937382343749997 0.2865934 0.4771650125 0.272609284375 0.507371759375 0.28173005 0.523180734375 0.26074108906250004 0.5282637015625 0.2740204859375 0.5561843046875 0.27942009218749997 0.58971134375 0.24805836406249998 0.6114306015625 0.20498587812500002 0.60794185 0.0866756734375 0.564156140625 0 0.4781695234375 0
0 0.8827202375000001 0.246930728125 0.898419403125 0.2583010359375 0.90667625 0.2742436328125 0.9603777234375 0.23817599375 0.965059821875 0.21325904218749997 0.9760530749999999 0.204454915625 0.9606961265624999 0.040128989062499995 0.9313405078124999 0.0407366875 0.90577925625 0.01748539375 0.8373395578125 0.019551920312500002 0.8109143859374999 0.042449971875 0.7987533640625 0.0827256359375 0.7878809453125 0.1601396890625 0.793231159375 0.19888331875 0.8287277046874999 0.21244274999999999 0.858861246875 0.24313636249999998 0.8827202375000001 0.246930728125