0 0.1584164796875 0 0.1523132265625 0.010876951562499999 0.08963631718750001 0.2817507796875 0.1377315265625 0.35264738281249997 0.110706475 0.3859389828125 0.10621929687500001 0.4267551734375 0.169013278125 0.548427871875 0.3170191875 0.6252614203125 0.5705313046875 0.6851885046875 0.6881271984375 0.6543770906249999 0.7552704796875 0.598766265625 0.8184267015625 0.38729248125 0.8816069890625 0.33797512812499997 0.9162614687499999 0.27524111093750003 0.86688415 0.12504260312499998 0.7911528156250001 0.0912957578125 0.733508075 0.030751482812499998 0.5393508546875 0 0.1584164796875 0
0 1 0.07295965625 0.849252803125 0.049083646875 0.8423303093750001 0.086547915625 0.8490251796875 0.10046183906249999 0.867399359375 0.10930443593750001 0.8847520937500001 0.1308388140625 0.9069664828124999 0.1778615875 0.9128406078125 0.2094427578125 0.9251220140624999 0.219297825 0.9521291171874999 0.2235753296875 0.9774168156249999 0.21373821093749998 1 0.21887481874999998 1 0.07295965625
0 1 0.279688428125 0.9214286578124999 0.29880042812499996 0.8801751718749999 0.35950053125000003 0.8329427234375 0.39552400625 0.7604466453125001 0.60354103125 0.6846704390625 0.6637169484375 0.612464803125 0.6888639125 0.6582984749999999 0.817737715625 0.8058071218749999 0.872740325 0.9451111687499999 0.8859052999999999 1 0.535629275 1 0.279688428125
0 0.816875940625 1 0.8278987250000001 0.9642367484375001 0.8139068875 0.9214825046874999 0.7760501953125 0.8858245296874999 0.7083407125 0.8513707500000001 0.6442797140625001 0.8313371296875 0.638483503125 0.8492050734375001 0.661929009375 0.86972698125 0.599892953125 0.8618789046875 0.5628390578125 0.8461227906250001 0.5349332953125 0.8100634171875001 0.47858861093750005 0.791251940625 0.3874846125 0.8420790265625 0.331139928125 0.82326755 0.3099110875 0.83869120625 0.305232184375 0.8557473796874999 0.3541481390625 0.9089767375 0.346413875 0.9453236984375 0.3552295484375 0.9833031765625 0.46064914375 1 0.816875940625 1
0 0.251784178125 0.937256975 0.1804082625 0.925952140625 0.17035249531250002 0.9332580828125 0.1808096609375 0.9359030703125001 0.181315896875 0.9389494562499999 0.1628368796875 0.9370114031250001 0.16019189218750002 0.94746856875 0.166179828125 0.9533606421874999 0.1725781359375 0.9504190921875001 0.1796833796875 0.95549939375 0.18739969375 0.9567215390625 0.1918689234375 0.953474453125 0.195116009375 0.9579436828125001 0.249130215625 0.9664986921875001 0.2569513671875 0.96081629375 0.257361740625 0.9519826703125001 0.250361334375 0.9399978250000001 0.251784178125 0.937256975
0 0 0.9263737187500001 0.14881811875 0.9506108171875001 0.15440465625 0.9465519609375 0.1498395640625 0.9379190375 0.16537703125 0.93345878125 0.16883379062499998 0.9241189234375 0.15147208125 0.9213691 0.12489330000000001 0.8706888671874999 0.130794346875 0.845916378125 0.11274365312500001 0.797575596875 0.1102393984375 0.7259900078125 0.10162442499999999 0.6929859953124999 0.08142600312500001 0.67693331875 0.05858259375 0.6713378062500001 0.01138604375 0.632223071875 0 0.633406015625 0 0.9263737187500001
0 0.1559790203125 0 0.0895404546875 0.2698707703125 0.1364135203125 0.3484836890625 0.10621929687500001 0.4267551734375 0.169013278125 0.548427871875 0.3150901078125 0.624955884375 0.572460384375 0.685494040625 0.6881271984375 0.6543770906249999 0.75496494375 0.60069534375 0.8181211656249999 0.3892215609375 0.8816069890625 0.33797512812499997 0.9159559328125001 0.2771701890625 0.8980280234375 0.18435575937499998 0.8652606078125 0.1228079875 0.7911528156250001 0.0912957578125 0.733508075 0.030751482812499998 0.5393508546875 0 0.1559790203125 0
0 1 0.07295965625 0.8531109593749999 0.04969471875 0.8492438281249999 0.0678682 0.8495403890625 0.08472367343750001 0.868831178125 0.087779034375 0.8720872375000001 0.07346371093750001 0.8828499390625 0.0741796203125 0.8802049515625001 0.0846367859375 0.8747232515625001 0.0817910984375 0.881217421875 0.0907295578125 0.8782668984375 0.1031158015625 0.8851714421875 0.10322063906250001 0.8884275015625 0.08890531562500001 0.9135055265625001 0.09287728437500001 0.919807971875 0.07805572656250001 0.9299596015624999 0.0826297921875 0.9235433437499999 0.123140446875 0.9259786578125 0.1264923703125 0.9307534234375 0.12131620624999999 0.939682909375 0.1336065875 0.9296181671875001 0.1596970828125 0.931643109375 0.1718826265625 0.9159049421875001 0.17136741718749998 0.9141675890625001 0.1948218984375 0.9185319812499999 0.19847935781249998 0.9271649046875 0.193914265625 0.9225908374999999 0.20406589375 0.9266496953125 0.20965243125000002 0.9437058671875 0.21433133437500002 0.9645243359375 0.20774130156249998 0.984120659375 0.2088675828125 1 0.2021254421875 1 0.07295965625
0 1 0.282219596875 0.9233577374999999 0.2991059640625 0.88210425 0.35980606718749997 0.834871803125 0.3958295421875 0.7626812593750001 0.6019174875 0.6933033625 0.6591518562500001 0.612464803125 0.6888639125 0.6582984749999999 0.817737715625 0.8058071218749999 0.872740325 0.9451111687499999 0.8859052999999999 1 0.535616878125 1 0.282219596875
0 0.816875940625 1 0.8278987250000001 0.9642367484375001 0.8087307234375001 0.9167077390625 0.7083407125 0.8513707500000001 0.643974178125 0.8332662078125 0.638483503125 0.8492050734375001 0.6635525531249999 0.8719615953125001 0.5979638734375 0.86157336875 0.5628390578125 0.8461227906250001 0.5365568374999999 0.8122980312499999 0.480517690625 0.7915574765625 0.3813918390625 0.8430914968750001 0.331139928125 0.82326755 0.3067598640625 0.846101984375 0.3187267609375 0.8766706843750001 0.3528301328125 0.9048130437499999 0.3552295484375 0.9833031765625 0.4691052296875 1 0.816875940625 1
0 0 0.9263737187500001 0.14881811875 0.9506108171875001 0.1523797140625 0.934366415625 0.16487079531249998 0.9304123953125 0.15167277968749998 0.9263445640624999 0.16690471093749998 0.9238133875000001 0.15147208125 0.9213691 0.12489330000000001 0.8706888671874999 0.12907494218749999 0.8318017546875 0.11274365312500001 0.797575596875 0.1102393984375 0.7259900078125 0.10162442499999999 0.6929859953124999 0.08142600312500001 0.67693331875 0.05858259375 0.6713378062500001 0.01138604375 0.632223071875 0 0.633406015625 0 0.9263737187500001