20 0.5411024609374999 0.978300009375 0.5662022203125 0.9494580453125 0.5798879421875001 0.9226478312499999 0.58653628125 0.8913698562500001 0.583125265625 0.8698413796875 0.56820295 0.841408221875 0.5490498734375 0.8328792281249999 0.5268748265625 0.8385674984374999 0.5048456703124999 0.8576604187499999 0.479843171875 0.89543881875 0.47575830156250004 0.9287476375000001 0.48801988593749995 0.9462135187499999 0.5045608625 0.9482434515625 0.4865471171875 0.9860213968749999 0.49493918125 0.9982069062500001 0.5108271328125 0.9986120734374999 0.5411024609374999 0.978300009375
20 0.60328563125 0.7374182625000001 0.5768311921875 0.75854248125 0.5602207578125 0.808506390625 0.56750129375 0.8353152390625 0.5829793734375001 0.856436728125 0.610329990625 0.8592783609374999 0.6373401953125 0.8308424734375001 0.64831655625 0.7885967671875 0.636513475 0.7548827796875 0.6198266078125 0.7394481953125001 0.60328563125 0.7374182625000001
20 0.6478719046875 0.630990475 0.6270515375 0.6443964906249999 0.614574603125 0.6655198 0.607224609375 0.6907047937499999 0.6082180484374999 0.7236070781249999 0.647371746875 0.7601626984375 0.6663789312499999 0.7552870390625 0.6926874796875 0.72075816875 0.697835246875 0.66835779375 0.6784876484375 0.6419559328125 0.6478719046875 0.630990475
20 0.68542079375 0.520094925 0.6657605859375 0.52334581875 0.6488097374999999 0.5420322078125 0.639042165625 0.578591009375 0.6406399984375 0.6086498437500001 0.6529502140625 0.6305839421874999 0.7013157203125 0.637892428125 0.7245050359375 0.6086443859374999 0.731563246875 0.5566500890625 0.721767871875 0.5322786140625 0.68542079375 0.520094925
20 0.3543651015625 0.57454751875 0.366286271875 0.5607358796875 0.3802151484375 0.556266753125 0.383139859375 0.5331130578125001 0.3737543546875 0.4880252625 0.3589779328125 0.47299675468749997 0.3462578453125 0.47177897656249995 0.3418325625 0.47381027500000006 0.33699740624999996 0.49655789375000003 0.31305780625 0.5152447359375001 0.29755889999999996 0.55058530625 0.297753421875 0.5684581750000001 0.3081531921875 0.589986196875 0.3197131203125 0.6013590953125 0.338817565625 0.6054198703125 0.34450026875 0.6021698875 0.3543651015625 0.57454751875
20 0.37578986406250003 0.55829805 0.356879940625 0.5721101453124999 0.347522240625 0.587952625 0.3422772140625 0.631416565625 0.3642369109375 0.6643174875 0.392191925 0.6643156671875 0.40280704375000004 0.6472544984375 0.39627679374999997 0.6310068484375 0.40967073281250005 0.57738733125 0.394241284375 0.560734059375 0.37578986406250003 0.55829805
20 0.47215963906249997 0.598099559375 0.4596062703125 0.5538243734375 0.44306529531249994 0.5517944421875 0.4115811765625 0.577793409375 0.3980899765625 0.6224764921875 0.40928866406250003 0.6590339296875001 0.4189381484375 0.6700007515624999 0.43995303750000003 0.6744676046875 0.4551393328125 0.668779790625 0.47460502031249996 0.6476560265625 0.4849769859375 0.6082537718750001 0.48362230625 0.600536025 0.47215963906249997 0.598099559375
20 0.49936436406249995 0.5875365421875001 0.49428605625 0.5879430734375 0.5196011656249999 0.5205119171875 0.4989475171875 0.4908605265625 0.4919587640625 0.49086098125 0.47998896249999995 0.5002044031249999 0.46690763437499994 0.5241711640625 0.46096095156250005 0.561542121875 0.46753983281249994 0.5822579875 0.48362230625 0.600536025 0.51539820625 0.6013463609375 0.5354682890625 0.5773791453125 0.544027071875 0.546507246875 0.5318141187500001 0.5335095828124999 0.49936436406249995 0.5875365421875001
20 0.4963354171875 0.484361465625 0.520205559375 0.517668465625 0.49992012812500003 0.5802248718749999 0.5081176703125 0.5745375125 0.5204973421875 0.54447776875 0.5324185124999999 0.5306661296875 0.5567471578125 0.547725025 0.554524103125 0.576971703125 0.56211725 0.574127796875 0.573941159375 0.551379721875 0.6032994828125 0.56356386875 0.6387990125 0.5562499234375 0.6663649796875 0.520502365625 0.7023230109374999 0.49694031875 0.7167103906250001 0.47622308750000003 0.740260946875 0.4217905046875 0.7509455234375 0.35273549531250004 0.7131951359375 0.3283658421875 0.7033997609375 0.3039943671875 0.70271893125 0.24143932499999998 0.6968417062500001 0.2268164421875 0.685281778125 0.215443540625 0.64450941875 0.20529114843750002 0.5747469515625 0.27516240937499997 0.5372397171875 0.273133840625 0.5287295640624999 0.3084739546875 0.51027814375 0.30603794375 0.49896136875 0.31700613125 0.4959393953125 0.33122339375 0.4832679390625 0.3344738328125 0.4796207453125 0.40799660624999995 0.4864427796875 0.451053559375 0.4963354171875 0.484361465625
20 0.870428178125 0.29789046875 0.8521226499999999 0.308859109375 0.8461759671875001 0.34623006875 0.8299754046875 0.37547765625 0.8429872765624999 0.40350473593749997 0.8672186609375 0.41162719687499993 0.8962365703125 0.39253382187499997 0.9055942703125 0.3766913390625 0.9134513984374999 0.339726459375 0.8984318218749999 0.3023568671875 0.870428178125 0.29789046875
20 0.8391107796874999 0.2808320296875 0.8302115828125001 0.28042640625000004 0.8001794062500001 0.32307955625 0.7534603625 0.350298121875 0.7569200109375 0.3762948140625 0.7754200609375 0.383199040625 0.797546478125 0.37304255625 0.8166509234375001 0.37710333125 0.8336990328124999 0.3673533765625 0.84738475625 0.3405431625 0.8514209953125 0.302766128125 0.8391107796874999 0.2808320296875
20 0.8343937125 0.2560540234375 0.8058343062500001 0.25889929375 0.7834161046875 0.242246478125 0.7609006421875 0.21665722656250003 0.7484445359375 0.18131847343750002 0.743366228125 0.18172500625000002 0.713285421875 0.21990993906249998 0.7016074046874999 0.2560626640625 0.7033024984375 0.2950579328125 0.7137995312500001 0.3255223875 0.726665509375 0.34014481875 0.757232621875 0.3466420578125 0.793239284375 0.327548228125 0.8146154156250001 0.306830540625 0.8314203718750001 0.2747395015625 0.8343937125 0.2560540234375
20 0.8713660109375001 0.2089322015625 0.8773126953125001 0.17156124374999998 0.873200021875 0.143939784375 0.8524491125000001 0.105351959375 0.8370682953124999 0.093166903125 0.8090646515625 0.08870050625 0.7913148875 0.092357478125 0.7674239171874999 0.1155125390625 0.7531338 0.1451662046875 0.7490975609375 0.1829432390625 0.7595945921875 0.213407696875 0.7801996109375 0.23859086875000002 0.8077447515625 0.25930537187499997 0.8236327015624999 0.25971053906249997 0.8614039171875 0.22761813437499998 0.8713660109375001 0.2089322015625
20 0.7652216890625 0.0882971578125 0.7439636468749999 0.06148921875 0.6904225687500001 0.04565083125 0.6669414703125 0.0480895703125 0.6511994125 0.0610890546875 0.6363049000000001 0.093586171875 0.630455478125 0.1398935640625 0.6524151765624999 0.1727944859375 0.6939378234375 0.1935080765625 0.7244076749999999 0.1910688828125 0.73572445 0.18010069687500002 0.7531338 0.1451662046875 0.7652216890625 0.0882971578125
20 0.537093825 0.25972918906250003 0.5467919390625 0.275164228125 0.5620754953125 0.2784128484375 0.5778661859375 0.2698815796875 0.638173690625 0.20691636875000002 0.648135784375 0.188230434375 0.6498517078125 0.1707636421875 0.634422259375 0.1541103703125 0.6291494281250001 0.136644034375 0.63439445625 0.09318009375 0.6113718609375 0.0793707296875 0.5776368828125 0.0736861 0.5643610328124999 0.07977999062499999 0.5429849015625 0.10049767812499999 0.5268816015625 0.1386817 0.518420078125 0.1784900328125 0.5229912546875 0.1898633875 0.5394836 0.1874251015625 0.5491817140624999 0.202860140625 0.5493762359375001 0.2207330109375 0.537093825 0.25972918906250003
20 0.463698015625 0.22926882499999998 0.4629477296875 0.21870762500000002 0.4336380359375 0.21099169843749999 0.4070863359375 0.22317948125 0.4009937609375 0.2471457875 0.4328669234375 0.2568925578125 0.463698015625 0.22926882499999998
20 0.3837303015625 0.29548493124999997 0.395436121875 0.320262484375 0.4089064953125 0.33204146093750003 0.45867531406250006 0.3515359125 0.4807531015625 0.33691120625000004 0.4800028140625 0.3263500078125 0.46261429062500004 0.3048224421875 0.422689478125 0.31416768125 0.392386346875 0.2735494703125 0.3837303015625 0.29548493124999997
20 0.37301792031250003 0.30360966562499997 0.392990740625 0.27070601562499996 0.39973634062499996 0.24836447499999997 0.40004895156250003 0.21871171875 0.39025357656250004 0.1943402453125 0.37547715312499996 0.1793117375 0.3391300765625 0.1671280484375 0.330981165625 0.177283625 0.3399776234375 0.1866256828125 0.338817465625 0.1967808046875 0.2945646296875 0.2170937765625 0.282087696875 0.2382170859375 0.281677825 0.25893340781249996 0.28825670625 0.2796492734375 0.3094661171875 0.3019889953125 0.3489810578125 0.31336007499999996 0.37301792031250003 0.30360966562499997
20 0.23949517656250002 0.1192027140625 0.23436823750000002 0.1151410296875 0.21495118125 0.140733009375 0.20709405468750003 0.1776978890625 0.2151248765625 0.21506793906250002 0.22934553593749998 0.2374081140625 0.240203809375 0.24268803125 0.2744945484375 0.24106099374999998 0.2926541859375 0.21668769999999998 0.2458587078125 0.178507771875 0.2373693828125 0.1573858265625 0.23949517656250002 0.1192027140625
20 0.3264586203125 0.1703784875 0.33199543125000003 0.15372385156249999 0.33949131875 0.141943509375 0.362368021875 0.1423482234375 0.3652927328125 0.1191945265625 0.356004490625 0.083043165625 0.3431385125 0.0684207359375 0.3067914359375 0.056237046874999995 0.2847136484375 0.07086175 0.26062815625 0.07614394218750001 0.2462407765625 0.0968611734375 0.23707760000000003 0.13057652343749998 0.23797377812499998 0.154542375 0.252291696875 0.1858189859375 0.2811428875 0.2097830171875 0.30406822187500004 0.214655946875 0.3369070203125 0.1963747265625 0.3264586203125 0.1703784875