20 0.0757825296875 0.7247217171875 0.11213895468749999 0.7365567140625 0.1421653265625 0.7386789031250001 0.1735545671875 0.732577453125 0.19203884375 0.72102575 0.21238109062500002 0.6961799656250001 0.21274836718749998 0.6752169234375 0.19884780625 0.6570272687500001 0.172665203125 0.6442095218749999 0.12812074843750001 0.635955796875 0.0958637328125 0.645210446875 0.0845772859375 0.663321759375 0.0891717984375 0.679340965625 0.047358484374999996 0.6775202453125 0.0394207046875 0.6900064390625 0.0452556640625 0.7047896859375 0.0757825296875 0.7247217171875
20 0.3218122484375 0.68784163125 0.2920307296875 0.6717440796874999 0.2395484953125 0.67597655 0.2177155515625 0.6931533703125 0.2043208859375 0.715653840625 0.21239188750000002 0.74194053125 0.2491209875 0.75569276875 0.2922971703125 0.74928985 0.31871922812500003 0.725251953125 0.326406759375 0.7038608375 0.3218122484375 0.68784163125
20 0.43720078906250004 0.6872988624999999 0.4167253203125 0.6733717609375 0.3924060859375 0.6701402171875 0.3663513046875 0.673215071875 0.336452759375 0.686985484375 0.318101703125 0.7373100734375 0.33001646875 0.75290120625 0.3720800296875 0.7636268484375 0.42232622343750004 0.747890934375 0.43906955468750003 0.7197653484375001 0.43720078906250004 0.6872988624999999
20 0.5539522 0.678532453125 0.5432778796875 0.6617053609375 0.5194537453125 0.6534033781249999 0.481984696875 0.6586969421875 0.45493971718750004 0.671912678125 0.43955925625000003 0.691814625 0.45172966875 0.7391909625 0.487713421875 0.74910871875 0.5383322875000001 0.7352900453125 0.556938990625 0.7167506609375 0.5539522 0.678532453125
20 0.37447455937499996 0.39507040625 0.3918462125 0.40064726406249995 0.401402509375 0.41172263437499995 0.423858375 0.405367975 0.4616947015625 0.37911136875 0.4697549078125 0.35963749375 0.46590574218749997 0.34745276875000003 0.462306828125 0.34417296406250003 0.43947828906249997 0.3486103828125 0.41292301093750006 0.3338753953125 0.37433594062500003 0.3334172390625 0.3579598828125 0.3405797828125 0.34220675 0.358564490625 0.3362547640625 0.37364920625 0.33998150312500003 0.39282161250000003 0.34519353750000004 0.39678269843749997 0.37447455937499996 0.39507040625
20 0.3978035953125 0.4084428296875 0.3777008 0.39643296875 0.359461375 0.39400931093749997 0.3174032109375 0.4061639515625 0.295698090625 0.439233375 0.3066226609375 0.4649653890625 0.32647520625 0.46807032812499993 0.338879675 0.45571073906250004 0.39347012812500004 0.4470891109375 0.40277078125 0.4263792765625 0.3978035953125 0.4084428296875
20 0.3988207828125 0.5127033640625 0.434671315625 0.483848234375 0.43007680312499996 0.467829028125 0.393842803125 0.44900635156249996 0.3474403765625 0.4540467078125 0.318164753125 0.47863928125 0.31184009375 0.4918067578125 0.31593950625 0.512896403125 0.32710892343750003 0.52465305625 0.35415930156250003 0.534317603125 0.3944819171875 0.5284693609375 0.4010568265625 0.5242068078125001 0.3988207828125 0.5127033640625
20 0.4191738265625 0.5336181453125 0.41681535937499997 0.5291023828125 0.488777465625 0.5260576125 0.508001690625 0.4954601078125 0.50527055 0.48902710312500003 0.4919929109375 0.481659609375 0.4648201078125 0.47898274374999994 0.42809640625 0.48811078906249994 0.411597925 0.5022610140625 0.4010568265625 0.5242068078125001 0.41272674218749994 0.5537733015625 0.4426306859375 0.562883171875 0.4743926 0.5586989625000001 0.48158503281250004 0.5423782875 0.4191738265625 0.5336181453125
20 0.5129634796875 0.49051627187499997 0.49163103281250004 0.5255029343750001 0.42612140781249996 0.5312728328125 0.4345596859375 0.5365964812499999 0.467066946875 0.536246753125 0.4844386 0.541823609375 0.47824176406249996 0.5708836875000001 0.45045143750000005 0.5802649421875 0.456036146875 0.58614326875 0.48159582968750003 0.588138853125 0.48185147500000003 0.6199240578125 0.5024547671875 0.6497437609375 0.5461314484375001 0.661150684375 0.58187035 0.6850438015625 0.6065622578125 0.6901925859375 0.66586965 0.6906024828125 0.73360991875 0.673455746875 0.7412920515625 0.6291843484374999 0.7598987546875 0.6106449640625 0.8172149531249999 0.5855760562500001 0.8283789734375 0.5744524265625001 0.834330959375 0.559367709375 0.8277452562500001 0.5178696984375 0.7361700546875001 0.48095388593750005 0.7233821171875 0.44563566874999994 0.6875261890625 0.451610515625 0.6825590046875 0.43367406875 0.6680409187499999 0.42754253281250004 0.65377308125 0.43031592031250004 0.6458299046875 0.41992183125000004 0.5767267625 0.4452922078125 0.5397582078125 0.46839561406249997 0.5129634796875 0.49051627187499997
20 0.830780625 0.7620104515625 0.8135313984374999 0.7494459124999999 0.7768076953125 0.7585739593749999 0.743555084375 0.75508920625 0.7228401640625 0.7780177484374999 0.72483135625 0.803496553125 0.7537451015625 0.8227473046875 0.771984528125 0.8251709625 0.809080903125 0.8179601578125 0.8376111796875 0.7895331015625 0.830780625 0.7620104515625
20 0.83424631875 0.7265173703125 0.8311425031249999 0.7181671265625 0.780145565625 0.707188275 0.736836159375 0.674818309375 0.7142578703125 0.68816065 0.715131040625 0.7078877328125001 0.733125615625 0.724286753125 0.736852353125 0.7434591578124999 0.7524884593750001 0.755342415625 0.78251483125 0.7574646046875 0.8188658578125001 0.7464193171875 0.83424631875 0.7265173703125
20 0.8552114890625001 0.7124937484375 0.841433353125 0.6873164125 0.8480028624999999 0.660173575 0.8627604015625 0.629449465625 0.8904229062500001 0.604175609375 0.8880644359375 0.5996598468750001 0.8411615140625001 0.586890359375 0.803319790625 0.590266684375 0.7680867828125 0.6070636921875 0.7441456203125 0.628629671875 0.735712740625 0.6461863046875 0.741675521875 0.6768621546875 0.773320409375 0.7025459078125 0.8007434609375 0.714127696875 0.8368496375 0.717057771875 0.8552114890625001 0.7124937484375
20 1 0.6263492046875 0.9993643609375 0.623787996875 0.9890627140625 0.6088781453125 0.9584134234375 0.59593379375 0.9255334859375 0.5943662828125 0.8891824578125 0.60541156875 0.8652412953124999 0.6269775484375 0.850111084375 0.6557844171875 0.8418060281249999 0.689233653125 0.847640984375 0.7040169 0.8919405890625001 0.7262459859375 0.9130335828125 0.7281149671875 0.949757284375 0.7189869203125 0.9735760234375 0.7044086218750001 1 0.6714620703125 1 0.6263492046875
20 0.9826048343749999 0.5832727359375001 0.99897549375 0.5532299078125 0.992634640625 0.4977565359375 0.9812149734375 0.4770949625 0.9630979734375 0.46768362343750003 0.9273644687499999 0.46667078906250004 0.8824527390625001 0.47938010625 0.8607476187499999 0.5124495296875 0.8579048468750001 0.5587647718750001 0.87205565625 0.58585935 0.886573740625 0.591990884375 0.9255334859375 0.5943662828125 0.9826048343749999 0.5832727359375001
20 0.7356641609375 0.44026376093749997 0.7252454875 0.45522187187499996 0.728226878125 0.47055979687500005 0.7422498640625 0.481761771875 0.8237736671875 0.5126726546875 0.8448666609375 0.514541634375 0.8616153921875 0.5092963296875 0.87091604375 0.488586496875 0.88493363125 0.47690818906250004 0.9269917953125001 0.4647535484375 0.9307077375 0.4381653890625 0.9227591609375001 0.4048910171875 0.9119624171874999 0.3950516046875 0.884539365625 0.3834698171875 0.843098728125 0.3835663375 0.803148784375 0.39133182031249997 0.79446565625 0.3999835328125 0.8031541828125001 0.41421210156250005 0.792735509375 0.42917021406250005 0.7763594515625 0.43633275937500005 0.7356641609375 0.44026376093749997
20 0.7350250453125 0.36080075 0.7444535203125 0.35598351875 0.740103859375 0.32598895 0.7185103703125 0.3063101265625 0.694068709375 0.3100662640625 0.697550596875 0.34321403125 0.7350250453125 0.36080075
20 0.642826921875 0.313062775 0.62459289375 0.3335194 0.6190135828125001 0.35052135624999997 0.620515071875 0.40395088437500004 0.6426036625 0.4185592671875 0.6520321375 0.4137420359375 0.6650541296875 0.3893243265625 0.6408519234375001 0.35622481875 0.6664008078125 0.3124598375 0.642826921875 0.313062775
20 0.6311624046875 0.3063765625 0.6692543765625001 0.3119051609375 0.6924555890625 0.30938498281250004 0.7198732421875 0.2980864875 0.73847994375 0.279547103125 0.7465401484374999 0.260073228125 0.743553359375 0.221855021875 0.73102106875 0.21832200937500001 0.7259368562499999 0.23025352500000001 0.7161357078125 0.23315351562500003 0.6801465578125 0.200355478125 0.6558273234375 0.197123934375 0.6365976984375 0.20484115625000002 0.6200992171874999 0.21899138125 0.607822571875 0.24724357343749997 0.6127951546875 0.28806030312500003 0.6311624046875 0.3063765625
20 0.74873840625 0.11141469374999999 0.7504739515625001 0.10510829375 0.7193295609375 0.09723438281249999 0.6822331859374999 0.10444518750000001 0.6509717671875 0.126439240625 0.63596398125 0.148258428125 0.63534645625 0.16031655 0.6502426125 0.1912456078125 0.6797738843750001 0.1984382375 0.6966342421875 0.14044468593749998 0.7127600515625 0.12437722031250001 0.74873840625 0.11141469374999999
20 0.7356101828125 0.21146093281249997 0.7531042609374999 0.21005010937500002 0.7668769984375 0.21234716250000002 0.7754430984375 0.23356341406249997 0.7978989624999999 0.2272087546875 0.8275472609375001 0.2045334203125 0.835980140625 0.1869767859375 0.8329933515624999 0.1487585796875 0.8109047625000001 0.1341501953125 0.796631528125 0.1140433 0.7719396187500001 0.10889451562500001 0.7373241375 0.11363340156249999 0.7156136203125001 0.1238225421875 0.692417803125 0.149223003125 0.6816318546875 0.18514415625 0.686103940625 0.20815104375 0.715763034375 0.23123627500000002 0.7356101828125 0.21146093281249997