0 0.8038273828125 0.48237261406250004 0.82321305 0.479992353125 0.8699079609375 0.5077114140625001 0.9011974125 0.4900950046875 0.9503756578125 0.489960053125 0.9786382453125 0.4717313984375 0.9626205421874999 0.429422790625 0.9020489234375001 0.43292446562500003 0.8750795390624999 0.41360627499999997 0.904839 0.3755159015625 0.953813578125 0.3576958234375 0.9830626296875 0.3314748765625 0.9424620062500001 0.0088225328125 0.86128023125 0.020758195312499998 0.7531278312499999 0.06945790625 0.6668088359375 0.15975214843750002 0.6288865312499999 0.21950661562499998 0.6152134890625 0.2684124765625 0.63327159375 0.319325621875 0.6232033015625 0.3815634234375 0.6392210046875 0.42387203125 0.6819038296875 0.40288889843750003 0.8038273828125 0.48237261406250004
0 0.9905726671874999 0.6089954171875 0.9871041093749999 0.5887594796875 0.9934302203125001 0.5761759750000001 0.9913898187499999 0.5675714375 0.9846220156250001 0.5605312484375 0.9541153578125 0.5524702390625 0.8738856875 0.5721601671875 0.7264527843749999 0.5814075859375001 0.7423011765624999 0.59028450625 0.7725698078125001 0.59640695 0.86170951875 0.601204309375 0.9505768437500001 0.6198096640624999 0.977716778125 0.6164772984375 0.9905726671874999 0.6089954171875
0 1 0.6855982296875001 0.9839054562499999 0.6668800328125 0.9112263828125 0.66793273125 0.7845741859375 0.6460956046875 0.6501333640625 0.64095714375 0.6325500703125 0.650003375 0.6207137625 0.689828646875 0.5815338515625 0.7153011578124999 0.602958678125 0.7776076765625 0.637511778125 0.8186243203125001 0.6828803671875 0.84355454375 0.71825061875 0.8431472078125 0.7403220484374999 0.8866803031250001 0.7678018421874999 0.8941290687500001 0.8410256828125 0.8654603859375 0.9156089640625 0.8799162218750001 0.9364571453125 0.8734208015625 0.9967919796875 0.8118983171874999 1 0.78830639375 1 0.6855982296875001
0 0.6351058453125 0.42240951718749997 0.683842396875 0.402650871875 0.801650790625 0.4806720734375 0.8399117140625 0.487780978125 0.8761997125000001 0.5108744703125 0.9106522187499999 0.4869663078125 0.9730262140624999 0.490130603125 0.9779585265625 0.4501691390625 0.9623825171875 0.427484225 0.890179496875 0.43241405625 0.8709643796875 0.412143759375 0.8990233 0.3762299796875 0.947997878125 0.3584099015625 0.9665676328125 0.34137137812499996 0.9604120734375 0.33130432656250003 0.9821105250000001 0.32372060937499997 0.9712275609375001 0.31521790625 0.9787781609374999 0.296580675 0.9422239812500001 0.006883967187499999 0.9070573953125001 0.024976428125 0.823699028125 0.03521155 0.7858454390625 0.06347289687499999 0.757004965625 0.0689818546875 0.7016699187500001 0.115131996875 0.6568436171875 0.174750271875 0.6152134890625 0.2684124765625 0.63327159375 0.319325621875 0.6232033015625 0.3815634234375 0.6351058453125 0.42240951718749997
0 0.110917484375 0.17586051875 0.11431856562500001 0.17150733437500001 0.1278885328125 0.1698411515625 0.13322818125 0.16524993906250002 0.143159040625 0.1659983765625 0.14608407031249998 0.1577680578125 0.1540763625 0.15875451875 0.1606404984375 0.14810958125 0.1686327921875 0.14909604375000002 0.171795846875 0.1428042921875 0.167578853125 0.1324992140625 0.15380521875 0.1164802703125 0.1239451640625 0.0896458375 0.1123137640625 0.0910739953125 0.106974115625 0.09566520625 0.0565713828125 0.10185388437500001 0.050381464062500006 0.1075333921875 0.05157159375 0.11722622499999999 0.0631686359375 0.131544628125 0.110917484375 0.17586051875
0 0.2328066796875 0.2710907953125 0.24797535312500002 0.25840545625 0.2438270765625 0.216607259375 0.23549492343749998 0.2048396671875 0.1945138796875 0.167563965625 0.1535659515625 0.1706239453125 0.14482522343749998 0.1795683421875 0.13537041562500002 0.182697040625 0.12965655 0.19225368125 0.1349618390625 0.20340902968750002 0.1625091078125 0.2354469171875 0.2112444203125 0.271770515625 0.2328066796875 0.2710907953125
0 0 0.3507770875 0.000551653125 0.350770734375 0.02068575625 0.33845961406249997 0.029086624999999998 0.3187340875 0.02463160625 0.30649044375 0.038201573437500004 0.3048242609375 0.051023103125000004 0.3130889375 0.0728233890625 0.314347784375 0.08095187499999999 0.30843025 0.09033920625 0.28071243125 0.10832983437499999 0.307036453125 0.138938325 0.323940025 0.156385425 0.32179779062499997 0.1598208640625 0.3016980453125 0.122104709375 0.2669731546875 0.0944887234375 0.26642838593749996 0.0769397890625 0.25972805625 0.016132625 0.14912667968749999 0 0.133156634375 0 0.3507770875
0 0.328752275 0.0989350578125 0.3465036359375 0.1794027546875 0.3704117984375 0.2138552625 0.4106787640625 0.24531526406249998 0.42713940156249997 0.25116532187499996 0.46182993437500003 0.22919572656249998 0.47679494062499994 0.19882526250000002 0.472748496875 0.165869628125 0.44282096718749997 0.11444607343749999 0.44459022499999995 0.0807763609375 0.45846693437499997 0.049555626562499996 0.45571245468750005 0.0351353890625 0.4458503125 0.0028938328125 0.2752564421875 0.0238401265625 0.26029143593750004 0.054210590625 0.29382495625 0.06288384531249999 0.3115775578125 0.08726930000000001 0.328752275 0.0989350578125
0 0.0891735078125 0.703930975 0.09692777500000001 0.702978871875 0.11294671875 0.6892052359374999 0.1391345484375 0.6781186046875 0.1431478734375 0.67073855625 0.141583525 0.666011153125 0.11107686875 0.65795014375 0.1064856578125 0.6526104953125 0.0909771234375 0.654514703125 0.0863859125 0.64917505625 0.07475451093749999 0.6506032125 0.06581011406250001 0.6418624828125 0.063259303125 0.645127371875 0.0677817984375 0.6819601390625001 0.0798548921875 0.7001556765625 0.0891735078125 0.703930975
0 0.317040990625 0.6365965140625 0.361628025 0.6311219140625 0.3623764625 0.6211910546875 0.24041855 0.5574538984374999 0.21103330781250002 0.5905788421875 0.1906280609375 0.5606157125 0.1877717484375 0.5373529125000001 0.15593876874999998 0.526503065625 0.068465240625 0.535275671875 0.055676828125 0.5673466781250001 0.0765924859375 0.5854403796875001 0.21725634375 0.6252350171875001 0.317040990625 0.6365965140625
0 0.78093631875 0.59242798125 0.7924315265625 0.597903821875 0.8137557609374999 0.5952855359375 0.8614714921875001 0.59926574375 0.9445231171874999 0.618585175 0.9697244843749999 0.6154908359375 0.9808798328125 0.610185546875 0.9820024875 0.5952892578125 0.96894293125 0.5850860140624999 0.9777854937500001 0.5849841796875 0.97853393125 0.5750533203125 0.96690253125 0.5764814765625 0.9642498859374999 0.570903803125 0.939320903125 0.5601901484375 0.860791771875 0.577703484375 0.8159667125000001 0.581239515625 0.810865090625 0.5877692953125 0.8065119046874999 0.5843682140625 0.79535655625 0.589673503125 0.7907653453125 0.5843338546875 0.78093631875 0.59242798125
0 1 0.6841198265624999 0.985844021875 0.6666420078125 0.6520719296874999 0.6407191171875 0.6342506109375 0.6478267828125001 0.6207137625 0.689828646875 0.5810578 0.711424025 0.6012581375 0.7797842687500001 0.627139225 0.798252190625 0.639926396875 0.8222634265625001 0.6809418 0.84379256875 0.7167881046875 0.8472623671875 0.73232975625 0.885693840625 0.7602856015625 0.8970197390625 0.8410256828125 0.8654603859375 0.91173183125 0.8803922734375 0.9364571453125 0.8734208015625 1 0.806235021875 1 0.6841198265624999
0 0.801888815625 0.48261064062500003 0.8440268734374999 0.48924349375 0.8679693937499999 0.507949440625 0.8956197375 0.49274765 0.9742507015624999 0.4840768765625 0.9777205 0.44823057187500004 0.9604439499999999 0.42772224999999997 0.9020489234375001 0.43292446562500003 0.8750795390624999 0.41360627499999997 0.904839 0.3755159015625 0.98330065625 0.33341344375 0.9424620062500001 0.0088225328125 0.8443091828125 0.0267775625 0.7531278312499999 0.06945790625 0.6651082953125 0.161928740625 0.6288865312499999 0.21950661562499998 0.6152134890625 0.2684124765625 0.63327159375 0.319325621875 0.6227272484374999 0.377686290625 0.6372824375 0.4241100578125 0.684080421875 0.40458943906249994 0.801888815625 0.48261064062500003
0 0.3122916359375 0.093085 0.324875140625 0.0994111109375 0.34361296406249997 0.1718865140625 0.3537474921875 0.19032007812500001 0.3704117984375 0.2138552625 0.383845571875 0.21909307656250002 0.4106787640625 0.24531526406249998 0.42713940156249997 0.25116532187499996 0.4581908265625 0.23161034531250002 0.4763188890625 0.194948128125 0.4729865234375 0.1678081953125 0.44305899374999996 0.11638464062500001 0.4406787328125 0.0969989734375 0.45700441875 0.0536707859375 0.45571245468750005 0.0351353890625 0.4458503125 0.0028938328125 0.2713793078125 0.024316178124999997 0.25835286874999996 0.054448617187500006 0.26063129687500003 0.0649917203125 0.2964776015625 0.06846151875 0.3122916359375 0.093085
0 0.125949965625 0.1700791765625 0.1329901546875 0.1633113734375 0.14098244843750002 0.1642978359375 0.14584604375000002 0.155829490625 0.15383833593750001 0.15681595312500002 0.1604024734375 0.14617101562499998 0.17033333281250002 0.1469194515625 0.171795846875 0.1428042921875 0.167578853125 0.1324992140625 0.15380521875 0.1164802703125 0.1239451640625 0.0896458375 0.106974115625 0.09566520625 0.0565713828125 0.10185388437500001 0.050381464062500006 0.1075333921875 0.05157159375 0.11722622499999999 0.0631686359375 0.131544628125 0.108502865625 0.1722214125 0.125949965625 0.1700791765625
0 0.24797535312500002 0.25840545625 0.2440651015625 0.2185458265625 0.2265505265625 0.19609893750000001 0.20284603125 0.17933155781250001 0.19257531249999998 0.167801990625 0.15550451875 0.1703859203125 0.131357090625 0.1900770890625 0.1349618390625 0.20340902968750002 0.1625091078125 0.2354469171875 0.2112444203125 0.271770515625 0.2328066796875 0.2710907953125 0.24797535312500002 0.25840545625
0 0 0.3479644359375 0.022386296875 0.33628302187500003 0.029086624999999998 0.3187340875 0.021842768749999998 0.30781676562500004 0.026332146875 0.30431385 0.0728233890625 0.314347784375 0.08095187499999999 0.30843025 0.09033920625 0.28071243125 0.0953046359375 0.2810866484375 0.10832983437499999 0.307036453125 0.138938325 0.323940025 0.156385425 0.32179779062499997 0.1598208640625 0.3016980453125 0.1199281171875 0.2652726140625 0.0944887234375 0.26642838593749996 0.0769397890625 0.25972805625 0.016132625 0.14912667968749999 0.0015087203125000001 0.1341960328125 0 0.1338908640625 0 0.3479644359375
0 0.0891735078125 0.703930975 0.0988663421875 0.7027408453125 0.11852439374999998 0.6865525921875 0.13549544062500002 0.6805332234375 0.1433859 0.6726771234375 0.14134549999999999 0.6640725859375001 0.11107686875 0.65795014375 0.102370496875 0.6511479812500001 0.0909771234375 0.654514703125 0.08832447812500001 0.6489370296875 0.07475451093749999 0.6506032125 0.06581011406250001 0.6418624828125 0.063259303125 0.645127371875 0.0677817984375 0.6819601390625001 0.0798548921875 0.7001556765625 0.0891735078125 0.703930975
0 0.055676828125 0.5673466781250001 0.0765924859375 0.5854403796875001 0.21725634375 0.6252350171875001 0.3189795578125 0.6363584875 0.3635665921875 0.6308838890625 0.36479108125000004 0.6248301625 0.3452017453125 0.609525296875 0.24041855 0.5574538984374999 0.23266428437500003 0.558406003125 0.227902521875 0.5757169109375 0.21103330781250002 0.5905788421875 0.19328070625 0.5661933875 0.189948340625 0.539053453125 0.15593876874999998 0.526503065625 0.068465240625 0.535275671875 0.055676828125 0.5673466781250001