20 0.1094347609375 0 0.08948833125 0.085645771875 0.107683290625 0.084143534375 0.11680016093750001 0.077358496875 0.1387363671875 0.07276322187499999 0.1532288578125 0.062286184375 0.15748139218749999 0.0452302046875 0.15240019375 0.0298729 0.135444665625 0.008535615625 0.123331303125 0 0.1094347609375 0
20 0.1452968140625 0.1357929 0.1312768265625 0.144374828125 0.1844054125 0.157621271875 0.2009659984375 0.15671799687500002 0.1935610625 0.1387684015625 0.2134291734375 0.12459936406250001 0.2241416359375 0.1292831984375 0.2290447546875 0.1274863078125 0.213289875 0.09537733281250001 0.19818558125000002 0.07852744687499999 0.1795568984375 0.0698569609375 0.1562419625 0.06806972812499999 0.12893013281250001 0.0763570046875 0.12493324218749999 0.0864315125 0.126784475 0.0909189109375 0.14915440625 0.0964963609375 0.16128437812500002 0.09549486874999999 0.167093721875 0.10197559375000001 0.1619349625 0.11075395625 0.17703925781250002 0.1276038421875 0.19123732499999999 0.13617611093749998 0.17373173125000002 0.1408696046875 0.15742678593749998 0.1347914078125 0.1452968140625 0.1357929
20 0.14961821718749999 0.3150135234375 0.1613144671875 0.3038393046875 0.08973528124999999 0.29907657187500003 0.058976628125 0.291407578125 0.05476287656249999 0.2963957234375 0.0747702875 0.31144871875 0.11671390625 0.3219064375 0.14961821718749999 0.3150135234375
20 0.15743391874999998 0.2777103109375 0.1702532578125 0.279900071875 0.16517205937499999 0.264542765625 0.1319115875 0.2371272859375 0.090912975 0.2228793484375 0.0771486296875 0.2244798046875 0.077365490625 0.2295661671875 0.10714035625 0.2530932140625 0.15743391874999998 0.2777103109375
20 0.059921635937499995 0.2876173609375 0.07949532499999999 0.29249762968750004 0.131245178125 0.299361565625 0.1638938484375 0.299450125 0.168835746875 0.28558539843749997 0.103399109375 0.25618625 0.0731517390625 0.23455431249999997 0.064763015625 0.23246276875 0.05247791875 0.28173560000000003 0.059921635937499995 0.2876173609375
20 0.0691778046875 0.3100543546875 0.067287790625 0.317634790625 0.066048359375 0.3404743140625 0.073019571875 0.34825118437499997 0.060889598437500005 0.34925267656250003 0.0617958265625 0.35753029375 0.0699289078125 0.36660330937499996 0.112817534375 0.3732708109375 0.1317406390625 0.362891990625 0.1393394796875 0.320502415625 0.1050564375 0.3210128203125 0.0691778046875 0.3100543546875
20 0.2532113125 0.22711235937500002 0.2308413828125 0.221534909375 0.22753385625 0.2348006703125 0.21170141718750002 0.226827365625 0.20051645156250003 0.22403864062499998 0.19957144375 0.2278288578125 0.20861075156250003 0.245179490625 0.19919945781249998 0.2710138328125 0.221058103125 0.290554225 0.2254499375 0.302720278125 0.2338386609375 0.3048118203125 0.2611504890625 0.2965245453125 0.2798567328125 0.2810593640625 0.2859605 0.2684907828125 0.2836755421875 0.25383065781249997 0.2532113125 0.22711235937500002
20 0.11891416875000001 0.2177833265625 0.12098226406249998 0.2273570890625 0.15751148125 0.2535746421875 0.1723601328125 0.277406 0.185651975 0.2777006515625 0.200144465625 0.2672236140625 0.20861075156250003 0.245179490625 0.1944514640625 0.2245393859375 0.1623140796875 0.210487884375 0.1203316796875 0.21209799999999998 0.11891416875000001 0.2177833265625
20 0.20829337187500002 0.1988032609375 0.201322159375 0.191026390625 0.20553591093749998 0.1860382453125 0.19112098125000002 0.1723796140625 0.191376625 0.16539814218749999 0.17038542343750002 0.1662032 0.153607975 0.16202011249999998 0.1489217203125 0.16890336718750001 0.156837940625 0.17289001875 0.1727091609375 0.16879549062500002 0.1794635125 0.1714859984375 0.17383225 0.1821594703125 0.1854509375 0.1951209203125 0.16540474375 0.1921357609375 0.1569772390625 0.20211205156249998 0.1632590875 0.2066976671875 0.1926390109375 0.20798415312500002 0.20829337187500002 0.1988032609375
20 0.28542625781250003 0.2170281921875 0.23556641875 0.20258382031250002 0.224598315625 0.2048814578125 0.22387017031249998 0.21375803906250002 0.2280451421875 0.22083772812500002 0.250415071875 0.22641517812499998 0.26857125000000004 0.23698077343750001 0.2836755421875 0.25383065781249997 0.288067375 0.26599670937500003 0.3118160375 0.27795666875 0.3195153953125 0.2768569578125 0.293481778125 0.250236875 0.2963168 0.238866221875 0.28542625781250003 0.2170281921875
20 0.291336121875 0.2647987828125 0.2869055078125 0.264700565625 0.272591096875 0.2923317984375 0.30458918125 0.27716126874999997 0.291336121875 0.2647987828125
20 0.2921418296875 0.231786534375 0.2902130328125 0.251434803125 0.3113823140625 0.2677839421875 0.31817544531249997 0.258406615625 0.31356675156249997 0.24115420156249998 0.2984624578125 0.22430431562500003 0.2882225 0.21772537343749998 0.28263001718749997 0.21633101093749998 0.28168500937499996 0.220121228125 0.2921418296875 0.231786534375
20 0.32400061562500004 0.1873939734375 0.3217156578125 0.1727338484375 0.3066113625 0.1558839625 0.271205234375 0.1430303890625 0.2637227359375 0.14921646093750002 0.2683702125 0.1544010421875 0.29142950624999997 0.1631697453125 0.2867044703125 0.18212083437499998 0.268982015625 0.1817279640625 0.2516545015625 0.203575653125 0.2994074640625 0.22051409843749997 0.315061825 0.21133320625000002 0.32116559218749996 0.198764625 0.3370368140625 0.194670096875 0.32400061562500004 0.1873939734375
20 0.29028346250000003 0.08438023125 0.273327934375 0.063042946875 0.25422675 0.0562675703125 0.2393005359375 0.05657188125 0.238355528125 0.0603620984375 0.25672856718750003 0.07601405624999999 0.259447246875 0.10084690624999999 0.24680599062500003 0.1158113421875 0.230245403125 0.11671461718750001 0.22719351875 0.1229989078125 0.23902906875 0.1410467203125 0.2558065171875 0.14522980937500002 0.28918333125 0.1364417875 0.2981221203125 0.11250255312499999 0.29028346250000003 0.08438023125
20 0.1899131984375 0.0402324 0.20131502656250003 0.048107489062499995 0.1924150171875 0.0599788875 0.202182471875 0.0684529390625 0.199819953125 0.077928484375 0.227921665625 0.114122328125 0.2379835421875 0.1035470734375 0.24507109843750002 0.07512044062499999 0.2413686296875 0.06614564218749999 0.2211443578125 0.0460062859375 0.1899131984375 0.0402324
20 0.319035759375 0.13583316406249998 0.326951978125 0.1398198171875 0.3063945015625 0.1507976 0.3066113625 0.1558839625 0.3198644234375 0.1682464484375 0.326107490625 0.1848999 0.3456811796875 0.18978016874999998 0.3578111515625 0.1887786765625 0.37673425625 0.17839985625000002 0.38240430000000003 0.15565855 0.3584775609375 0.1265443953125 0.32819141093750004 0.11698029375 0.3181295328125 0.12755554687499998 0.319035759375 0.13583316406249998
20 0.29841654375000004 0.09345324687499999 0.311747165625 0.08168006562499999 0.314148465625 0.060136687499999994 0.30601538437500003 0.05106367187500001 0.2859691921875 0.0480785109375 0.2773248265625 0.0529684390625 0.2761241765625 0.06374012812499999 0.29166219375 0.0907627390625 0.29841654375000004 0.09345324687499999
20 0.26012728281249997 0 0.2610974421875 0.0227545734375 0.2678130140625 0.037512915625 0.3004229015625 0.049669309375 0.3218866046875 0.0469691421875 0.3440784546875 0.035392395312500005 0.35022100312500004 0.0107559796875 0.34433668125 0 0.26012728281249997 0
20 0.43391433749999997 0.09201058906250001 0.4313737390625 0.0843319375 0.3973851203125 0.0657930359375 0.3901582640625 0.06499763750000001 0.3899026234375 0.071979109375 0.3973075578125 0.0899287046875 0.4224737296875 0.0962033359375 0.43391433749999997 0.09201058906250001
20 0.4605368 0.08053205937499999 0.4587243484375 0.0639768265625 0.43243508750000004 0.044338215624999996 0.40400017187500004 0.0392615125 0.39647889375 0.057515420312499996 0.43976246249999995 0.08642348125 0.4481511859375 0.088515025 0.4605368 0.08053205937499999
20 0.4825505703125 0.051801115625000005 0.49054435312500005 0.0316521 0.48430128437500003 0.014998649999999999 0.4684688453125 0.00702534375 0.45702823906249995 0.011218090625 0.4504519671875 0.0256817796875 0.42451886875 0.0403515640625 0.4585074859375 0.0588904640625 0.4825505703125 0.051801115625000005
20 0.4019791203125 0 0.421583328125 0.010432351562500001 0.42016581718749996 0.016117678125 0.402877084375 0.025897532812500002 0.42219513124999997 0.037759273437500004 0.44671071875 0.028774817187500003 0.4593907578125 0.001742546875 0.45782873281249997 0 0.4019791203125 0
20 0.52361091875 0.119406753125 0.5528127640625 0.10353904218750001 0.5537965515625001 0.0876809890625 0.5451909671874999 0.0805030828125 0.52510599375 0.0895857578125 0.507856040625 0.087297778125 0.4956872875 0.10036710625 0.5007684859375 0.11572441093750001 0.52361091875 0.119406753125
20 0.5308536 0.0427087828125 0.5042699171875 0.042119478125 0.4953699078125 0.0539908765625 0.5260510015625 0.085795540625 0.5472978421875 0.0780090109375 0.55060536875 0.0647432484375 0.5308536 0.0427087828125
20 0.5667551890625 0.11909278281249999 0.5600396187500001 0.104334440625 0.5544471359375 0.10294007812499999 0.53552403125 0.113318896875 0.5301096296875001 0.12907873125 0.5375533453125 0.13496049375000002 0.5573826765625001 0.132859290625 0.5667551890625 0.11909278281249999
20 0.5753995546875 0.1142028546875 0.5873126671875 0.10811499843750001 0.5925102078125 0.0872688015625 0.581580884375 0.0774986046875 0.567599678125 0.0740126984375 0.55990031875 0.075112409375 0.5563759328125 0.0832918078125 0.5612014875 0.10563058593750001 0.5753995546875 0.1142028546875
20 0.4552846546875 0.190939459375 0.497917640625 0.2045884328125 0.498862646875 0.20079821562500003 0.4828133453125 0.187738546875 0.45997091093750003 0.18405620625000002 0.4552846546875 0.190939459375
20 0.48498195937500005 0.23860217499999997 0.50296005625 0.2320135734375 0.5062675828125001 0.2187478109375 0.49998573437499993 0.21416219375 0.4641071015625 0.2032037296875 0.449870253125 0.20669929531250003 0.45055961718750004 0.2098905484375 0.47379699375 0.23581344999999998 0.48498195937500005 0.23860217499999997
20 0.5452756609375 0.1992863171875 0.5364144343749999 0.1990898828125 0.515028290625 0.1776543796875 0.4814733953125 0.1692882046875 0.46930464218749995 0.1823575328125 0.513060715625 0.209370484375 0.54734375625 0.20886007968750003 0.5452756609375 0.1992863171875
20 0.5482887640625 0.2050698609375 0.5403337625 0.21315104218749997 0.5466156109375 0.217736659375 0.564338065625 0.21812952968750002 0.5757786734375 0.2139367828125 0.5842061765625 0.2039604921875 0.5635481828125 0.17364840937499998 0.540705746875 0.16996606875 0.528064490625 0.1849305046875 0.5482887640625 0.2050698609375
20 0.3459209984375 0.26029206562499996 0.3645108984375 0.28103038593749996 0.390622078125 0.28351479999999996 0.41655517656249996 0.2688450171875 0.4180114671875 0.25109185625 0.399638428125 0.235439896875 0.3619085625 0.21999403437499998 0.3551154296875 0.22937136093750002 0.361141634375 0.24093844843749998 0.35925161875 0.2485188828125 0.3459209984375 0.26029206562499996
20 0.4144483 0.2713390890625 0.392728953125 0.2810207265625 0.3929458140625 0.286107090625 0.406888240625 0.30166083125 0.41131885312499994 0.3017590484375 0.4183676296875 0.28540025 0.4144483 0.2713390890625
20 0.36447211875 0.2930982203125 0.37114890625 0.31992439687499996 0.356617634375 0.3424692671875 0.366168228125 0.34585695625 0.3810944421875 0.3455526453125 0.4056100296875 0.33656818906249997 0.41592754843749996 0.3190114625 0.4085226125 0.3010618671875 0.39574205625 0.286804271875 0.37010338125 0.2824247484375 0.36447211875 0.2930982203125
20 0.3459827359375 0.313649765625 0.352008940625 0.32521685312500004 0.3293445859375 0.338688709375 0.3335195578125 0.3457683984375 0.345177028125 0.34666201406249997 0.36035888437499997 0.33937623125 0.3702038984375 0.3237146140625 0.3656339859375 0.294394365625 0.354232159375 0.286519278125 0.3465328015625 0.28761898750000003 0.3451152890625 0.2933043140625 0.3520865015625 0.301081184375 0.3459827359375 0.313649765625
20 0.345177028125 0.34666201406249997 0.33072331718750003 0.3450712171875 0.31296208124999997 0.35674618125 0.29687399999999997 0.3557543484375 0.289097078125 0.3809897265625 0.3546500578125 0.374185371875 0.355633846875 0.35832732031250003 0.345177028125 0.34666201406249997
20 0.1844972375 0.419323409375 0.195643421875 0.43417996875 0.23758704062499997 0.44463768750000005 0.2709638578125 0.435849665625 0.2793913625 0.425873375 0.253535825 0.416407490625 0.24540274375 0.40733447500000003 0.23963218125000002 0.388785915625 0.2093460296875 0.37922181250000003 0.1866428953125 0.4047615015625 0.1844972375 0.419323409375
20 0.21193254218750002 0.5177515328125 0.202893234375 0.5004009015625 0.18241331875 0.487243015625 0.16004338906249999 0.481665565625 0.14511717500000001 0.481969878125 0.12619407031250002 0.492348696875 0.11776656562500001 0.5023249875 0.11467590000000001 0.5206771125 0.11253024375000001 0.53523901875 0.1238932890625 0.555181940625 0.15929941875 0.568035515625 0.1709568875 0.56892913125 0.191731225 0.5630377109375 0.2025212484375 0.5435858765625 0.21534058749999999 0.5457756375 0.2211887109375 0.5401885281250001 0.205356271875 0.5322152234375 0.21193254218750002 0.5177515328125
20 0.20651814062499999 0.5335113671875 0.21163811875 0.5368008390625 0.21654123749999998 0.5350039484375 0.2116769 0.5247330046875 0.2072462859375 0.5246347874999999 0.20651814062499999 0.5335113671875
20 0.1863556046875 0.5667297109375 0.211343696875 0.5558501453125 0.20695186406250002 0.54368409375 0.1997250078125 0.5428886953125 0.20015873125 0.5530614203125 0.1863556046875 0.5667297109375
20 0.233001303125 0.49281080624999996 0.22878755156250002 0.49779895312500005 0.23343502656249998 0.5029835328125001 0.22431815781250003 0.50976856875 0.233357465625 0.5271192015625 0.2248911796875 0.5491633265625 0.22837678593750002 0.5530517609375 0.2512580015625 0.54466626875 0.26244296562499997 0.54745499375 0.2645498421875 0.5449609203125 0.2585236359375 0.5333938328125 0.2599799296875 0.515640671875 0.2458206421875 0.49500056875 0.233001303125 0.49281080624999996
20 0.2160687328125 0.53689905625 0.22630869062499998 0.543478 0.2132337109375 0.548269709375 0.2167193171875 0.5521581453125 0.228632428125 0.5460702890625 0.233357465625 0.5271192015625 0.22199441874999998 0.5071762796875 0.208485715625 0.5017952640625001 0.2070682046875 0.507480590625 0.2160687328125 0.53689905625
20 0.218447075 0.44993014374999996 0.1844196765625 0.44345907812499996 0.17904405625 0.447151078125 0.1717008578125 0.4825591828125 0.187533296875 0.4905324875 0.1987182625 0.4933212125 0.20525575312500002 0.4909253578125 0.2061619796875 0.49920297343750003 0.2173469453125 0.5019916984374999 0.2318394359375 0.49151466250000003 0.2446587734375 0.4937044234375 0.23816006406249998 0.48403244375 0.2368201140625 0.4655821015625 0.218447075 0.44993014374999996
20 0.2368201140625 0.4655821015625 0.23816006406249998 0.48403244375 0.24981753437499998 0.4849260609375 0.2573388109375 0.46667215312500004 0.24597576562499998 0.44672923124999997 0.1984396640625 0.43487715 0.1904846625 0.44295833125 0.22356705468750002 0.453219615625 0.2368201140625 0.4655821015625
20 0.2998324953125 0.4510990953125 0.310150015625 0.43354236874999996 0.283821975 0.4259715921875 0.2672226078125 0.43894270156250004 0.24597576562499998 0.44672923124999997 0.2547982125 0.45899349999999994 0.2813818953125 0.4595828046875 0.2998324953125 0.4510990953125
20 0.3315749390625 0.4429100359375 0.33183058125 0.435928565625 0.320645615625 0.4331398390625 0.30963873125 0.4475053125 0.3191893234375 0.4508930015625 0.31940618593750003 0.4559793640625 0.30353496406249997 0.4600738921875 0.312829915625 0.470443053125 0.30001057656249996 0.46825329218749995 0.298593065625 0.47393861875 0.3158042359375 0.48829443125000005 0.3381741671875 0.49387188125000003 0.3503041375 0.4928703890625 0.3654859953125 0.48558460625000005 0.369266025 0.470423734375 0.3646185484375 0.4652391546875 0.372101046875 0.45905308125 0.36022671562499997 0.45307310312500004 0.34018052499999996 0.45008794375 0.3315749390625 0.4429100359375
20 0.26665671875 0.5424668484375 0.27169913437500004 0.5698919874999999 0.2977715328125 0.5844442359375 0.3178177265625 0.5874293953125 0.3493433078125 0.574153975 0.3564308625 0.5457273421875 0.3343553546875 0.5211005859375 0.30406920625 0.511536484375 0.2772298796875 0.51792865 0.2692748796875 0.5260098328125 0.26665671875 0.5424668484375
20 0.14106567812499998 0.5816055890625 0.1475643875 0.5912775671875 0.16572056562499998 0.6018431625 0.20860919218750001 0.6085106640625 0.22705979375 0.600026953125 0.23599858281250002 0.5760877203125 0.21577430937500003 0.5559483625 0.1891518453125 0.5674268921875 0.1709568875 0.56892913125 0.14531821250000002 0.564549609375 0.14106567812499998 0.5816055890625
20 0.21577430937500003 0.5559483625 0.2348367140625 0.574791575 0.23973983125 0.5729946828125 0.22837678593750002 0.5530517609375 0.2199880625 0.5509602171875 0.21577430937500003 0.5559483625
20 0.22705979375 0.600026953125 0.20860919218750001 0.6085106640625 0.20138233749999998 0.607715265625 0.2015991984375 0.6128016281249999 0.21485225937500002 0.6251641140624999 0.21808222187499998 0.636034021875 0.21197845625 0.6486026015624999 0.2187328078125 0.651293109375 0.2367109046875 0.6447045078125 0.2526209078125 0.6285421437500001 0.2569122203125 0.5994183296875 0.2436979421875 0.5749880093749999 0.2364710875 0.5741926109375 0.22705979375 0.600026953125
20 0.14878799375 0.6459314125 0.15528670312499998 0.655603390625 0.1743878875 0.66237876875 0.20823720781250002 0.6516956390625 0.21619220781249998 0.64361445625 0.21670349375 0.6296515140625 0.1969517234375 0.607617046875 0.168261165625 0.609521815625 0.16400863125 0.6265777953125 0.15140615468750002 0.629474396875 0.14878799375 0.6459314125
20 0.23834527656249999 0.6441055437500001 0.2098715796875 0.651096675 0.1986478328125 0.660375784375 0.215859003125 0.674731596875 0.23430960625 0.6662478859375 0.24183088437500003 0.6479939796874999 0.23834527656249999 0.6441055437500001
20 0.14518604531249998 0.6782464796875 0.1411503734375 0.7003888218750001 0.147176578125 0.7119559109375 0.18211020312499998 0.72670459375 0.20520828125 0.7234054624999999 0.2211182828125 0.7072431 0.22442580781250002 0.6939773375 0.21121152968749998 0.6695470171875 0.19025910937499999 0.658284240625 0.161096046875 0.6620841171875 0.158733528125 0.6715596609375 0.14518604531249998 0.6782464796875
20 0.11982596875 0.7323110203125001 0.1162628 0.752558253125 0.1159683765625 0.771607559375 0.1241014578125 0.780680575 0.16324883750000002 0.7904411125 0.1779581890625 0.7850504390624999 0.18965443906249999 0.7738762203125 0.19768700156250002 0.7416593703125 0.176990225 0.723415121875 0.1527690609375 0.7133502734375 0.13831535156250002 0.711759475 0.11982596875 0.7323110203125001
20 0.2065482296875 0.7418558046875 0.1942401765625 0.7257030999999999 0.18723018281249998 0.7299940640625 0.1972144984375 0.743554478125 0.1936513296875 0.7638017125000001 0.20698195312499998 0.75202853125 0.2065482296875 0.7418558046875
20 0.19867079062499998 0.72580131875 0.1988876515625 0.73088768125 0.2065482296875 0.7418558046875 0.2022956953125 0.7589117843750001 0.1948132 0.7650978578125 0.1978263015625 0.7708814015625001 0.2258274953125 0.7657853796875 0.24195435937499998 0.7547093796875 0.2434494328125 0.724888384375 0.2264939046875 0.7035511 0.2122182734375 0.7191144984375 0.19867079062499998 0.72580131875
20 0.40840627031250004 0.33726537031250003 0.4072056203125 0.348037059375 0.41856866562499995 0.36797998125000003 0.4152611390625 0.3812457421875 0.42339422187500003 0.3903187578125 0.4523016421875 0.393500353125 0.47122474687500004 0.38312153437499996 0.47409855 0.35968304687499997 0.4589942546875 0.3428331609375 0.43709682968749997 0.3353606015625 0.4133093875 0.335468478125 0.40840627031250004 0.33726537031250003
20 0.48223163125 0.3687560609375 0.4750047765625 0.3679606625 0.46159659218750004 0.40386951406250005 0.48349401875 0.41134207187499994 0.4996208828125 0.40026607187499996 0.5006046703125 0.3844080203125 0.48223163125 0.3687560609375
20 0.499086640625 0.34880348125 0.5093265984374999 0.3553824234375 0.51139469375 0.364956184375 0.520000278125 0.372134090625 0.5367777265625 0.3763171796875 0.5421533468749999 0.37262517812499996 0.54640588125 0.3555691984375 0.5266541124999999 0.3335347328125 0.516631015625 0.332042153125 0.4988697796875 0.34371711875 0.499086640625 0.34880348125
20 0.54534453125 0.3955629203125 0.53350898125 0.37751510625 0.5223240171875 0.37472638125 0.5136796515625 0.379616309375 0.5105889859375 0.39796843437499996 0.52780015625 0.412324246875 0.5410919984375 0.4126189 0.54534453125 0.3955629203125
20 0.5296054765625 0.285960578125 0.5139898984375 0.2830736359375 0.5127892484375 0.293845325 0.53232415625 0.310793428125 0.54281975625 0.3103908984375 0.5428585375 0.2983230640625 0.5296054765625 0.285960578125
20 0.55457774375 0.3525743796875 0.5720833375 0.3478808875 0.5814558484375 0.3341143796875 0.5696203 0.316066565625 0.54514349375 0.3129831890625 0.5367159890625001 0.3229594796875 0.5345703312500001 0.33752138593750003 0.5438652828125 0.347890546875 0.55457774375 0.3525743796875
20 0.5472503703125 0.310489115625 0.5640278171875 0.314672203125 0.5815334125 0.30997871093749996 0.5890159078125 0.3037926375 0.5927959375 0.2886317671875 0.5828116234375 0.27507135312500003 0.5687916359375 0.28365328125 0.545693559375 0.2869524109375 0.54169666875 0.29702691875 0.5472503703125 0.310489115625
20 0.55205296875 0.267402359375 0.577219140625 0.273676990625 0.5821222578125 0.2718800984375 0.5859022875 0.25671922812500003 0.5675292484375001 0.2410672703125 0.550279296875 0.2387792921875 0.544648034375 0.2494527640625 0.5439198875 0.25832934375 0.55205296875 0.267402359375
20 0.5652055109375 0.2384749796875 0.5859022875 0.25671922812500003 0.586552871875 0.271978315625 0.6059097 0.271772221875 0.618078453125 0.2587028953125 0.6218584828125 0.243542025 0.6141979046875 0.2325739 0.603957946875 0.2259949578125 0.580643009375 0.224207725 0.5659336578125 0.22959839999999998 0.5652055109375 0.2384749796875
20 0.6177064671875 0.3018878703125 0.626095190625 0.3039794140625 0.6408045437500001 0.2985887390625 0.6408821046875001 0.2744530703125 0.6304252875 0.262787765625 0.6143372031250001 0.26179593125 0.6061265609375 0.2768585859375 0.6095733859375 0.2928148546875 0.6177064671875 0.3018878703125
20 0.60593265625 0.33719775625000004 0.581928353125 0.3322192703125 0.570410184375 0.3605476859375 0.5951038515625 0.368717425 0.6088681968749999 0.36711696875 0.6163894765625 0.3488630625 0.60593265625 0.33719775625000004
20 0.6132988109374999 0.3672151859375 0.5813395078125 0.3703178828125 0.5763976078125 0.3841826078125 0.596877525 0.39734049374999997 0.6134381109375 0.39643721875 0.620486884375 0.3800784203125 0.6132988109374999 0.3672151859375
20 0.6475129828124999 0.170428178125 0.655212340625 0.16932846875000002 0.6608436046875 0.158654996875 0.6531830265624999 0.14768687187500001 0.6289618625 0.13762202343750002 0.621262503125 0.138721734375 0.6186443421875001 0.15517875 0.62561555625 0.1629556203125 0.6475129828124999 0.170428178125
20 0.6323857312500001 0.088152759375 0.6339813234375 0.0996216296875 0.6453831484375 0.10749671718750001 0.668225584375 0.1111790578125 0.677342453125 0.10439402187499999 0.6724781171875 0.09412307812500001 0.6606037859375 0.0881431 0.6695037953125 0.0762717 0.663221946875 0.071686084375 0.6494576015625 0.073286540625 0.6323857312500001 0.088152759375
20 0.6898444109375 0.0602075546875 0.67655256875 0.059912901562499996 0.672083175 0.07188251875 0.6906730750000001 0.0926208390625 0.7067611578124999 0.0936126734375 0.7105411875 0.078451803125 0.6898444109375 0.0602075546875
20 0.70705558125 0.0745633671875 0.7245611750000001 0.069869875 0.7260174671875 0.0521167140625 0.707171925 0.0383598640625 0.697148828125 0.036867284374999996 0.6863975859375 0.044251284375 0.6861419421875 0.05123275625 0.686358803125 0.056319118749999994 0.70705558125 0.0745633671875
20 0.6953276828125 0.2407243234375 0.706512646875 0.24351304687500003 0.716574525 0.23293779374999998 0.7166520875 0.208802125 0.71084274375 0.20232139999999998 0.6940652953125 0.1981383125 0.6889065359375001 0.206916675 0.686722096875 0.233546415625 0.6953276828125 0.2407243234375
20 0.6876671046875 0.2297561984375 0.6914471343749999 0.214595328125 0.6870553015625 0.20242927656249998 0.66631974375 0.1962528625 0.6557465828125 0.220791059375 0.65944905 0.2297658578125 0.6734302578125 0.23325176406249998 0.6876671046875 0.2297561984375
20 0.7132052625 0.19284585625 0.6964278140625 0.1886627671875 0.6907965515625001 0.1993362390625 0.7075739984375 0.2035193265625 0.7145452109375 0.211296196875 0.7227170734375 0.208301378125 0.7132052625 0.19284585625
20 0.6733914750000001 0.2453195984375 0.65730339375 0.24432776406249998 0.6476752375 0.26507574375 0.6555914578125 0.269062396875 0.673097053125 0.2643689046875 0.6792008203125001 0.25180032343750003 0.6733914750000001 0.2453195984375
20 0.6953276828125 0.2407243234375 0.6771327234375 0.2422265609375 0.6729189718749999 0.24721470625 0.6789451765625001 0.2587817953125 0.7006257421875 0.261167990625 0.7034607640625 0.2497973375 0.6953276828125 0.2407243234375
20 0.6700380359375 0.127734290625 0.669309890625 0.136610871875 0.675119234375 0.143091596875 0.7002854046875 0.149366228125 0.71404975 0.147765771875 0.718302284375 0.1307097921875 0.71296544375 0.1223339578125 0.6882717765625 0.11416421875 0.6761418031249999 0.11516571093750001 0.6712386859375 0.1169626015625 0.6700380359375 0.127734290625
20 0.7450640468749999 0.14845329375 0.76445965625 0.136179365625 0.7659159468750001 0.11842620468750001 0.7573103625 0.11124829843749999 0.7400604109375 0.1089603203125 0.73515729375 0.11075721093749999 0.73395664375 0.12152890000000001 0.734134725 0.13868309843749999 0.7450640468749999 0.14845329375
20 0.783421540625 0.11373271250000001 0.7925384109375 0.10694767499999999 0.7935222000000001 0.0910896234375 0.784916615625 0.0839117171875 0.770935409375 0.0804258109375 0.7580772890625 0.090303884375 0.7568766390625 0.1010755734375 0.76337535 0.110747553125 0.783421540625 0.11373271250000001
20 0.766032290625 0.0822227015625 0.766543575 0.06825975937499999 0.755614253125 0.0584895625 0.7383643 0.056201584375 0.7327330375 0.06687505625 0.7489992015625 0.08502108593749999 0.757387925 0.0871126296875 0.766032290625 0.0822227015625
20 0.787101053125 0.0572819765625 0.7607730125 0.0497112 0.7598280046875 0.0535014171875 0.778929190625 0.0602767953125 0.787101053125 0.0572819765625
20 0.8139633343750001 0.11631534375000001 0.8135296109375 0.1061426171875 0.8049240265625001 0.0989647109375 0.7916321843749999 0.098670059375 0.7875965125 0.12081240156249999 0.795040228125 0.1266941625 0.801105215625 0.126193415625 0.8139633343750001 0.11631534375000001
20 0.78184890625 0.1676893765625 0.8054194859375 0.1624951375 0.8049857640625 0.1523224109375 0.7945289453125 0.14065710625 0.777751496875 0.13647401875 0.769579634375 0.1394688375 0.769796496875 0.1445552 0.7739326875 0.1637027234375 0.78184890625 0.1676893765625
20 0.778486775 0.270516340625 0.7874255640625 0.24657710625 0.7797649875 0.2356089828125 0.75528818125 0.23252560625 0.7465662515625 0.2615512015625 0.753537465625 0.269328071875 0.7703149125000001 0.27351115937500003 0.778486775 0.270516340625
20 0.719115125 0.240616446875 0.7109432625000001 0.24361126562500002 0.7064738671875 0.2555808828125 0.709231328125 0.2683458984375 0.723468175 0.2648503328125 0.727720709375 0.24779435312500003 0.719115125 0.240616446875
20 0.6901301421875 0.2615705203125 0.678689534375 0.265763265625 0.6779613890625 0.274639846875 0.69005258125 0.2857061890625 0.7014931875 0.28151344218749996 0.7043282109375 0.2701427890625 0.6901301421875 0.2615705203125
20 0.7317793375 0.29107754375 0.7318181187499999 0.2790097109375 0.7171475484375 0.27233255 0.7089756859375 0.27532736875 0.7077750359375 0.2860990578125 0.7124225109375 0.2912836390625 0.726876221875 0.2928744359375 0.7317793375 0.29107754375
20 0.679913140625 0.32041711093749997 0.66898381875 0.310646915625 0.6573263500000001 0.3097532984375 0.651950728125 0.3134452984375 0.6446463109375 0.33678556875 0.6581550140625 0.342166584375 0.6794018578125 0.3343800546875 0.679913140625 0.32041711093749997
20 0.6414939093750001 0.30177999375 0.6235158109375 0.3083685953125 0.6223151609375 0.319140284375 0.6292863750000001 0.3269171546875 0.6439957281249999 0.32152648125 0.646358246875 0.3120509359375 0.6414939093750001 0.30177999375
20 0.6129814312499999 0.3208389578125 0.600595815625 0.32882192187500003 0.6008126765624999 0.3339082859375 0.6208200890625 0.3489612796875 0.6294644546875 0.3440713515625 0.6318269734374999 0.3345958078125 0.6129814312499999 0.3208389578125
20 0.6424618734374999 0.363415309375 0.637125034375 0.3550394765625 0.6292088140625001 0.3510528234375 0.6210369499999999 0.35404764218749996 0.6160950515625 0.3679123671875 0.6225937625 0.37758434687500003 0.6326168578125 0.37907692656249997 0.6424618734374999 0.363415309375
20 0.6327561578124999 0.4082989578125 0.610130584375 0.40970297968749997 0.6094024390625 0.4185795609375 0.620982346875 0.44360884531250006 0.63896044375 0.43702024375 0.6427404734375 0.4218593734375 0.6327561578124999 0.4082989578125
20 0.6176518625 0.391449071875 0.6101693640625 0.3976351453125 0.6094412203124999 0.4065117265625 0.6206261843750001 0.4093004515625 0.6348630328125 0.40580488593749997 0.6332674421875 0.394336015625 0.6176518625 0.391449071875
20 0.6422679687499999 0.42375448125000004 0.639432946875 0.43512513437499994 0.642918553125 0.43901356874999997 0.6573722625 0.44060436718749996 0.665544125 0.4376095484375 0.6735379078125 0.41746053281249995 0.6602848484375 0.4050980453125 0.6435074000000001 0.40091495781250003 0.6378761359375 0.4115884296875 0.6422679687499999 0.42375448125000004
20 0.6764504921875 0.3819542109375 0.6793242953124999 0.3585157234375 0.6679224687499999 0.3506406359375 0.6541581234375 0.3522410921875 0.649649946875 0.3762785421875 0.6515011828125 0.3807659421875 0.6682786296875001 0.3849490296875 0.6764504921875 0.3819542109375
20 0.8428778875 0.262415840625 0.8414991562499999 0.2560333328125 0.8356898125000001 0.24955260781250002 0.8184398625 0.2472646296875 0.8123360937499999 0.259833209375 0.8165110656250001 0.2669128984375 0.83001976875 0.2722939140625 0.8428778875 0.262415840625
20 0.808478503125 0.2991297484375 0.8227153515625 0.295634184375 0.8283466140625 0.2849607125 0.8216310453125001 0.2702023703125 0.8137148249999999 0.26621571718750003 0.7987886109375 0.2665200296875 0.7936298500000001 0.27529839218749996 0.7949698 0.293748734375 0.808478503125 0.2991297484375
20 0.8102292171875 0.2623272828125 0.8093229921875 0.25404966562500003 0.8007174062500001 0.246871759375 0.7951249234375 0.245477396875 0.7876424265625 0.25166347031249997 0.7903998859375 0.2644284859375 0.8015848515625 0.2672172109375 0.8102292171875 0.2623272828125
20 0.8156436203125 0.2465674484375 0.8326767109375 0.2437690640625 0.8355117328125001 0.2323984109375 0.82737865 0.2233253953125 0.8138699484374999 0.21794438125 0.8056980859375 0.22093919999999997 0.805914946875 0.2260255625 0.8077273999999999 0.2425807953125 0.8156436203125 0.2465674484375
20 0.7914224562500001 0.2365025984375 0.8028630640625 0.232309853125 0.8061705890624999 0.21904409062500002 0.8008337484375 0.21066825625000002 0.7654276203125 0.1978146828125 0.7572557578125 0.2008095015625 0.754637596875 0.21726651718749998 0.7644050515624999 0.22574056874999998 0.7914224562500001 0.2365025984375
20 0.81721625625 0.192610784375 0.8302524546875001 0.19988690781250001 0.8412205578125 0.1975892703125 0.84383871875 0.1811322546875 0.8235756640625 0.1730607328125 0.81721625625 0.192610784375
20 0.860616165625 0.1853153421875 0.8450005875000001 0.1824284 0.838168675 0.20387356093750003 0.8519330203125 0.2022731046875 0.860616165625 0.1853153421875
20 0.7536221609375 0.38811130625 0.77065525 0.385312921875 0.77534150625 0.37842966875 0.767680928125 0.36746154375 0.756968465625 0.362777709375 0.7432041203125 0.364378165625 0.74153096875 0.3770449640625 0.7452334359375 0.38601976250000003 0.7536221609375 0.38811130625
20 0.7785326890625 0.401367409375 0.7713446140625 0.3885041765625 0.7601596484375001 0.3857154515625 0.743126559375 0.388513834375 0.741925909375 0.399285525 0.7652020671875001 0.413140590625 0.7771151765625001 0.4070527359375 0.7785326890625 0.401367409375
20 0.7386571656250001 0.40048345156250004 0.7295402953125001 0.4072684890625 0.7288121484375 0.41614506875 0.7329871203125 0.4232247578125 0.758625796875 0.42760428125 0.76124395625 0.4111472640625 0.7386571656250001 0.40048345156250004
20 0.798083421875 0.34082214375 0.8151165109375 0.338023759375 0.8184240375 0.32475799843750003 0.8126146921874999 0.318277271875 0.79630975 0.3121990765625 0.7881378875 0.3151938953125 0.7883547484375 0.3202802578125 0.7871540984375 0.331051946875 0.798083421875 0.34082214375
20 0.8383998015625 0.4947977296875 0.8417073265624999 0.48153196718749997 0.8312505078125 0.46986666250000003 0.8230786453125001 0.47286148125 0.8199879796875 0.4912136046875 0.8213667109375 0.4975961125 0.8297554343750001 0.49968765625 0.8383998015625 0.4947977296875
20 0.824046609375 0.534496796875 0.8112272703125001 0.5323070359375001 0.80482908125 0.5639249234375 0.8113277906249999 0.5735969015625 0.828833384375 0.5689034093750001 0.8340309250000001 0.5480572109375 0.824046609375 0.534496796875
20 0.655621546875 0.477406834375 0.6645603375 0.4534676 0.6541035187500001 0.4418022953125 0.64360791875 0.44220482343749995 0.637209728125 0.473822709375 0.6390609609375 0.478310109375 0.6502459265625 0.481098834375 0.655621546875 0.477406834375
20 0.6290766453125001 0.4647496953125 0.6230504406249999 0.45318260625000006 0.6162960890625 0.45049209843750004 0.5983179921875 0.4570807015625 0.598534853125 0.4621670640625 0.602709825 0.469246753125 0.6222835140625 0.47412702187500005 0.6290766453125001 0.4647496953125
20 0.6146617171875 0.45109106250000003 0.6174967390625 0.439720409375 0.6075124234375 0.4261599953125 0.5935312171875 0.4226740890625 0.5883724578125 0.431452453125 0.5957773921875 0.4494020484375 0.6064898546874999 0.45408588125 0.6146617171875 0.45109106250000003
20 0.633584821875 0.44071224375 0.61887546875 0.44610291718750006 0.61909233125 0.45118928125 0.630238515625 0.466045840625 0.63888288125 0.46115591250000004 0.6421904078125 0.44789015 0.633584821875 0.44071224375
20 0.46910917812499997 0.606027878125 0.46721916406249997 0.6136083125 0.47814848593750003 0.623378509375 0.49518157656249995 0.620580125 0.50128534375 0.6080115453125 0.49456977343749997 0.593253203125 0.46940360312499996 0.586978571875 0.461231740625 0.589973390625 0.46050359375000005 0.598849971875 0.46910917812499997 0.606027878125
20 0.5106190749999999 0.6063128703125 0.5125090906249999 0.5987324359375 0.5057935203125 0.58397409375 0.47783110781250004 0.57700228125 0.4754685890625 0.586477825 0.49456977343749997 0.593253203125 0.5024472125 0.609307690625 0.5106190749999999 0.6063128703125
20 0.5361801875000001 0.6348280625 0.5334227296875 0.6220630468749999 0.51178094375 0.607609015625 0.5003403375000001 0.6118017625000001 0.49398092812499994 0.631351815625 0.5023308703125 0.6455111921875 0.5167845796874999 0.647101990625 0.5361801875000001 0.6348280625
20 0.5523846140625001 0.5996163921875 0.5395652765625 0.5974266312500001 0.529937121875 0.6181746109375 0.53875956875 0.63043888125 0.5562651625 0.6257453875000001 0.5623689296875 0.61317680625 0.5523846140625001 0.5996163921875
20 0.551245703125 0.6637457828125 0.5669000609375 0.654564890625 0.5702075875 0.641299128125 0.556954528125 0.6289366421875 0.5448245546875 0.629938134375 0.5282251875 0.6429092437499999 0.5274970421875 0.6517858234375 0.531199509375 0.660760621875 0.551245703125 0.6637457828125
20 0.581826275 0.6542605781249999 0.5736931937499999 0.6451875640625 0.5692625796875 0.6450893453125001 0.5631588140625 0.6576579265625 0.544235709375 0.6680367453125 0.551679425 0.6739185078125 0.5752500046875 0.66872426875 0.581826275 0.6542605781249999
20 0.45767570468749996 0.7531395265625 0.46602564687500003 0.7672989046875001 0.493988059375 0.7742707171875 0.5059011718749999 0.7681828625 0.5078299656249999 0.7485345921875 0.49457690625 0.73617210625 0.47500321718749994 0.7312918374999999 0.477543815625 0.7389704890625 0.47285756093750003 0.74585374375 0.45698633906249997 0.7499482734375 0.45767570468749996 0.7531395265625
20 0.44436803906250005 0.83033824375 0.44411239687500004 0.8373197140625 0.45271798125 0.8444976203125 0.4666991875 0.8479835265625001 0.4909591328125 0.8459805421875 0.5061409890624999 0.8386947593749999 0.5118110328125 0.8159534531249999 0.493910496875 0.7984063859375 0.45988309843749997 0.7919353203124999 0.45123873124999997 0.796825246875 0.44436803906250005 0.83033824375
20 0.40720406249999996 0.7113682328125 0.40531404687499994 0.71894866875 0.41624336875 0.7287188640625 0.43280395625 0.727815590625 0.44221524843750004 0.701981246875 0.435027175 0.6891180140625 0.4219909765625 0.681841890625 0.41033350625000004 0.6809482734375 0.3995434828125 0.7004001093750001 0.40720406249999996 0.7113682328125
20 0.3987536 0.6559189890625 0.40714232343749995 0.6580105328125 0.41204544062500004 0.6562136421875 0.41255672656250003 0.6422506984374999 0.40209990624999997 0.63058539375 0.3913874453125 0.625901559375 0.387646196875 0.6289945953125 0.38829678125 0.644253684375 0.3987536 0.6559189890625
20 0.4755920640625 0.693193225 0.48470893281249994 0.6864081890625 0.4842752109375 0.6762354625 0.47614212812499995 0.667162446875 0.45936468125 0.6629793609375 0.45072031562500003 0.6678692875000001 0.4504646734375 0.674850759375 0.4560183734375 0.68831295625 0.4755920640625 0.693193225
20 0.6822582765625 0.751766109375 0.683242065625 0.7359080578125 0.670461509375 0.7216504625 0.6487809437500001 0.719264265625 0.64383904375 0.7331289921875 0.6605777109375001 0.7493799140624999 0.6740864140625 0.754760928125 0.6822582765625 0.751766109375
20 0.6996475281250001 0.7832761203125 0.7087643984375 0.7764910828125 0.7083306734375 0.7663183578125 0.7020488265625 0.7617327406250001 0.6764101515625 0.75735321875 0.6617008 0.7627438921875 0.6581764125 0.7709232921875 0.6628238859375 0.7761078718750001 0.6996475281250001 0.7832761203125
20 0.8696467828125 0.42307824531250005 0.8556655765625001 0.41959233906250004 0.8500343125 0.4302658109375 0.858856759375 0.44253007968749997 0.8758898500000001 0.439731696875 0.8773073609375001 0.4340463703125 0.8696467828125 0.42307824531250005
20 0.8773461421875 0.4219785359375 0.8801811640625001 0.4106078828125 0.87204808125 0.40153486718750003 0.8636593578125 0.3994433234375 0.8557043562500001 0.40752450468749996 0.8589343218750001 0.4183944109375 0.8696467828125 0.42307824531250005 0.8773461421875 0.4219785359375
20 0.82960744375 0.690877896875 0.812574353125 0.6936762812499999 0.81184620625 0.7025528609375 0.8188174187499999 0.71032973125 0.8325817640625001 0.7087292749999999 0.83679551875 0.7037411296875 0.82960744375 0.690877896875
20 0.8016450296875 0.683906084375 0.813736221875 0.6949724265625 0.826594340625 0.685094353125 0.8207849968750001 0.678613628125 0.806803790625 0.675127721875 0.8016450296875 0.683906084375
20 0.5893317296875 0.7135000406249999 0.601461703125 0.712498546875 0.616643559375 0.7052127640625 0.61483110625 0.68865753125 0.5964580671874999 0.6730055734375 0.579208115625 0.6707175953125 0.5777906046875 0.6764029218750001 0.5774574 0.7075200609375 0.5893317296875 0.7135000406249999
20 0.6233979109375001 0.707903271875 0.6063648203125 0.71070165625 0.601895425 0.7226712734375 0.6037466593749999 0.727158671875 0.6198347421875 0.7281505046875 0.6264110125 0.713686815625 0.6233979109375001 0.707903271875
20 0.6489360671875 0.670992928125 0.6319417578125 0.661723478125 0.6272555015625 0.6686067328124999 0.6297573203125 0.6883532203125 0.6388354078125 0.6936360171875 0.6507485203125001 0.6875481625 0.6489360671875 0.670992928125
20 0.574923934375 0.8427603109374999 0.5915233015625 0.8297892015624999 0.57177153125 0.8077547359375 0.5589521937499999 0.805564975 0.5484178125 0.8180353374999999 0.549068396875 0.8332944265625001 0.5604702234375 0.8411695140625 0.574923934375 0.8427603109374999
20 0.6358381296875 0.6103591046875 0.6449550000000001 0.60357406875 0.6445600578125 0.5813335078125 0.6331582328125 0.5734584203125 0.62146198125 0.5846326390625001 0.6319188 0.59629794375 0.6295562828125 0.6057734890625001 0.6358381296875 0.6103591046875
20 0.62146198125 0.5846326390625001 0.6053738984375 0.5836408046875 0.6009045046875 0.595610421875 0.6181156750000001 0.6099662359375 0.6314075171875 0.6102608875 0.6342425390625 0.598890234375 0.62146198125 0.5846326390625001
20 0.5997426359375 0.5943142765625 0.5974576796875 0.579654153125 0.58652835625 0.56988395625 0.5753433921875 0.5670952312499999 0.57392588125 0.5727805578125 0.57363145625 0.5918298640625 0.590625765625 0.6010993140625 0.5997426359375 0.5943142765625
20 0.5982633875000001 0.546641903125 0.5826090265625 0.5558227953125 0.582353384375 0.5628042671875 0.6014157890625 0.5816474796875 0.61006015625 0.5767575515625001 0.61198895 0.55710928125 0.5982633875000001 0.546641903125
20 0.5933602687499999 0.5484387953125001 0.5947777796875 0.54275346875 0.5736085 0.5264043296875001 0.5626403953125 0.5287019671875 0.5591160078125 0.536881365625 0.56187346875 0.54964638125 0.5814471578125 0.55452665 0.5933602687499999 0.5484387953125001
20 0.597690365625 0.5072471468749999 0.5983409484375 0.522506234375 0.6118496515625 0.52788725 0.619549009375 0.526787540625 0.6293940265625 0.5111259234375 0.6152347390624999 0.49048582031250004 0.5961335546875 0.4837104421875 0.5851654500000001 0.4860080796875 0.5853823109375 0.4910944421875 0.597690365625 0.5072471468749999
20 0.809941928125 0.42429549062499994 0.7985013203125 0.4284882375 0.7977731734375 0.43736481875 0.8196706015625 0.4448373765625 0.8269362359375 0.433564940625 0.8211268921875 0.427084215625 0.809941928125 0.42429549062499994
20 0 0.8903611453125 0.018323926562500002 0.8952114812499999 0.0424057921875 0.8760542984375 0.0480758359375 0.8533129921875 0.0429946375 0.8379556875 0.014854143750000002 0.8138296781250001 0 0.8089152796875 0 0.8903611453125
20 0.0211201671875 0.8959086624999999 0.0490825796875 0.9028804750000001 0.051661960937499994 0.89849129375 0.0416776453125 0.8849308796875001 0.036085162500000004 0.8835365171875 0.0211201671875 0.8959086624999999
20 0.15429422343750002 0.8918737140624999 0.1447824109375 0.8764181921875001 0.13454245468749998 0.8698392484375 0.1117000203125 0.8661569078125 0.097935675 0.8677573640625 0.0993144046875 0.874139871875 0.0848219140625 0.8846169093749999 0.079841234375 0.91054946875 0.1497472671875 0.927979 0.1542166609375 0.9160093828125 0.17241162031249999 0.9145071453125 0.1537829390625 0.9058366578125 0.15429422343750002 0.8918737140624999
20 0.15368242031249998 0.8645467921875 0.13363622656250002 0.8615616328125 0.12894997187499999 0.8684448859374999 0.14594428125 0.8777143374999999 0.15429422343750002 0.8918737140624999 0.1537829390625 0.9058366578125 0.169142875 0.9157050718749999 0.1537441578125 0.9179044921875 0.1513816390625 0.9273800359375001 0.16932095625000002 0.93285926875 0.17615286875 0.9114141078125 0.16925921875 0.87950156875 0.15368242031249998 0.8645467921875
20 0.222271459375 0.9289515156249999 0.21508338437500002 0.9160882828125001 0.2025196890625 0.90691705 0.17735351875 0.9006424187500001 0.1754635046875 0.9082228546875 0.172117196875 0.93355645 0.2156951875 0.9434152046875001 0.222271459375 0.9289515156249999
20 0.204781690625 0.856151640625 0.1924736375 0.8399989359375001 0.18757051875 0.8417958265625 0.18331798593749998 0.85885180625 0.163922378125 0.8711257343750001 0.1778260234375 0.8987473093749999 0.19722163125 0.8864733812500001 0.204781690625 0.856151640625
20 0.19416974843749998 0.892757671875 0.2130928515625 0.8823788531250001 0.22620661250000001 0.8655193078125001 0.22344915156249998 0.8527542921875 0.2004286390625 0.8319177546875001 0.193201784375 0.8311223562500001 0.192001134375 0.8418940453125 0.2043091859375 0.8580467484375 0.19416974843749998 0.892757671875
20 0.14696685 0.8497884499999999 0.1471837109375 0.8548748125 0.1508861796875 0.8638496109375 0.161598640625 0.8685334453125 0.18331798593749998 0.85885180625 0.19229555625 0.8228447390625 0.186958715625 0.8144689046875 0.1780974890625 0.8142724703124999 0.175518109375 0.8186616515624999 0.184813059375 0.8290308109375 0.1577180921875 0.8424044500000001 0.14696685 0.8497884499999999
20 0.11429522343750001 0.7842743578125 0.0978739375 0.8143996640625 0.0962007828125 0.8270664625 0.11203322499999999 0.8350397671875 0.09990325156249999 0.8360412609375001 0.1052400921875 0.84441709375 0.121545034375 0.8504952906250001 0.14206373125 0.8515853421875 0.1647280859375 0.8381134859375001 0.1722881453125 0.8077917453125 0.1483226234375 0.7907454234375 0.11429522343750001 0.7842743578125
20 0.2166330640625 0.796706084375 0.219940590625 0.7834403234375 0.209956275 0.769879909375 0.191978178125 0.7764685109375 0.19266754218749998 0.7796597640625 0.198949390625 0.78424538125 0.2000724765625 0.797609359375 0.2166330640625 0.796706084375
20 0.315725115625 0.8757612734375 0.327599446875 0.881741253125 0.34205315625 0.8833320499999999 0.36050375625000003 0.8748483390624999 0.361015040625 0.8608853968749999 0.34543824375 0.8459306203124999 0.332580125 0.8558086921875001 0.3197607859375 0.85361893125 0.3188157796875 0.8574091484374999 0.315725115625 0.8757612734375
20 0.332091796875 0.9351971703125 0.3246093 0.9413832421875 0.3287842703125 0.9484629312499999 0.3488304640625 0.9514480921875 0.3686985765625 0.9372790546875001 0.37389611718750004 0.9164328578125 0.3527268359375 0.90008371875 0.3399074984375 0.8978939578125 0.331913715625 0.9180429734375 0.3407361625 0.9303072421874999 0.3393186515625 0.93599256875 0.332091796875 0.9351971703125
20 0.37412880312499996 0.8440258515625001 0.3661738015625 0.8521070328125001 0.36144876406250004 0.8710581218750001 0.3733230953125 0.8770381015625001 0.3917736953125 0.8685543906250001 0.3964987328125 0.8496033015625001 0.38745942499999997 0.8322526703124999 0.3683582390625 0.8254772921875 0.366940728125 0.83116261875 0.37412880312499996 0.8440258515625001
20 0.4027805796875 0.85418891875 0.42729616718749996 0.8452044609374999 0.433438715625 0.820568046875 0.4197131515625 0.81010066875 0.38982194375 0.822777125 0.3786369765625 0.8199884000000001 0.374423225 0.8249765453125001 0.38745942499999997 0.8322526703124999 0.4027805796875 0.85418891875
20 0.4832239578125 1 0.485118140625 0.9944865546875 0.4818881765625 0.983616646875 0.44764391562499994 0.9720592187499999 0.4249795625 0.9855310734374999 0.42098267187499994 0.9956055812500001 0.43860772187499997 1 0.4832239578125 1
20 0.5946699453125001 1 0.59076350625 0.9936525187499999 0.5716623203125 0.986877140625 0.5634904578125 0.9898719609375 0.5616445171875 1 0.5946699453125001 1
20 0.5497774234375 1 0.543661128125 0.9919731640625 0.5357449062499999 0.9879865109375 0.521508059375 0.9914820765625001 0.518737275 1 0.5497774234375 1
20 0.5894006 0.9097766421875001 0.5987731125 0.8960101343750001 0.5869375640625 0.877962321875 0.5680532390625 0.8762733062500001 0.5668525890625 0.8870449953125 0.5675031734375 0.902304084375 0.5733125171875 0.9087848093750001 0.5894006 0.9097766421875001
20 0.5984169515625 0.8617017406249999 0.5930801125 0.85332590625 0.5627939609375 0.843761803125 0.5518258578124999 0.8460594421875 0.5506252078125 0.8568311312500001 0.5668913703125 0.8749771609374999 0.5937306953125 0.8685849937500001 0.5984169515625 0.8617017406249999
20 0.4806416140625 0.86353726875 0.47991346718749994 0.8724138484375 0.48666781875 0.8751043562499999 0.5051184203125 0.8666206453124999 0.507008434375 0.859040209375 0.4993478578125 0.8480720859374999 0.48816289218750003 0.8452833609375 0.4711298015625 0.8480817453125 0.47040165624999997 0.8569583250000001 0.4806416140625 0.86353726875
20 0.503646303125 0.9618671750000001 0.48196573750000005 0.959480978125 0.47607883281249996 0.977135921875 0.4900212578125 0.9926896624999999 0.5070543484375001 0.9898912781250001 0.513158115625 0.9773226984375001 0.503646303125 0.9618671750000001
20 0.5272327078125 0.8791795671875 0.522329590625 0.8809764578125 0.5211289406249999 0.8917481468749999 0.5411363515625001 0.9068011421875 0.5609656843749999 0.9046999390625 0.5440101562499999 0.8833626546875 0.5272327078125 0.8791795671875
20 0.5370935484375 0.78602458125 0.521989253125 0.7691746953124999 0.5136005296875 0.7670831515625001 0.5016874171875 0.7731710078125 0.493004271875 0.79012876875 0.5102154421875 0.8044845828125 0.5279378968749999 0.8048774515625 0.5370935484375 0.78602458125
20 0.5889985249999999 0.7446171796875001 0.5748004578125 0.7360449109375 0.5556217109375 0.7534052015625 0.5602691859375 0.7585897828125 0.5770466328125 0.7627728703125001 0.5852184953124999 0.7597780515625 0.5889985249999999 0.7446171796875001
20 0.5613305359375 0.7185960625 0.5508349359375 0.7189985906249999 0.54353051875 0.7423388609375 0.5532979734375 0.7508129125 0.565211084375 0.74472505625 0.5708423484375 0.7340515843750001 0.5613305359375 0.7185960625
20 0.692258415625 0.6878331546875 0.6869215750000001 0.679457321875 0.6706166312499999 0.6733791250000001 0.6657135140625 0.675176015625 0.664512865625 0.68594770625 0.671484078125 0.6937245765625 0.685465284375 0.6972104828125001 0.692258415625 0.6878331546875
20 0.8128917343750001 0.740052509375 0.8152542531250001 0.730576965625 0.798732446875 0.71941240625 0.7877643437499999 0.72171004375 0.787036196875 0.7305866234375 0.794007409375 0.73836349375 0.8051923750000001 0.74115221875 0.8128917343750001 0.740052509375
20 0.608394134375 0.7323432515625 0.5927785546875 0.729456309375 0.5901603953125 0.745913325 0.5976041109375 0.7517950875 0.6123134640625 0.7464044125 0.6142034796875 0.738823978125 0.608394134375 0.7323432515625