20 0.5968070546875001 0.9807960078125 0.6080327578125 0.9707786640625 0.6112980140625 0.9517785796875 0.600480203125 0.9489878109375001 0.5796612109375 0.951175975 0.5661901968749999 0.9565196031250001 0.5437387874999999 0.976554290625 0.526389628125 0.9783777609375001 0.521899428125 0.9857232921874999 0.541085584375 0.9846886874999999 0.549250190625 0.995613853125 0.57945789375 0.9826194781250001 0.5968070546875001 0.9807960078125
20 0.5510871859375001 0.99640271875 0.6049716609375 0.9917211734375 0.6035425609375 0.9781241953125 0.5759880625 0.982984171875 0.5510871859375001 0.99640271875
20 0.564554 0.824129446875 0.5659831 0.8377264265625 0.5790462203125 0.8451909125 0.6070090328125 0.8442157859374999 0.6059882484375 0.8345036578125 0.594149653125 0.8220007609375 0.5729223453125 0.8203040734375 0.564554 0.824129446875
20 0.5802703250000001 0.8234595359375 0.595782490625 0.8208472 0.591903925 0.8006340796875 0.544754953125 0.8026438109375 0.5802703250000001 0.8234595359375
20 0.5588380203125001 0.7864344953125 0.5445503781250001 0.7840084203125001 0.52577211875 0.7722349109375 0.5171996171875 0.774117859375 0.52230270625 0.7892925703125 0.5537357703125 0.8046457140625 0.588638246875 0.8029411984375001 0.5963941203124999 0.7932885484375001 0.5939446546875 0.78667240625 0.5588380203125001 0.7864344953125
20 0.6088439296875 0.761539828125 0.59802611875 0.758749059375 0.573941453125 0.76324434375 0.5196486625000001 0.7640410375 0.5278132703125 0.774966203125 0.5516941984375 0.7852214578125001 0.5729215062499999 0.7869181453125 0.5937404984375 0.7847299796875 0.6037416796875 0.779751046875 0.611701709375 0.772040821875 0.6088439296875 0.761539828125
20 0.49291037187500003 0.759977753125 0.5459786390625 0.7642194703125 0.6049657828125 0.758019671875 0.619865478125 0.749580059375 0.6178243250000001 0.7468487671874999 0.6029237921874999 0.7219024515625 0.58210438125 0.7073976515625 0.5508758921875 0.7106798984375 0.5153609421875001 0.7065571359375 0.48556071406249995 0.6900504328125 0.46739534687499995 0.7007971640624999 0.45841495 0.7154882265625 0.457190846875 0.7372196015625 0.4690294421875 0.7497224984375 0.49291037187500003 0.759977753125
20 0.6002697484375 0.69665091875 0.5974119671875 0.6861499249999999 0.58822699375 0.682205596875 0.5898594140625 0.664359071875 0.5843484296875 0.661992475 0.5429146031250001 0.6683112296875 0.4708643375 0.6670465421875 0.49127585468749996 0.6943594546875 0.5296485859375 0.7089832109375 0.5543457234375 0.710315203125 0.5923097187499999 0.70436114375 0.6002697484375 0.69665091875
20 0.3210474109375 0.6101292515625001 0.33064069687500003 0.61795843125 0.3718703671875 0.6096972515625 0.38146365625 0.6175264312500001 0.3645228109375 0.623234753125 0.377177615625 0.6268143875 0.39105694375 0.6253556109375 0.41595865625000006 0.6453229953124999 0.4543313875 0.65994675 0.49372448281250003 0.66758966875 0.546384434375 0.667946534375 0.580878596875 0.6623571687500001 0.60598363125 0.6508810484375 0.6196579625 0.61409391875 0.611085040625 0.5992839015625 0.6184325984375 0.5857464 0.5992460234375 0.570088040625 0.547811015625 0.581385728125 0.4712705546875 0.5874665703125 0.3690121671875 0.58250329375 0.34002856875 0.5737662921875 0.331660225 0.577591665625 0.33594668437499997 0.5849966734375001 0.35921514375 0.5894246515625 0.3653385984375 0.5976185265625 0.3210474109375 0.6101292515625001
20 0.2518511484375 0.469128878125 0.2132746828125 0.4692556609375 0.20919279999999998 0.4804860421875 0.2598120171875 0.4948045828125 0.26226190312500003 0.5181136890625 0.27512128593749996 0.5403287140625 0.290633871875 0.5544093421875 0.3292107578125 0.5709755234375 0.37595183125 0.5817739046875 0.42208043437500004 0.5867450109375 0.50617303125 0.58576205625 0.5614861859375 0.5779845265625 0.6261880515625 0.5594007859375 0.637617915625 0.5513258671875 0.631698615625 0.54507441875 0.590876840625 0.540527484375 0.620064178125 0.534513946875 0.6282283640624999 0.5287461484375 0.6259826359375 0.5073794671875 0.6325139859375 0.502765228125 0.634146403125 0.48491870312499996 0.6263901109375001 0.4778783890625 0.624552696875 0.460396559375 0.5982227203125 0.46021812500000003 0.591691371875 0.46483236562499997 0.5590342015624999 0.47121059687500005 0.618837134375 0.43939457187500003 0.627205059375 0.418876234375 0.62332649375 0.3986631125 0.5994455640624999 0.3884078578125 0.5951591031250001 0.3810028484375 0.603527028125 0.3604845109375 0.6002609343749999 0.34609866562499997 0.458406134375 0.3649359734375 0.3641081984375 0.3689554359375 0.32063363906250003 0.3892358625 0.28307837812500003 0.41576773749999996 0.266955 0.462631690625 0.2518511484375 0.469128878125
20 0.4763834828125 0 0.0512020296875 0.04539836875 0.044671517187499996 0.08339853750000001 0.056103478124999995 0.158788440625 0.0948857828125 0.227375940625 0.105091959375 0.2577253625 0.156120334375 0.30931468125 0.1824507296875 0.326186078125 0.2320495828125 0.34748545468750003 0.321449428125 0.3636196359375 0.40248050781250005 0.36688622656250003 0.47922512656249994 0.362747809375 0.53106845 0.35533497187499996 0.5688282874999999 0.3474384875 0.600872984375 0.33523297812499997 0.5796452578125 0.3168433265625 0.6051590265625 0.325945021875 0.6261821750000001 0.3256992828125 0.63781619375 0.31956679062500004 0.6443471234375 0.2982595875 0.6594513953125001 0.30845536406249996 0.6731265671875 0.3050541625 0.6719012015625 0.2767066453125 0.641284346875 0.2524302390625 0.642713028125 0.24933425312500002 0.6586335078125 0.25060676875 0.63822115 0.1899079265625 0.6767967765625 0.1563952140625 0.6761843046875 0.1505679375 0.6433225593749999 0.1383107796875 0.6657743890625001 0.1349690546875 0.6898586390625 0.11378080625 0.687409171875 0.1071646640625 0.6725090578125 0.0989113125 0.6455666109375 0.092905603125 0.645157875 0.07232778749999999 0.5994375875 0.0712415328125 0.5686174125 0.07840863125 0.565963790625 0.0698500625 0.5551459796875 0.06705929375 0.574127978125 0.0640822640625 0.63046191875 0.0660168609375 0.6561794234375 0.0603680171875 0.652505434375 0.0587902859375 0.6625066140625 0.053811353125 0.6584243125 0.0483487703125 0.6384215296875 0.041613671875 0.6120915546875 0.041435239062500004 0.6135202328125 0.038339253125 0.6412788890625001 0.035421701562500005 0.652708753125 0.027346782812499998 0.6504630234375 0.0059801015625 0.6404065250000001 0 0.4763834828125 0