20 0.019203992187499998 0.5968070546875001 0.0292213359375 0.6080327578125 0.0482214203125 0.6112980140625 0.051012189062500005 0.600480203125 0.048824025 0.5796612109375 0.043480396875 0.5661901968749999 0.023445709375000002 0.5437387874999999 0.0216222390625 0.526389628125 0.014276707812500001 0.521899428125 0.015311312499999999 0.541085584375 0.004386146875 0.549250190625 0.017380521875 0.57945789375 0.019203992187499998 0.5968070546875001
20 0.00359728125 0.5510871859375001 0.0082788265625 0.6049716609375 0.0218758046875 0.6035425609375 0.017015828125 0.5759880625 0.00359728125 0.5510871859375001
20 0.175870553125 0.564554 0.16227357343749998 0.5659831 0.1548090875 0.5790462203125 0.1557842140625 0.6070090328125 0.1654963421875 0.6059882484375 0.17799923906249998 0.594149653125 0.1796959265625 0.5729223453125 0.175870553125 0.564554
20 0.17654046406249999 0.5802703250000001 0.1791528 0.595782490625 0.1993659203125 0.591903925 0.19735618906250002 0.544754953125 0.17654046406249999 0.5802703250000001
20 0.21356550468750002 0.5588380203125001 0.2159915796875 0.5445503781250001 0.22776508906249998 0.52577211875 0.225882140625 0.5171996171875 0.2107074296875 0.52230270625 0.19535428593749998 0.5537357703125 0.1970588015625 0.588638246875 0.2067114515625 0.5963941203124999 0.21332759375000002 0.5939446546875 0.21356550468750002 0.5588380203125001
20 0.238460171875 0.6088439296875 0.241250940625 0.59802611875 0.23675565625 0.573941453125 0.23595896249999998 0.5196486625000001 0.22503379687499997 0.5278132703125 0.2147785421875 0.5516941984375 0.21308185468750002 0.5729215062499999 0.21527002031250003 0.5937404984375 0.22024895312499998 0.6037416796875 0.22795917812500002 0.611701709375 0.238460171875 0.6088439296875
20 0.240022246875 0.49291037187500003 0.23578052968750002 0.5459786390625 0.241980328125 0.6049657828125 0.250419940625 0.619865478125 0.25315123281249996 0.6178243250000001 0.2780975484375 0.6029237921874999 0.2926023484375 0.58210438125 0.2893201015625 0.5508758921875 0.29344286406250003 0.5153609421875001 0.3099495671875 0.48556071406249995 0.29920283593749997 0.46739534687499995 0.2845117734375 0.45841495 0.2627803984375 0.457190846875 0.2502775015625 0.4690294421875 0.240022246875 0.49291037187500003
20 0.30334908125000004 0.6002697484375 0.313850075 0.5974119671875 0.317794403125 0.58822699375 0.335640928125 0.5898594140625 0.338007525 0.5843484296875 0.3316887703125 0.5429146031250001 0.3329534578125 0.4708643375 0.3056405453125 0.49127585468749996 0.2910167890625 0.5296485859375 0.289684796875 0.5543457234375 0.29563885624999997 0.5923097187499999 0.30334908125000004 0.6002697484375
20 0.3898707484375 0.3210474109375 0.38204156875 0.33064069687500003 0.3903027484375 0.3718703671875 0.38247356875 0.38146365625 0.376765246875 0.3645228109375 0.37318561250000004 0.377177615625 0.3746443890625 0.39105694375 0.35467700468749996 0.41595865625000006 0.34005325000000003 0.4543313875 0.33241033125 0.49372448281250003 0.332053465625 0.546384434375 0.33764283125 0.580878596875 0.3491189515625 0.60598363125 0.38590608125000003 0.6196579625 0.4007160984375 0.611085040625 0.4142536 0.6184325984375 0.42991195937500004 0.5992460234375 0.418614271875 0.547811015625 0.41253342968749995 0.4712705546875 0.41749670625 0.3690121671875 0.42623370781250003 0.34002856875 0.422408334375 0.331660225 0.4150033265625 0.33594668437499997 0.4105753484375 0.35921514375 0.40238147343749997 0.3653385984375 0.3898707484375 0.3210474109375
20 0.530871121875 0.2518511484375 0.5307443390625 0.2132746828125 0.5195139578125 0.20919279999999998 0.5051954171874999 0.2598120171875 0.4818863109375 0.26226190312500003 0.45967128593749995 0.27512128593749996 0.4455906578125 0.290633871875 0.42902447656250003 0.3292107578125 0.4182260953125 0.37595183125 0.4132549890625 0.42208043437500004 0.41423794375 0.50617303125 0.4220154734375 0.5614861859375 0.4405992140625 0.6261880515625 0.4486741328125 0.637617915625 0.45492558125000004 0.631698615625 0.459472515625 0.590876840625 0.46548605312499997 0.620064178125 0.4712538515625 0.6282283640624999 0.49262053281249996 0.6259826359375 0.497234771875 0.6325139859375 0.515081296875 0.634146403125 0.5221216109375 0.6263901109375001 0.539603440625 0.624552696875 0.539781875 0.5982227203125 0.535167634375 0.591691371875 0.528789403125 0.5590342015624999 0.5606054281249999 0.618837134375 0.581123765625 0.627205059375 0.6013368875 0.62332649375 0.6115921421875 0.5994455640624999 0.6189971515625 0.5951591031250001 0.6395154890625 0.603527028125 0.653901334375 0.6002609343749999 0.6350640265624999 0.458406134375 0.6310445640625 0.3641081984375 0.6107641375 0.32063363906250003 0.5842322625 0.28307837812500003 0.537368309375 0.266955 0.530871121875 0.2518511484375
20 1 0.4763834828125 0.9546016312500001 0.0512020296875 0.9166014625000001 0.044671517187499996 0.841211559375 0.056103478124999995 0.772624059375 0.0948857828125 0.7422746375 0.105091959375 0.69068531875 0.156120334375 0.673813921875 0.1824507296875 0.6525145453125 0.2320495828125 0.6363803640625 0.321449428125 0.6331137734375 0.40248050781250005 0.637252190625 0.47922512656249994 0.644665028125 0.53106845 0.6525615124999999 0.5688282874999999 0.664767021875 0.600872984375 0.6831566734375001 0.5796452578125 0.674054978125 0.6051590265625 0.6743007171875 0.6261821750000001 0.6804332093750001 0.63781619375 0.7017404125 0.6443471234375 0.6915446359375 0.6594513953125001 0.6949458374999999 0.6731265671875 0.7232933546875 0.6719012015625 0.7475697609374999 0.641284346875 0.750665746875 0.642713028125 0.74939323125 0.6586335078125 0.8100920734375 0.63822115 0.8436047859375 0.6767967765625 0.8494320625 0.6761843046875 0.8616892203125 0.6433225593749999 0.8650309453125 0.6657743890625001 0.88621919375 0.6898586390625 0.8928353359375001 0.687409171875 0.9010886875 0.6725090578125 0.907094396875 0.6455666109375 0.9276722124999999 0.645157875 0.9287584671875001 0.5994375875 0.92159136875 0.5686174125 0.9301499375000001 0.565963790625 0.9329407062499999 0.5551459796875 0.9359177359374999 0.574127978125 0.9339831390625 0.63046191875 0.9396319828124999 0.6561794234375 0.9412097140625001 0.652505434375 0.946188646875 0.6625066140625 0.9516512296874999 0.6584243125 0.958386328125 0.6384215296875 0.9585647609375 0.6120915546875 0.961660746875 0.6135202328125 0.9645782984375 0.6412788890625001 0.9726532171875 0.652708753125 0.9940198984374999 0.6504630234375 1 0.6404065250000001 1 0.4763834828125