20 1 0.26138296875 0.9979270015624999 0.26028693125 0.9344285171875001 0.259806684375 0.9164975640625 0.2696035375 0.9091876140625 0.3110403328125 0.9111526234375 0.366698371875 0.9293930609375 0.3760211875 0.9422083546875 0.40078907968750005 0.9630737484375 0.4188894078125 0.9802776281250001 0.429913196875 0.99613546875 0.4235182875 1 0.4171766578125 1 0.41321360937499996 0.9947894265624999 0.4060995890625 0.990764378125 0.4094333703125 0.9900913578124999 0.400724021875 1 0.389007203125 1 0.26138296875
20 0.895818721875 0.5259824796875 0.896680046875 0.55728160625 0.90510675625 0.5957935984375 0.9150547375 0.6187241921875 0.9377508875 0.640362790625 0.9611741109375 0.6411807484375001 0.9944110609375001 0.612809528125 0.9996888765625 0.48965481093749996 0.9049594296875 0.48808395468750004 0.895818721875 0.5259824796875
20 0.927441125 0.375953025 0.903223703125 0.3698958265625 0.8857234125 0.3953422421875 0.858584625 0.4169777375 0.8579246796875 0.46385826406249997 0.88110554375 0.471616434375 0.9787023046875 0.4750245875 0.9955966999999999 0.46692870781250007 0.9918680609375 0.43379228281250004 0.9763737578124999 0.42977687031249995 0.9420871765625 0.40425918593750004 0.927441125 0.375953025
20 0.89270905 0.5310853953125 0.86940700625 0.52679733125 0.856228175 0.5124397625 0.8512877484375 0.5140044078125 0.8427529343750001 0.534552396875 0.81189858125 0.5786413421875001 0.8158155265625 0.6343675453125 0.836869225 0.6750576500000001 0.8521211703124999 0.6860132765625 0.889450296875 0.6803681625 0.9131699296875 0.6447159124999999 0.9158489375000001 0.623963434375 0.906816334375 0.6028019765625 0.89270905 0.5310853953125
20 0.8713589421875 0.5268654953125 0.89270905 0.5310853953125 0.895818721875 0.5259824796875 0.90014018125 0.48617849375000005 0.8561610484375001 0.4863798765625 0.8534820406250001 0.5071323578125 0.8580589328125001 0.51597803125 0.8713589421875 0.5268654953125
20 0.81618081875 0.3720677296875 0.82097391875 0.2627934390625 0.8114566 0.2555124109375 0.8031641437499999 0.2691201859375 0.7970790546875001 0.3314457875 0.802086609375 0.355941025 0.81618081875 0.3720677296875
20 0.834879821875 0.2563303671875 0.83073359375 0.2631342546875 0.8285654499999999 0.38118605781250003 0.85595966875 0.40820022343750006 0.8816983640625 0.3986760234375 0.8950524265625001 0.38003349375 0.906023890625 0.3456732390625 0.9088240765625001 0.3214506546875 0.904785953125 0.2691945578125 0.8905705656249999 0.2565379625 0.834879821875 0.2563303671875
20 0.85431721875 0.42725173281249995 0.8328999828124999 0.39697194687500004 0.8279595562500001 0.39853659218750004 0.8257783375000001 0.46099851875000003 0.85194769375 0.46712388125000004 0.855057365625 0.462020965625 0.85431721875 0.42725173281249995
20 0.7464760671875 0.43738319062500003 0.746664371875 0.45997296875 0.8090051203125 0.46562429375000003 0.8140667265625 0.460589540625 0.8164903015625 0.3911874 0.8005653359375 0.371522425 0.7839132984375 0.37267809218750003 0.7657399875 0.38941515937500004 0.7464760671875 0.43738319062500003
20 0.7430699859375001 0.4789563125 0.7423429125000001 0.49977695312500003 0.7491812234374999 0.5278104625 0.7896330953125 0.5726523078125 0.8072005125 0.5732657750000001 0.8252526437500001 0.5599988140625001 0.8449472281249999 0.527680346875 0.8538455781250001 0.49672203593750003 0.8532937359374999 0.48454257968750003 0.8436552390625 0.48073165781249994 0.7430699859375001 0.4789563125
20 0.7647574828125 0.361586140625 0.7724309703125 0.30973902343750004 0.7606522328125 0.2832701625 0.7434483515625 0.272246371875 0.7209405078125 0.27319755 0.7006940828125 0.2933365609375 0.6832609187500001 0.3448428640625 0.6803395531249999 0.37253555625 0.685225928125 0.4005009015625 0.6971258453125 0.4234996578125 0.71982199375 0.44513825625000003 0.7373894109375 0.44575172500000004 0.74452413125 0.4373150265625 0.7452512046875001 0.4164943859375 0.7647574828125 0.361586140625
20 0.7636947765625 0.2521073625 0.7392349968749999 0.2529903765625 0.7379560828125 0.26163156249999997 0.7510137343750001 0.27945923906250003 0.7626041671875 0.283338325 0.7725521484375 0.3062689171875 0.76268436875 0.364988084375 0.7629938515625 0.38410775468749997 0.7983039171875 0.35233459218749996 0.80072749375 0.28293245 0.794562203125 0.263608290625 0.7636947765625 0.2521073625
20 0.59686490625 0.24454436406250002 0.5847897578125 0.25454570625 0.5774798062500001 0.29598250312499996 0.57626801875 0.33068357187499997 0.58561010625 0.3709647015625 0.5914659109375 0.371169190625 0.6120889468749999 0.3962097328125 0.6183623421875 0.3564739109375 0.6221188843750001 0.2489005921875 0.6193727499999999 0.2435931859375 0.59686490625 0.24454436406250002
20 0.6319997390625 0.2457712984375 0.622642821875 0.4017897890625 0.6273408921875 0.407165359375 0.666500775 0.40505851406250004 0.675708609375 0.393219871875 0.6842303484375 0.31708200625 0.6966690328125 0.29667034375 0.699348040625 0.2759178640625 0.6960500656249999 0.2584310015625 0.67793080625 0.245638078125 0.6319997390625 0.2457712984375
20 0.5722298953125 0.278427478125 0.567222340625 0.2539322390625 0.5588627578125 0.2414801296875 0.4486390078125 0.2358938625 0.43205409687499996 0.2631094140625 0.42681725937500004 0.30114426562499996 0.422454821875 0.42606811875000006 0.4277047328125 0.4436231453125 0.432402803125 0.4489987125 0.5398804187499999 0.449277575 0.5471363171875 0.43737077031249993 0.55200961875 0.409746240625 0.569321603125 0.36171004687499997 0.5722298953125 0.278427478125
20 0.42844488125 0.478392378125 0.442054375 0.5083995109375 0.4592582546875 0.5194232984375 0.4846334125 0.5203094187499999 0.5060375734375 0.49499932968750004 0.5052433749999999 0.48976008593750003 0.475964346875 0.48873764062499997 0.445581634375 0.4633562828125 0.4289295953125 0.46451195 0.42844488125 0.478392378125
20 0.44844894843749994 0.46519357968749997 0.475964346875 0.48873764062499997 0.5091472453125 0.4898964125 0.522380128125 0.474723990625 0.5217071078125 0.4660146421875 0.44844894843749994 0.46519357968749997
20 0.6200980671874999 0.4746620375 0.6095441921875 0.46908198125 0.55385345 0.4688743859375 0.55245335625 0.48098567968749995 0.5759977578125001 0.478333528125 0.5795380906250001 0.4888801765625 0.5928381015624999 0.4997676390625 0.5958937203125 0.5241947140625001 0.6029072609374999 0.5192281249999999 0.5984515499999999 0.5069123421875 0.61004198125 0.510791428125 0.619613353125 0.488542465625 0.6200980671874999 0.4746620375
20 0.567315615625 0.391171875 0.557986603125 0.4064806234375 0.5506766515625 0.44791741875 0.555374721875 0.4532929859375 0.608076971875 0.4551333890625 0.61118664375 0.45003047343749997 0.6127619671875 0.4049190828125 0.602571628125 0.388928703125 0.5803061421875 0.3829396671875 0.567315615625 0.391171875
20 0.7009739078125 0.7050554703125 0.706277871875 0.693080503125 0.6972452687499999 0.6719190453125 0.6976088046875 0.6615087234375 0.722674478125 0.6432751734375 0.7405383046875 0.607418434375 0.7451692484375 0.58673411875 0.7473504671875 0.5242721921875 0.7390449359375 0.4822900921875 0.7362988015624999 0.47698268749999995 0.6259538734375 0.4748665265625 0.6087630671875 0.5194326140625 0.606084059375 0.5401850921875 0.6067030265625 0.578424434375 0.6148873781249999 0.623876640625 0.6378930125 0.6646349093749999 0.649362265625 0.671984103125 0.6649777484375 0.6725294078124999 0.673027846875 0.6658618453125 0.69121423125 0.7047146546875 0.7009739078125 0.7050554703125
20 0.7565713749999999 0.568023428125 0.7546734921875 0.5384252734375 0.7488176875 0.538220784375 0.7499213703125001 0.5625796953125 0.7565713749999999 0.568023428125
20 0.7460846265625001 0.5885032546875 0.727736084375 0.6382404203125 0.7463400578125 0.637152915625 0.770490353125 0.61715023125 0.7904272953125 0.5778915484375 0.7801157765625 0.565371278125 0.77517535 0.5669359234375 0.76145775 0.5959887734375 0.7460846265625001 0.5885032546875
20 0.61293544375 0.6238084781250001 0.6040370937499999 0.6547667890625 0.5884887390625 0.6802813671875 0.5675692921875 0.6917110296875 0.5700730703125 0.70395865 0.596673090625 0.725733575 0.61424050625 0.7263470421875 0.6416216515625 0.6977713343749999 0.65027764375 0.6737532374999999 0.6303276296875 0.65742204375 0.61293544375 0.6238084781250001
20 0.613056621875 0.6203383703124999 0.60559934375 0.5540655203125 0.59748211875 0.5346731984375 0.588759 0.5326314109375 0.5733318234375 0.554675884375 0.540148925 0.5535171109375 0.5169140078125001 0.5752889328124999 0.5147327890625 0.637750859375 0.5235230343749999 0.66585253125 0.5337133734374999 0.681842909375 0.5548211249999999 0.6930030234375 0.5784867046875 0.6868807671875 0.6040370937499999 0.6547667890625 0.613056621875 0.6203383703124999
20 0.5106406140625 0.6150247546875 0.514962071875 0.57522076875 0.505202396875 0.5748799546875001 0.4659884609375 0.606516790625 0.46458836718749996 0.6186280843749999 0.49856546562500004 0.6250260984375 0.5106406140625 0.6150247546875
20 0.46745568125 0.6204653828125 0.4661767671875 0.6291065671875 0.4821017328125 0.64877154375 0.5054037765625 0.65305960625 0.5164423671875 0.6447592359375001 0.51362910625 0.613391946875 0.5097252359375 0.6132556203124999 0.49856546562500004 0.6250260984375 0.46745568125 0.6204653828125
20 0.41619450156250004 0.52139381875 0.43510795937499996 0.539425984375 0.463956325 0.5247988671875 0.459379434375 0.5159531921875 0.442054375 0.5083995109375 0.42765068125 0.47315313437500006 0.422710253125 0.47471778125 0.41185996874999997 0.5056079296875 0.41619450156250004 0.52139381875
20 0.4156165109375 0.39803461093750003 0.41852480312499996 0.314752040625 0.40272101562499996 0.2916169609375 0.3899728484375 0.292908953125 0.38295930624999996 0.2978755421875 0.379607278125 0.3099186734375 0.378031953125 0.35503006406250004 0.38207007656249997 0.407286159375 0.3995163140625 0.411369734375 0.4060320671875 0.3646936984375 0.410851315625 0.366599159375 0.40768759218749995 0.401232065625 0.4123856625 0.4066076328125 0.4156165109375 0.39803461093750003
20 0.41568539375 0.172205 0.40257368906249996 0.183907315625 0.39098325625 0.18002823125 0.381169528125 0.20921740625 0.3804424546875 0.23003804843750003 0.387280765625 0.2580715578125 0.4071096015625 0.2778728578125 0.42010012812499997 0.26964065000000004 0.42020823125 0.21058066874999998 0.425323890625 0.1760159234375 0.41568539375 0.172205
20 0.402814290625 0.42885659687500005 0.3993951359375 0.41483984218750003 0.38207007656249997 0.407286159375 0.38427744375 0.456003984375 0.387023578125 0.46131138906249997 0.39885636875 0.4582502609375 0.402814290625 0.42885659687500005
20 0.3861082 0.4595422546875 0.385017590625 0.49077321874999996 0.39313481562499997 0.510165540625 0.409289065625 0.467300425 0.400808303125 0.45831842500000003 0.3861082 0.4595422546875
20 0.3777503734375 0.1952006515625 0.3714639046875 0.1793466 0.3665234765625 0.1809112453125 0.3667789078125 0.22956090625 0.37294419843750004 0.24888506562499998 0.378975234375 0.21608945624999998 0.3777503734375 0.1952006515625
20 0.3102268390625 0.1980541859375 0.3134576890625 0.18948116406249998 0.3121116484375 0.1720624640625 0.29278060156249996 0.1939706109375 0.2915016875 0.202611796875 0.302176740625 0.2047217484375 0.3102268390625 0.1980541859375
20 0.27009752656249997 0.22792188750000003 0.29138050781249997 0.20608190468749998 0.2854575765625 0.17981753125 0.26251906875 0.1651191453125 0.24403627343749998 0.16273654375 0.24355155781249999 0.176616971875 0.2622897859375 0.22764923593750003 0.27009752656249997 0.22792188750000003
20 0.1851408296875 0.2822817234375 0.1918448875 0.2581954625 0.19269313906250002 0.2339047140625 0.161381975 0.15116434375 0.1448511140625 0.14884990468749998 0.12210091249999999 0.156741296875 0.11265072031250001 0.1755201515625 0.10815403125 0.24832423750000002 0.11108847031249999 0.2762214203125 0.1209152734375 0.30262211875 0.1322633484375 0.31344141875 0.1440961375 0.310380290625 0.15361345625 0.31766131875000003 0.1716655890625 0.3043943578125 0.1851408296875 0.2822817234375
20 0.0953797140625 0.1384364796875 0.0670160640625 0.13918316718749998 0.05988134375 0.1476198640625 0.0481697328125 0.1472108859375 0.0349368484375 0.16238330625 0.028245865624999998 0.24205944375000002 0.041855359375 0.27206657500000003 0.0826036421875 0.280438215625 0.092605675 0.273838815625 0.10851756718750001 0.237913915625 0.1088680296875 0.17191371875 0.0953797140625 0.1384364796875
20 0.0121195203125 0.144214815625 0.0091571765625 0.2570273765625 0.027021003124999998 0.2211706375 0.0305482625 0.176127409375 0.0208426390625 0.1462566015625 0.0121195203125 0.144214815625
20 0.0308969703125 0.36201670625000004 0.0483972609375 0.336570290625 0.0502149421875 0.284518684375 0.030507284375 0.2612472765625 0.0255668578125 0.262811921875 0.0078782625 0.2656685609375 0.0054006328125 0.36460069375000004 0.0308969703125 0.36201670625000004
20 0.02279281875 0.3982142609375 0.023883428125 0.36698329687500003 0.016075687499999998 0.3667106453125 0.0042428984375 0.3697717734375 0.0030982359375 0.43053272812500004 0.011148334375 0.423865165625 0.02279281875 0.3982142609375
20 0.06615298281250001 0.3597735359375 0.048276081250000005 0.3400403984375 0.040899003125 0.35541730781249997 0.027787298437500003 0.3671196234375 0.028648625 0.39841875 0.0387177859375 0.4178792359375 0.0621410078125 0.4186971921875 0.0878797015625 0.409172990625 0.0978817359375 0.40257359218750005 0.107331928125 0.3837947359375 0.108974378125 0.3647432296875 0.06615298281250001 0.3597735359375
20 0.093521053125 0.2756079515625 0.0689400953125 0.2799610734375 0.0514398046875 0.305407490625 0.050470375 0.3331683453125 0.056756843749999994 0.3490223984375 0.06615298281250001 0.3597735359375 0.093358896875 0.364197925 0.11415716406250001 0.3562383703125 0.1254921640625 0.31146779375 0.11005191406249999 0.2779223921875 0.093521053125 0.2756079515625
20 0.20234470937500001 0.2933055109375 0.1961794203125 0.2739813515625 0.1894082359375 0.272007728125 0.1756906375 0.301060578125 0.1515403421875 0.3210632625 0.143974959375 0.313850396875 0.12835947812499998 0.31330509218749997 0.12293433437500001 0.328750165625 0.1257475953125 0.36011745624999997 0.13593793437499999 0.376107834375 0.14374567656249998 0.37638048749999997 0.148255440625 0.359166278125 0.20234470937500001 0.2933055109375
20 0.1247110390625 0.361818428125 0.11391480624999999 0.363178584375 0.1048952765625 0.3976070015625 0.1038046671875 0.428837965625 0.11064297812499999 0.4568714734375 0.1266891234375 0.4730663421875 0.158283621875 0.4637466296875 0.1607202734375 0.449934365625 0.141443278125 0.4423125203125 0.1275914265625 0.4192456015625 0.1292879296875 0.37066410312500003 0.1247110390625 0.361818428125
20 0.141443278125 0.4423125203125 0.164745321875 0.44660058437499994 0.1501533234375 0.3887644328125 0.1455764328125 0.37991875625 0.1291667515625 0.3741342109375 0.1246569859375 0.39134841875 0.1275914265625 0.4192456015625 0.141443278125 0.4423125203125
20 0.157071834375 0.4984477015625 0.17854312187500002 0.4991974953125 0.17994321562499999 0.4870862015625 0.174693303125 0.469531178125 0.1634664078125 0.4552417703125 0.160114378125 0.4672849015625 0.14114686875 0.478782725 0.157071834375 0.4984477015625
20 0.145736834375 0.543218278125 0.179162090625 0.537436834375 0.188369925 0.5255981937499999 0.18049505625 0.4992656578125 0.15902377031249998 0.49851586406250004 0.14401418125 0.480620025 0.1390737546875 0.4821846703125 0.136031209375 0.5133474703124999 0.145736834375 0.543218278125
20 0.7236046859374999 0.4487446890625 0.6932219749999999 0.42336333125000003 0.6630275671875 0.42057175 0.6364406218750001 0.4543867 0.70360061875 0.46194348749999997 0.7262296421875 0.457522203125 0.7236046859374999 0.4487446890625