20 1 0.7888824 0.9852106671874999 0.7470286015625 0.9631383765624999 0.7113720546875 0.9354934687500001 0.6800209703125 0.880660021875 0.6378447828125 0.838245634375 0.619273846875 0.7588122687500001 0.60329153125 0.7237416578125 0.6057439078125 0.6833709171875 0.6163984828125 0.6791130937500001 0.6255067421875 0.684372259375 0.6447179296875001 0.6855165203125 0.7170800046875 0.6788129953125 0.733211915625 0.6544855625 0.7633025234375 0.629701759375 0.772867153125 0.623359325 0.7801632890625 0.62196260625 0.8301872625 0.6258660171875 0.8720090390624999 0.63474943125 0.8870510046875 0.651290071875 0.8995996296875 0.6833766859375 0.938471696875 0.7073087421875 0.986724509375 1 0.96625754375 1 0.7888824
20 0.655731778125 0.9071206125 0.6070159203125 0.8684324296874999 0.6026218531249999 0.8755923234375 0.6143254078125 0.9589633875000001 0.609890378125 0.993536665625 0.7043180687499999 0.985954690625 0.683649171875 0.94236843125 0.655731778125 0.9071206125
20 0.6638396046875 0.6030800375 0.6668236015625 0.5617555953125 0.649642709375 0.512051746875 0.6251247171875 0.48341884999999996 0.619143371875 0.4818792125 0.6008858874999999 0.5007769484375 0.5801350625 0.512017459375 0.5654132234375 0.539478484375 0.5230531515625 0.5776826875000001 0.51857048125 0.5975750890625 0.5199805515625 0.6317396390625001 0.5718300015625 0.71524026875 0.5883773171875 0.7698831562499999 0.6082697203125 0.774365828125 0.639171109375 0.7682892031249999 0.650588828125 0.763575009375 0.6732403796875001 0.7375173796875 0.683295665625 0.7133195140625 0.68337759375 0.65849274375 0.6724505328125 0.61422526875 0.6638396046875 0.6030800375
20 0.775101359375 0.45824725468749994 0.7790390578124999 0.4305613828125 0.7701966062500001 0.38810603125 0.7400583593750001 0.349097721875 0.7706396234375 0.3244434875 0.776709571875 0.313250615625 0.7613474796874999 0.30355642031249996 0.7516056437499999 0.3042376359375 0.7105127234374999 0.33256375781249997 0.6690520390625 0.32763139531249996 0.6615786953125 0.34675397812500003 0.6345330765625 0.3799715015625 0.6411546734375 0.4186663609375 0.63155575625 0.4633902046875 0.63645383125 0.491437165625 0.6616530390625 0.5298119 0.6814091984374999 0.532346203125 0.6828602328125 0.5390973671875 0.689475153125 0.535697965625 0.69183225 0.5414068234375 0.7152126578125 0.53977190625 0.7379118499999999 0.528395153125 0.7651823156249999 0.48439348750000005 0.775101359375 0.45824725468749994
20 0.7487845953125001 0.5158874906250001 0.7379118499999999 0.528395153125 0.71702478125 0.5376872953125 0.705198334375 0.5365563875 0.703658696875 0.5425377328125001 0.6985834140625 0.5399557890625 0.7011653578125 0.53488050625 0.6616530390625 0.5298119 0.6630154703125 0.549295571875 0.667600096875 0.600859184375 0.6772533296875001 0.6129104765625 0.6850467984375 0.6123655046875001 0.748797946875 0.6000760125 0.7565437765625 0.5848501640625 0.75880559375 0.5611972703125 0.7865800671875001 0.552402459375 0.7922412875 0.5353644875 0.75821298125 0.538722925 0.7487845953125001 0.5158874906250001
20 0.75821298125 0.538722925 0.794325896875 0.5371766109375 0.78476794375 0.5544870703125 0.7589418359375 0.5631456375 0.752830925 0.60175189375 0.84214236875 0.6190013609375 0.8826083890625 0.6377085390625 0.8868662140625 0.628600278125 0.8877656 0.5854637125 0.8797406078125001 0.5546985640625001 0.863922146875 0.524478390625 0.8124404625 0.47423624531249997 0.7779557875 0.45706870625 0.751911509375 0.5186056765625 0.75821298125 0.538722925
20 0.6804973671875 0.21131529375000002 0.6671312828125 0.2161657296875 0.6607888484375 0.2234618671875 0.6623761265625 0.23216139687499998 0.6773361640625 0.278104753125 0.7009890578125 0.2803665703125 0.71712096875 0.2870700953125 0.74213629375 0.3088155859375 0.7600326890625 0.2987536234375 0.7598011671875 0.267443503125 0.7524573906249999 0.2464201921875 0.72599103125 0.2179235390625 0.707774509375 0.209407890625 0.6804973671875 0.21131529375000002
20 0.7562788734375 0.3430687375 0.751973409375 0.337496121875 0.7412369078125 0.35195215156250004 0.7556929375 0.362688653125 0.7671992578125 0.3452419515625 0.7639361 0.3405753984375 0.7562788734375 0.3430687375
20 0.7347515546875 0.315205659375 0.739009378125 0.3060973984375 0.721153946875 0.2887459765625 0.7009890578125 0.2803665703125 0.67928453125 0.27796851093749997 0.674754221875 0.28318003593749996 0.6708641625 0.325546784375 0.7123248484375 0.3304791484375 0.7347515546875 0.315205659375
20 0.7509796515625 0.0712919828125 0.748397709375 0.076367265625 0.7572811234375 0.09140923281249999 0.7455499546875 0.1196400765625 0.7279260468750001 0.13359877343749998 0.7045456390625 0.13523369062499999 0.705363096875 0.14692389374999998 0.731420728125 0.1695754453125 0.7127135499999999 0.21004146562499998 0.7358691109375 0.219190690625 0.7588407890625 0.21171067031250002 0.77270420625 0.199972828125 0.7918201140625001 0.165351909375 0.796302784375 0.1454595078125 0.787460334375 0.10300415624999999 0.7681538671875 0.0789015703125 0.7509796515625 0.0712919828125
20 0.702058975 0.169670725 0.7026992265625001 0.206825946875 0.7115350015625 0.2071870359375 0.721637928125 0.197670046875 0.7243084734374999 0.1798622546875 0.731420728125 0.1695754453125 0.7034147296875 0.1470601375 0.6956212609375 0.147605109375 0.6961662328125 0.155398578125 0.702058975 0.169670725
20 0.7029040453125 0.06975902187500001 0.7120599453125 0.088697721875 0.7095256421875 0.10845388125 0.6968407734375 0.123046153125 0.6982918078125 0.1297973171875 0.7103907406250001 0.13482496093750002 0.7279260468750001 0.13359877343749998 0.7473620796875 0.11755546562500001 0.7500326265624999 0.09974767343749999 0.7571448796875 0.0894608640625 0.74894268125 0.0841607359375 0.748125221875 0.07247053125 0.7345752546875 0.060691724999999995 0.7044436828125 0.0637776765625 0.7029040453125 0.06975902187500001
20 0.7157583546875 0 0.7110519281250001 0.0182840125 0.6939729921875 0.0400361796875 0.6817854546875 0.0477410453125 0.683100246875 0.0525438421875 0.7053497453124999 0.062735371875 0.730406034375 0.0570674765625 0.741503625 0.033775671875 0.7508367328125 0.027249354687499998 0.74041368125 0.018188734375 0.737239125 0.000789671875 0.7363307109375 0 0.7157583546875 0
20 0.7355226874999999 0 0.7394599796875 0.0045501625 0.7405499234375 0.020137101562500002 0.7490246078125 0.029333965625000003 0.7413673828125 0.0318273046875 0.7324906437500001 0.0588796 0.7466741875 0.0657193671875 0.7680585890625 0.0495398171875 0.78468115625 0.0072616734375 0.7834129890625 0 0.7355226874999999 0
20 0.7025051421875 0 0.6737604640625 0.0169758984375 0.669052946875 0.0476524421875 0.6939729921875 0.0400361796875 0.7075639234375 0.0244016015625 0.7168211078125 0 0.7025051421875 0
20 0.6035041171875 0 0.59269885625 0.0197074359375 0.623879409375 0.059621807812500004 0.6319453640625 0.0629735703125 0.63235409375 0.068818671875 0.6392415015624999 0.0693160046875 0.6579077156250001 0.05626336875 0.6695502796875 0.040765034374999995 0.6738967062500001 0.018924265625 0.70502294375 0.0020634984374999998 0.705433590625 0 0.6035041171875 0
20 0.682296140625 0.1250421609375 0.68451699375 0.12880265156249998 0.6941225875 0.12617306875 0.7056289078125 0.10872636718749999 0.68637008125 0.09930465625 0.682296140625 0.1250421609375
20 0.7066235734374999 0.094951553125 0.7084833374999999 0.10754781875 0.711923703125 0.0867493546875 0.7005469484375 0.0640501625 0.6792035125 0.052816328125 0.6733584109375 0.0532250578125 0.673630896875 0.0571217921875 0.682016978125 0.0790511640625 0.7066235734374999 0.094951553125
20 0.6336688859375 0.07362146875 0.661402396875 0.09224004218750001 0.6800752859375 0.12128166874999999 0.6865063250000001 0.1012530234375 0.7048590890625 0.1117170390625 0.7093894 0.1065055140625 0.708435696875 0.0928669421875 0.681880734375 0.077102796875 0.6745369593749999 0.05607948593749999 0.667240821875 0.0497370515625 0.6336688859375 0.07362146875
20 0.506885715625 0 0.47207729218749994 0.0026894906249999998 0.5144030749999999 0.033992934375 0.5281369265625 0.0624009859375 0.5330759656249999 0.0630345609375 0.5685962703125 0.039013901562499995 0.5994485218750001 0 0.506885715625 0