20 1 0.6714825375 0.9854459859375 0.6533541484375001 0.954186403125 0.62560581875 0.8946216937499999 0.5904265203125 0.850260228125 0.577163025 0.7694711921875 0.57098033125 0.7349608625 0.577688459375 0.6961895046875 0.593183571875 0.6930734359375 0.6027428390625 0.7006346546875 0.6211698984375 0.7105891046874999 0.692853146875 0.7059015328125 0.7096817671875 0.68542255625 0.742512853125 0.6619891234375 0.755026575 0.6565831390625 0.763041275 0.6612932203125 0.8128625953125 0.670264328125 0.8538969312500001 0.68091468125 0.867744159375 0.698861321875 0.878183453125 0.73544608125 0.9128553984375 0.765080290625 0.9578319593750001 1 0.91216819375 1 0.6714825375
20 0.7041864984374999 0.88510706875 0.6511188578125 0.8526442296875001 0.6476301140625 0.86028625625 0.6694068109375 0.94160958125 0.6692182609375 0.97646565 0.7620180921874999 0.9574323484375 0.7361914296875 0.9166898796874999 0.7041864984374999 0.88510706875
20 0.675180665625 0.58234466875 0.6731062375 0.5409645953125 0.649996034375 0.49372505625 0.6221713234374999 0.46829357656250004 0.6160469281250001 0.46749435781250004 0.6002285859375001 0.48847626093749996 0.5810023078125 0.502161875 0.5697368593750001 0.5312123515625 0.5323484546875 0.5742941796875 0.530323471875 0.59458460625 0.5358866421874999 0.6283226546875 0.59752578125 0.7048820265625 0.62060905 0.7571010031250001 0.6408994765625 0.7591259859374999 0.670829978125 0.749328725 0.681588075 0.7432582 0.700895159375 0.7146342703124999 0.7079265171875 0.6893913406250001 0.70132613125 0.63496325625 0.685085671875 0.5923574171875 0.675180665625 0.58234466875
20 0.767962415625 0.4250320515625 0.7684967031250001 0.39707266093750004 0.7545461578125 0.35601138906249996 0.7198786390625 0.3209667703125 0.747227359375 0.2927693859375 0.7518879968750001 0.2809202046875 0.7354589859375 0.273170434375 0.7258727828125 0.27503380312500003 0.68853825 0.30815675468750003 0.6467855015625 0.30831394375 0.6416983203125 0.3282047609375 0.6189024921875 0.3644707171875 0.63019045 0.40207018124999994 0.626113546875 0.44763047499999997 0.6343931781250001 0.474871453125 0.6640812578124999 0.5098891359375 0.6839990125 0.5099968796875001 0.686261990625 0.516520884375 0.6924133218749999 0.512340665625 0.695448584375 0.5177197125 0.718455471875 0.5132476265625 0.7395989890625 0.4991893390625 0.7613037312500001 0.452192221875 0.767962415625 0.4250320515625
20 0.748866390625 0.4854498515625 0.7395989890625 0.4991893390625 0.7200000375 0.5109577125 0.7081239203125 0.511276515625 0.7073247015625 0.5174009109375 0.7019725890624999 0.5154567343750001 0.703916765625 0.5101046218749999 0.6640812578124999 0.5098891359375 0.6678079968749999 0.5290615421875 0.6786424734375001 0.57968208125 0.6896924359375001 0.5904671125000001 0.6973613984375 0.5889764171875 0.7591396421875001 0.56900921875 0.764972171875 0.5529528828125 0.7643345671875 0.529200646875 0.790830196875 0.517086534375 0.7943728109375 0.49948563124999995 0.7610074375 0.50696604375 0.748866390625 0.4854498515625
20 0.7610074375 0.50696604375 0.7966627265625 0.5010301984375001 0.7892856296875 0.51937645 0.7647072406250001 0.5311178875 0.763346796875 0.5701811125 0.8540947093750001 0.5764176765625 0.8965389343749999 0.590053846875 0.8996550031250001 0.5804945796875 0.8952906609375001 0.5375699390625 0.8835761578125 0.5080121109375 0.8641926921875 0.479944978125 0.8069717671875001 0.43635137031250004 0.7706519390625 0.42351442031250003 0.7523012609374999 0.48776670156249996 0.7610074375 0.50696604375
20 0.6439701515625 0.191470009375 0.631294815625 0.1979132078125 0.6258888328125 0.20592790781249998 0.628524484375 0.2143691546875 0.6489721 0.2581468859375 0.672724334375 0.25750928125 0.6895529546875 0.26219685312499996 0.717031928125 0.28073165312500004 0.73356868125 0.2685636703125 0.729523140625 0.237515146875 0.7196720062499999 0.217543521875 0.6899300546875 0.192484715625 0.6708115203125 0.1862525765625 0.6439701515625 0.191470009375
20 0.7352434999999999 0.3130059421875 0.730290996875 0.3079995671875 0.7213962703125001 0.3236562953125 0.7370529968749999 0.33255102187499996 0.746347334375 0.313832096875 0.7425397890625 0.30959800625 0.7352434999999999 0.3130059421875
20 0.7104809859375 0.2879740703125 0.71359705625 0.278414803125 0.693760109375 0.2633687453125 0.672724334375 0.25750928125 0.650889340625 0.25777421093749997 0.6470279234375 0.263498996875 0.64833006875 0.306024028125 0.6900828156250001 0.30586684062499997 0.7104809859375 0.2879740703125
20 0.6968625234375 0.0439007828125 0.694918346875 0.0492528953125 0.7055686999999999 0.0631001234375 0.6973654484375 0.092550209375 0.68157404375 0.10855267500000002 0.65856715625 0.1130247609375 0.6608031984375 0.12452820312499999 0.6894271296875 0.1438352890625 0.675790959375 0.18627951250000002 0.6998889312500001 0.1925385859375 0.721777796875 0.1823147796875 0.7341073953125 0.1689749015625 0.7488615875 0.1322824 0.7508865703125001 0.11199197187500001 0.736936025 0.0709307015625 0.7148361000000001 0.0493606375 0.6968625234375 0.0439007828125
20 0.660295846875 0.1475081546875 0.6654594078125 0.18430839999999998 0.674273328125 0.1835899875 0.6831411187499999 0.1729127 0.6836215359375 0.1549121859375 0.6894271296875 0.1438352890625 0.6588859578124999 0.12490087812499999 0.6512169953125 0.12639157343750002 0.652707690625 0.1340605359375 0.660295846875 0.1475081546875
20 0.64895844375 0.0482381890625 0.6603541453124999 0.0659199 0.6602464015625 0.085837653125 0.649434434375 0.10186705468749999 0.6516974125 0.108391059375 0.664318878125 0.1119067390625 0.68157404375 0.10855267500000002 0.698910015625 0.0902602953125 0.6993904328125 0.07225978125 0.7051960265624999 0.06118288281249999 0.6964090421875 0.0569218578125 0.6941729984375 0.0454184140625 0.6792885546874999 0.0353787296875 0.6497576625 0.04211379375 0.64895844375 0.0482381890625
20 0.648448803125 0 0.6364716578125 0.01982531875 0.6253139515624999 0.028958040624999997 0.6272042578125 0.0335648046875 0.650529946875 0.0409688375 0.6747087265625 0.0322895953125 0.6828850421875 0.00781895 0.6913532234375 0.0002038578125 0.6910509921875 0 0.648448803125 0
20 0.686872278125 0 0.68980865625 0.0024937734375 0.6825123671875 0.005901709375 0.676998640625 0.0338341625 0.6919100203124999 0.0388944078125 0.7111632328125 0.0202293546875 0.7163810953125 0 0.686872278125 0
20 0.61358139375 0 0.6126655515625 0.0304218 0.6364716578125 0.01982531875 0.6480559078125 0.0026509609375 0.6487058265625001 0 0.61358139375 0
20 0.538255021875 0 0.5334749546875 0.011990315625000001 0.5692874296875 0.0478072171875 0.5777017390625 0.050151003125 0.5788197609375 0.055902725 0.585716440625 0.0555569875 0.602652803125 0.04032680625 0.6123198140625 0.023525121875 0.6139721234375 0.001317453125 0.6158229515625 0 0.538255021875 0
20 0.6352414671875 0.10562072812500001 0.6379040546875 0.10908253593749999 0.647117584375 0.1053019265625 0.6564119203125001 0.0865830015625 0.636148428125 0.0795785796875 0.6352414671875 0.10562072812500001
20 0.65572044375 0.07278964375 0.65910144375 0.0850653703125 0.6599814703125 0.064002659375 0.6459231812499999 0.0428591421875 0.6233697765625 0.034310153125 0.6176180546875 0.035428175 0.6183634015624999 0.03926265625 0.6293594921875 0.060006564062500004 0.65572044375 0.07278964375
20 0.580710065625 0.060509490624999995 0.6105058890625 0.0756094203125 0.632578878125 0.102158921875 0.636521103125 0.0814958203125 0.6560123109375 0.08964520000000001 0.659873728125 0.0839204125 0.6572650109375 0.0704997296875 0.62898681875 0.05808932343749999 0.619135684375 0.0381176984375 0.6111209843750001 0.0327117140625 0.580710065625 0.060509490624999995
20 0.46019799375000003 0 0.41167851874999994 0.009799290625 0.4575037421875 0.035711187500000005 0.47459729375000004 0.062233753125 0.47957673125 0.0622606890625 0.511904890625 0.034090240625000004 0.532662246875 0 0.46019799375000003 0