0 0 0.6793693296875001 0.1150281375 0.737653140625 0.229774753125 0.7520594921875 0.3124173625 0.69674401875 0.3308844890625 0.5628929578124999 0.4083080640625 0.5274341125 0.44187883125000005 0.4117691234375 0.4265165015625 0.319647984375 0.398399578125 0.268744471875 0.349826309375 0.262413421875 0.3131954796875 0.2186856375 0.218245521875 0.21447747343749998 0.17413910625 0.18713153437500002 0.097361496875 0.200763334375 0.043615440625 0.2422533703125 0 0.4474478859375 0 0.6793693296875001
0 0.098709328125 0 0.07731987500000001 0.08368647343749999 0.09531230625 0.1164638875 0.17173008750000002 0.1327069890625 0.2161688859375 0.1960652390625 0.24592384374999998 0.20638336875 0.2770769484375 0.1960327140625 0.30726542968750004 0.1385531875 0.33419156875 0.129300821875 0.3543480546875 0.10962410781250001 0.42995368125000005 0.1296880984375 0.4611067859375 0.11933744375 0.469048421875 0.096066003125 0.465527390625 0.070358096875 0.433123528125 0.025532023437500002 0.4534799890625 0 0.098709328125 0
0 0.45268798749999994 1 0.4616221078125 0.9670711624999999 0.46232804375000003 0.94026496875 0.443117378125 0.9132188875 0.406938875 0.8955451140624999 0.30227050312500003 0.8713004062499999 0.28907730625 0.8535204125 0.2918136296875 0.8171619953124999 0.262058671875 0.8068438656250001 0.2363644890625 0.777421290625 0.1881972984375 0.769179796875 0.1580825125 0.78873656875 0.12295605000000001 0.74732530625 0.103671690625 0.7582019812499999 0.079260790625 0.8448641968749999 0.0817760296875 0.9222740484375 0.44744788125 1 0.45268798749999994 1
0 0.4148978 0.5527959124999999 0.41250758281250005 0.5922230359375 0.372240859375 0.6595409203125 0.3966568375 0.699673978125 0.46010758437500004 0.7111640921875 0.5029032703125 0.688312453125 0.5904238890625 0.73686691875 0.6845616921875 0.7448959734375 0.7264715296875 0.763787978125 0.7701393421875 0.7321363 0.7851642109375 0.6614498515625 0.8109458109375 0.6200060640625 0.8162659874999999 0.4963394671875 0.7436365703125001 0.420000459375 0.6842465984375 0.38940589999999997 0.6601167546875 0.35732069843750003 0.666147946875 0.3336431796875 0.6398540484375 0.35401210625 0.5647007484375 0.360002128125 0.49473903750000003 0.4120227328125 0.45521077343750005 0.513442484375 0.4148978 0.5527959124999999
0 1 0.17034165625 0.9933960734375 0.16558759843749998 0.988310703125 0.1425423203125 0.9813611375000001 0.147055421875 0.973433225 0.13738325625 0.9626627687499999 0.141084203125 0.9369685875 0.111661628125 0.9367424249999999 0.098634621875 0.9249336515625 0.09312945156249999 0.9220448593749999 0.07853810624999999 0.8341644109375 0.059858540625 0.801160834375 0.0648239671875 0.766472975 0.0824103234375 0.754770421875 0.0998904578125 0.723003878125 0.1929762203125 0.7282691625 0.201084046875 0.7577379859375 0.20335432031249998 0.766071975 0.21111604218750002 0.77664879375 0.25529615156249996 0.8411978296875 0.2710132328125 0.8657474734375 0.268244384375 0.89696055 0.2529145796875 0.9715878296874999 0.258793303125 1 0.233317828125 1 0.17034165625
0 0.499214734375 0 0.4975663453125 0.0182637984375 0.53878396875 0.0310183921875 0.552789321875 0.044977496875 0.5540538015625 0.06721061874999999 0.5179677953125 0.1054657578125 0.5129749218749999 0.1383493921875 0.536532496875 0.1543388828125 0.551456225 0.1874624046875 0.586250303125 0.19286135468750001 0.635589478125 0.167407059375 0.6758287562499999 0.16597638750000002 0.7092521359374999 0.126156909375 0.7389608437499999 0.10851058281249999 0.74621026875 0.07910173125 0.752015296875 0.0423972078125 0.55255211875 0 0.499214734375 0
0 1 0.34727522187500004 0.9266880609375001 0.329119921875 0.8965732750000001 0.3486766921875 0.8575522296875 0.34437603125 0.813778196875 0.3530424046875 0.77705995 0.38018098125 0.8045446328124999 0.41996793437499996 0.7964230828125001 0.45817682499999995 0.827322578125 0.5006863765625 0.8348306890625 0.54521259375 0.8868187703125001 0.5542662421875 0.9087520343750001 0.5778975109375 0.9006304843749999 0.6161064015625 0.8472305328124999 0.66066514375 0.8413055625 0.7073279671875 0.8662475609375001 0.73559228125 0.8914894171875 0.7389608437499999 0.9188816046875001 0.722818884375 0.9657243421875 0.71380640625 1 0.5503991765625 1 0.34727522187500004
0 0.8141629874999999 1 0.8194149796874999 0.998195309375 0.8449104453125 0.948703665625 0.8546237812499999 0.841944934375 0.8043936781250001 0.7823476015625 0.7492769203125 0.7786192093750001 0.731496928125 0.7918124062499999 0.7311370984375001 0.82168730625 0.715327521875 0.83030743125 0.713749459375 0.865913665625 0.6985721234375 0.8856503515625 0.67373634375 0.88037134375 0.64011425 0.841276603125 0.5767697218750001 0.8527717953125 0.5808030515625 0.8995545625 0.564587396875 0.91008513125 0.540370134375 0.9488662906249999 0.5183379703125001 1 0.8141629874999999 1
0 0 0.6778395781250001 0.1150281375 0.737653140625 0.2255477859375 0.75315778125 0.3124173625 0.69674401875 0.3312905671875 0.5609825125000001 0.374312415625 0.5511578796875 0.411436740625 0.5221088578125 0.44187883125000005 0.4117691234375 0.427614790625 0.3238749515625 0.4018143890625 0.2714670703125 0.346411496875 0.2596908234375 0.3112850359375 0.21827956093749998 0.218245521875 0.21447747343749998 0.1607659953125 0.1842889921875 0.097361496875 0.200763334375 0.0432093625 0.24416381406249998 0 0.44744788125 0 0.6778395781250001
0 0.098709328125 0 0.07731987500000001 0.08368647343749999 0.09872711875 0.11918648750000001 0.16981964375 0.13230091093750002 0.1978303484375 0.16021911875 0.2146645203125 0.1937487171875 0.24592384374999998 0.20638336875 0.276670871875 0.197943159375 0.30454283125 0.14196799843750002 0.3497150109375 0.1126328421875 0.36089154375 0.10702145156250001 0.3928430796875 0.1257935140625 0.431864125 0.130094175 0.46342330781249996 0.1178330765625 0.4698605765625 0.0922451140625 0.47004049062500003 0.0773076640625 0.4392609390625 0.0248398109375 0.45409216875 0.0020344203125 0.4540827671875 0 0.098709328125 0
0 0.499318590625 0 0.4990707109375 0.0205803203125 0.53878396875 0.0310183921875 0.5542936890625 0.04729401875 0.553647725 0.0691210625 0.5206903953124999 0.1020509453125 0.5133810000000001 0.136438946875 0.5380368640625 0.15665540625000002 0.5442804953125 0.1789485 0.5533666687500001 0.18786848125 0.588566825 0.19135698750000002 0.63327295625 0.1689114265625 0.6574165234375 0.1680530234375 0.6651782453124999 0.1597190328125 0.673512234375 0.167480753125 0.7065295359375 0.1295717203125 0.7412773671874999 0.10700621562499998 0.75027104375 0.0599972859375 0.752015296875 0.0423972078125 0.55255211875 0 0.499318590625 0
0 1 0.172344878125 0.98894294375 0.1536588828125 0.9891228578125 0.13872143125 0.9813611375000001 0.147055421875 0.9738393015625 0.1354728125 0.9626627687499999 0.141084203125 0.9469268874999999 0.1117815703125 0.9377807421875 0.1078407390625 0.9365162609375 0.085607615625 0.8341644109375 0.059858540625 0.801160834375 0.0648239671875 0.769195575 0.0789955109375 0.754770421875 0.0998904578125 0.7219055890625 0.188749253125 0.7282691625 0.201084046875 0.7577379859375 0.20335432031249998 0.766071975 0.21111604218750002 0.7698791421875 0.24487180312499998 0.7819740484375 0.25842482968749997 0.8411978296875 0.2710132328125 0.86765791875 0.2686504625 0.89696055 0.2529145796875 0.9715878296874999 0.258793303125 1 0.23201449062499999 1 0.172344878125
0 0.3726469359375 0.657630475 0.3928359484375 0.6988618234375 0.462018028125 0.7115701703124999 0.5029032703125 0.688312453125 0.6014804796875 0.7412138296874999 0.6864721375 0.74530205 0.6954983390625 0.7592011828125 0.7260654515625 0.7656984234374999 0.7701393421875 0.7321363 0.783945978125 0.6671811859375001 0.8117579656249999 0.616185175 0.8177703546874999 0.4986559890625 0.7368069484374999 0.41455526093749995 0.6925805890625 0.397167621875 0.65103058125 0.348400715625 0.5647007484375 0.360002128125 0.49473903750000003 0.4120227328125 0.4556168515625 0.5115320390625 0.4148978 0.5527959124999999 0.41291366093750004 0.590312590625 0.3726469359375 0.657630475
0 1 0.3452397078125 0.9290045828125001 0.32761555468750003 0.8969793515625 0.3467662484375 0.813778196875 0.3530424046875 0.7774660265625 0.3782705375 0.8045446328124999 0.41996793437499996 0.7964230828125001 0.45817682499999995 0.8288269453125 0.5030028984375 0.833326321875 0.542896071875 0.8645856468750001 0.5555307234375 0.8814935140625 0.551137565625 0.9087520343750001 0.5778975109375 0.9006304843749999 0.6161064015625 0.8472305328124999 0.66066514375 0.8413055625 0.7073279671875 0.8662475609375001 0.73559228125 0.8895789734375 0.7385547671875 0.9657243421875 0.71380640625 1 0.55041080625 1 0.3452397078125
0 0.8111841296875 1 0.8288010109374999 0.9822195406249999 0.843406078125 0.94638714375 0.8546237812499999 0.841944934375 0.806304121875 0.7827536796875 0.7492769203125 0.7786192093750001 0.731496928125 0.7918124062499999 0.7315431765625 0.8197768625 0.7157335984375 0.8283969875 0.709808628125 0.8750598109375 0.6985721234375 0.8856503515625 0.67373634375 0.88037134375 0.6386098828125 0.83896008125 0.5771758 0.8508613515624999 0.5724228124999999 0.8638283843749999 0.5808030515625 0.8995545625 0.564587396875 0.91008513125 0.5376475359375 0.952281103125 0.5180718734374999 1 0.7716303765625 1 0.7722861062499999 0.99915993125 0.777958825 1 0.8111841296875 1
0 0.45268173437500003 1 0.46243426249999997 0.9632502734375 0.45972538749999997 0.9337214796875 0.4397025671875 0.9104962875 0.4054345078125 0.8932285921875 0.32056279375 0.8791820703125 0.2939365140625 0.863538684375 0.29291191875 0.8213889625 0.2654734828125 0.8095664656249999 0.2363644890625 0.777421290625 0.1881972984375 0.769179796875 0.1580825125 0.78873656875 0.12486649375 0.747731384375 0.103671690625 0.7582019812499999 0.08303543125 0.8177118968749999 0.0817760296875 0.9222740484375 0.44744788125 1 0.45268173437500003 1
0 0.45268173437500003 1 0.46243426249999997 0.9632502734375 0.45972538749999997 0.9337214796875 0.4397025671875 0.9104962875 0.4035240640625 0.8928225140625001 0.3316193828125 0.8835289796874999 0.29202606875 0.8631326078124999 0.2936641015625 0.8225472234375 0.2635630390625 0.8091603875000001 0.24168974531249998 0.78054996875 0.19010774375 0.769585875 0.1557659890625 0.7902409359375 0.13661529687500001 0.7582157046875 0.11913516093750001 0.7465131515625 0.10013693593749999 0.76543768125 0.079260790625 0.8448641968749999 0.08559691875 0.923086203125 0.44744788125 1 0.45268173437500003 1