20 0.9766544859374999 0.3601216078125 0.9367354359375 0.35669528906250003 0.9258948859375 0.3568393609375 0.9139837421875001 0.365702725 0.9063353390625 0.41196759375 0.9127392671875001 0.4319305125 0.972834834375 0.4393093203125 0.98632768125 0.43359041249999997 0.9912754078124999 0.42534717187500004 0.9932623546875 0.39313840624999996 0.98879699375 0.3734135140625 0.9766544859374999 0.3601216078125
20 0.9027092078125 0.3613681375 0.891154928125 0.3673250734375 0.880468621875 0.382239325 0.8754725140625 0.42292935781249996 0.8869784125000001 0.449419215625 0.916413778125 0.45008317656249996 0.922509221875 0.44050573281250005 0.9127392671875001 0.4319305125 0.9063353390625 0.41196759375 0.9139837421875001 0.365702725 0.9027092078125 0.3613681375
20 0.9906387999999999 0.4385451234375 0.9759211171875 0.43821314375 0.9278909359374999 0.43674115156250004 0.91297063125 0.45408578281249995 0.9148608171875001 0.4867706015625 0.9203967750000001 0.4977762 0.9425889796875 0.50935180625 0.9639132140625 0.5119700921875 0.97044264375 0.5068713078125 0.9818426796875 0.48614419375000006 0.9926544875 0.44616823906249997 0.9906387999999999 0.4385451234375
20 1 0.40886640781250005 0.9992322984375 0.40862266406250003 0.9875041375 0.4720880921875 0.9795472484375001 0.48881259843749997 0.9808492062499999 0.5022485765625 0.9928374718749999 0.5007703015625 1 0.49544049531249995 1 0.40886640781250005
20 0.8739679328125 0.42716999062500005 0.857311684375 0.426599984375 0.8327756671875 0.45013957656250003 0.831145584375 0.4794419109375 0.837906378125 0.49649839843750004 0.857803153125 0.5107424093749999 0.89182938125 0.506069559375 0.9037405250000001 0.49720619531250004 0.9085340109375 0.47419277187500003 0.9037117828125 0.45737431093750003 0.881519578125 0.4457987078125 0.8739679328125 0.42716999062500005
20 0.7914291578125 0.45833898125 0.7713297609375 0.4617715828125 0.7645205875000001 0.4771618875 0.7774539453125 0.492026021875 0.8010736109375 0.491975903125 0.8170645109375 0.465911978125 0.8199194296875 0.44266053124999993 0.817903740625 0.435037415625 0.8128788921875 0.435895565625 0.7914291578125 0.45833898125
20 0.7852565921875 0.460531334375 0.8128788921875 0.435895565625 0.823488078125 0.4135962234375 0.8291979156249999 0.367093328125 0.8211351640625001 0.3366008640625 0.8085586703125 0.3188302984375 0.749253953125 0.31302371875 0.7376996734375 0.3189806515625 0.721708775 0.3450445765625 0.7137035046875 0.3942158765625 0.7178891234375 0.4242322890625 0.736792425 0.4545806828125 0.7519440937499999 0.459391321875 0.7505937546875 0.47840213593750003 0.754904875 0.483356846875 0.7674526265625 0.4612955296875 0.7852565921875 0.460531334375
20 0.6463647781249999 0.3977487140625 0.6348104984375 0.40370564687500005 0.626062759375 0.4188579265625 0.61933070625 0.4416333203125 0.619128084375 0.4593099328125 0.6345111171875 0.48627584375 0.659712484375 0.48937018125 0.681519084375 0.4640203359375 0.6880968937499999 0.426474759375 0.668836728125 0.399032796875 0.6463647781249999 0.3977487140625
20 0.5516351140625 0.4480725890625 0.553824684375 0.3981872109375 0.5338507875 0.37655811093749997 0.5075017046875 0.374797975 0.4936519953125 0.38342331406249996 0.4826088234375 0.401243996875 0.4793970390625 0.427401875 0.488684628125 0.46394522812499994 0.49651601718749994 0.47228242187499997 0.5081474171875 0.47371057812500006 0.5176860078125001 0.4601305296875 0.53477624375 0.46517919531249996 0.5432442390625 0.46031843749999996 0.5516351140625 0.4480725890625
20 0.40639685468750003 0.4449908140625 0.41815375625 0.42135727031250003 0.4424871515625 0.415494290625 0.46199831874999997 0.39281284843750003 0.4736780984375 0.3617942125 0.48096963906249995 0.31843577500000003 0.47800885624999995 0.29447025 0.468084659375 0.27112485 0.45558528750000005 0.2607393734375 0.41408453593749994 0.2541685984375 0.39865312343750003 0.2596494796875 0.381080521875 0.282568946875 0.37541906406250003 0.29662504843750004 0.3675680375 0.36056652968749997 0.37052881875 0.3845320546875 0.38080988125 0.40497102500000004 0.39568180625 0.4200731859375 0.3852268640625 0.45714270937499996 0.39377198125 0.459667040625 0.40639685468750003 0.4449908140625
20 0.194495753125 0.287686578125 0.21566574374999997 0.275534684375 0.2413494765625 0.25066089062499997 0.2523155265625 0.22545511718750003 0.2569547703125 0.1876715140625 0.2548619609375 0.1726633078125 0.24458089843750003 0.1522243375 0.21590764375 0.1133007234375 0.14726695781250002 0.10339758437499999 0.12249957656249999 0.10478190312499999 0.08827072500000001 0.127131365625 0.07987985 0.1393772140625 0.06356082656249999 0.20817945 0.0681033109375 0.2352894328125 0.0827726140625 0.2680682046875 0.10266938750000001 0.2823122140625 0.16276495625 0.289691021875 0.18128265 0.283113965625 0.194495753125 0.287686578125
20 0.20547090625000003 0.3745913609375 0.2151637390625 0.375781490625 0.225772925 0.35348214843750003 0.23740432500000003 0.3549103046875 0.27091944687499997 0.3383737046875 0.28849204687499996 0.31545423906250003 0.2998149625 0.2873420328125 0.3037404765625 0.2553712921875 0.2993522359375 0.2430314921875 0.3006254515625 0.21663558749999998 0.283303853125 0.1894316515625 0.2672842125 0.17566369375 0.2583822296875 0.176045790625 0.2508880671875 0.237080840625 0.24328804375000002 0.250898915625 0.2306631703125 0.2655751421875 0.1983728859375 0.28816263124999997 0.18480291875 0.2864964484375 0.1631989421875 0.2941696828125 0.16299631875 0.31184629375 0.17327738125 0.3322852640625 0.196337559375 0.3528181890625 0.20547090625000003 0.3745913609375
20 0.0443959890625 0.41234369062500004 0.052227376562500004 0.4206808859375 0.05796595624999999 0.4140098734375 0.05429144375 0.3958572109375 0.0619398484375 0.3495923421875 0.0867072296875 0.348208021875 0.11017265312499999 0.333387721875 0.12810211875 0.3075618234375 0.129529578125 0.2959361015625 0.1220550546875 0.284692475 0.09455825625 0.284266540625 0.082058884375 0.2738810671875 0.0689712828125 0.24424675156250003 0.061111153125 0.196077675 0.0537137515625 0.19221913906250002 0.0332574890625 0.198558171875 0.0175554375 0.3264411296875 0.0243162296875 0.3434976171875 0.043779018749999996 0.35326296875 0.0423031796875 0.3973354859375 0.0443959890625 0.41234369062500004
20 0.031057385937499998 0.43283277968749995 0.035214262499999996 0.42301731093750006 0.028376348437499997 0.3985757328125 0.040721478125 0.394191028125 0.0430652890625 0.35907583125000003 0.0164848421875 0.33516042343749997 0.010418140624999999 0.38456975 0.01939724375 0.3915727421875 0.0176129203125 0.4061048953125 0.02128743125 0.424257559375 0.031057385937499998 0.43283277968749995
20 0.08403529531250001 0.42606153124999996 0.08056340625 0.39023225625 0.08306145937500001 0.3698872390625 0.1096902859375 0.36135585625 0.12453347031249999 0.3366261328125 0.12509295781250002 0.31604309062499997 0.112468084375 0.3307193171875 0.0867072296875 0.348208021875 0.0619398484375 0.3495923421875 0.060155525 0.3641244953125 0.0664052109375 0.369317234375 0.068064034375 0.37984678125000004 0.0676587890625 0.415200003125 0.0756444203125 0.4383073796875 0.08066926875 0.4374492296875 0.08403529531250001 0.42606153124999996
20 0.14677405625 0.315754946875 0.139328275 0.344343203125 0.137341328125 0.37655196874999997 0.140581853125 0.390225975 0.155733521875 0.3950366125 0.1791218234375 0.372831225 0.1839153078125 0.349817803125 0.1602669015625 0.3100360390625 0.15136491875 0.3104181375 0.14677405625 0.315754946875
20 0.27637828125 0.34199421406249997 0.2674762984375 0.3423763125 0.2274317484375 0.3640116953125 0.227026503125 0.39936491875 0.2392461328125 0.42004191406249997 0.2648043640625 0.420229821875 0.277506359375 0.4129386859375 0.28589723437500003 0.4006928375 0.2903338546875 0.3805858484375 0.28594561406249996 0.3682460453125 0.2873730734375 0.35662032187500003 0.27637828125 0.34199421406249997