20 0.9051457203125001 0.212558859375 0.8662860171875 0.22231558437499999 0.8560829812499999 0.22598114374999997 0.847706403125 0.238239509375 0.8555370625000001 0.28447387812499997 0.8680913859375 0.3012642734375 0.9273151671875001 0.28867587031249997 0.938211009375 0.2788756953125 0.940205440625 0.26947073593750004 0.9315979875 0.2383698625 0.9209541078125 0.22117339062500002 0.9051457203125001 0.212558859375
20 0.8356349171874999 0.23781170624999998 0.82664951875 0.247205803125 0.8214010234375 0.264786628125 0.8299244890624999 0.3048863828125 0.849427784375 0.3261870796875 0.8774756343749999 0.31723165 0.8801208781250001 0.3061915171875 0.8680913859375 0.3012642734375 0.8555370625000001 0.28447387812499997 0.847706403125 0.238239509375 0.8356349171874999 0.23781170624999998
20 0.9439003484375 0.2821569046875 0.929876425 0.2866346203125 0.8839837625 0.300879921875 0.8755231953125 0.32213716875 0.8879515390625 0.3524258859375 0.8967689609375 0.36102955312499996 0.9215207515625 0.364749428125 0.9425356421875 0.360282575 0.9470493375 0.35333580625 0.9510801953125 0.3300264453125 0.9482880625 0.2887084578125 0.9439003484375 0.2821569046875
20 0.955383921875 0.3455768828125 0.9662377703124999 0.3402761484375 0.9746143484375 0.328017784375 0.9581762359375 0.250682540625 0.9422838609375 0.25106689375 0.9518569890625 0.31489295 0.9497785703125 0.33329679218749997 0.955383921875 0.3455768828125
20 0.8298824953124999 0.3093858234375 0.8139481265624999 0.314269615625 0.7984126078125 0.344514884375 0.8064112421875 0.3727514890625 0.818356746875 0.3866776140625 0.8418069140625001 0.3936678359375 0.8724580140624999 0.37817171250000003 0.8808345921875 0.365913346875 0.8778744843749999 0.34259312343750004 0.8678394234375 0.32826091874999996 0.8430876328125001 0.3245410453125 0.8298824953124999 0.3093858234375
20 0.76198818125 0.3657286796875 0.7441013734374999 0.3755179921875 0.7426737671875 0.39228666093750003 0.7597417859375 0.4021302859375 0.7820583015625 0.3943930875 0.7886924109375 0.364543034375 0.7838218578125 0.3416288890625 0.77943414375 0.3350773359375 0.7749624421875 0.3375246625 0.76198818125 0.3657286796875
20 0.756865665625 0.36981118125 0.7749624421875 0.3375246625 0.77773366875 0.3129862078125 0.7679925640625 0.267157915625 0.75044170625 0.24095169843750003 0.73276486875 0.2282438046875 0.67480071875 0.242061303125 0.665815321875 0.2514554 0.6591812125 0.28130545156250003 0.6676206921875 0.3304040890625 0.681350659375 0.35742246093749996 0.709104553125 0.37996311875 0.724996928125 0.3795787671875 0.7299094734375 0.397993471875 0.7355988140624999 0.40127467968749997 0.740280484375 0.376330146875 0.756865665625 0.36981118125
20 0.605100853125 0.35566779843749996 0.59611545625 0.3650618953125 0.5927774046875001 0.3822366421875 0.5938270671875 0.4059629421875 0.5993904265625 0.422742475 0.6227146109375 0.44323101875 0.647550390625 0.4379520109375 0.6599158328125 0.40688372656249994 0.6539116296875 0.3692421609375 0.62676655625 0.349565771875 0.605100853125 0.35566779843749996
20 0.5319160484375 0.4340909203125 0.5177452359375 0.3862105140625 0.4918178015625 0.3722626625 0.466331209375 0.37917684375 0.45604418593749996 0.3918412859375 0.451404509375 0.412286378125 0.45688388125 0.4380647921875 0.47756282031249997 0.46959346875 0.48768186875 0.4749267890625 0.49914453593749997 0.472490325 0.50374221875 0.45654467343749994 0.5215450390624999 0.45575424531250003 0.527969178125 0.44840139843750004 0.5319160484375 0.4340909203125
20 0.3935872484375 0.478461996875 0.39700928750000003 0.45228836875 0.4181081640625 0.438822634375 0.42917198125 0.41102469375000006 0.43011675 0.377893434375 0.42289490937499996 0.3345233328125 0.412293025 0.3128274203125 0.39530899218750004 0.2939849125 0.3801094234375 0.28823465000000004 0.33873045625 0.29553318281249996 0.3259241703125 0.305739434375 0.3167707984375 0.33313129531249996 0.31599400312500003 0.348264790625 0.329388021875 0.41127869375000004 0.3399899078125 0.43297460625 0.3563651203125 0.44895284531249996 0.37534358437500004 0.45839039374999996 0.3775268984375 0.4968441140625 0.38642830781250004 0.49644889843750006 0.3935872484375 0.478461996875
20 0 0.38028611875 0.0054523265625 0.39032305 0.029994150000000004 0.41654012968750004 0.053444315625 0.4235303484375 0.1126680953125 0.41094194531249995 0.12803563906249998 0.3986944453125 0.1420175703125 0.3987161703125 0.1580779203125 0.380334053125 0.1742642515625 0.3484536140625 0.176426659375 0.3210508890625 0.1685120125 0.28381540312500003 0.161647028125 0.270306215625 0.1452718140625 0.2543279765625 0.10548842968750001 0.226860075 0.0373632390625 0.23984369375 0.0143959109375 0.2492160640625 0 0.2677365625 0 0.38028611875
20 0.1806882109375 0.47731309531250005 0.190240434375 0.4752827078125 0.193011659375 0.4507442515625 0.20447432656250003 0.4483077875 0.23077970625000002 0.42176066875 0.23993307968750002 0.3943688078125 0.2414866671875 0.3641018140625 0.2347896578125 0.3325948640625 0.22662304843749997 0.322356025 0.2192332328125 0.2969836875 0.193998603125 0.276901221875 0.17436932656249998 0.269098846875 0.1660767359375 0.27235832968749996 0.1788619359375 0.3325079625 0.176174696875 0.34804753593750004 0.16901575625 0.36603443750000003 0.145838459375 0.397904015625 0.132465346875 0.4007465578125 0.11453654687499999 0.41503531093749996 0.12009990468750001 0.4318148421875 0.1364751171875 0.44779308125000006 0.1649638109375 0.45969968281250007 0.1806882109375 0.47731309531250005
20 0 0.506988225 0.020861682812499997 0.509788434375 0.0338148578125 0.5519403031250001 0.040679840625000005 0.5654494890625 0.0507988890625 0.570782809375 0.054052953125000004 0.562606946875 0.04466870625 0.5466395703125 0.0368380453125 0.5004052 0.05980537500000001 0.4910328296875 0.07716735 0.4693803671875 0.085711903125 0.4391242375 0.083276628125 0.42766716562499996 0.0725487609375 0.4194695734375 0.04641135625 0.42801892812500003 0.031211787499999998 0.42226866718749995 0.009189228125 0.3985097765625 0 0.3814204734375 0 0.506988225
20 0 0.5504187828125 0.0102807046875 0.553948965625 0.013324798437499999 0.56827030625 0.022709046875 0.5842376828125 0.034738539062500004 0.5891649265625001 0.0354733390625 0.578530871875 0.0210505640625 0.5576471125 0.03129559375 0.5494821125 0.022079321875 0.515516971875 0 0.5061544578125 0 0.5504187828125
20 0.082625634375 0.5655146656250001 0.067678028125 0.5327677578125 0.06341629374999999 0.5127178781249999 0.085816796875 0.4959817984375 0.09180009375 0.46776691875000004 0.085627915625 0.44812311875 0.078468975 0.4661100203125 0.05980537500000001 0.4910328296875 0.0368380453125 0.5004052 0.039882140625 0.514726540625 0.047481925 0.5176016734375 0.052478459374999994 0.5270174953125 0.0636051765625 0.5605765593750001 0.07867876406249999 0.57982514375 0.083150465625 0.5773778171874999 0.082625634375 0.5655146656250001
20 0.10603398593749999 0.4407919984375 0.10830128750000001 0.47024683593749994 0.11690874062500001 0.5013477078124999 0.12442453906249999 0.5132217234375 0.1403169125 0.51283736875 0.1552016203125 0.48422727656250003 0.1522415125 0.460907053125 0.116929828125 0.430991825 0.10863723750000001 0.43425130625 0.10603398593749999 0.4407919984375
20 0.237119859375 0.4234067046875 0.22882726875 0.42666618749999996 0.19800819375 0.460160075 0.20913491093749997 0.4937191375 0.22742056718749998 0.5092913 0.251647528125 0.5011480234375 0.2612837375 0.4901187546875 0.2652306078125 0.47580827656249997 0.2628793203125 0.45535232187499997 0.254712709375 0.44511348125000005 0.252277434375 0.4336564078125 0.237119859375 0.4234067046875