0 0.1383067421875 0.1594159671875 0.12149974999999999 0.1444837078125 0.124090878125 0.1669862140625 0.10847278593750001 0.14471231874999999 0.085020178125 0.15156616875 0.090004390625 0.1352265859375 0.0471383765625 0.1288044859375 0.058763110937499995 0.0987317328125 0.015414406250000002 0.1065204015625 0.029604799999999997 0.13921485 0.115788953125 0.1861659140625 0.127367840625 0.2285696109375 0.1837486015625 0.21249939062499998 0.1809288625 0.1769699203125 0.21716963437499998 0.172966375 0.15844673125 0.14734929375 0.1549207828125 0.104950690625 0.132880590625 0.12554280625 0.1383067421875 0.1594159671875
0 0.7687876984375001 0.5608039453125 0.7793808265625 0.6638409375000001 0.8684611312499999 0.625527384375 0.8995145499999999 0.5845717625 0.8940782109375001 0.5668044812499999 0.7687876984375001 0.5608039453125
0 0.8149211062499999 0.269506096875 0.8267184171874999 0.3410426359375 0.8124719890625001 0.3969305171875 0.929257434375 0.36881909375 0.90158795 0.3022463921875 0.8149211062499999 0.269506096875
0 0.8436731359375 0.1224396625 0.8278264328124999 0.087138803125 0.8372714125 0.13309391875 0.8547998953124999 0.1307364953125 0.806441509375 0.19512944375000002 0.8755798703125001 0.2302271625 0.9080049562499999 0.26743331875 0.9582126046875 0.2750443171875 0.9267936562499999 0.1449931109375 0.8680605640625 0.1354819078125 0.8588441953125001 0.10255375468750001 0.8436731359375 0.1224396625
0 1 0.46289790000000003 0.9886457953125 0.46572882031249996 0.9836513953124999 0.49817428125 0.9341193890625 0.5457500484375 0.9217680703125 0.6011654265625 0.9548993640625 0.645240715625 0.9539186984375 0.697821071875 0.99365995 0.7764808234375 1 0.7795896265625 1 0.46289790000000003
0 0 0.5304826375 0.06934543125 0.5932838234375 0.1048901828125 0.5663052656249999 0.10870077656249999 0.5331485015624999 0.19920368593749999 0.49246733750000005 0.198517853125 0.4533864484375 0.027038520312499998 0.45185686875000003 0.0147381421875 0.42674285625 0.0254076796875 0.40898576249999996 0.1654018421875 0.3851523421875 0.13366768281250002 0.37897413593749996 0.13890088125 0.343449759375 0.1142695609375 0.34153936875 0.115936059375 0.3280399015625 0.0143267671875 0.328212478125 0 0.364115725 0 0.5304826375
0 0.44235293281250004 0 0.4095970453125 0.0082396328125 0.5360357062500001 0.07132204375 0.554011221875 0.1111244234375 0.5412179640625 0.1163270578125 0.5807662625 0.12558927343749998 0.613694415625 0.11637290468749999 0.6023492328125 0.07894323125 0.561627315625 0.052863835937500006 0.573714365625 0.040792067187499996 0.6407239140625001 0.071388265625 0.6636785484375001 0.10290400156249999 0.763169215625 0.0821240265625 0.7925255734375 0.10298550625 0.869035228125 0 0.44235293281250004 0
0 0.6407334812500001 0.430691609375 0.6153755750000001 0.45412384218749996 0.5956775265625 0.5164032578125 0.5580090546875 0.53082735625 0.563755509375 0.4327745765625 0.5064653984375 0.38868400468750003 0.49654282031249997 0.3488867203125 0.55199385625 0.3048674640625 0.5283228249999999 0.282588475 0.523623259375 0.22337269062499998 0.455668703125 0.188986275 0.3483588015625 0.21473517968750003 0.2723054609375 0.2528201203125 0.2038019921875 0.33733268125000004 0.1971258125 0.4074364265625 0.235866021875 0.570888290625 0.38145381718750004 0.6905902625 0.5486806171875 0.6750638625 0.53663431875 0.6227121171875 0.652505321875 0.5424928421875 0.6736361640624999 0.46173993593749996 0.6407334812500001 0.430691609375
0 0.6555893312500001 0.534678703125 0.673153471875 0.4759507046875 0.6618133828125 0.4304680921875 0.6535318328125 0.4174360359375 0.6378933640625 0.42737389531250003 0.6089534765625 0.4969898546875 0.5670120953125 0.5265697296875 0.5647005171874999 0.43656479375 0.5353390640625 0.423756253125 0.50175055 0.3536270390625 0.551521353125 0.30297235625 0.5292729265625 0.27832575312499996 0.5278859796875001 0.2243227921875 0.46561675156250004 0.1885188640625 0.3521490203125 0.213790171875 0.26045721093749996 0.2618129734375 0.20142928593749998 0.343963015625 0.1923905875 0.404591215625 0.2330259046875 0.5675705765625 0.2756276484375 0.6173362859375 0.3838214296875 0.6920128671875 0.4397144046875 0.6982063562499999 0.5529433375 0.6760139640625 0.5416134375 0.6144254734375 0.6555893312500001 0.534678703125
0 0.793591596875 0.664323628125 0.8874173125 0.6127494078125 0.9104279828124999 0.5556828140625 0.8495457 0.5738818484375 0.7725779171875 0.5598589375 0.7659068312499999 0.6219097437500001 0.7777245171875 0.661234525 0.793591596875 0.664323628125
0 0.8139760984375 0.2657158796875 0.8262459124999999 0.3391475265625 0.8148396015625 0.398353121875 0.93115254375 0.36834659062499997 0.8783945171875001 0.273809571875 0.8139760984375 0.2657158796875
0 0.8462642656250001 0.1449421703125 0.8144893546875001 0.2031874765625 0.8632693046875 0.221219028125 0.906109846875 0.267905821875 0.9582126046875 0.2750443171875 0.927266159375 0.14688821875 0.8685381609375 0.129324078125 0.8680809406250001 0.1032701515625 0.8292490375 0.084771190625 0.8462642656250001 0.1449421703125
0 0.07221673125 0.17287468125 0.085680540625 0.230911753125 0.18706122187500002 0.2177122140625 0.2455809859375 0.1900376359375 0.15940192656250002 0.1350336328125 0.1643963265625 0.102588171875 0.2044273171875 0.09763961875 0.18858061406249998 0.062338759375 0.007833971875 0.1084104171875 0.07221673125 0.17287468125
0 1 0.4468233296875 0.99955413125 0.4448928109375 0.9575872796875 0.51473738125 0.9282411109375 0.47777002343749997 0.8905675453124999 0.5002470609375 0.9308118640625 0.5324842875 0.9175410078124999 0.5438447515625 0.9198729625000001 0.60163793125 0.9544268609375001 0.6433456078125 0.9501335750000001 0.690713140625 0.99365995 0.7764808234375 1 0.7799659203125 1 0.4468233296875
0 0 0.5407508515624999 0.067445228125 0.601809265625 0.11247061875 0.5644152515624999 0.11485860625 0.5336261 0.20676374531250002 0.522789078125 0.1994679546875 0.4491237265625 0.038642878125 0.45399587031250005 0.0175782578125 0.4300605703125 0.040090953125 0.41136356249999995 0.18505404375 0.3953493765625 0.1957235828125 0.3775922828125 0.19147105 0.360536303125 0.11262343906250001 0.3228270796875 0.009591540625 0.3253672671875 0 0.3453256765625 0 0.5407508515624999
0 0.2540763234375 1 0.35999248281249996 0.9193749890625 0.383953253125 0.8580456734374999 0.3477430453125 0.813731584375 0.265760484375 0.8643658921874999 0.1331079609375 0.8893882124999999 0.11535086562500001 0.8787186734375 0.10896951875000001 0.8571611734375001 0.1715284875 0.8093567953124999 0.2040248890625 0.7338218046875 0.18627798281250002 0.7070463874999999 0.161880365625 0.7101100203125 0.058086225000000005 0.79436340625 0.093524003125 0.9364965703125 0.131390521875 0.98341706875 0.16089301875 1 0.2540763234375 1
0 0.44235293281250004 0 0.4095970453125 0.0082396328125 0.49411979375000004 0.0606372234375 0.5168661953125 0.0469142390625 0.5443274437500001 0.0682482234375 0.57418686875 0.0426871765625 0.6116012609375 0.0555008109375 0.7294941015624999 0.1488947765625 0.7906202765625 0.1195638890625 0.8706392718749999 0 0.44235293281250004 0
0 0.5935232421875 0.5521664328125 0.59946265 0.5235111906250001 0.5781337609375 0.5429195 0.5565864484375 0.5331949687499999 0.56186549375 0.42519414062500005 0.5064653984375 0.38868400468750003 0.5015168453125 0.34865301406250004 0.521418034375 0.33966525625 0.5219058203125 0.3174015484375 0.5614694015625 0.30250494687499996 0.5382606859375 0.2982269421875 0.5207780484375 0.22810791562500002 0.49756423906249997 0.2318828515625 0.5127352968750001 0.21199694375 0.4952068140625 0.21435436874999997 0.48266763749999997 0.1923192703125 0.3507264140625 0.216157784375 0.2661425375 0.2603954625 0.20190178906249998 0.345858125 0.20939562656250002 0.4808680734375 0.23539351718749998 0.56899318125 0.3748234828125 0.6882175562499999 0.4411370109375 0.69583874375 0.5486806171875 0.6750638625 0.53782321875 0.61537048125 0.6366331484375001 0.547456678125 0.5935232421875 0.5521664328125
0 0.673158565625 0.46789776562499996 0.6622858875000001 0.43236320156249997 0.6397884734375 0.426901390625 0.6089534765625 0.4969898546875 0.5670120953125 0.5265697296875 0.5651730203125 0.43845990312499994 0.5301262421875 0.4270688734375 0.50175055 0.3536270390625 0.55104885 0.301077246875 0.5297454312500001 0.2802208625 0.528358484375 0.22621790156250002 0.46561675156250004 0.1885188640625 0.3521490203125 0.213790171875 0.2670926390625 0.256132740625 0.202851890625 0.34159540312500003 0.1923905875 0.404591215625 0.2330259046875 0.5675705765625 0.3771910953125 0.6896401609375 0.4397144046875 0.6982063562499999 0.5510482296875 0.6764864687500001 0.5416134375 0.6144254734375 0.6555893312500001 0.534678703125 0.673158565625 0.46789776562499996