20 0.9051093984374999 1 0.906478053125 0.9969167953125 0.9351347046875 0.9965039687499999 0.9449259078125 0.9268359343749999 0.9163221140625 0.9198557624999999 0.881047178125 0.9252587906249999 0.868467965625 0.9516125203125 0.8767560765625 0.98385913125 0.8979785078125 0.9942421781249999 0.8974468796874999 1 0.9051093984374999 1
20 0.8693896156250001 0.9310208546875 0.8644560562500001 0.9170067187500001 0.8254186000000001 0.9070801062499999 0.8122348875000001 0.9096675125000001 0.803221659375 0.9246817249999999 0.800260175 0.959787565625 0.810180153125 0.9804228374999999 0.8360338953124999 0.9929368546875 0.8391919140624999 0.9845001734375 0.85354666875 0.9805972609375001 0.8617439625 0.9713887171875 0.8672440640625 0.960321025 0.8693896156250001 0.9310208546875
20 0.823750740625 1 0.8251922671875 0.9928932500000001 0.821376890625 0.9849566062499999 0.7963390828125 0.9666369187500001 0.7835633359374999 0.9663214890624999 0.7645244124999999 0.9754864281250001 0.7620766125 0.9929034359375001 0.7651634031250001 1 0.823750740625 1
20 0.75878981875 0.9110368125000001 0.741896446875 0.890901578125 0.7368571703125 0.8916734375 0.7223966984375 0.910362346875 0.71954093125 0.930682190625 0.7275267921874999 0.9510456406250001 0.7680375390624999 0.9715399078125 0.78239229375 0.9676369953125 0.7980238078124999 0.9476325796875 0.8008795750000001 0.9273127390625 0.7937096484375 0.9011436187499999 0.772328640625 0.91293956875 0.75878981875 0.9110368125000001
20 0.7361745625 1 0.742327471875 0.99308804375 0.7498674078125 0.9675061765624999 0.7275267921874999 0.9510456406250001 0.71954093125 0.930682190625 0.7223966984375 0.910362346875 0.7111999609375 0.9058285796875 0.696437240625 0.9126343265625 0.686449503125 0.9556332 0.6677128296875 0.9766812984375 0.6800661921875 1 0.7361745625 1
20 0.6134287703125 0.8787669640625 0.6012575250000001 0.9022178578125001 0.5994142234375001 0.9434011890624999 0.6093342015625 0.9640364625 0.667357721875 0.9721911359375 0.686449503125 0.9556332 0.696437240625 0.9126343265625 0.6881491296875 0.8803877140624999 0.637099003125 0.8717330015625 0.6134287703125 0.8787669640625
20 0.59824318125 0.944716696875 0.600441590625 0.9080235296874999 0.5946392390625 0.9072080625 0.5775872921875 0.909251821875 0.575600315625 0.916372996875 0.5870464453124999 0.9401829265625 0.59824318125 0.944716696875
20 0.5620763953125001 0.8582290890625 0.551378440625 0.8922476406250001 0.5586540859375 0.9036307625 0.569087746875 0.9065772031250001 0.5654160453125 0.9327027171875001 0.5696393890625 0.937736525 0.5768242156250001 0.9076644921874999 0.5977443984375 0.906164378125 0.6111395453124999 0.8740049781250001 0.6038639 0.86262185625 0.5620763953125001 0.8582290890625
20 0.5517715078125 0.9455859562500001 0.5624694609375 0.91156740625 0.548628390625 0.8977814875 0.53462874375 0.9061745640625001 0.5152875703124999 0.9034563390624999 0.5073925265625 0.9245480421875 0.5076947765625001 0.9364312046875 0.5199568390625 0.9544354625 0.5439821796875 0.9518916640624999 0.551204965625 0.9706677859375 0.5570073171875001 0.971483253125 0.5598102265625 0.9585564062499999 0.5517715078125 0.9455859562500001
20 0.49942156562499995 0.84794344375 0.4904083375 0.8629576562500001 0.49142080468750005 0.8838211453125 0.49676233124999997 0.8949324437499999 0.53462874375 0.9061745640625001 0.5541284921875 0.8867137921875001 0.556984259375 0.8663939484375 0.5516427328125 0.85528265 0.506394959375 0.8474434046875 0.49942156562499995 0.84794344375
20 0.48084346718750004 0.8468125453124999 0.467606896875 0.8567929515625 0.46750117968750005 0.8715789484375 0.456803225 0.9055974953125 0.4705914390625 0.9267764140624999 0.4918667296875 0.9297664609374999 0.5121824109374999 0.9045000218749999 0.49142080468750005 0.8838211453125 0.4900003703125 0.8658604921874999 0.49555333125 0.8473997984375 0.48084346718750004 0.8468125453124999
20 0.4063047421875 0.9281021046875001 0.451552515625 0.93594135 0.465960128125 0.9246454390625001 0.45756630156250006 0.9071848250000001 0.4471326390625 0.904238384375 0.435067109375 0.9129032828125 0.40910765156249995 0.9151752609375 0.4063047421875 0.9281021046875001
20 0.3713998125 0.8817541484375001 0.3534790734375 0.8969965765625 0.3455311703125 0.9254812796874999 0.3480697890625 0.9495194250000001 0.354937465625 0.9638053796875001 0.37193655468750003 0.96915461875 0.3972386546875 0.9505093171875 0.4075286421875 0.9193936015625 0.3929244953125 0.9040203546875001 0.3861096765625 0.882341396875 0.3713998125 0.8817541484375001
20 0.3150081609375 0.861988134375 0.3264542890625 0.8857980640625 0.3503739140625 0.898040259375 0.3800579328125 0.862249771875 0.382505734375 0.8448327625 0.37798014062499996 0.8279157937500001 0.326930015625 0.81926108125 0.3194957953125 0.8300569531249999 0.3150081609375 0.861988134375
20 0.32458793125 0.82189209375 0.2940500203125 0.8146400984375 0.2874317359375 0.8196303 0.2821281671875 0.8573671515625 0.2940351203125 0.87088125 0.2772325640625 0.8922011703124999 0.279824040625 0.9088463171875001 0.3043102078125 0.8960066843750001 0.308389875 0.8669783375 0.3158240953125 0.8561824640625 0.3194957953125 0.8300569531249999 0.32458793125 0.82189209375
20 0.2855504765625 0.8119654796875 0.2766429640625 0.8121936968749999 0.27037978749999997 0.8216740625 0.2390788015625 0.8128347375 0.2325513328125 0.85928009375 0.24593157968749998 0.883361846875 0.25489194843749996 0.8757406328125 0.26374660156249996 0.8829054140625001 0.26614154375 0.872881403125 0.28294410000000003 0.8515614828125001 0.28854991874999997 0.82570779375 0.2855504765625 0.8119654796875
20 0.2188539359375 0.8795563328125 0.18388125 0.8968425218749999 0.19268304375 0.911400303125 0.2170106359375 0.9207396625 0.22749715625000003 0.9162931078125001 0.23961554375 0.9002352109375 0.253758865625 0.925904290625 0.247102621875 0.8820463406249999 0.232143365625 0.8621829312499999 0.2188539359375 0.8795563328125
20 0.1973441546875 0.8010489765625 0.180949565625 0.8194660609375 0.15894915781250002 0.8637368375 0.1788419734375 0.8976143828125001 0.2188539359375 0.8795563328125 0.232143365625 0.8621829312499999 0.2361173171875 0.8479405796874999 0.2355656765625 0.8167812578125 0.22701327343750002 0.8214996375 0.2043175484375 0.8005489359375 0.1973441546875 0.8010489765625
20 0.135264025 0.9270119515624999 0.12834348906249998 0.9201189921875 0.122027453125 0.93699235625 0.1464607609375 0.931545721875 0.16677644375 0.90627928125 0.171566328125 0.8862312609374999 0.15619910625 0.8692706859375001 0.14896142031249998 0.9067357156250001 0.135264025 0.9270119515624999
20 0.12025191093750001 0.9145415375000001 0.11643653437499998 0.9066048953125 0.102791996875 0.919488134375 0.0938844859375 0.9197163500000001 0.09785843749999999 0.9054740000000001 0.1178190109375 0.8757173953124999 0.11792472812499999 0.8609314015624999 0.131267015625 0.8361649999999999 0.12938575624999998 0.8285001796874999 0.11508385937500001 0.8250100937499999 0.09054483437500001 0.845242725 0.07638661249999999 0.8758147953125001 0.076583146875 0.9024839531250001 0.0512281875 0.9285222515625 0.0503593953125 0.9417209203124999 0.0619641 0.9433518546874999 0.08691109218750001 0.920216390625 0.0949498109375 0.9331868406250001 0.11352790937499999 0.9343177375 0.12025191093750001 0.9145415375000001
20 0 0.8040447953125 0.021339478125 0.77631313125 0.0019983046875 0.7735949078125001 0 0.7746973765625 0 0.8040447953125
20 0 0.7688738078124999 0.009379665625 0.7701920343750001 0.0241952453125 0.7559932890625001 0.026643046875 0.7385762812500001 0.020485585937500002 0.7332706484375 0.0080649484375 0.7374453828124999 0.0090394578125 0.7094607203125001 0 0.6931915125 0 0.7688738078124999
20 0 0.6598513046875001 0.0188686203125 0.6886408375 0.0335784828125 0.6892280890625 0.06475069375 0.60776410625 0.0716861296875 0.558415915625 0.06650317812499999 0.5251256203125 0.0595826421875 0.5182326609375 0.048635296875 0.5329750515625 0.0291884078125 0.545042821875 0.00205790625 0.5486303078125 0 0.5632730671874999 0 0.5675432640625 0.006016957812499999 0.5906291046875001 0 0.5963103453125 0 0.6598513046875001
20 0 0.69755101875 0.010565607812499999 0.712635378125 0.0073018734375 0.73585805625 0.0200776203125 0.7361734828125 0.0327625484375 0.695033759375 0.0188686203125 0.6886408375 0 0.66615130625 0 0.69755101875
20 0 0.5492392890625 0.0001237890625 0.548358484375 0.0079131171875 0.5420527749999999 0.037740809375 0.5403244421875 0.0572405578125 0.520863675 0.0654907109375 0.5042621328125 0.08628211875 0.41245870937499995 0.0810991671875 0.37916841562500003 0.070771221875 0.3614359796875 0.051127798437500004 0.34683459375000003 0.017076762500000002 0.3435291171875 0 0.4650365953125 0 0.5492392890625
20 0.220205196875 0.582249078125 0.22208645625 0.5899139 0.23527016875 0.5873264953125 0.257625684375 0.54754588125 0.2777827921875 0.5444584359375 0.300032590625 0.5194638203124999 0.31979663125 0.463038059375 0.321231965625 0.4247575640625 0.3140620375 0.3985884421875 0.2913663140625 0.3776377421875 0.2596573609375 0.37170125625 0.22122440625 0.3855409640625 0.20834294375 0.40001153437500003 0.195710871875 0.4337582609375 0.193565321875 0.46305843125 0.19972278125 0.4683640609375 0.20674903437499997 0.46047102500000003 0.21249852812499997 0.46867949062500003 0.2032210078125 0.52065869375 0.2362975359375 0.5519488328125 0.220205196875 0.582249078125
20 0.3472442828125 0.41509258750000005 0.31940356406250003 0.40969974374999996 0.31857273125 0.4717465640625 0.3078747765625 0.5057651125 0.2902562875 0.5328907046875 0.3044524671875 0.5511667859375 0.3160571703125 0.5527977203125001 0.326543690625 0.5483511640625001 0.34492525625 0.522812903125 0.352676625 0.4676590421875 0.3589926609375 0.4507856765625 0.3472442828125 0.41509258750000005
20 0.2409898609375 0.708017259375 0.27122552187500004 0.7033860921875 0.28313247656249996 0.7169001875000001 0.296671296875 0.7188029453125 0.30527655781249996 0.7066915687499999 0.2929087796875 0.70347330625 0.285633134375 0.6920901828125 0.31221199374999997 0.6573433765625001 0.32037133125 0.5992866828125 0.31589859531250003 0.574976715625 0.3044524671875 0.5511667859375 0.2875062359375 0.5384245515625 0.27116450625 0.5494486390625 0.2572177171875 0.550448715625 0.22982292499999998 0.5910011890625 0.2166920703125 0.5861955984375 0.2109954359375 0.5705941343750001 0.20432429062500002 0.5829773359375 0.1994286890625 0.6178113515625 0.20644004218749998 0.6661594656250001 0.2228725890625 0.69659053125 0.2409898609375 0.708017259375
20 0.201286890625 0.5203868703125 0.18895706875 0.566016759375 0.19124629531249998 0.57077874375 0.215838178125 0.5431531171875 0.2158910375 0.5357601171875 0.201286890625 0.5203868703125
20 0.2127777203125 0.3754733484375 0.203870209375 0.375701565625 0.19469840624999998 0.412894771875 0.183290234375 0.43793299531249996 0.1800265 0.4611556734375 0.1730002484375 0.469048709375 0.1696836546875 0.49966438750000003 0.192643671875 0.48365009531250003 0.19652680625000002 0.427952590625 0.206000859375 0.40264254531250004 0.218119246875 0.38658465 0.2127777203125 0.3754733484375
20 0.1913750703125 0.6610820515625 0.1818630578125 0.63754394375 0.1690873125 0.6372285140625 0.156455240625 0.6709752421874999 0.15120453125 0.701319096875 0.1732957546875 0.6985034734375 0.1913750703125 0.6610820515625
20 0.21043705156249998 0.757006415625 0.18804357656249998 0.7479388765625 0.1773605234375 0.725716275 0.1703871296875 0.726216315625 0.16101879218749998 0.7367403640625 0.1597948921875 0.7454488687499999 0.1846212671875 0.79334055 0.184870659375 0.8126167078125001 0.2027913984375 0.7973742796875001 0.23011843281250002 0.8204559515625001 0.235618534375 0.8093882593749999 0.23332930937500002 0.8046262734375 0.2060022734375 0.7815445999999999 0.21043705156249998 0.757006415625
20 0.1684530125 0.7259444921875 0.16744054531250002 0.7050810046875 0.148099371875 0.70236278125 0.142191303125 0.7163333093750001 0.1540453984375 0.737240403125 0.15984775 0.7380558703125 0.1684530125 0.7259444921875
20 0.23905574375 0.7077454375000001 0.21941232031250002 0.6931440531249999 0.20415081562499998 0.6613974796875 0.1991115390625 0.662169340625 0.1854670015625 0.6750525796875 0.17680888125 0.6945569546875 0.1765974484375 0.7241289484375 0.18804357656249998 0.7479388765625 0.21084501718749998 0.75410358125 0.21068644218750002 0.776282575 0.218370053125 0.7847628624999999 0.224436696875 0.7486133390624999 0.240937003125 0.715410259375 0.23905574375 0.7077454375000001
20 0.224436696875 0.7486133390624999 0.22901514843749998 0.7581373124999999 0.21872516250000001 0.7892530265625 0.2244746546875 0.7974614921875001 0.23735611875 0.782990925 0.23980391874999998 0.765573915625 0.26118492656250003 0.753777965625 0.2500410484375 0.7418511999999999 0.240937003125 0.715410259375 0.224436696875 0.7486133390624999
20 0.299685640625 0.676304109375 0.2886854359375 0.6984394968750001 0.30492145000000004 0.7022014046875 0.3084345765625 0.6982548875 0.3070141421875 0.6802942328125 0.299685640625 0.676304109375
20 0.30171057343749996 0.718031084375 0.279264240625 0.71635654375 0.27122552187500004 0.7033860921875 0.264252128125 0.70388613125 0.244858096875 0.7085609046875 0.240937003125 0.715410259375 0.2515671984375 0.7450258562500001 0.26311904375 0.7540497875 0.255473390625 0.7944176546875 0.2616308515625 0.7997232828125 0.27217022968750004 0.7878837296875 0.2751317140625 0.7527778890625 0.294986571875 0.7378072828125 0.30171057343749996 0.718031084375
20 0.3388667703125 0.720292878125 0.338775953125 0.6788377234375 0.3295661921875 0.6671827765625 0.3129222109375 0.666323703125 0.30630392500000003 0.67131390625 0.306802709375 0.7098662250000001 0.28796031875 0.7457003203125 0.29874908906250003 0.753136925 0.2950773875 0.7792624359375 0.30276099843750004 0.787742725 0.30902417656250003 0.7782623609375 0.3126958765625 0.752136846875 0.3298006828125 0.7427000875 0.3388667703125 0.720292878125
20 0.3912844703125 0.7543012421874999 0.38792991875 0.736068765625 0.40198242500000003 0.7202826921875001 0.406772309375 0.7002346703125 0.39532618125 0.676424740625 0.37094573125 0.6744783765625 0.3601041015625 0.674434771875 0.34763060625 0.6860025046875 0.33764286875 0.72900138125 0.3467469140625 0.7554423234375001 0.356772609375 0.7612915984375 0.35370540781250004 0.811183434375 0.36444131875 0.8260130359375 0.3698885625 0.8223383406250001 0.37682399843750003 0.77299015 0.3912844703125 0.7543012421874999
20 0.4463844640625 0.8464099062500001 0.4549219671875 0.8979326750000001 0.46169882656250005 0.87076348125 0.4619102609375 0.8411914875000001 0.48283044375 0.8396913703125 0.49846195625 0.8196869578125 0.505185959375 0.7999107578125 0.4940420796875 0.787983990625 0.48605621875000005 0.7676205421875 0.4846357859375 0.7496598890625 0.4935053390625 0.7005835203124999 0.47737504218750004 0.682035615625 0.46846752968749994 0.6822638328124999 0.4250481578125 0.6894824046875 0.41415367031250006 0.6968317953125001 0.38904810312500004 0.7421462578125 0.39250837031249997 0.7455927375 0.3900605703125 0.7630097453125 0.3950469890625 0.7696308828125 0.393717371875 0.7931253828125 0.40500492499999996 0.8391143062499999 0.41849088749999996 0.8484100609375 0.4463844640625 0.8464099062500001
20 0.8083584953124999 0.7477934171875 0.8182256156250001 0.7758216859375 0.8044753609375 0.803490921875 0.8055406859375 0.8169614109375001 0.8167374234375 0.8214951812500001 0.8316058609375 0.7999034375 0.85236746875 0.8205823140625 0.8817871953124999 0.82175681875 0.9101944546875 0.8020678312499999 0.9301021703125001 0.7797042281250001 0.9446683578125 0.746229321875 0.9464059421875 0.7198319875 0.941525240625 0.6984248546875 0.9246847265625 0.6708966234375 0.9162380406249999 0.66082900625 0.9092646468750001 0.6613290453125 0.885488696875 0.6831490046875001 0.856424078125 0.6864646671875 0.8568171453125 0.7398029828125 0.8497380343750001 0.7550890171875 0.8355418546875001 0.736812934375 0.8347408218749999 0.6863774546875 0.8324515953124999 0.68161546875 0.8270043515625 0.6852901640625 0.8108062968749999 0.7303764078125 0.8083584953124999 0.7477934171875
20 0.7055710859375 0.826592965625 0.7368341125 0.7865841359375 0.7538332015625 0.7919333734375 0.77755629375 0.7775064125 0.8076482781250001 0.738813090625 0.8163063984375001 0.7193087125 0.8207940328125 0.68737753125 0.817794590625 0.6736352171875 0.7946909 0.6555873531249999 0.7763770937500001 0.6174914671875 0.7466022578125 0.6118268015624999 0.71503698125 0.6399524703125 0.695786625 0.6786893984375 0.6900750890625 0.7193290828125 0.6930216734375 0.7404643953125001 0.701007534375 0.7608278453125 0.713730421875 0.7685362703124999 0.71561168125 0.776201090625 0.6999273078125 0.8035985046875 0.6997687328125 0.8257774984375 0.7055710859375 0.826592965625
20 0.8497380343750001 0.7550890171875 0.856409178125 0.742705815625 0.8544899609375 0.68619284375 0.8584110546874999 0.6793434890625 0.885488696875 0.6831490046875001 0.91160673125 0.658698034375 0.9368708734375 0.5912045796875 0.9442142765625 0.5389535546875 0.9401495078125001 0.511740753125 0.92178284375 0.4810378625 0.86727245 0.46893667031249997 0.8509307187499999 0.4799607578125 0.8324054796875 0.47143686249999994 0.8062874453125 0.4958878359375 0.7921292249999999 0.52645990625 0.7828517046875 0.578439109375 0.7851788875 0.6320492484375 0.8070058203125001 0.666198615625 0.8328595625 0.678712634375 0.8370680046875 0.739987590625 0.8497380343750001 0.7550890171875
20 0.37034123124999996 0.6507120546875 0.38494537812499996 0.6660853015625 0.40495880937499995 0.6289357015625 0.41585329687500006 0.6215863109375 0.4182482390625 0.6115623 0.4403394625 0.6087466781249999 0.46645749687500004 0.5842957046875 0.47664176718749995 0.5679659874999999 0.4814316515625 0.5479179656250001 0.47818281718750005 0.51489949375 0.48868423906249997 0.4542117859375 0.48644787031250003 0.442056803125 0.4672652734375 0.41715958437499995 0.4321489109375 0.40038361875 0.4155049296875 0.3995245453125 0.3899005796875 0.4062866859375 0.36724281406250003 0.43418413593749994 0.3518606921875 0.47346471093750003 0.3445172890625 0.5257157375 0.3488843078125 0.5648117 0.3618565859375 0.5917962859375 0.37844770781250003 0.600048359375 0.385723353125 0.61143148125 0.3805255015625 0.6343823359375 0.37034123124999996 0.6507120546875
20 0.4952578234375 0.6179450359375 0.49011282968750003 0.6335028921875 0.5164802546875 0.6283280812500001 0.5438750484375 0.5877756062499999 0.56708445625 0.591037475 0.5893342546875 0.566042859375 0.6043084109375 0.52966511875 0.609717696875 0.4771422703125 0.5964431671875 0.43827452187500004 0.5845362125 0.42476042812500003 0.5470249078125 0.418008471875 0.5284468109375 0.4168775765625 0.5113420046875 0.42631433437500005 0.49571049062499994 0.44631875 0.482670453125 0.4829683125 0.47848506718749995 0.52678265625 0.482957803125 0.5510926234375 0.498272165625 0.575446196875 0.5237708 0.583470053125 0.5178627312499999 0.59744058125 0.4952578234375 0.6179450359375
20 0.50498126875 0.6119111484374999 0.5178627312499999 0.59744058125 0.5191394890625001 0.5813390796875 0.49633804843749996 0.575174375 0.48254983593749995 0.5539954578125 0.4762338 0.570868821875 0.49225838125 0.604202721875 0.50498126875 0.6119111484374999
20 0.57528175 0.5818289328125 0.5380198375 0.5943531359375 0.5325197359375 0.60542083125 0.5370981875 0.614944803125 0.5274655593750001 0.6624338421875 0.5410572390625 0.6569436015625 0.5528733765625 0.6290025421875 0.5561371109375 0.605779865625 0.576399934375 0.587906425 0.5791499859375 0.582372578125 0.57528175 0.5818289328125
20 0.6700765578125 0.700237534375 0.6782738515625 0.6910289921875 0.676959134375 0.6582823421875 0.7053135359375 0.6459863546875 0.7330634375 0.60992404375 0.7433534234375 0.5788083296875 0.7495786437499999 0.5204798125 0.743066075 0.5106840187499999 0.741343390625 0.480840203125 0.7206346421875 0.4527683265625 0.6521774609375 0.44166721249999996 0.6327834296875 0.44634198593749996 0.6128757140625 0.46870558906250004 0.6082823625 0.5154227687499999 0.5893342546875 0.566042859375 0.5880046375 0.589537359375 0.594411490625 0.61411915 0.6093178875 0.641375559375 0.64250013125 0.6578797015625 0.658471853125 0.6986066 0.6700765578125 0.700237534375
20 0.70414249375 0.6473018609375 0.6781301765625 0.6569668375 0.6768534171875 0.6730683390625 0.6950235484375 0.67710206875 0.7076027625 0.6507483390625 0.70414249375 0.6473018609375
20 0.8145375984375001 0.4792862953125 0.77626321875 0.4709470109375 0.761500496875 0.47775275937500006 0.7547764953125 0.49752895625000004 0.7456955078124999 0.5761773156250001 0.7334714046874999 0.607021209375 0.7353526625 0.6146860296875001 0.7520495015625001 0.6081521046875 0.7763770937500001 0.6174914671875 0.7818243375 0.6138167703125 0.7889712062500001 0.5348965875 0.8145375984375001 0.4792862953125
20 1 0.5023911640625001 0.989016125 0.50084748125 0.963411775 0.507609621875 0.9454381765625 0.53024505 0.9404368578125 0.5798650624999999 0.9241330859374999 0.639737303125 0.9438144671875 0.703186840625 0.9661550828125 0.7196473796875 0.9600355796875 0.7631899 0.9661930406250001 0.7684955296875 1 0.5341408796875 1 0.5023911640625001
20 0.8485804781249999 0.32126131875 0.8422644421875001 0.3381346828125 0.8401188921875 0.3674348515625 0.8484070015625 0.3996814625 0.85878780625 0.41002090156250004 0.8815892468750001 0.41618560625 0.89635196875 0.409379859375 0.9096413984374999 0.3920064578125 0.9182995171874999 0.37250208125 0.9213138609374999 0.33000324375 0.8485804781249999 0.32126131875