20 1 0.8025414546875 0.9781283843749999 0.8121461828125 0.9727986453125 0.8408576703125 0.9891503828125 0.8698603828125 1 0.8719831203125 1 0.8025414546875
20 0.968359375 0.8207291078125 0.959966796875 0.8084693921874999 0.919690315625 0.8089846578125 0.9076254968749999 0.8148960953125 0.9028053515625001 0.83173150625 0.9090308359374999 0.8664076328125001 0.9239536015625 0.8837722937500001 0.9521652640625 0.8891684671875 0.9530321015625001 0.8802019031249999 0.96588758125 0.8727166953125 0.9714222140625 0.861700309375 0.9738703750000001 0.8495862078125 0.968359375 0.8207291078125
20 0.8945940328124999 0.877040378125 0.8785759046875 0.8908206640625 0.8807193640625 0.9082777406250001 0.907478421875 0.9419093453125 0.9125796359375 0.9353762437500001 0.93461835625 0.93857698125 0.943672878125 0.9241750328125 0.94168176875 0.89193236875 0.9359422437499999 0.8852536499999999 0.90701609375 0.874038453125 0.8945940328124999 0.877040378125
20 0.8563559250000001 0.8300513390625 0.8348267984375 0.8149745218750001 0.8301590031250001 0.8170243421875 0.82102830625 0.8388190874999999 0.8235290093750001 0.859185678125 0.83651320625 0.876788365625 0.880947890625 0.8860993546874999 0.8938033703125001 0.8786141484375 0.9037247296875 0.8552456328125 0.9012240281249999 0.8348790453125 0.8875253437499999 0.81145733125 0.8699258921874999 0.8283851562500001 0.8563559250000001 0.8300513390625
20 0.82102830625 0.8388190874999999 0.8090396625 0.8373377328125 0.796541425 0.847732453125 0.798022940625 0.8918511921875 0.785372353125 0.917031503125 0.813712734375 0.9475155734375 0.8450870437500001 0.94661666875 0.8616909406250001 0.9135675125 0.862352884375 0.886905846875 0.83651320625 0.876788365625 0.8235290093750001 0.859185678125 0.82102830625 0.8388190874999999
20 0.7075958828125 0.8365032671874999 0.7019089000000001 0.862305240625 0.7107874390625 0.9025623656249999 0.725710203125 0.9199270296875 0.7838672046874999 0.9127862468749999 0.798022940625 0.8918511921875 0.796541425 0.847732453125 0.7801896875 0.8187297390625 0.7286390484374999 0.8235826734374999 0.7075958828125 0.8365032671874999
20 0.7099967765625 0.9041361359375 0.7026233875 0.8681242687499999 0.6968076875 0.8688383468750001 0.680865734375 0.875225834375 0.680789559375 0.8826186296874999 0.698008134375 0.9026547796875001 0.7099967765625 0.9041361359375
20 0.6526777046875 0.8299561765625001 0.6511489234375001 0.8655844078125 0.6611228234375 0.8746965828125 0.6719635625 0.8748421953125 0.6751787515625 0.9010278109375 0.6805610328125 0.9047970140625001 0.6797178296874999 0.8738900921875 0.699536915625 0.8670265515625 0.7041521671875001 0.8324960359375 0.6941782671875 0.8233838609375 0.6526777046875 0.8299561765625001
20 0.6653335671875 0.91700353125 0.6668623484375 0.8813753015625 0.6499248421875 0.871641459375 0.6385745109375 0.883371921875 0.61918884375 0.8857521828125 0.6170217499999999 0.9081685921875 0.620389290625 0.9195686171874999 0.636893378125 0.9337857406250001 0.6594416921875 0.9251104031249999 0.6712779859375 0.9413773484375 0.6770936859375001 0.9406632703125 0.6764553734375001 0.9274514500000001 0.6653335671875 0.91700353125
20 0.5894956640625 0.83623726875 0.58467551875 0.853072678125 0.5910533546875001 0.872963215625 0.5990886890625 0.8823134171874999 0.6385745109375 0.883371921875 0.652373003125 0.8595273546875 0.6498723 0.8391607656250001 0.641836965625 0.8298105640625 0.5961020265625 0.8339494203125 0.5894956640625 0.83623726875
20 0.571257903125 0.8399532703125001 0.5610554750000001 0.853019478125 0.5647802578125 0.8673290171874999 0.5632514765625001 0.9029572437500001 0.582051375 0.91984585625 0.6033756078125 0.9172275687500001 0.616459615625 0.887563978125 0.5910533546875001 0.872963215625 0.5850327625 0.8559821921875 0.58561853125 0.8367133203125 0.571257903125 0.8399532703125001
20 0.5202983078125001 0.9377649968749999 0.566033246875 0.9336261406249999 0.5770263359375 0.9189861640625001 0.56439938125 0.9042929875000001 0.55355864375 0.904147375 0.5441468781250001 0.9156398140625001 0.519659996875 0.9245531781249999 0.5202983078125001 0.9377649968749999
20 0.474587003125 0.90203036875 0.46122192812499996 0.9213916515625 0.4609172265625 0.95096283125 0.4695908734375 0.9735248546875 0.47992201718749994 0.9855465421874999 0.4977263609375 0.986313821875 0.5173405546875001 0.961755178125 0.519226578125 0.929036459375 0.5011411671875 0.917966875 0.48894763125 0.898790415625 0.474587003125 0.90203036875
20 0.415001028125 0.8975330984375001 0.43221960312499996 0.9175692484375 0.45849270000000003 0.9232034484374999 0.477902 0.8809497000000001 0.47575854062499995 0.8634926249999999 0.46700871875 0.8483233968749999 0.4154580796875 0.85317633125 0.411071353125 0.8655284609375 0.415001028125 0.8975330984375001
20 0.41387675625 0.8563238703125 0.3825024453125 0.857222775 0.3774012328125 0.8637558765625 0.38204539375 0.9015795421874999 0.397044334375 0.9115514109375 0.3863323125 0.9364936937499999 0.3931435671875 0.9519009484375 0.41347224687499995 0.9331613296875 0.4098998140625 0.904066203125 0.41428654218750005 0.8917140734375 0.411071353125 0.8655284609375 0.41387675625 0.8563238703125
20 0.3736002734375 0.8568391343749999 0.3650553453125 0.859365009375 0.36145927968749997 0.87014336875 0.3289370640625 0.8697065281249999 0.33465295625 0.9162587312499999 0.3538100984375 0.9360568546874999 0.360492634375 0.9263762124999999 0.3708999546875 0.9310051078124999 0.3706188875 0.9207027999999999 0.3813309078125 0.895760515625 0.3800542859375 0.8693368765624999 0.3736002734375 0.8568391343749999
20 0.3266701640625 0.9393892203125 0.2973631375 0.96513799375 0.3096328484375 0.9769216593750001 0.335548703125 0.97964634375 0.34452705 0.9726371890625 0.3520764234375 0.9539899828125 0.3723814703125 0.9751238484375 0.354600759375 0.9344830859375 0.33501020000000004 0.9191682453125001 0.3266701640625 0.9393892203125
20 0.28557411093749996 0.869124078125 0.274504846875 0.8911568484375 0.2647122046875 0.9396132578125 0.2926953421875 0.9671878156249999 0.3266701640625 0.9393892203125 0.33501020000000004 0.9191682453125001 0.33516255 0.9043826562499999 0.32656507968750004 0.8744278375000001 0.3195253 0.8811989671875 0.29218047187499996 0.8668362281249999 0.28557411093749996 0.869124078125
20 0.2738798703125 1 0.28328357656250003 0.9786802531250001 0.282721440625 0.9580756390625 0.26348812499999996 0.9456703109375001 0.2661937203125 0.9837320015625 0.260579309375 1 0.2738798703125 1
20 0.2164615734375 1 0.216505471875 0.9957397046875001 0.2280843296875 0.9618308546875 0.224359546875 0.94752131875 0.2308371921875 0.9201455749999999 0.22703623281250002 0.91322883125 0.21231836093749998 0.9135592718750001 0.1938520734375 0.939453659375 0.18808891562500002 0.9726484281250001 0.1951812390625 0.998357990625 0.1942621125 1 0.2164615734375 1
20 0.05876180625000001 0.8969731265625001 0.0451918390625 0.8986393093749999 0.055065932812499996 0.9550177671875 0.07868597656250001 0.9550709656249999 0.0916176328125 0.9401929640625 0.0899837671875 0.9108598109375 0.0808767015625 0.89278106875 0.074270340625 0.89506891875 0.0753420703125 0.9037974562500001 0.06419662968749999 0.9332230203125 0.0565185390625 0.9267823312499999 0.05876180625000001 0.8969731265625001
20 0.0916938078125 0.9328001703125001 0.109164540625 0.89078445 0.08977887343749999 0.8931647093749999 0.086258984375 0.8965502750000001 0.0916938078125 0.9328001703125001
20 0.10452037968750001 0.8529607859375 0.09719953125 0.84942960625 0.0862826171875 0.8566767890625 0.07998095625 0.8293934578125001 0.060823815625 0.8095953343750001 0.0561560203125 0.81164515625 0.047025321875 0.8334399015624999 0.050597754687499996 0.8625350265625 0.062434046875 0.878801971875 0.056161295312500005 0.9238728187499999 0.06190082031250001 0.930551534375 0.06656861562500001 0.9285017140624999 0.076642325 0.8903476109374999 0.0960279921875 0.88796735 0.10666383906250002 0.8704178609375001 0.10452037968750001 0.8529607859375
20 0.0374559296875 0.7474902640625001 0.026972434375 0.7502541640625 0.0366180015625 0.8288110062499999 0.0435816078125 0.829432671875 0.054217453125 0.8118831828124999 0.056460720312500004 0.782073978125 0.0374559296875 0.7474902640625001
20 0.09844724375 0.8034990687500001 0.1074728578125 0.7167429421875 0.10139972187499999 0.6672812296874999 0.0877772140625 0.63646671875 0.079308459375 0.6315997984374999 0.07254974843749999 0.648673234375 0.0568888640625 0.6653630328125 0.031611321875 0.6758501671875 0.03375478125 0.6933072421875 0.046305559375 0.7153932125 0.036460375 0.73136893125 0.043552698437499995 0.7570784953125 0.056460720312500004 0.782073978125 0.084086615625 0.8067390203125001 0.09844724375 0.8034990687500001
20 0.0851347125 0.855341046875 0.0975567734375 0.85233911875 0.09916173125 0.8093180953125 0.084086615625 0.8067390203125001 0.0571752078125 0.7878930046875 0.06692058281249999 0.8191835640624999 0.082276765625 0.8320649453125 0.0851347125 0.855341046875
20 0 0.5305813109375 0.021971029687499997 0.7095209875 0.0388323609375 0.726647625 0.04400975 0.7127217265625 0.0314589703125 0.6906357562500001 0.029672754687500004 0.67608819375 0.0355646296875 0.66798131875 0.06392864375 0.658591903125 0.0777271375 0.6347473390625 0.081399378125 0.6165761843750001 0.0777218609375 0.5225196734375 0.06409935156249999 0.491705165625 0.049533829687499996 0.47725001562499997 0.0267806234375 0.46823025312500005 0 0.47269038124999996 0 0.5305813109375
20 0.2510266015625 0.6518627328125 0.254827559375 0.658779475 0.266892378125 0.6528680390625 0.27819016875 0.6086568828125001 0.29686135 0.6004575984375 0.31188392187499997 0.57055598125 0.3163704578125 0.510937571875 0.3078491625 0.4735899609375 0.294150478125 0.45016824375000003 0.2668056515625 0.4358055078125 0.23464067968750002 0.43827818281250003 0.2010992765625 0.46159349531249994 0.19240199687499998 0.47890496093749996 0.18893465 0.514771215625 0.1944456484375 0.543628315625 0.201766496875 0.5471594921875 0.2065104671875 0.5377168765625 0.2141885578125 0.5441575671875001 0.21868037031249998 0.5967668203125001 0.2587283265625 0.6184299390625 0.2510266015625 0.6518627328125
20 0.3304736515625 0.45752182656249996 0.3021858125 0.4595184484375 0.31744218750000003 0.519666109375 0.31591340625000003 0.5552943375 0.305915871875 0.5860556484375 0.3243585265625 0.6000347453125 0.33598992656250004 0.5986065890625001 0.34496827343750003 0.591597434375 0.3561137125 0.5621718687499999 0.3493260921875 0.506891128125 0.35105976562499996 0.48895799999999995 0.3304736515625 0.45752182656249996
20 0.303654246875 0.767966 0.33166101718749996 0.755667071875 0.3466599578125 0.7656389390625 0.36022992343750004 0.76397275625 0.3654073125 0.7500468609375 0.35262800781250003 0.7501392734375 0.34265410625000003 0.7410270953125 0.359334178125 0.7005851437499999 0.3521893140625 0.6423948921875 0.3415771015625 0.6200708953125 0.3243585265625 0.6000347453125 0.304691790625 0.5921126984375 0.2917601359375 0.6069907015625 0.2785474125 0.611566396875 0.2625818265625 0.6578273718750001 0.2486546171875 0.6565840421875 0.2391141328125 0.6429885828125 0.23587531093749997 0.65667645625 0.24016222968749998 0.69159060625 0.2594480890625 0.7364766265625 0.28319685 0.761617721875 0.303654246875 0.767966
20 0.216741803125 0.597004846875 0.2166419953125 0.644271128125 0.220085709375 0.64827835625 0.23668960625 0.6152292015625 0.23482721406249998 0.60807443125 0.216741803125 0.597004846875
20 0.1903347125 0.4540550875 0.18178978437499999 0.4565809625 0.1825568125 0.49488067812500003 0.1780177359375 0.522018396875 0.18087568125 0.545294496875 0.1761317109375 0.5547371125 0.1808520484375 0.5851679843750001 0.1988849171875 0.5637568765625 0.1882201625 0.5089521890625 0.1908206734375 0.482052496875 0.1983700484375 0.4634052921875 0.1903347125 0.4540550875
20 0.2435823125 0.7354713234375 0.22830230468749999 0.715197146875 0.2158802421875 0.718199071875 0.21241289375 0.754065328125 0.21519466406249999 0.784734225 0.2358044125 0.7762969125 0.2435823125 0.7354713234375
20 0.286821825 0.823193540625 0.26284453750000003 0.8202308281249999 0.2467738671875 0.8015304203125 0.24016750625 0.8038182703125001 0.2338422125 0.816408425 0.2349139421875 0.8251369625 0.27128965781250003 0.864971234375 0.27651958906249996 0.8835260281249999 0.2898846625 0.86416474375 0.322254528125 0.8793871703124999 0.3247026875 0.86727306875 0.3212589734375 0.8632658375 0.2888891078125 0.8480434109375 0.286821825 0.823193540625
20 0.2382289390625 0.8040562953125001 0.23185110312499999 0.784165759375 0.2124654359375 0.7865460203125 0.21037451875 0.8015696359375 0.22723585000000002 0.8186962718749999 0.23305155000000002 0.81798219375 0.2382289390625 0.8040562953125001
20 0.3017156796875 0.7682040265625 0.27896247343749997 0.7591842640625 0.25600437343750004 0.732469396875 0.251336578125 0.73451921875 0.24149139531250002 0.7504949375 0.238176396875 0.7715756046875 0.2456259625 0.8001946796875 0.26284453750000003 0.8202308281249999 0.28646458125 0.8202840281249999 0.2920517546875 0.8417483328124999 0.3016684140625 0.847950996875 0.29817215625000004 0.811463075 0.3055166375 0.7751207703125 0.3017156796875 0.7682040265625
20 0.29817215625000004 0.811463075 0.3050595859375 0.8194775375000001 0.3031735625 0.8521962546875 0.31085165312499996 0.8586369453125 0.31954893281249996 0.8413254828125 0.3174054734375 0.8238684046875001 0.3350049234375 0.8069405796875 0.3211538890625 0.7983044578125 0.3055166375 0.7751207703125 0.29817215625000004 0.811463075
20 0.352142046875 0.7221418640625 0.3472457265625 0.74637006875 0.36390216406250003 0.745801603125 0.36627415 0.741080296875 0.3602535578125 0.724099271875 0.352142046875 0.7221418640625
20 0.36489771875 0.761922934375 0.3427828234375 0.766114990625 0.33166101718749996 0.755667071875 0.32505465624999996 0.75795491875 0.3075313796875 0.7674899468749999 0.3055166375 0.7751207703125 0.32344969843750004 0.8009759437499999 0.336943490625 0.8067025546875 0.3400063296875 0.847673759375 0.3473271765625 0.8512049359375 0.3544431328125 0.8370410125 0.348217646875 0.8023648859374999 0.36352128906250003 0.7827655765625 0.36489771875 0.761922934375
20 0.40137324375 0.7544909296875 0.3905561375 0.7144718296875 0.3786436703125 0.705597678125 0.362344475 0.7090756546875 0.3572432609375 0.715608759375 0.3677031234375 0.7527183453124999 0.35877731874999996 0.7922081921874999 0.37112320468750004 0.7965990609375 0.37433839375 0.822784675 0.3839550515625 0.8289873390625001 0.3875511171875 0.81820898125 0.384335928125 0.792023365625 0.3984154890625 0.7784811078125 0.40137324375 0.7544909296875
20 0.4608068671875 0.7737737859375 0.45284770781250006 0.7570307890625 0.46233564843749997 0.7381455578125 0.46177351250000004 0.7175409421875 0.44455493749999997 0.697504790625 0.420501475 0.7019348734374999 0.4100179796875 0.704698775 0.4009634578125 0.719100725 0.40244497343749996 0.7632194671875 0.4180822234375 0.7864031546875 0.42928020624999996 0.7894582796875 0.439230475 0.8384439421875 0.4534387515625 0.8499895796875 0.4577493046875 0.8450302453124999 0.45167616875 0.79556853125 0.4608068671875 0.7737737859375
20 0.53786885 0.8484829968750001 0.5594505187500001 0.8960405015624999 0.5589645578125 0.8680430953125 0.5515149921875 0.8394240203125 0.571334078125 0.8325604765625 0.5812554375000001 0.8091919640624999 0.58263186875 0.788349321875 0.5687808328124999 0.779713196875 0.5557966359375001 0.762110509375 0.5497760421875 0.7451294859375001 0.545641475 0.6954297453125 0.525260253125 0.6816886734375001 0.5167153250000001 0.684214546875 0.47664373437499996 0.7024249124999999 0.46802263125000004 0.7123435796875001 0.4555007609375 0.7626117875 0.45973513749999995 0.7650452484375 0.461878596875 0.7825023234375 0.4684087828125 0.7876072703125 0.4732052953125 0.8106453453125001 0.49601104375 0.8521458015625001 0.511443403125 0.8576343874999999 0.53786885 0.8484829968750001
20 0.8619850906250001 0.659541009375 0.8787702453125 0.6840604406249999 0.8726498453125 0.7143456968749999 0.8771652890625001 0.727081465625 0.8891539328125001 0.728562821875 0.8979273875 0.7038585625 0.923333646875 0.718459325 0.9520549046875001 0.7119794234375 0.9743983249999999 0.6856089828124999 0.987839575 0.6588549046875001 0.9932454890625 0.6227506218750001 0.988091734375 0.5968030343749999 0.9778367640625 0.57738855 0.954445246875 0.5551569656249999 0.9436806828125001 0.5476185578125 0.9370743218750001 0.54990640625 0.9197559390625001 0.5771365359375 0.8925398296875 0.587861696875 0.9067244750000001 0.6392808203125 0.9038428953125001 0.6558782046875 0.885400240625 0.6418991078125 0.8715728390624999 0.593389496875 0.868129125 0.5893822671875 0.863818571875 0.5943416015625 0.8598416312499999 0.642083934375 0.8619850906250001 0.659541009375
20 0.7830949 0.76225886875 0.80293761875 0.7155218390625 0.8207419625 0.7162891171875 0.8399227359375001 0.6962137562499999 0.8589747937500001 0.651050496875 0.862289790625 0.6299698296875 0.8583601156249999 0.5979651921875 0.8519061046875 0.5854674484375 0.8249185203125 0.574014225 0.7973688015625 0.5419563859375 0.767142396875 0.544191034375 0.7439321375 0.5795280390624999 0.7353635765625001 0.621927396875 0.74036498125 0.6626605734375 0.748681384375 0.6823130843749999 0.7616655828125001 0.699915775 0.7759500359375 0.704068615625 0.77975099375 0.7109853578124999 0.771692025 0.7415086421875 0.7772792 0.762972946875 0.7830949 0.76225886875
20 0.9038428953125001 0.6558782046875 0.9070817171875 0.6421903312499999 0.8906012625 0.5880997234375 0.8926160046874999 0.5804689015625 0.9197559390625001 0.5771365359375 0.9386556453124999 0.54675886875 0.945590340625 0.47502635781249997 0.9391599625 0.42265512968749996 0.9281905078125 0.3974216203125 0.9025031796875 0.37251855 0.8467181640625 0.3749380234375 0.8337865078125001 0.389816025 0.8136863546875001 0.386377259375 0.7947866484375 0.41675492968750005 0.789023490625 0.4499497 0.7935153015624999 0.502558953125 0.8096385140625 0.5537400515625001 0.8395602171875 0.58107658125 0.86777188125 0.5864727546874999 0.88769605 0.6445705921875 0.9038428953125001 0.6558782046875
20 0.413766396875 0.679134825 0.4318518078125 0.6902044093749999 0.441568275 0.6491407953125 0.450189378125 0.6392221265625 0.44990831093750006 0.6289198203125 0.4705180578125 0.6204825078125 0.48941776406250004 0.5901048375 0.495028571875 0.5716956578125 0.49446643593750006 0.5510910421874999 0.48278249375 0.5200385078124999 0.47721895156249994 0.45870071718750005 0.4719128453125 0.44753871875 0.4469400046875 0.4284546734375 0.40867826406249996 0.42133911875 0.39237906875 0.424817096875 0.3693973359375 0.43797571562500004 0.35473200625 0.47078684531250004 0.350040578125 0.512710153125 0.35647095625 0.56508138125 0.3708079515625 0.6017149140625 0.3903223359375 0.62442255 0.4084839234375 0.6280993421875001 0.41845782500000006 0.63721151875 0.419377203125 0.6607256453125 0.413766396875 0.679134825
20 0.5259458296874999 0.615153521875 0.52500281875 0.6315128796875 0.54913245625 0.619690003125 0.565098040625 0.5734290265624999 0.5883608406249999 0.5705727140625 0.6033834140625001 0.5406710968749999 0.6084320859375 0.5016573015625 0.600063140625 0.4495241 0.5771812171875 0.4154164390625 0.5621822765625 0.40544457187500005 0.5242016046875 0.408631325 0.5059638421875 0.41234732812499997 0.49188428125000005 0.42588958593750004 0.481962921875 0.44925810000000005 0.4788528171875 0.4880338703125 0.4861500328125 0.531438534375 0.4967622453125 0.5537625296875001 0.5178579531249999 0.5733226265625 0.54456446875 0.57447354375 0.5424735515625 0.589497159375 0.5259458296874999 0.615153521875
20 0.533776271875 0.6068086218750001 0.5424735515625 0.589497159375 0.5395394296875 0.573613853125 0.5159193859375 0.573560653125 0.49711948906250003 0.5566720421875 0.4953858140625 0.5746051703124999 0.51949181875 0.602655778125 0.533776271875 0.6068086218750001
20 0.5938954734374999 0.559556328125 0.56114473125 0.5812978734375001 0.558696571875 0.5934119765625 0.5655840015625 0.6014264359375 0.5685706640625 0.6497904328125 0.580278240625 0.6409694828125 0.584460075 0.61092225 0.581602128125 0.58764615 0.5965485265625 0.565137328125 0.5977726062500001 0.5590802765625 0.5938954734374999 0.559556328125
20 0.7161066265625 0.649395553125 0.721641259375 0.63837916875 0.7118958828124999 0.6070886078125 0.7361016953124999 0.5878729375 0.7535724296875 0.5458572171875 0.7554584546875 0.5131384999999999 0.746375021875 0.45518627343749996 0.7375490265625 0.44740984062500005 0.7281608937499999 0.419028790625 0.7008922421875 0.397273259375 0.6318945031250001 0.40426842812499997 0.6143712265625 0.41380345781249994 0.600929978125 0.44055753593749997 0.6085844359375 0.4868717125 0.6033834140625001 0.5406710968749999 0.6081799265625001 0.563709171875 0.62073070625 0.58579514375 0.6421836578125 0.6082647515625 0.67850683125 0.6156183328125 0.7044752265625001 0.6508237109375 0.7161066265625 0.649395553125
20 0.735311034375 0.5894467062500001 0.7126865453125 0.6055148390625 0.715620665625 0.6213981453125 0.734215671875 0.6205916546875 0.7395454109374999 0.591880165625 0.735311034375 0.5894467062500001
20 0.7984588890625 0.3985837765625 0.7593303109375 0.40043478437499996 0.746832075 0.41082950625 0.74545564375 0.4316721453125 0.7570397765625 0.5099909593749999 0.7532151859375 0.5429477046875 0.75701614375 0.549864446875 0.7714529484375 0.5392317 0.7973688015625 0.5419563859375 0.801679353125 0.536997053125 0.7881566531249999 0.4589162640625 0.7984588890625 0.3985837765625
20 1 0.47242979687500003 0.9880811828124999 0.372347709375 0.9725726484375 0.37425191875 0.9495909156250001 0.3874105375 0.9380882328125001 0.41392659218750005 0.9460999343750001 0.4631502796875 0.9458477765625 0.5252021484375 0.9812804796875 0.5813957796875 1 0.5887253765625 1 0.47242979687500003
20 0.7904419109374999 0.23713242499999998 0.7887082375000001 0.255065553125 0.7942192359375 0.283922653125 0.8105709734375001 0.31292536718749997 0.823274103125 0.3202257484375 0.846894146875 0.32027894843750004 0.859392384375 0.309884228125 0.8677324203125 0.28966325312499996 0.8710474171874999 0.268582584375 0.8629595406250001 0.2267516921875 0.7904419109374999 0.23713242499999998