7 0.4150021640625 0.7427926421875 0.3580395609375 0.662843590625 0.308099753125 0.5868845 0.2654348296875 0.54355721875 0.2535475828125 0.5407801046875 0.2443555453125 0.548812875 0.2508196859375 0.5816468265625 0.28050620312499996 0.63854368125 0.31614833125 0.677881 0.3698745046875 0.7483032890625 0.40577743593750004 0.8025020296875001 0.44005234687500006 0.8674403734375 0.4719124640625 0.905424275 0.4670719859375 0.8687409374999999 0.4150021640625 0.7427926421875
7 0.492868240625 0.6682654203125 0.4750646109375 0.6210359000000001 0.4275461328125 0.5616959265625 0.386220096875 0.5375540203125 0.3329937375 0.5313056453125 0.282186528125 0.5451214921875 0.2216417 0.5751434609375 0.1927136234375 0.6007270499999999 0.1797264984375 0.6280770515625 0.1951131578125 0.6517972421875 0.22159157812500002 0.6543809359375 0.250515296875 0.6356875609375 0.269173253125 0.6138127890625 0.3194436 0.594389853125 0.388889153125 0.5897052015625001 0.429134928125 0.612968259375 0.447771090625 0.6255445625 0.484204346875 0.695685709375 0.492868240625 0.6682654203125
7 0.075995140625 0.5850489 0.10218878437500001 0.6106673578125 0.14136519218750002 0.6158260265625 0.1805633921875 0.5865336203125 0.2135473578125 0.5564942187499999 0.234365840625 0.5363771453124999 0.21789891875 0.5117781078125 0.1930310875 0.5260156703125001 0.157619253125 0.5497712765625 0.1243723046875 0.5683943640625 0.10518838125 0.5674365140625001 0.091418846875 0.550202259375 0.09441190625 0.5173067390625 0.08658490625000001 0.503183596875 0.066027228125 0.538162090625 0.075995140625 0.5850489
7 0.4061842515625 0.5865412390625 0.4456192828125 0.610006434375 0.4920792921875 0.634016484375 0.518288190625 0.635519190625 0.5596338390625 0.628655125 0.60370085 0.591259659375 0.6402299921875 0.509816071875 0.6421515062500001 0.462261271875 0.6229741203125 0.45096809843749996 0.6026903234375001 0.48013736875 0.5891598 0.512215609375 0.57049530625 0.5444257015625 0.555345478125 0.5734631171875 0.5148040328125 0.5904603625 0.48130281718749995 0.583886709375 0.4107944359375 0.560131653125 0.39268423750000003 0.5703879734374999 0.4061842515625 0.5865412390625
7 0.4206170453125 0.4095663390625 0.3746546734375 0.45317531093749996 0.3397448328125 0.5376597249999999 0.3221366296875 0.6086448515625 0.3199259828125 0.68612463125 0.321790834375 0.7281426296875 0.3261075265625 0.7385482375 0.343398265625 0.7422744890625 0.3620692984375 0.699729071875 0.3661600546875 0.6401515375 0.37404589375 0.561256775 0.39138021875 0.496080875 0.4130225171875 0.45509101249999995 0.44303303906249997 0.4269411640625 0.47330872187499995 0.4067625203125 0.45466819843749995 0.4010764328125 0.4206170453125 0.4095663390625
7 0.13497732499999998 0.462413309375 0.1693067171875 0.4412239609375 0.1939050265625 0.42590540781249997 0.2433580953125 0.4170199390625 0.2752421859375 0.41710765937499994 0.3146881140625 0.42334731718749996 0.3519756953125 0.4243841703125 0.3800864953125 0.40933804374999994 0.377669525 0.38582871406249997 0.3409297015625 0.3731734078125 0.27392073125 0.370361421875 0.20988303125000002 0.36910499375 0.161499328125 0.3960948484375 0.13526645937499998 0.43248833124999997 0.10822720625 0.462193734375 0.1141566640625 0.48597549375 0.12415290625 0.4880759015625 0.13497732499999998 0.462413309375
7 0.9104677984375 0.45736466406250004 0.919935896875 0.44007755781249996 0.9031841984375 0.43851328437500003 0.8820961953124999 0.45754936874999996 0.87343448125 0.48152455156249996 0.8531594 0.49691339218749997 0.8231684937500001 0.4940572703125 0.793994865625 0.48066368906249995 0.7691401109375 0.4742306046875 0.7305288953125 0.429892621875 0.6711166328125 0.37811085312500003 0.6327705796875 0.341744075 0.6087243859375 0.338553959375 0.5981716671874999 0.361852434375 0.62003554375 0.3977359265625 0.6510892796875 0.42903175937500004 0.6975340328125 0.47715756093749995 0.754783590625 0.5306267390625 0.8093510140625 0.55261538125 0.8596126453125 0.5469728796875 0.89124465 0.51841875 0.9093722812499999 0.48060157031250006 0.9104677984375 0.45736466406250004
7 0.43501715 0.2842680515625 0.45771138125000005 0.2889434359375 0.4822813609375 0.3184112828125 0.503593121875 0.3728034453125 0.5265263640625 0.42679132500000005 0.5356813546875 0.47732538281250003 0.549713871875 0.5059759500000001 0.572386309375 0.5451024125 0.5848278546875 0.525925753125 0.5837759203124999 0.4802605046875 0.5524875328125 0.392761965625 0.5184973984375 0.3047888578125 0.46584059062499994 0.252470953125 0.39964236406250003 0.24945682656249998 0.3607093265625 0.2867204390625 0.36421745625 0.2938830796875 0.3920521953125 0.2880912875 0.43501715 0.2842680515625
7 0.59761955 0.3803611 0.5773706203125 0.35440864843750003 0.5339189265625001 0.27338732499999996 0.48397693906250006 0.200873340625 0.45238852031250004 0.16052531875 0.438071228125 0.154909515625 0.4313070578125 0.1692260828125 0.43426742812499997 0.188007178125 0.4669273921875 0.24301447812500002 0.5144415109375 0.30924466875 0.5438650453125 0.354725209375 0.57680106875 0.40047817812500003 0.6146146171875 0.424347653125 0.648659234375 0.42619307187500005 0.6294883859375 0.4045645734375 0.59761955 0.3803611
7 0.43085665625 0.45408902500000003 0.40978390937500003 0.44900935937500003 0.365210546875 0.43256623125000004 0.3122558890625 0.4239537390625 0.24956361093749999 0.4315473609375 0.192000946875 0.44589934531250003 0.15172902187499998 0.46397758125 0.1479317578125 0.48673991875 0.1544024375 0.5092385484374999 0.1989801578125 0.518791459375 0.250063425 0.4957212765625 0.29708426875 0.48744222812500004 0.33518913125 0.47794161874999996 0.40463032343750005 0.4801471828125 0.42732455625 0.48482257031250003 0.44678453749999997 0.47652608750000003 0.4478844140625 0.446398965625 0.43085665625 0.45408902500000003
7 0.5816175765625 0.4750577015625 0.486773865625 0.47803750625 0.43894446093750006 0.48307358906250003 0.3824773140625 0.47418866875 0.3516778453125 0.4680895828125 0.34706766093749997 0.494499165625 0.3791994796875 0.530118953125 0.4210776328125 0.535752190625 0.479442321875 0.53497849375 0.541056515625 0.5230609140625 0.5853799703125 0.507417084375 0.6043030890625001 0.49351351718750003 0.6140450671875 0.470417184375 0.6075634890625 0.4651440921875 0.5816175765625 0.4750577015625
7 0.554478075 0.6632380546875 0.5402152640625 0.5714945609375001 0.5318797328125 0.5069779359375 0.527061046875 0.43584351874999994 0.5119569828125 0.392533671875 0.49196885625000003 0.3814426375 0.4835853796875 0.392718378125 0.48274412968749997 0.44115202499999995 0.49643956874999995 0.575519940625 0.5206942640625 0.6762540593749999 0.55091764375 0.738757996875 0.580328103125 0.8049091828125 0.6013943125 0.8203241734375 0.593849909375 0.7866113734375 0.5641764671875 0.709043875 0.554478075 0.6632380546875
7 0.32635814218750003 0.3423608609375 0.35958547812499997 0.35474374218750004 0.4422745984375 0.344460721875 0.4782189359375 0.333202415625 0.545793096875 0.2968350875 0.557419540625 0.284750784375 0.545271490625 0.26711224843750003 0.530410796875 0.26622468125 0.46176073124999995 0.2948229484375 0.4271705359375 0.301150875 0.3796084734375 0.3107130546875 0.360954875 0.3256976109375 0.34041899062500003 0.3262250296875 0.3036748078125 0.3204599390625 0.2971845140625 0.3289672796875 0.32635814218750003 0.3423608609375
7 0.6220783890625 0.5855294359375 0.649065340625 0.6385066140625 0.687148409375 0.6634570828124999 0.71389635 0.6671217640625 0.7338975515625 0.65754215 0.7498537625 0.6351928124999999 0.7525751203125 0.604661409375 0.7347496984374999 0.5918829671875 0.7206888515625 0.6080187984375 0.6963644203125 0.6175281234375001 0.6698947171875 0.6011640015624999 0.6572119843750001 0.5744732703125 0.662898071875 0.5558327484375 0.6750700953125001 0.5355751015625 0.6604854609374999 0.5254332015625 0.6348068875 0.5398729062500001 0.6220783890625 0.5855294359375