7 0.2501671125 0.3106060609375 0.2100601609375 0.3807932265625 0.148228609375 0.46323529375000005 0.1365307484375 0.5155971484374999 0.158255346875 0.5066844921875 0.18248663125 0.4576648828125 0.2309491984375 0.4041889484375 0.289438503125 0.3328877 0.34542112343750003 0.2805258453125 0.3947192515625 0.2448752234375 0.41644385 0.1969696984375 0.403074865625 0.1802584671875 0.3704879671875 0.1880570421875 0.3270387703125 0.22816399375000002 0.2501671125 0.3106060609375
7 0.30949197812499996 0.5155971484374999 0.3395721921875 0.45543672031250004 0.3604612296875 0.3863636359375 0.3755013375 0.34068627500000004 0.3947192515625 0.32954545468749996 0.4080882359375 0.31394830625000003 0.3838569515625 0.3117201421875 0.3479278078125 0.3384581109375 0.30698529375 0.41532976875000005 0.2877673796875 0.46991978593750006 0.26019385 0.5089126562499999 0.21256684531249997 0.5523618546875 0.1916778078125 0.5690730828125 0.1991978609375 0.5891265609375 0.22510026718749998 0.5913547234375 0.2560160421875 0.5779857390625 0.30949197812499996 0.5155971484374999
7 0.32787433125 0.48774509843749997 0.2794117640625 0.45543672031250004 0.23429144375000002 0.4409536546875 0.1983623 0.45320855625 0.1682820859375 0.48106060624999997 0.1574197859375 0.5167112296874999 0.1875 0.5044563265625001 0.21423796718750002 0.4788324421875 0.23345588281250002 0.4754901953125 0.263536096875 0.4888591796875 0.3211898390625 0.5323083765625001 0.34959893124999997 0.5724153296875001 0.367145721875 0.6080659546875 0.3947192515625 0.6247771828124999 0.403910428125 0.5980392171875 0.393048128125 0.55459001875 0.35127005312500004 0.5167112296874999 0.32787433125 0.48774509843749997
7 0.47660427812500006 0.6414884140625 0.502506684375 0.6849376109375 0.5350935828125001 0.6938502671875 0.5735294125 0.6693404625 0.5593248656250001 0.6615418890625 0.529244653125 0.6515151515625 0.513368984375 0.631461675 0.50501336875 0.5568181812499999 0.5066844921875 0.4465240640625 0.5142045453125 0.3863636359375 0.5116978609375 0.3462566859375 0.481617646875 0.34959893124999997 0.461564171875 0.41532976875000005 0.46323529375000005 0.5590463453125001 0.47660427812500006 0.6414884140625
7 0.50584893125 0.50111408125 0.544284759375 0.4844028515625 0.5768716578124999 0.5022281640624999 0.6077874328124999 0.5100267374999999 0.5944184484374999 0.46991978593750006 0.5501336890624999 0.44318181875 0.5116978609375 0.4465240640625 0.4415106953125 0.48328877031250006 0.39221256718749997 0.5412210328125 0.35962566875 0.5935828875 0.3663101609375 0.6069518703125001 0.37967914375 0.6169786109375 0.41310160468749996 0.5935828875 0.45320855625 0.5445632796875 0.50584893125 0.50111408125
7 0.5618315515625001 0.3651960796875 0.4807820859375 0.42758467031249997 0.4891377 0.4387254890625 0.552640375 0.4186720140625 0.6370320859375 0.3763368984375 0.7113970593750001 0.30949197968750003 0.7489973265625001 0.2627005359375 0.7565173796875 0.2315062390625 0.752339571875 0.2181372546875 0.7256016046875 0.2069964359375 0.6980280750000001 0.2359625671875 0.627005346875 0.312834225 0.5618315515625001 0.3651960796875
7 0.7439839578125 0.424242425 0.7774064171874999 0.36408199531249996 0.8033088234375001 0.33400178281250004 0.8367312828125 0.32063279843750003 0.8392379671875 0.2916666671875 0.8191844921874999 0.30726381406250003 0.7715574859375 0.32174688125 0.7080548125 0.3919340453125 0.643716578125 0.5389928703125 0.6295120328125 0.6013814625 0.6570855609375 0.6069518703125001 0.6838235296875 0.5779857390625 0.710561496875 0.51893939375 0.7439839578125 0.424242425
7 0.393048128125 0.3618538328125 0.4490307484375 0.3529411765625 0.47660427812500006 0.35628342343749997 0.5091911765625 0.36073974999999997 0.5008355609375 0.3373440296875 0.43733288750000004 0.31394830625000003 0.36463903750000004 0.31394830625000003 0.3061497328125 0.3351158640625 0.2501671125 0.3484848484375 0.22426470625 0.36965240625 0.236798128125 0.3952762921875 0.294451871875 0.3997326203125 0.3236965234375 0.3852495546875 0.393048128125 0.3618538328125
7 0.3328877 0.3172905515625 0.29528743281250003 0.257130125 0.2493315515625 0.20588235156249998 0.210895721875 0.1891711234375 0.19502005312499998 0.19585561406250002 0.22092245937500002 0.2147950078125 0.24766042812500003 0.2459893046875 0.263536096875 0.2782976828125 0.314505346875 0.3986185375 0.3345588234375 0.48997326250000006 0.3470922453125 0.5100267374999999 0.35544786093749997 0.5178253125000001 0.37800802187500004 0.5178253125000001 0.3755013375 0.47214795 0.362132353125 0.4097593578125 0.3328877 0.3172905515625
7 0.8709893046875001 0.47103386875000003 0.8968917109375001 0.43426916249999997 0.893549465625 0.39750445624999997 0.8785093578125001 0.40864527656250005 0.8425802140625 0.42869875156250004 0.7849264703125 0.47214795 0.7590240640625 0.4855169328125 0.721423796875 0.49554367343749994 0.710561496875 0.5167112296874999 0.7172459890625 0.5245098046875001 0.72393048125 0.5534759359375 0.7698863640625 0.55459001875 0.81751336875 0.520053475 0.8709893046875001 0.47103386875000003
7 0.7774064171874999 0.45320855625 0.809993315625 0.49554367343749994 0.8325534765624999 0.5256238859375 0.8551136359375 0.6169786109375 0.8952205875000001 0.68605169375 0.909425134375 0.7161319078124999 0.9202874328125 0.6938502671875 0.909425134375 0.6559714796875 0.893549465625 0.6069518703125001 0.8835227265625001 0.5490196078125 0.8567847593750001 0.4844028515625 0.8125 0.41644385 0.7707219249999999 0.368538325 0.7297794125 0.3284313734375 0.7047125671875001 0.312834225 0.6629344921875 0.2972370765625 0.6462232625000001 0.2927807484375 0.6320187171875 0.31617647031249996 0.6545788765625 0.3429144375 0.6662767374999999 0.3462566859375 0.6763034765625 0.36965240625 0.716410428125 0.3919340453125 0.752339571875 0.42201426093750005 0.7774064171874999 0.45320855625