7 0.2249494875 0.54024025 0.2658673734375 0.49965169062500003 0.29963478593750004 0.47766757968749995 0.3202029484375 0.46190596875 0.3515580234375 0.4165162203125 0.34797434374999997 0.3956375015625 0.3283986546875 0.3758800453125 0.3177605328125 0.386114046875 0.2795261859375 0.4272711734375 0.2560428546875 0.4413744796875 0.191995678125 0.49371314999999993 0.152358359375 0.5363074609375 0.1666893828125 0.5514848484375 0.1885945671875 0.5741640671875 0.20344161249999998 0.55961851875 0.2249494875 0.54024025
7 0.40029119375000005 0.3082061375 0.45808803906250006 0.29478206875 0.49370849687499996 0.2815158484375 0.5001376953125 0.27559339375 0.5439047984375 0.276541153125 0.5838302093750001 0.2714716578125 0.6276368812500001 0.2484926046875 0.64270236875 0.24301239687499998 0.6771382906250001 0.24024869999999998 0.7082089765624999 0.22567162343749997 0.70126005625 0.1929795234375 0.671522696875 0.17765994062499998 0.6419905875 0.1793813015625 0.5863876375 0.20714566875 0.5245174718750001 0.21346275312500002 0.4564233546875 0.24274322812500002 0.425925153125 0.26403245000000003 0.380837915625 0.28500574843750004 0.37799239687499997 0.3118069234375 0.40029119375000005 0.3082061375
7 0.616949696875 0.35896650625 0.6596019156249999 0.3988762625 0.7231103859375 0.46054922343750004 0.7531885953125 0.4814912109375 0.7953907421874999 0.5112458906249999 0.8504380984375001 0.537131265625 0.8876931609375 0.5235176 0.8803902000000001 0.4931786984375 0.8558014765624999 0.4699309109375 0.8189400250000001 0.45726457343750004 0.7591244546875 0.4210029984375 0.7105062984375 0.389195171875 0.6607299906249999 0.35193866093750004 0.6225183249999999 0.3088070953125 0.595858115625 0.267776075 0.592780965625 0.29348751093750003 0.616949696875 0.35896650625
7 0.7899672062499999 0.47367367656250003 0.776807528125 0.45596937187500003 0.7585820515624999 0.46667714218749995 0.7482452109375 0.5064603562500001 0.749638690625 0.581336265625 0.7532392609375 0.662576871875 0.7527665078125 0.7367104875 0.7547588515625 0.802347334375 0.7703007890625 0.7910709984375 0.7818184671874999 0.6724477703125 0.787955878125 0.5606630125 0.7899672062499999 0.47367367656250003
7 0.8029195390625 0.687325109375 0.7452714859375 0.681355040625 0.70674905 0.6849873546875 0.664454571875 0.7110618921875 0.6122300515625 0.7426640390625 0.5833796453125 0.755630209375 0.574607759375 0.7666065015625 0.5799352640625 0.79167044375 0.6007086765625 0.7929497750000001 0.6580422609375 0.7773462328125 0.6977756109375 0.7472601937500001 0.7170632109375 0.729492834375 0.7477798531250001 0.7172689531249999 0.8014769953125 0.7126891 0.8419880781250001 0.7063561468749999 0.833609803125 0.691052434375 0.8029195390625 0.687325109375
7 0.4139252296875 0.533102384375 0.36821275 0.57926595 0.32789372656250004 0.6106154484374999 0.2568844421875 0.638237621875 0.2159665578125 0.67882618125 0.22619787812499997 0.7028477875 0.25304645 0.7005578609375 0.31295435 0.680990215625 0.39216304062499996 0.63567960625 0.4249210921875 0.5888526749999999 0.46927016562499996 0.5201994812499999 0.48550329843749995 0.4438548640625 0.47712502343749996 0.42855115312500003 0.45861515468749997 0.4700715984375 0.4139252296875 0.533102384375
7 0.35652569375 0.5885839390625 0.3803498765625 0.5801030390624999 0.40486895 0.5748913484375 0.43670417656250005 0.592042959375 0.46849983125000005 0.6331213765625 0.48860843125000003 0.68351778125 0.48980985312499997 0.733377146875 0.4925234703125 0.786332 0.496216371875 0.8117433875 0.519441690625 0.81250155 0.5310722859375 0.7667484828125 0.520824078125 0.6823649921875 0.495510384375 0.603461709375 0.4515907921875 0.5535706031250001 0.402959446875 0.5297383765625 0.35577434218750004 0.54887965 0.33166576875 0.588173221875 0.33736050624999997 0.602908365625 0.35652569375 0.5885839390625
7 0.461230646875 0.7235062484375 0.434110875 0.7486332453125 0.415273346875 0.7765556796875 0.42284750937500004 0.7840575125 0.45811392656249994 0.773144490625 0.49399239687499996 0.7450168046875 0.5362172234375 0.6904827890624999 0.5567684984375 0.6143592921875001 0.5535615421875 0.5068386828125 0.528274228125 0.41198419687500004 0.5028945828125 0.372958928125 0.485254778125 0.38240324062500003 0.47784629531249995 0.41586915781249995 0.48536769687500003 0.4552734 0.4966215703125 0.49616222343749994 0.5087059359375 0.5289017203124999 0.5143742921875 0.5595880703125 0.5147584109375 0.60962115625 0.5059469546875001 0.64452425625 0.47843356875 0.69593125625 0.461230646875 0.7235062484375
7 0.413639234375 0.28258949843750003 0.456877125 0.32123579375 0.5301932234375 0.38082407812499997 0.5896283718750001 0.4353900515625 0.6316685375 0.49251447031250006 0.6642946859375 0.5254435625 0.6808591749999999 0.5310344421875001 0.6931319031250001 0.52045299375 0.68591178125 0.5105979656249999 0.6793432828125 0.45960146562500004 0.646975146875 0.41181090468750003 0.576709815625 0.342462390625 0.5095517140625 0.29978872343749996 0.48050924687499996 0.28773835000000003 0.427341315625 0.2546196640625 0.373028425 0.2080766921875 0.352377421875 0.20335442812500001 0.3716951 0.2379733515625 0.413639234375 0.28258949843750003
7 0.2662572859375 0.4050341984375 0.31461743124999997 0.4517034953125 0.344695640625 0.472645484375 0.3657138765625 0.46703894999999995 0.37053484999999997 0.4455127359375 0.33150588281250004 0.40255489375 0.2902566390625 0.36120795625 0.2428362078125 0.310922003125 0.210468071875 0.26313144374999997 0.20219531875 0.1840229125 0.1853991984375 0.1773422953125 0.179572559375 0.24236317812500002 0.2137409796875 0.33077404062500004 0.2662572859375 0.4050341984375
7 0.3162710203125 0.29872986562500004 0.314540384375 0.28656903906250003 0.29002130937500004 0.2917807296875 0.2574384328125 0.3032623203125 0.22047145937499998 0.3544008015625 0.20446995937499998 0.43183515625 0.22567075937499997 0.5275582562500001 0.247413965625 0.5776072171875 0.26633803125 0.6385061421875 0.2900962609375 0.669903253125 0.30072119218750004 0.6676448546875 0.3099827234375 0.6428968312500001 0.3039998953125 0.5906368718749999 0.2823659125 0.5451205828125001 0.26829289843750004 0.5150817265625001 0.24660245625 0.43313035781250003 0.24387565000000003 0.38815110937499997 0.2537492296875 0.34618842031249997 0.270121659375 0.32676275625 0.29465392343749996 0.31357546406250003 0.3162710203125 0.29872986562500004
7 0.4898552171875 0.564799759375 0.5203534203125 0.5435105390625 0.5538364421875 0.5523391015625 0.5981364546875 0.5839258078125 0.6245914140625 0.607915884375 0.6443591625 0.652689884375 0.6450144843750001 0.6798859 0.657724090625 0.6874351328125 0.6743149609375 0.6770748046875 0.680320471875 0.645046071875 0.6600894609375 0.5980926 0.6278305453125 0.554834709375 0.5803837328125 0.5204999625 0.5343003234375 0.5086548390625001 0.49658199999999997 0.5200890296875 0.47831695312500006 0.554723609375 0.4751305828125 0.575902375 0.4898552171875 0.564799759375
7 0.629995965625 0.79811428125 0.6497299375 0.722164509375 0.649285659375 0.5673588515625 0.6454006984375 0.5169309203125 0.6566603640625 0.4131691625 0.6500522953125001 0.38609946875 0.6244974796875 0.38241954218749996 0.60192748125 0.4088573984375 0.5907601453125 0.45678993749999997 0.5947844046874999 0.5641368265625 0.6098836671875 0.6793803875 0.6163297546875001 0.7338198203124999 0.6154333109375 0.7818471578125 0.6120153109375 0.8019361875 0.6185273484375 0.816497609375 0.629995965625 0.79811428125