7 0.278576203125 0.6281194296875 0.3136697859375 0.7094474140625 0.335394384375 0.7707219249999999 0.3529411765625 0.8420231734374999 0.374665775 0.8865864515625 0.37884358281249997 0.8498217484374999 0.35879010624999996 0.715017825 0.32286096249999996 0.6236631015625 0.2927807484375 0.5378787875000001 0.2618649734375 0.4855169328125 0.2510026734375 0.479946525 0.24014037500000002 0.4855169328125 0.23846925156249998 0.51893939375 0.2535093578125 0.5813279859375 0.278576203125 0.6281194296875
7 0.24849598906249998 0.55459001875 0.30197192500000003 0.547905525 0.3704879671875 0.5601604265625 0.403910428125 0.59246880625 0.41895053437499996 0.6091800359375 0.43733288750000004 0.68605169375 0.45237299531249997 0.6615418890625 0.4465240640625 0.6114082 0.41477272656249997 0.5423351171874999 0.38051470625 0.5089126562499999 0.330381015625 0.48997326250000006 0.2777406421875 0.49108734375 0.21173128281250003 0.5055704109375 0.1774732625 0.5233957234375 0.158255346875 0.54679144375 0.1674465234375 0.5735294125 0.19251336875 0.58244206875 0.22510026718749998 0.5713012484375 0.24849598906249998 0.55459001875
7 0.1189839578125 0.4754901953125 0.10060160468749998 0.46991978593750006 0.091410428125 0.4498663109375 0.1022727265625 0.4186720140625 0.0980949203125 0.4030748671875 0.069685828125 0.4320409984375 0.06801470625 0.479946525 0.0872326203125 0.5111408203125001 0.1239973265625 0.5256238859375 0.169117646875 0.5066844921875 0.2083890375 0.4855169328125 0.23345588281250002 0.47103386875000003 0.22342914375 0.44318181875 0.195855615625 0.4509803921875 0.1557486625 0.4654634578125 0.1189839578125 0.4754901953125
7 0.55765374375 0.5601604265625 0.53592914375 0.58467023125 0.49247994687499996 0.5913547234375 0.461564171875 0.5768716578124999 0.398897059375 0.53676470625 0.37884358281249997 0.5423351171874999 0.388034759375 0.5612745109375 0.4206216578125 0.5935828875 0.4598930484375 0.6281194296875 0.48495989375 0.6359180046875 0.5267379671875 0.63926025 0.57854278125 0.6136363640625 0.6336898390625 0.5434491984375 0.6470588234375 0.4977718359375 0.6311831546875 0.4821746875 0.6044451875 0.5055704109375 0.5835561499999999 0.5334224609375 0.55765374375 0.5601604265625
7 0.3629679140625 0.52896613125 0.3955548125 0.46991978593750006 0.4264705875 0.43538324375000004 0.4623997328125 0.41532976875000005 0.49665775468750006 0.4030748671875 0.4799465234375 0.3930481296875 0.44485294062499997 0.3930481296875 0.3897058828125 0.424242425 0.335394384375 0.4977718359375 0.3011363640625 0.5623885921875 0.2802473265625 0.6370320859375 0.2718917109375 0.67825311875 0.273562834375 0.6893939390625 0.289438503125 0.6971925125 0.31784759375 0.6604278078125 0.33622994687499996 0.603609625 0.3629679140625 0.52896613125
7 0.2501671125 0.3028074875 0.1966911765625 0.3172905515625 0.1624331546875 0.3462566859375 0.1290106953125 0.368538325 0.1290106953125 0.3930481296875 0.138201871875 0.39750445624999997 0.1549131015625 0.3752228171875 0.19334893125 0.3629679140625 0.22092245937500002 0.35405525781249997 0.27105615 0.3573975046875 0.30197192500000003 0.3651960796875 0.33873663125000003 0.3807932265625 0.374665775 0.39081996406249997 0.40558155156250003 0.3830213890625 0.408923796875 0.35962566875 0.3763368984375 0.3384581109375 0.3119986625 0.31951871718749997 0.2501671125 0.3028074875
7 0.6971925140625 0.5256238859375 0.7398061499999999 0.5913547234375 0.7874331546875 0.6258912640625 0.8375668453125 0.6325757578125 0.8751671125 0.61252228125 0.9019050796875 0.5802139046875 0.9085895718750001 0.5579322640625 0.9219585562500001 0.5434491984375 0.9060828875 0.5378787875000001 0.8810160421875001 0.5512477703124999 0.866811496875 0.5724153296875001 0.8434157750000001 0.58244206875 0.815006684375 0.5724153296875001 0.7899398390625 0.5523618546875 0.7673796796875 0.5401069515625 0.7406417109375 0.48774509843749997 0.695521390625 0.4231283421875 0.6671123 0.3785650625 0.6445521390625 0.36965240625 0.6286764703125 0.3897058828125 0.6412098937499999 0.42981283281250005 0.663770053125 0.4676916234375 0.6971925140625 0.5256238859375
7 0.565173796875 0.3150623890625 0.5267379671875 0.2515597140625 0.46323529375000005 0.2326203203125 0.41644385 0.2593582890625 0.41811497343750004 0.2671568625 0.4465240640625 0.26827094375 0.4891377 0.2749554375 0.5100267374999999 0.284982175 0.5267379671875 0.31951871718749997 0.534258021875 0.37745098125 0.5434491984375 0.43538324375000004 0.5401069515625 0.4866310171875 0.54679144375 0.5178253125000001 0.5593248656250001 0.5612745109375 0.576036096875 0.5456773625 0.5860628343750001 0.50111408125 0.5768716578124999 0.40864527656250005 0.565173796875 0.3150623890625
7 0.560160428125 0.3184046359375 0.57770721875 0.36965240625 0.59859625625 0.42201426093750005 0.6295120328125 0.45432263749999996 0.66209893125 0.4643493765625 0.648729946875 0.4387254890625 0.6236631015625 0.40753119375 0.6102941171875 0.37745098125 0.5877339578125 0.2883244203125 0.5568181812499999 0.20588235156249998 0.53592914375 0.1590909078125 0.5233957218749999 0.1501782515625 0.513368984375 0.1624331546875 0.5116978609375 0.18137255000000002 0.5300802140624999 0.2426470578125 0.560160428125 0.3184046359375
7 0.3061497328125 0.4387254890625 0.34542112343750003 0.4387254890625 0.41226604218749996 0.4576648828125 0.4331550796875 0.4676916234375 0.4540441171875 0.4643493765625 0.4623997328125 0.43538324375000004 0.44401737968750005 0.4387254890625 0.42479946562500004 0.42869875156250004 0.38552807499999997 0.40196078281250003 0.33622994687499996 0.3807932265625 0.273562834375 0.3729946515625 0.21423796718750002 0.3729946515625 0.1707887703125 0.3807932265625 0.16159759375 0.40196078281250003 0.1624331546875 0.42535650625 0.20337566875 0.44540998125 0.25852272656249997 0.43538324375000004 0.3061497328125 0.4387254890625
7 0.471590909375 0.52896613125 0.534258021875 0.5323083765625001 0.581049465625 0.52785205 0.6027740640625 0.51893939375 0.617814171875 0.49888591875 0.6128008015625 0.492201425 0.5852272734375 0.49554367343749994 0.49247994687499996 0.4754901953125 0.44485294062499997 0.46880570468749994 0.39221256718749997 0.4465240640625 0.3638034765625 0.43315508124999996 0.3529411765625 0.4576648828125 0.3755013375 0.5 0.41477272656249997 0.5155971484374999 0.471590909375 0.52896613125
7 0.4774398390625 0.67602495625 0.49164438437499997 0.7439839562499999 0.5041778078125 0.8152852046874999 0.5208890375 0.83533868125 0.5217245984375001 0.8008021390625 0.5116978609375 0.7183600703125 0.513368984375 0.6715686265625 0.5217245984375001 0.5790998203125 0.529244653125 0.5144830671875 0.5417780750000001 0.4442959 0.5376002671875 0.3986185375 0.5208890375 0.3830213890625 0.5100267374999999 0.3919340453125 0.497493315625 0.4387254890625 0.4782754015625 0.5724153296875001 0.4774398390625 0.67602495625
7 0.4774398390625 0.2894385015625 0.42897727343750003 0.2872103390625 0.4072526734375 0.2972370765625 0.3871991984375 0.2927807484375 0.3529411765625 0.2782976828125 0.34458556093750004 0.284982175 0.36965240625 0.30503565 0.398897059375 0.3250891265625 0.481617646875 0.3351158640625 0.5192179140625 0.3328877 0.5935828875 0.31394830625000003 0.6077874328124999 0.30503565 0.6002673796875 0.284982175 0.5860628343750001 0.2805258453125 0.512533421875 0.2916666671875 0.4774398390625 0.2894385015625
7 0.64037433125 0.63926025 0.6345254015624999 0.6102941171875 0.6445521390625 0.5935828875 0.66126336875 0.5768716578124999 0.6495655078125 0.5635026734374999 0.6211564171874999 0.5713012484375 0.5977606953125 0.61252228125 0.6111296796875 0.6704545453125 0.6420454546875 0.70387700625 0.6671123 0.71390374375 0.6888368984375 0.7094474140625 0.7097259359375 0.6916221046875 0.7197526734374999 0.6626559703125 0.705548128125 0.6459447421875 0.6880013375 0.65819964375 0.66209893125 0.6615418890625 0.64037433125 0.63926025