7 0.45975975 0.2249494875 0.500348309375 0.2658673734375 0.5223324203125 0.29963478593750004 0.53809403125 0.3202029484375 0.5834837796875 0.3515580234375 0.6043624984375 0.34797434374999997 0.6241199546875 0.3283986546875 0.6138859531249999 0.3177605328125 0.5727288265625 0.2795261859375 0.5586255203125 0.2560428546875 0.5062868500000001 0.191995678125 0.46369253906249996 0.152358359375 0.4485151515625 0.1666893828125 0.4258359328125 0.1885945671875 0.44038148125000004 0.20344161249999998 0.45975975 0.2249494875
7 0.6917938625 0.40029119375000005 0.70521793125 0.45808803906250006 0.7184841515625 0.49370849687499996 0.72440660625 0.5001376953125 0.7234588468750001 0.5439047984375 0.7285283421875001 0.5838302093750001 0.7515073953125 0.6276368812500001 0.756987603125 0.64270236875 0.7597513 0.6771382906250001 0.7743283765625 0.7082089765624999 0.8070204765625 0.70126005625 0.822340059375 0.671522696875 0.8206186984375 0.6419905875 0.79285433125 0.5863876375 0.786537246875 0.5245174718750001 0.7572567718750001 0.4564233546875 0.73596755 0.425925153125 0.7149942515625 0.380837915625 0.6881930765625001 0.37799239687499997 0.6917938625 0.40029119375000005
7 0.64103349375 0.616949696875 0.6011237375 0.6596019156249999 0.5394507765625 0.7231103859375 0.5185087890625 0.7531885953125 0.488754109375 0.7953907421874999 0.46286873437500003 0.8504380984375001 0.4764824 0.8876931609375 0.5068213015625 0.8803902000000001 0.5300690890624999 0.8558014765624999 0.5427354265625 0.8189400250000001 0.5789970015625 0.7591244546875 0.610804828125 0.7105062984375 0.6480613390625 0.6607299906249999 0.6911929046874999 0.6225183249999999 0.732223925 0.595858115625 0.7065124890625001 0.592780965625 0.64103349375 0.616949696875
7 0.5263263234375 0.7899672062499999 0.544030628125 0.776807528125 0.5333228578125 0.7585820515624999 0.49353964375 0.7482452109375 0.41866373437500004 0.749638690625 0.337423128125 0.7532392609375 0.2632895125 0.7527665078125 0.197652665625 0.7547588515625 0.2089290015625 0.7703007890625 0.32755222968750003 0.7818184671874999 0.43933698750000005 0.787955878125 0.5263263234375 0.7899672062499999
7 0.312674890625 0.8029195390625 0.318644959375 0.7452714859375 0.3150126453125 0.70674905 0.2889381078125 0.664454571875 0.2573359609375 0.6122300515625 0.24436979062500003 0.5833796453125 0.23339349843749999 0.574607759375 0.20832955625 0.5799352640625 0.207050225 0.6007086765625 0.22265376718750002 0.6580422609375 0.25273980625000003 0.6977756109375 0.270507165625 0.7170632109375 0.282731046875 0.7477798531250001 0.2873109 0.8014769953125 0.29364385312499997 0.8419880781250001 0.308947565625 0.833609803125 0.312674890625 0.8029195390625
7 0.46689761562500004 0.4139252296875 0.42073404999999997 0.36821275 0.38938455156249996 0.32789372656250004 0.361762378125 0.2568844421875 0.32117381875 0.2159665578125 0.2971522125 0.22619787812499997 0.2994421390625 0.25304645 0.319009784375 0.31295435 0.36432039375 0.39216304062499996 0.41114732500000006 0.4249210921875 0.47980051875 0.46927016562499996 0.5561451359375 0.48550329843749995 0.571448846875 0.47712502343749996 0.5299284015625 0.45861515468749997 0.46689761562500004 0.4139252296875
7 0.41141606093750005 0.35652569375 0.4198969609375 0.3803498765625 0.42510865156250005 0.40486895 0.40795704062500004 0.43670417656250005 0.3668786234375 0.46849983125000005 0.31648221875 0.48860843125000003 0.266622853125 0.48980985312499997 0.21366800000000002 0.4925234703125 0.1882566125 0.496216371875 0.18749845 0.519441690625 0.23325151718749998 0.5310722859375 0.3176350078125 0.520824078125 0.396538290625 0.495510384375 0.446429396875 0.4515907921875 0.4702616234375 0.402959446875 0.45112034999999995 0.35577434218750004 0.411826778125 0.33166576875 0.397091634375 0.33736050624999997 0.41141606093750005 0.35652569375
7 0.2764937515625 0.461230646875 0.25136675468749997 0.434110875 0.2234443203125 0.415273346875 0.2159424875 0.42284750937500004 0.226855509375 0.45811392656249994 0.2549831953125 0.49399239687499996 0.3095172109375 0.5362172234375 0.38564070781250004 0.5567684984375 0.4931613171875 0.5535615421875 0.588015803125 0.528274228125 0.627041071875 0.5028945828125 0.617596759375 0.485254778125 0.5841308421875 0.47784629531249995 0.5447266 0.48536769687500003 0.5038377765625001 0.4966215703125 0.4710982796875 0.5087059359375 0.4404119296875 0.5143742921875 0.39037884375 0.5147584109375 0.35547574375 0.5059469546875001 0.30406874375 0.47843356875 0.2764937515625 0.461230646875
7 0.7174105015625 0.413639234375 0.67876420625 0.456877125 0.6191759218749999 0.5301932234375 0.5646099484375 0.5896283718750001 0.5074855296874999 0.6316685375 0.4745564375 0.6642946859375 0.46896555781249993 0.6808591749999999 0.47954700624999996 0.6931319031250001 0.489402034375 0.68591178125 0.540398534375 0.6793432828125 0.5881890953125 0.646975146875 0.657537609375 0.576709815625 0.7002112765625 0.5095517140625 0.7122616500000001 0.48050924687499996 0.7453803359375 0.427341315625 0.7919233078125 0.373028425 0.796645571875 0.352377421875 0.7620266484375 0.3716951 0.7174105015625 0.413639234375
7 0.5949658015625 0.2662572859375 0.5482965046875 0.31461743124999997 0.527354515625 0.344695640625 0.53296105 0.3657138765625 0.5544872640625 0.37053484999999997 0.59744510625 0.33150588281250004 0.63879204375 0.2902566390625 0.689077996875 0.2428362078125 0.7368685562499999 0.210468071875 0.8159770875 0.20219531875 0.8226577046875001 0.1853991984375 0.757636821875 0.179572559375 0.6692259593750001 0.2137409796875 0.5949658015625 0.2662572859375
7 0.701270134375 0.3162710203125 0.7134309609375 0.314540384375 0.7082192703125 0.29002130937500004 0.6967376796875 0.2574384328125 0.6455991984375 0.22047145937499998 0.56816484375 0.20446995937499998 0.47244174375 0.22567075937499997 0.42239278281250003 0.247413965625 0.3614938578125 0.26633803125 0.330096746875 0.2900962609375 0.3323551453125 0.30072119218750004 0.35710316875000003 0.3099827234375 0.40936312812500003 0.3039998953125 0.45487941718749997 0.2823659125 0.4849182734375 0.26829289843750004 0.5668696421874999 0.24660245625 0.6118488906249999 0.24387565000000003 0.6538115796875 0.2537492296875 0.6732372437499999 0.270121659375 0.6864245359375001 0.29465392343749996 0.701270134375 0.3162710203125
7 0.43520024062499996 0.4898552171875 0.4564894609375 0.5203534203125 0.4476608984375 0.5538364421875 0.4160741921875 0.5981364546875 0.392084115625 0.6245914140625 0.34731011562499997 0.6443591625 0.32011409999999996 0.6450144843750001 0.3125648671875 0.657724090625 0.32292519531249997 0.6743149609375 0.354953928125 0.680320471875 0.40190739999999997 0.6600894609375 0.445165290625 0.6278305453125 0.4795000375 0.5803837328125 0.49134516093749997 0.5343003234375 0.47991097031249996 0.49658199999999997 0.445276390625 0.47831695312500006 0.42409762500000003 0.4751305828125 0.43520024062499996 0.4898552171875
7 0.20188571875 0.629995965625 0.277835490625 0.6497299375 0.4326411484375 0.649285659375 0.4830690796875 0.6454006984375 0.5868308375 0.6566603640625 0.61390053125 0.6500522953125001 0.6175804578124999 0.6244974796875 0.5911426015625 0.60192748125 0.5432100625 0.5907601453125 0.4358631734375 0.5947844046874999 0.3206196125 0.6098836671875 0.26618017968749996 0.6163297546875001 0.2181528421875 0.6154333109375 0.1980638125 0.6120153109375 0.183502390625 0.6185273484375 0.20188571875 0.629995965625