7 0.9327944531249999 0.4574131296875 0.9047785578124999 0.43463907500000004 0.8738875671875 0.38507279687499996 0.8217996265625 0.3529645515625 0.7640580796875 0.30961510312499996 0.7210043671874999 0.2865785640625 0.694601009375 0.2671754125 0.67264703125 0.2322504015625 0.65774531875 0.224190528125 0.638976896875 0.2461479609375 0.6475250421875 0.28306747187500003 0.6802035609375 0.32597944375 0.738799984375 0.36822956093750003 0.7900913796875 0.3980954015625 0.84060566875 0.42460492031249997 0.8694958859374999 0.4451657296875 0.9031848312499999 0.4780670734375 0.944043334375 0.48323726718750004 0.9327944531249999 0.4574131296875
7 0.5727994390625 0.49458520781250004 0.5507871296875 0.463001934375 0.5003506140625 0.43203676562500004 0.43656659375 0.3997243640625 0.3761826390625 0.36412855624999996 0.335110890625 0.3232985828125 0.30149971875000003 0.28594159218750004 0.272998371875 0.2431025359375 0.25910708437499996 0.225032034375 0.2415824078125 0.22361188906249999 0.231789884375 0.2579827640625 0.2452534171875 0.30055933281249997 0.2669546328125 0.34996520468750003 0.317954375 0.396539728125 0.3857600203125 0.43783634375 0.46046301562499997 0.46699658125 0.5162037890625 0.481340559375 0.5427821359375 0.4907185 0.5643867671875 0.49778112031250005 0.5727994390625 0.49458520781250004
7 0.42341162499999996 0.53097644375 0.4459294625 0.5335979984375 0.4827080125 0.53312571875 0.517640703125 0.5426494859375001 0.5483573359375 0.5543281624999999 0.5929846984375 0.582963428125 0.64322678125 0.62506771875 0.6748948765625 0.67799031875 0.7004239125 0.6996067125 0.7154422859375 0.700983109375 0.723213959375 0.6866334937499999 0.7154234765624999 0.654184209375 0.693158403125 0.637081796875 0.6679015734375 0.5998706296874999 0.620360228125 0.5466709640625 0.57326545 0.5157641265625 0.5325236046875 0.5039104562500001 0.47831759687500003 0.497393028125 0.43460280781250005 0.5122295078125 0.42341162499999996 0.53097644375
7 0.834718109375 0.4746434796875 0.7842232625000001 0.44702004687499997 0.702447925 0.4400213953125 0.6311054781250001 0.4577183859375 0.6097918671875 0.48185989375 0.6202053140625 0.5076694515625 0.6645416578125001 0.5051005890625 0.7448405625000001 0.5009309531249999 0.7982111359374999 0.5074337984375 0.8431107062500001 0.52047429375 0.8863005234375001 0.53571344375 0.9133066265625001 0.5205853125 0.90349529375 0.5081572875 0.8768975015624999 0.499893259375 0.834718109375 0.4746434796875
7 0.6212151046875001 0.545571634375 0.5529804421875 0.6246067156249999 0.520125665625 0.6875455796875001 0.5278189328125 0.725564425 0.547908240625 0.7236865828125 0.5693579546875001 0.6917476875 0.596034153125 0.6476432562500001 0.6352807515625 0.6015297359375 0.6883803828125 0.5278017296875 0.7516607718749999 0.44533741562499995 0.77736543125 0.4090157859375 0.774257015625 0.39559050625 0.723508771875 0.43036074687500003 0.6212151046875001 0.545571634375
7 0.35496118593750003 0.7660029984375 0.3858716203125 0.814455365625 0.43185875625000003 0.86094239375 0.462866409375 0.9038251984375 0.49461227812499997 0.9522921468750001 0.509475103125 0.962579846875 0.5099417453124999 0.93584595 0.48666687968750005 0.880841353125 0.45198758593750005 0.8089239140625001 0.4201445 0.7660265265625 0.375983778125 0.7106573640625 0.35061028906249997 0.6801296734375 0.3106461828125 0.6237195125 0.2821053140625 0.6310210890625 0.3035537640625 0.694907821875 0.35496118593750003 0.7660029984375
7 0.5193479296875 0.732102075 0.5102171156249999 0.680687115625 0.47392528437500003 0.6053987750000001 0.4310660046875 0.5712231125 0.369574409375 0.5512074953125 0.30421610625 0.561209178125 0.2796968609375 0.5774949687500001 0.267806346875 0.5884299359375 0.2957639125 0.6145457265625 0.33026948125 0.6006627499999999 0.3728766265625 0.6014064609374999 0.400309853125 0.609685071875 0.44577265156249996 0.6383349218750001 0.47040792343750004 0.6632784703125 0.490554928125 0.7059717 0.4974905359375 0.7395203140625 0.5073213109375 0.750834428125 0.5193479296875 0.732102075
7 0.6515597828125 0.7700658953125 0.637416365625 0.7185634421875 0.62898488125 0.6749604546875 0.5958014640625 0.613097390625 0.5605194250000001 0.575711234375 0.5448600531250001 0.56318113125 0.5092280312499999 0.545845396875 0.479890615625 0.550904565625 0.487797759375 0.5766703765625001 0.5183588453125 0.5972603515625 0.5488032703125 0.6245338031250001 0.5849013015625 0.6630484546875001 0.60508719375 0.7035138625 0.6170742921875 0.7349221453125 0.629702390625 0.7774841328125001 0.6467020921875 0.8089799140625 0.6608267015625 0.813683465625 0.6515597828125 0.7700658953125
7 0.4654963296875 0.3701445375 0.3165356390625 0.4299425171875 0.242142471875 0.4787853046875 0.181776696875 0.5379012078125001 0.170060540625 0.5867237765625 0.19152906875 0.60158378125 0.20841274375 0.5918502234374999 0.2650868 0.5527264109375001 0.3185163359375 0.5079747078125 0.38278707343749996 0.46452648906249994 0.409832065625 0.4471705359375 0.46137685624999997 0.4146427015625 0.5128049875 0.388798340625 0.507967371875 0.37868563593750004 0.4654963296875 0.3701445375
7 0.3433680171875 0.329013971875 0.2698491703125 0.3756435171875 0.1986428265625 0.3855431234375 0.17942783906249998 0.385207725 0.17424024375 0.395145440625 0.17627990468750002 0.42192308437500003 0.196135890625 0.4334121875 0.269731878125 0.4302398046875 0.32693027343750003 0.4089531734375 0.3839543125 0.3497789375 0.4309920265625 0.2882018890625 0.44064907656249996 0.2137155890625 0.4151582953125 0.237784184375 0.3943884671875 0.2786489578125 0.3433680171875 0.329013971875
7 0.43061754218750004 0.6926687203124999 0.451425625 0.697488934375 0.466463440625 0.6977514203124999 0.4592361828125 0.680911490625 0.42694590000000004 0.6636340890625 0.385679715625 0.6339432406250001 0.339964153125 0.6197742500000001 0.2746252921875 0.6286620234375 0.19727925625 0.6551682359375001 0.1492123078125 0.6799570125 0.1338245109375 0.699744946875 0.1392642375 0.7232391859375 0.1708551921875 0.732704621875 0.2128213390625 0.722294625 0.237223921875 0.7126923078125 0.27851017968749997 0.69335643125 0.308702471875 0.6871979296874999 0.3481234296875 0.6789720109374999 0.369087059375 0.6748809265625 0.4099066765625 0.682278946875 0.43061754218750004 0.6926687203124999
7 0.2725260359375 0.701051740625 0.2484351796875 0.6449186484375 0.23388408125 0.5688955421874999 0.2409965765625 0.44868050625 0.258541328125 0.4010739296875 0.26759563124999997 0.3611189125 0.2532577796875 0.32075558125 0.2394831515625 0.29600160781249996 0.21725633281249998 0.32458418125 0.2018873453125 0.39117101718749997 0.19160810625 0.501302509375 0.2001361734375 0.58724875 0.21878667031250001 0.66780041875 0.24954155625 0.7251640828125 0.2807436421875 0.7569077640625 0.2938383828125 0.772735859375 0.301746159375 0.7505888546875 0.2725260359375 0.701051740625
7 0.48841931718750003 0.5889379953125 0.46825160156249995 0.6431842984375 0.44379005468750005 0.704041165625 0.43640661875 0.7440253484375 0.4420796671875 0.7541526359375 0.45789458749999995 0.7577714421875 0.47745955625000003 0.7380564203125 0.5149581453125001 0.6484565718749999 0.5449579015625 0.5096987562499999 0.5465328171875 0.41947185937500003 0.5288726703125 0.37793628749999997 0.5265601703125 0.41466622812500004 0.5222657046875 0.4691896015625 0.5042931984375 0.54130225 0.48841931718750003 0.5889379953125
7 0.46837142500000006 0.3969367640625 0.4542656265625 0.43903211249999996 0.4412091421875 0.46888900624999996 0.42249905 0.48750469843750005 0.418030228125 0.504140471875 0.4303089765625 0.51884006875 0.458111628125 0.5059543468750001 0.47689949218749994 0.482883003125 0.4962123296875 0.4297360265625 0.4961351875 0.38627886562499997 0.5005268703125 0.3261859296875 0.49392180156250004 0.273700809375 0.475464475 0.2778356421875 0.47379297343750004 0.3257192890625 0.46837142500000006 0.3969367640625