7 0.8339565203125 0.6318123375 0.8184955953124999 0.5886285984375 0.7703775671875001 0.5544783546875001 0.7176071828125 0.5320192796875001 0.6480690390625 0.52588540625 0.585761034375 0.5245927140625 0.5362513421874999 0.533157046875 0.5172235359374999 0.5519602296875 0.5117401953125 0.5637387390625 0.51855773125 0.5966287484375 0.5422911015625 0.59861514375 0.574000765625 0.5885610109375 0.6124589453125 0.5867593328125 0.6579143578125 0.5875828671875001 0.7179623171875 0.5913535421875 0.7556901546875 0.5985903718750001 0.7864049468750001 0.6110451796875 0.8075131015625001 0.620028809375 0.8339565203125 0.6318123375
7 0.58264690625 0.30311672343749996 0.623487359375 0.3559553703125 0.6931951656249999 0.39567796875 0.7687672953125 0.4112596125 0.8240780640625 0.4099270890625 0.847975321875 0.3894918875 0.8558193515625 0.38418657343749996 0.8373680374999999 0.35251932343750003 0.7909651875 0.350675146875 0.7574929109374999 0.35195278750000003 0.68289984375 0.32170540000000003 0.6174792234375001 0.2748108875 0.5666353359375 0.23870670624999998 0.5290181781250001 0.176567528125 0.510387165625 0.1751650671875 0.52832523125 0.2259299796875 0.58264690625 0.30311672343749996
7 0.72465185 0.5111149187499999 0.727223859375 0.4716369375 0.7436896921875 0.42845821562499997 0.7656388671875 0.3735009859375 0.771333528125 0.31577130000000003 0.7363157390625 0.3183316 0.6971171796875 0.39302531093750004 0.6808742156250001 0.5022735078125 0.67026266875 0.585164790625 0.6641021953124999 0.6384625609375 0.64122139375 0.68455595625 0.6463769609375001 0.717620646875 0.6616308281250001 0.6868917140625 0.6924563 0.6444441734375 0.72465185 0.5111149187499999
7 0.6806844812499999 0.59639181875 0.6595447046875 0.6030945734375 0.6599472734375 0.6388992609375 0.6843319296875 0.6710631078125 0.7187200203125 0.686492490625 0.7583743546874999 0.6800842140625 0.79072953125 0.6441972078125 0.8106141687499999 0.5536099734375 0.8189340484375001 0.488883053125 0.8209237890625 0.443865178125 0.8143391609374999 0.4131911265625 0.7898912609375001 0.4124000484375 0.7761670953124999 0.4496895140625 0.77746966875 0.5100444171875 0.757849559375 0.587161225 0.75172070625 0.6247726078125 0.7351858531250001 0.643313771875 0.7107221406249999 0.650365884375 0.6916253140624999 0.6445315140625001 0.6755346890625 0.6193374578124999 0.6806844812499999 0.59639181875
7 0.46200337031250005 0.6260974421875 0.43418409843749994 0.6491853015625 0.4260913515625 0.6601178515624999 0.4450401015625 0.68053063125 0.47661750156249993 0.6772117125 0.5272917265625 0.679727165625 0.595781790625 0.6758892265625 0.6317470171874999 0.6743495671875 0.6369284328125 0.63571754375 0.6262895265624999 0.614431365625 0.5994493140625 0.6228534781249999 0.5310915125 0.619956203125 0.46200337031250005 0.6260974421875
7 0.3639715703125 0.3888326734375 0.32962087812499996 0.41372723125000005 0.2903317125 0.4156162515625 0.24891476875000002 0.41324803593750004 0.20847688125000002 0.396214075 0.182716371875 0.3989216125 0.17828111093750001 0.4206719328125 0.2029144859375 0.4472085453125 0.26256565 0.471184859375 0.31157790625000004 0.47387499375 0.37394915625 0.4437949203125 0.40673274687500005 0.3720158859375 0.4106331765625 0.32119609531250004 0.39274831718750003 0.3029119328125 0.3877998078125 0.3437599140625 0.3639715703125 0.3888326734375
7 0.4378127125 0.3799514390625 0.3889600796875 0.47470355 0.3650211625 0.5746786546875 0.3529115328125 0.6353230187500001 0.32275315781249997 0.7001048171875001 0.31105613593750003 0.7327003484375 0.3331117265625 0.7427046171875 0.36058163906249996 0.7162928203125001 0.38846415625 0.6618321921875 0.40966140156249997 0.5677463406250001 0.42642338906250005 0.4954108078125 0.4387659234375 0.43698240468750005 0.45057939999999996 0.4054948515625 0.4614454390625 0.3729866625 0.445354815625 0.34779260624999997 0.4378127125 0.3799514390625
7 0.2277622046875 0.779542328125 0.24173508593749998 0.7366256265625 0.2765990265625 0.6926334078124999 0.314072371875 0.6494871484375 0.347142078125 0.6124048203125 0.36571988125 0.581326528125 0.35222285000000003 0.5648216265625 0.3187347640625 0.573942459375 0.2746983765625 0.634581803125 0.23842118750000002 0.6731214703124999 0.21828205625 0.7133256125 0.2053256328125 0.78190050625 0.2129583390625 0.8225463671875 0.2267040890625 0.833424034375 0.23411392812499998 0.8080004203125 0.2277622046875 0.779542328125
7 0.43873732499999996 0.8044171328124999 0.40260243593749995 0.772368065625 0.34642328437500003 0.7334639859375 0.29057768125 0.7057270359375 0.1930506046875 0.6890922953125 0.16476551875 0.7077482390625 0.1762354109375 0.728947078125 0.20550532968750002 0.7516357171875 0.2435983390625 0.754353290625 0.2832210515625 0.7636314 0.326765778125 0.7702568515625 0.3791709921875 0.7972351828125 0.4129610046875 0.814967865625 0.4341698 0.832902665625 0.44056895625000003 0.83783118125 0.43873732499999996 0.8044171328124999
7 0.5667088921875 0.7909667796875001 0.5705086796875001 0.731195815625 0.5798076187500001 0.6518031515625 0.6059849953125 0.5011829328124999 0.6188249671875 0.43150005937499997 0.6278277546875 0.38126420625 0.6273935640625 0.36114590625 0.62149184375 0.34496292031250003 0.590676409375 0.32355694375 0.579678103125 0.36280034687499996 0.5730201921875 0.427352584375 0.564933221875 0.4942954609375 0.55880436875 0.531906846875 0.5529774421875 0.5963717468749999 0.5459543609375 0.6654432390625 0.5383015796875 0.7525044171874999 0.5623742734375 0.8216682703125 0.5791104109375 0.8210294499999999 0.5667088921875 0.7909667796875001
7 0.7474003859375 0.471756734375 0.7325907468749999 0.45875044843749996 0.6895908890625 0.4173409484375 0.6441670984375001 0.4008310265625 0.5952554828125 0.4070920625 0.5306399984375 0.4318069234375 0.500195509375 0.46189201718749995 0.4947811890625 0.49830808125 0.5224207625 0.5054850140625 0.55155264375 0.4788985375 0.5667590765625 0.47169918437499997 0.6266057515625 0.4575675140625 0.67917485 0.46212424687500003 0.7263454406250001 0.49525385312500003 0.7552818125 0.5067753609375 0.7825878375 0.5027851609375 0.774542525 0.49018813437500003 0.7474003859375 0.471756734375
7 0.13650325624999998 0.3029591265625 0.154621021875 0.3234592453125 0.174035584375 0.3483039421875 0.1955621171875 0.38524906406250004 0.2161786109375 0.46149749062499995 0.22353097812499997 0.5234569703124999 0.2284378265625 0.5621488953125 0.232910484375 0.5807225171875 0.253203465625 0.5819502953125 0.274740034375 0.5550418984375 0.2729716515625 0.49025507968750004 0.250126734375 0.4007982484375 0.22221685624999998 0.351081415625 0.1857484203125 0.30786521875 0.146173140625 0.2750575328125 0.1123831296875 0.25732485 0.117438053125 0.2814383671875 0.13650325624999998 0.3029591265625