7 0.3972259359375 0.40196078281250003 0.352105615625 0.396390375 0.2927807484375 0.3863636359375 0.2560160421875 0.3752228171875 0.226771390625 0.35962566875 0.2067179140625 0.3484848484375 0.18165106875 0.33400178281250004 0.19251336875 0.3785650625 0.236798128125 0.41755793125 0.28693181874999996 0.44540998125 0.35544786093749997 0.4587789671875 0.4172794125 0.4665775390625 0.4674131015625 0.46323529375000005 0.48830213906250003 0.4465240640625 0.49498663125000003 0.43538324375000004 0.49164438437499997 0.40196078281250003 0.4682486625 0.39750445624999997 0.4356617640625 0.4041889484375 0.3972259359375 0.40196078281250003
7 0.299465240625 0.65819964375 0.35962566875 0.7116755796875001 0.40641711249999996 0.7528966125000001 0.43733288750000004 0.8186274499999999 0.455715240625 0.8219696984375 0.44318181875 0.76960784375 0.3972259359375 0.687165775 0.362132353125 0.63034759375 0.29695855625 0.5835561499999999 0.22342914375 0.5601604265625 0.1682820859375 0.5557041 0.1423796796875 0.5735294125 0.1340240640625 0.5779857390625 0.149064171875 0.6114082 0.19502005312499998 0.6180926921875 0.2284425140625 0.62032085625 0.299465240625 0.65819964375
7 0.3395721921875 0.39750445624999997 0.35127005312500004 0.3451426015625 0.37884358281249997 0.3016934046875 0.377172459375 0.26827094375 0.35879010624999996 0.2972370765625 0.3236965234375 0.3362299453125 0.2777406421875 0.4654634578125 0.27105615 0.5044563265625001 0.2501671125 0.5456773625 0.2225935828125 0.5980392171875 0.210895721875 0.6548573984375 0.2459893046875 0.6559714796875 0.2927807484375 0.5857843140625 0.320354278125 0.4788324421875 0.3395721921875 0.39750445624999997
7 0.252673796875 0.3863636359375 0.262700534375 0.34959893124999997 0.2810828875 0.3328877 0.3061497328125 0.3284313734375 0.3245320859375 0.3362299453125 0.33790106875000003 0.3629679140625 0.330381015625 0.3852495546875 0.352105615625 0.3807932265625 0.35544786093749997 0.3451426015625 0.3345588234375 0.3106060609375 0.30197192500000003 0.2916666671875 0.2618649734375 0.29389483125 0.225935828125 0.3262032078125 0.1966911765625 0.4142156859375 0.18165106875 0.47771836093750003 0.174966578125 0.5222816390625 0.1783088234375 0.5534759359375 0.20254010625 0.5568181812499999 0.2200868984375 0.5211675578125 0.22510026718749998 0.46100712968749996 0.252673796875 0.3863636359375
7 0.4231283421875 0.3150623890625 0.3871991984375 0.312834225 0.37800802187500004 0.35071301250000003 0.3863636359375 0.3729946515625 0.413937165625 0.36742424218749997 0.481617646875 0.37745098125 0.5509692515625 0.3785650625 0.581049465625 0.3585115859375 0.5902406421874999 0.3484848484375 0.5735294125 0.3262032078125 0.5417780750000001 0.3262032078125 0.49164438437499997 0.3184046359375 0.4231283421875 0.3150623890625
7 0.6846590906250001 0.5456773625 0.61948529375 0.5690730828125 0.5793783421875001 0.6370320859375 0.5701871656249999 0.687165775 0.5860628343750001 0.7072192515625 0.5952540109375 0.6671123 0.6236631015625 0.6247771828124999 0.6604278078125 0.603609625 0.6996991984375 0.6058377890625 0.7406417109375 0.61252228125 0.779077540625 0.6336898390625 0.8049799468750001 0.6336898390625 0.8116644390625 0.61252228125 0.7899398390625 0.5835561499999999 0.7331216578124999 0.5534759359375 0.6846590906250001 0.5456773625
7 0.5969251343749999 0.44206773593750004 0.5726938500000001 0.5122549015625 0.554311496875 0.5690730828125 0.539271390625 0.5991532984375 0.5250668453125 0.63034759375 0.538435828125 0.6570855625 0.549298128125 0.6258912640625 0.6077874328124999 0.53676470625 0.6420454546875 0.43983957343749996 0.6604278078125 0.3807932265625 0.6971925140625 0.31951871718749997 0.7122326203125 0.2883244203125 0.6913435828125001 0.27606951875 0.66126336875 0.29946524218750004 0.6278409093749999 0.35071301250000003 0.5969251343749999 0.44206773593750004
7 0.778241978125 0.35516933906250003 0.8024732625000001 0.3172905515625 0.8225267374999999 0.2504456328125 0.8191844921874999 0.2092245984375 0.8066510687499999 0.1969696984375 0.79662433125 0.2214795 0.799966578125 0.2504456328125 0.781584225 0.2916666671875 0.7423128343750001 0.33177361875 0.700534759375 0.37076648749999996 0.663770053125 0.4041889484375 0.6420454546875 0.43315508124999996 0.653743315625 0.4509803921875 0.6880013375 0.44540998125 0.7381350265625 0.3897058828125 0.778241978125 0.35516933906250003
7 0.7431483953125 0.2604723703125 0.700534759375 0.24933155 0.65123663125 0.21702317343750002 0.61948529375 0.19585561406250002 0.6002673796875 0.1758021390625 0.5944184484374999 0.1702317296875 0.5927473265625001 0.20365418906250002 0.625334225 0.2393048125 0.6771390375 0.2838680921875 0.7297794125 0.3172905515625 0.825033421875 0.34402852031250003 0.8551136359375 0.3284313734375 0.8459224593749999 0.3061497328125 0.8191844921874999 0.2805258453125 0.781584225 0.2738413546875 0.7431483953125 0.2604723703125
7 0.44485294062499997 0.46212121249999993 0.45738636406250005 0.3986185375 0.471590909375 0.3306595375 0.48830213906250003 0.2448752234375 0.471590909375 0.173573975 0.4548796796875 0.17245989374999998 0.46407085625000005 0.20365418906250002 0.4540441171875 0.2627005359375 0.4364973265625 0.34068627500000004 0.3947192515625 0.48774509843749997 0.374665775 0.5557041 0.3604612296875 0.6047237078125 0.35879010624999996 0.6247771828124999 0.3629679140625 0.6414884140625 0.3913770046875 0.6659982171875 0.40641711249999996 0.6281194296875 0.41978609687499996 0.56461675625 0.434826203125 0.49888591875 0.44485294062499997 0.46212121249999993
7 0.36965240625 0.52896613125 0.31784759375 0.51893939375 0.2743983953125 0.48106060624999997 0.246824865625 0.4665775390625 0.21925133749999998 0.4676916234375 0.225935828125 0.48106060624999997 0.2510026734375 0.5022281640624999 0.2643716578125 0.5167112296874999 0.3028074859375 0.5623885921875 0.346256684375 0.5835561499999999 0.3955548125 0.58244206875 0.4623997328125 0.56461675625 0.4958221921875 0.5378787875000001 0.50501336875 0.5022281640624999 0.4782754015625 0.492201425 0.4465240640625 0.5155971484374999 0.43064839531250004 0.5211675578125 0.36965240625 0.52896613125
7 0.7381350265625 0.6247771828124999 0.7606951875 0.6771390375 0.7924465234375 0.72393048125 0.82837566875 0.7606951875 0.8601270046874999 0.7818627453125 0.8576203203125001 0.7573529421874999 0.8409090906250001 0.73395721875 0.825033421875 0.7116755796875001 0.8083221921874999 0.6849376109375 0.7907754015624999 0.6459447421875 0.778241978125 0.5679590015625 0.7774064171874999 0.5055704109375 0.77657085625 0.4665775390625 0.774064171875 0.44763814531249996 0.7540106953125 0.4442959 0.7297794125 0.46880570468749994 0.7247660421875 0.5334224609375 0.7381350265625 0.6247771828124999