7 0.225720721875 0.42623281718749995 0.280010775 0.40857140468750003 0.324348528125 0.39526215625 0.43433419687499997 0.3766285734375 0.5066655843750001 0.3711875796875 0.54541919375 0.3571401125 0.531702265625 0.3373230109375 0.48031647343749995 0.32986306718749997 0.39469105 0.3397145515625 0.30812670625 0.359610690625 0.2009813296875 0.413293625 0.156171296875 0.463381425 0.15688584218749999 0.5043177015625 0.1689784703125 0.49491404843750003 0.195041565625 0.45601743125 0.225720721875 0.42623281718749995
7 0.27410814375000003 0.198080865625 0.285168715625 0.2572217046875 0.3053447421875 0.32790307812499997 0.340103709375 0.404179725 0.36101450156250003 0.4531203625 0.38694071874999997 0.47021728281249997 0.4158003609375 0.46386371562499995 0.3970153140625 0.40903615000000004 0.3680738140625 0.34686466718750003 0.3369919875 0.28974467812500004 0.319335434375 0.235733103125 0.3043733515625 0.2084165390625 0.28467855000000003 0.1653044953125 0.272250521875 0.1554931625 0.2625169609375 0.1723768375 0.27410814375000003 0.198080865625
7 0.2694460109375 0.3778353296875 0.3034377359375 0.3463215171875 0.350825575 0.3162452515625 0.4217951484375 0.2966213203125 0.5530180625 0.281795484375 0.6195028203125 0.2605784578125 0.6601196921875 0.22560624843750002 0.6664386 0.20460373281250002 0.6261336015625 0.193607615625 0.5740422078125 0.20955927187499998 0.537545590625 0.2252387203125 0.4354593859375 0.2495842390625 0.3809943421875 0.257220440625 0.29914813281249997 0.292076621875 0.2850610015625 0.31488611093749996 0.2611673984375 0.35040210312500003 0.2582485546875 0.3746880265625 0.2694460109375 0.3778353296875
7 0.40201285000000003 0.248496671875 0.46783575468749994 0.2531975515625 0.501428115625 0.262639459375 0.530579409375 0.27299457656250004 0.5561118953124999 0.26753477187499997 0.559059903125 0.2449197171875 0.5162354296875 0.21725380312499998 0.450456271875 0.21505922656249998 0.3410887109375 0.20526860156249999 0.2686114953125 0.202355253125 0.2230285875 0.2081650390625 0.237728184375 0.2204437875 0.2723032140625 0.22234734375 0.3293898109375 0.23722898125 0.40201285000000003 0.248496671875
7 0.688714515625 0.395587634375 0.6675939296875 0.3984633625 0.681223365625 0.41326785624999995 0.72069151875 0.4401566671875 0.742132921875 0.45566049375000006 0.7292326171875 0.482627709375 0.715145484375 0.5054371984375 0.6920887265625 0.525060496875 0.6578053484375 0.539865625 0.6312318593749999 0.54952204375 0.5946769093750001 0.5618597546874999 0.5447550109375 0.5744307875 0.507071565625 0.585952509375 0.5040798093750001 0.6060612625 0.5431979828125 0.61289965 0.5833571578125001 0.6155414234375 0.6398896171875 0.5986765593750001 0.70624313125 0.5699406265625 0.7568852109375 0.5347934249999999 0.7759586046875 0.47846935 0.7730745625 0.4409136953125 0.7458302796875 0.4121401390625 0.688714515625 0.395587634375
7 0.5124078062499999 0.57248834375 0.5298366734375 0.549620525 0.49620056718749994 0.5376723140624999 0.4615817890625 0.5332624546875 0.41563431562500003 0.5181863843750001 0.380942625 0.509599353125 0.35514765000000004 0.500021340625 0.3588102046875 0.5183425640625 0.4452376671875 0.5544399624999999 0.490202471875 0.577054384375 0.5124078062499999 0.57248834375
7 0.33741021875 0.6967178109375001 0.418594575 0.687779534375 0.45423976875000005 0.6871573453125001 0.5714630484375001 0.700153603125 0.6396741859375 0.714005371875 0.6739721453125 0.700035678125 0.6646525359375001 0.676799065625 0.6209474703125 0.66251954375 0.519493953125 0.6592762875 0.44593199375000003 0.65805325 0.37248669218749997 0.6635136875 0.3268746171875 0.6676526046875 0.26111004375 0.6662934625 0.239108865625 0.68255558125 0.267131665625 0.6920947078124999 0.33741021875 0.6967178109375001
7 0.34981471875 0.6413458296875 0.3257461234375 0.6668366125 0.304371996875 0.719022403125 0.3044538546875 0.7875474546875 0.3116477171875 0.8166709921875001 0.3262452375 0.8231017015625 0.35176314375 0.8168064640624999 0.354798646875 0.7992040140625 0.3464325390625 0.7667581828125 0.348252053125 0.7433271375 0.359688465625 0.6963289421875001 0.3845209890625 0.650768296875 0.4344866359375 0.640703565625 0.4486758453125 0.6237421171875 0.3950330640625 0.6146501890625 0.34981471875 0.6413458296875
7 0.2159467203125 0.568470515625 0.2553330203125 0.526834275 0.3070890125 0.49166763125 0.347924621875 0.46922693437499996 0.41653512656249997 0.4421229828125 0.4409099546875 0.4341763171875 0.4538394265625 0.4088799703125 0.4256708015625 0.390986503125 0.3924575890625 0.403265884375 0.303782078125 0.4298843828125 0.2059125640625 0.5042976265625 0.16346159843750002 0.5618654484375 0.149418215625 0.5871812390625 0.1242940421875 0.6160332015625001 0.13667831875 0.6233382328125 0.1764000140625 0.6009169796875 0.2159467203125 0.568470515625
7 0.327002553125 0.5473111875 0.2310983796875 0.6066477265625 0.1792840546875 0.6384726328125 0.1750471453125 0.6510819203125 0.19084607343749999 0.662505790625 0.22203561718749998 0.6619613765625 0.2850182296875 0.631612903125 0.34338478437500003 0.5921524265625 0.3950095359375 0.549466875 0.4408022390625 0.49184072343749996 0.44169741250000005 0.4792897671875 0.4017278109375 0.4875086390625 0.36992016250000004 0.5164772609375 0.327002553125 0.5473111875
7 0.254729496875 0.556093915625 0.2522043828125 0.6029365640625 0.257170421875 0.6320989890625001 0.2827612390625 0.629980921875 0.301172778125 0.5995747515625001 0.308022296875 0.545135421875 0.30292501562499996 0.5084540890625 0.2971861 0.43501365 0.2766836203125 0.40946517031249996 0.255635946875 0.41651806875 0.2571435875 0.43905535 0.2575810640625 0.4641183765625 0.254729496875 0.556093915625
7 0.707745134375 0.6559903515625 0.6890330015624999 0.6053399578125 0.673064721875 0.5203784296875 0.6720293609375 0.4610626 0.67464196875 0.41923255781249996 0.660604221875 0.381035903125 0.6173949624999999 0.39516114375 0.612539946875 0.4361946375 0.6137357171875 0.5047002468749999 0.6210899890625 0.5430135593750001 0.6413389281249999 0.6178721046875 0.6836327921875001 0.67897483125 0.721972453125 0.7050476515625 0.7509487578125 0.70537755625 0.7462597859375 0.6920883812499999 0.707745134375 0.6559903515625
7 0.499671215625 0.7365056625 0.498017746875 0.7056140390625 0.49435519375 0.687292815625 0.52483019375 0.6458121234374999 0.5577663390625001 0.617659490625 0.6121932734375 0.5440045421875 0.61729619375 0.517173428125 0.607714096875 0.4788990015625 0.5810239484374999 0.481871946875 0.557028265625 0.5115398984375 0.5376486421875 0.55031985625 0.5158078734375 0.5757717515625 0.49074202656250004 0.60796545 0.4812855359375 0.6407223765625 0.4718144625 0.67264386875 0.4600863984375 0.7029333796875 0.473803328125 0.722750478125 0.499671215625 0.7365056625