0 0.4550359234375 0.43058143125 0.42822377031250003 0.41349333125000004 0.38002596718750004 0.4100923734375 0.3481147234375 0.4484428953125 0.3638321109375 0.515085425 0.3955086390625 0.5372655703125 0.39957851875 0.5603470015625 0.380557575 0.6549306421875001 0.39639114375 0.699736878125 0.3866530015625 0.7569851187500001 0.39569874375 0.7970384671875 0.45905414999999994 0.8245406750000001 0.5141559625000001 0.810858228125 0.5721963515625 0.819465065625 0.6811571859375001 0.7794281515625 0.6988144609375 0.727724946875 0.750190246875 0.65916835625 0.7376367578125 0.6217167734375 0.7538235703125 0.5672979687499999 0.73199666875 0.4997494578125 0.6455645265625 0.44260096562499995 0.5552784359375 0.4367050328125 0.49407180312500004 0.41576533125 0.4550359234375 0.43058143125
0 0 0.5425321953125 0.014887990625 0.6281783203125 0.0790425890625 0.6039749765625 0.12259429531249999 0.6597597984375 0.20733535 0.6735748625 0.25836963281249997 0.6199529015625 0.2733089578125 0.5865782421875 0.23733957499999997 0.5175569203125 0.20701732499999997 0.51992866875 0.165270540625 0.5024990640625 0.1626828625 0.397842821875 0.2158612234375 0.38449953125 0.21666980625 0.26536165 0.1926847390625 0.2586829625 0.1827306671875 0.241597209375 0.207851734375 0.21535188125000002 0.20513848124999998 0.1999642609375 0.1387259703125 0.18886714531249998 0.052621243750000005 0.2179325171875 0 0.22427976562500002 0 0.5425321953125
0 0.265698459375 0.8021117296875 0.2612894234375 0.7771068453125001 0.2849423765625 0.731287834375 0.25123325625000004 0.680708890625 0.21378167343749999 0.6932623812500001 0.14261862187500002 0.672095009375 0.0802783359375 0.66722124375 0.025854835937499997 0.6847505953125 0.0718662984375 0.9513183640625 0.1277555640625 0.970220778125 0.1637343375 0.9718097703125 0.20277021718750002 0.9569936703125 0.26047144843750003 0.9636770546875001 0.269863390625 0.955079609375 0.3397859984375 0.946716878125 0.3624167859375 0.9288436734375001 0.39003048125 0.8773681390625001 0.3801949390625 0.8215880125 0.3593784640625 0.8103841046875001 0.3359578765625 0.81253053125 0.3239665171875 0.8007621468749999 0.2877600734375 0.809129575 0.265698459375 0.8021117296875
0 0.5434162734375 1 0.8828662171874999 0.9392120343749999 0.8687378234375001 0.8365907312499999 0.8440767906250001 0.8092070546875 0.8190812984375 0.7461837609375 0.773036965625 0.7156291453125 0.7505176640625 0.745382221875 0.724267640625 0.75397731875 0.7036764875 0.7496750750000001 0.6816078296875 0.7932314765624999 0.6349896265625 0.821284075 0.645389646875 0.885889315625 0.638599471875 0.8979945109375 0.6017147140625 0.9025150328124999 0.5426592046875001 0.8712797562500001 0.473075753125 0.881565940625 0.46028755 0.904645025 0.46639236874999995 0.939267171875 0.5191192 1 0.5434162734375 1
0 1 0.6260592078125 0.9516997828125 0.626611671875 0.935067021875 0.6335109859375 0.9201300453125001 0.6500275640625001 0.8954643171875001 0.656360053125 0.88584470625 0.6749139171875 0.8900260718749999 0.709875221875 0.910724015625 0.759773503125 0.9262231249999999 0.7689401234375 0.9475946859375 0.856401475 0.97938505 0.873603409375 1 0.872633309375 1 0.6260592078125
0 0.47273824062500003 0 0.24204436875000002 0.043720996875 0.21939245000000002 0.2133169421875 0.2540005109375 0.3083606171875 0.32368840625 0.360528553125 0.46149868281249995 0.332262371875 0.485818209375 0.374580678125 0.5240572453125 0.39461204843750003 0.651002771875 0.3890857953125 0.759968303125 0.3153327171875 0.754321171875 0.243939646875 0.784422796875 0.200950071875 0.7546791109375001 0.110998440625 0.7655509046875 0.037684267187499995 0.74297544375 0 0.47273824062500003 0
0 0.807509328125 0 0.8134095515625 0.039161771875 0.7998315484375 0.046514078125000004 0.7936058515625 0.06744438750000001 0.7761809421875 0.07547500625 0.76452404375 0.0993462390625 0.7666704703125 0.1227668265625 0.7871430921875 0.1657634453125 0.8517459859375001 0.172221509375 0.8949608843749999 0.2092247953125 0.8999367453125 0.2261967125 0.8861287250000001 0.260363521875 0.8924612140624999 0.2850292484375 0.9131615046875 0.3180694484375 0.9438229124999999 0.317621153125 0.972224059375 0.2987304796875 0.919549815625 0 0.807509328125 0
0 0.3064649578125 1 0.306401946875 0.99920988125 0.3021043984375 0.9860848703125 0.29192265625 0.9789555375000001 0.27325495625 0.9743141359375 0.250173525 0.9783840156249999 0.23082751093749998 0.969895709375 0.20865206249999999 0.9678560734375001 0.156379684375 0.9750898484375 0.12040091093750001 0.9735008578125001 0.0907593203125 0.962861428125 0.0745795515625 0.9667059859375 0.0807440390625 1 0.3064649578125 1
0 0.32126518437499996 1 0.322128725 0.9984200812499999 0.3135312796875 0.9890281406250001 0.3045923296875 0.9945708281250001 0.301765240625 0.9841614171874999 0.285134828125 0.97420265 0.270653190625 0.9708063875 0.2498343671875 0.9764605625 0.2304883546875 0.96797225625 0.2002799390625 0.9653657953125 0.1345433921875 0.9749736656250001 0.0926827734375 0.9625222718750001 0.0745795515625 0.9667059859375 0.0807440390625 1 0.32126518437499996 1
0 0.543388603125 1 0.8828662171874999 0.9392120343749999 0.8668143703125001 0.8369298875 0.8407967125000001 0.8018523999999999 0.8194204546874999 0.7481072140625 0.77563873125 0.71913689375 0.7485942109375 0.7457213781250001 0.706278253125 0.7531828234375 0.6835312828125 0.7928923203125 0.6384973765625 0.8186823078125001 0.645389646875 0.885889315625 0.6289822078125 0.89969029375 0.597528653125 0.90126989375 0.54876871875 0.8721857390625001 0.49943726406250005 0.884850715625 0.4736425796875 0.8735329734375 0.45904241093750003 0.9088310859375 0.466048515625 0.971059884375 0.48064398906249994 0.9694779359375 0.481099328125 0.949565096875 0.5175022265625 1 0.543388603125 1
0 0.2612894234375 0.7771068453125001 0.2849423765625 0.731287834375 0.248970646875 0.6791245953125 0.2157051265625 0.6929232234375 0.14261862187500002 0.672095009375 0.0802783359375 0.66722124375 0.0274391328125 0.6824879859374999 0.0718662984375 0.9513183640625 0.1277555640625 0.970220778125 0.1637343375 0.9718097703125 0.20277021718750002 0.9569936703125 0.258887153125 0.9659396640625 0.269863390625 0.955079609375 0.3397859984375 0.946716878125 0.3624167859375 0.9288436734375001 0.39184244687500003 0.865149109375 0.3775931734375 0.8180802640625 0.3359578765625 0.81253053125 0.3239665171875 0.8007621468749999 0.2877600734375 0.809129575 0.265698459375 0.8021117296875 0.2612894234375 0.7771068453125001
0 0 0.5421557484374999 0.021331965624999998 0.6647239203125 0.0634226015625 0.6503608125 0.0688561515625 0.6305618078124999 0.02575039375 0.6222964765625 0.071009621875 0.60340815 0.08085220625 0.6086140296875 0.0797185546875 0.6246799640625 0.12067084218749999 0.6600989546875 0.20733535 0.6735748625 0.25836963281249997 0.6199529015625 0.2733089578125 0.5865782421875 0.2420924640625 0.5107690921875 0.20860162031249999 0.517666059375 0.1735288296875 0.509967553125 0.1619904609375 0.4951444109375 0.16234370468749998 0.39591936875 0.20646928125000003 0.3930969765625 0.21676720624999998 0.3783900171875 0.20941724687500002 0.34795393125 0.2223192859375 0.31989663749999997 0.21633065 0.2634381984375 0.1856715890625 0.2470284109375 0.19800445312499998 0.2438621671875 0.19483820937500002 0.231529303125 0.2072849078125 0.2233848484375 0.20479932500000003 0.1980408078125 0.1387259703125 0.18886714531249998 0.0506977921875 0.2182716734375 0 0.2243351203125 0 0.5421557484374999
0 0.47273824062500003 0 0.24204436875000002 0.043720996875 0.21973160625000002 0.2152403953125 0.2540005109375 0.3083606171875 0.32176495312500003 0.360867709375 0.46149868281249995 0.332262371875 0.47382685 0.3628122921875 0.5240572453125 0.39461204843750003 0.651002771875 0.3890857953125 0.7548762578125 0.32019709218750003 0.7648350265625 0.3035666796875 0.754321171875 0.243939646875 0.784422796875 0.200950071875 0.7543399546875 0.10907498906249999 0.7658900625 0.0396077203125 0.7418550296875 0 0.47273824062500003 0
0 0.8065829734375001 0 0.8121644124999999 0.043347834375 0.7979080953125 0.046853234375000004 0.7967744437500001 0.06291916875 0.7698437578124999 0.08452544375 0.7666704703125 0.1227668265625 0.7871430921875 0.1657634453125 0.8517459859375001 0.172221509375 0.89756265 0.21273254531250002 0.88590105625 0.270319940625 0.9097675921875 0.3156930046875 0.9438229124999999 0.317621153125 0.972224059375 0.2987304796875 0.919549815625 0 0.8065829734375001 0
0 0.49407180312500004 0.41576533125 0.4550359234375 0.43058143125 0.430147221875 0.413154175 0.38002596718750004 0.4100923734375 0.34845388125 0.4503663484375 0.363492953125 0.513161971875 0.3955086390625 0.5372655703125 0.39957851875 0.5603470015625 0.3811244015625 0.6468976750000001 0.39639114375 0.699736878125 0.3920795078125 0.7877603609375 0.45486808749999996 0.8232955343749999 0.5141559625000001 0.810858228125 0.54572100625 0.8211584999999999 0.587244815625 0.814828359375 0.6741416890624999 0.7846316828125001 0.69236109375 0.7586116765625001 0.687046075 0.73971630625 0.750190246875 0.65916835625 0.7376367578125 0.6217167734375 0.7538235703125 0.5672979687499999 0.7323358265625 0.5016729093750001 0.6497505890624999 0.4438461046875 0.5552784359375 0.4367050328125 0.49407180312500004 0.41576533125
0 1 0.6286479359375 0.99186461875 0.629445803125 0.9552075312499999 0.62400990625 0.938574771875 0.6309092203125 0.9201300453125001 0.6500275640625001 0.893880021875 0.6586226625 0.8861838625 0.6768373703125 0.889686915625 0.70795176875 0.910724015625 0.759773503125 0.9262231249999999 0.7689401234375 0.9475946859375 0.856401475 0.9835711125 0.87484855 1 0.8733820484375 1 0.6286479359375