0 0.5806107375 0.4814901390625 0.6058385953125 0.4621394296875 0.62551906875 0.41801150624999994 0.6003956546875 0.3749080953125 0.5323964984375 0.3668845203125 0.50071996875 0.3890646640625 0.4776385375 0.3849947859375 0.395264534375 0.334771434375 0.3477450453125 0.3343254859375 0.29727993750000004 0.305594575 0.256548275 0.3003957390625 0.209035828125 0.3505240390625 0.20304719218749998 0.40698247812500005 0.1751084296875 0.458578890625 0.17546402187500001 0.574662015625 0.218009996875 0.6089379625 0.264860565625 0.6806631453125 0.3043470875 0.68167591875 0.3499478203125 0.715498875 0.42088789843749996 0.7180912484374999 0.50415145 0.6564175375 0.5405714749999999 0.5735928921875 0.581182259375 0.5232392703125 0.5806107375 0.4814901390625
0 0.8513316968750001 0.2902433078125 0.867402328125 0.32282582031249996 0.8827899484374999 0.3255390734375 0.91593224375 0.2669271640625 0.918069278125 0.1760742453125 0.9424932500000001 0.0713018203125 0.54546985625 0.00030425625 0.546271396875 0.068867890625 0.47895525 0.090713575 0.4369901875 0.1656190890625 0.4699235953125 0.23191541718750003 0.4961759671875 0.257368596875 0.573337046875 0.2471751171875 0.581479153125 0.2178703359375 0.612135865625 0.1846024671875 0.711365603125 0.2179653875 0.7057161234375 0.272500375 0.8173925593750001 0.31400775 0.83187185 0.2937534046875 0.8513316968750001 0.2902433078125
0 0.181046759375 0 0.1716534703125 0.02264519375 0.1722249921875 0.0643943265625 0.1462096828125 0.1163298953125 0.1510764046875 0.1280959328125 0.1350198625 0.1966619140625 0.1440749953125 0.22404089531250002 0.183001734375 0.2675949484375 0.2387818625 0.27743049062499997 0.25642974375 0.2617013640625 0.2624230765625 0.23895908906250002 0.277583028125 0.231715921875 0.28210355 0.194831165625 0.296243684375 0.176500275 0.32124856875 0.180909309375 0.35621456875 0.21880684062500003 0.4152724265625 0.2044296453125 0.4162852 0.1649431234375 0.46051521875 0.1053113953125 0.48641669531250004 0.048397615625 0.4882308453125 0 0.181046759375 0
0 0 0.7189684265625 0.057592410937500005 0.7313794015624999 0.09175921875000001 0.71757138125 0.1595307046875 0.7156385359375 0.20399074218750002 0.6828213109375 0.18373405 0.6514839375 0.1846353375 0.6238772875 0.1957207140625 0.6059993875 0.162339009375 0.570364465625 0.1519225546875 0.51696313125 0.08765646875000001 0.504639659375 0.07860368437500001 0.49411876093749996 0.0869711125 0.4579123171875 0.136520846875 0.413101384375 0.1506539359375 0.3441962453125 0.1333405140625 0.3242857546875 0.0987183671875 0.31818093593749996 0.018957868750000002 0.348740246875 0 0.457957965625 0 0.7189684265625
0 0 0.919549815625 0.20063439375 0.954927071875 0.22653352187500003 0.8811552109375 0.22573902656249997 0.8631658234374999 0.2153272671875 0.8434806546875 0.21781285 0.8181366125 0.2036680203125 0.802751340625 0.1693850296875 0.79472306875 0.11541686874999998 0.7971065562499999 0.10150205625 0.8085357859375 0.012005765625000001 0.7987049390625 0 0.8093573921875 0 0.919549815625
0 1 0.404773596875 0.8653673875000001 0.3343665359375 0.7642188937500001 0.3343806234375 0.69136240625 0.382023340625 0.6707900375 0.52119024375 0.62270606875 0.5295694109375 0.5908042171875 0.55865121875 0.5525792703125 0.6798310828125 0.5846160874999999 0.8074502265625 0.6536350609375 0.8265615265624999 0.683736684375 0.8695511015624999 0.7784365078125 0.87236645 0.8436109234375 0.90765751875 0.9134173499999999 0.8941839593750001 0.9430565921875 0.8666864484374999 1 0.5177549890625001 1 0.404773596875
0 0.9194557109374999 1 0.9210114125000001 0.9917108703125 0.9024528515625001 0.9676143171874999 0.8258539031250001 0.9521246 0.8235889453125 0.9368508140625 0.8060502015625 0.923841984375 0.8044635578125 0.9047212921875 0.78601883125 0.8856029484375 0.76327655625 0.8796096171875 0.7158709015625 0.8841418796875 0.6877068171875 0.9426399546875001 0.6381547359375 0.9705928046875 0.6205045046875 0.9694638484375 0.593120828125 0.9448028171875 0.5677767874999999 0.9423172328125 0.5296492390624999 0.95046873125 0.5195836796875 0.97943435625 0.524570196875 1 0.9194557109374999 1
0 0.08081178125 0 0.0573964 0.136368309375 0.0971105921875 0.147337503125 0.11091391718750002 0.147788146875 0.121095659375 0.1406588140625 0.13184187812499998 0.1247043671875 0.1359117578125 0.101622934375 0.15050488281250002 0.0863468 0.1600059640625 0.0662062921875 0.17108664375 0.0146122265625 0.1771478359375 0 0.08081178125 0
0 0.08081178125 0 0.0573964 0.136368309375 0.0759526125 0.1436067796875 0.0924738859375 0.1623859671875 0.10423992500000001 0.15751924374999998 0.1020888015625 0.1472236671875 0.1128373703125 0.148127303125 0.1278834859375 0.1359059265625 0.136027940625 0.1234592265625 0.1378352109375 0.1019620921875 0.1524283359375 0.0866859578125 0.1652094953125 0.059190793750000005 0.17745081875 0 0.08081178125 0
0 0 0.7181102562499999 0.0579315671875 0.7294559484375001 0.0997921859375 0.7170045546875 0.15760725312499999 0.7152993796875 0.1998046796875 0.68406645 0.18407320625 0.6495604859374999 0.1915346515625 0.6072445265625 0.161999853125 0.5722879187500001 0.15316769375 0.52114919375 0.08765646875000001 0.504639659375 0.0802994671875 0.4845014984375 0.089572878125 0.45440456874999996 0.1335799234375 0.41853258593750003 0.13855109062499998 0.36784450468749996 0.158008590625 0.34747632500000003 0.12983276562499999 0.3216839890625 0.0689605953125 0.306984071875 0.06545519375 0.3212403890625 0.08401140625 0.328478859375 0.0192970265625 0.3468167953125 0 0.45797909218750005 0 0.7181102562499999
0 0.181046759375 0 0.1716534703125 0.02264519375 0.1722249921875 0.0643943265625 0.14462538593750002 0.1140672859375 0.1510764046875 0.1280959328125 0.1350198625 0.1966619140625 0.1440749953125 0.22404089531250002 0.1938641375 0.27347679375 0.2429679234375 0.2761853515625 0.2624230765625 0.23895908906250002 0.277583028125 0.231715921875 0.28210355 0.194831165625 0.296243684375 0.176500275 0.32124856875 0.180909309375 0.35621456875 0.21880684062500003 0.41753503593749997 0.20284534999999998 0.41594604375 0.16686657656249998 0.46051521875 0.1053113953125 0.48641669531250004 0.048397615625 0.4897029578125 0 0.181046759375 0
0 0.5088001296875 0 0.5080253171875 0.0383250140625 0.5247719125 0.050202539062499996 0.5472818234375 0.0125232859375 0.549551475 0.0615132375 0.5412931859375 0.06898172500000001 0.5265838781250001 0.062421567187500006 0.47929440625 0.088790121875 0.4369901875 0.1656190890625 0.4699235953125 0.23191541718750003 0.4961759671875 0.257368596875 0.5780899359375 0.25396294375 0.58306345 0.2201329453125 0.6022932796875 0.1898083453125 0.6201688328125 0.184035640625 0.7132890546875 0.21830454375000002 0.7008494 0.2607343375 0.711147325 0.275441296875 0.7422617234375 0.27894435 0.7642141984374999 0.30066445937499997 0.8193160109375001 0.31434690625 0.8452221828125 0.29114929218749996 0.8439793921875 0.3038213125 0.8566514125 0.305064103125 0.8600476734375 0.3195457421875 0.8847134015625 0.3258782296875 0.91593224375 0.2669271640625 0.9184084359375 0.17415079375 0.9424932500000001 0.0713018203125 0.5432984656250001 0 0.5088001296875 0
0 1 0.4048473640625 0.8634439359374999 0.3340273796875 0.7642188937500001 0.3343806234375 0.6917015640625 0.3800998875 0.6707900375 0.52119024375 0.6378660203125001 0.52232624375 0.5908042171875 0.55865121875 0.5525792703125 0.6798310828125 0.5817866515625 0.8010015546875 0.594008028125 0.8160476718749999 0.6536350609375 0.8265615265624999 0.683736684375 0.8695511015624999 0.7803599609375 0.87270560625 0.841687471875 0.9073183625000001 0.915679959375 0.8925996640625 0.9430565921875 0.8666864484374999 1 0.5177549890625001 1 0.4048473640625
0 0.9194363734375001 1 0.92135056875 0.9897874171875 0.9043763046875 0.9679534734375 0.8223461546875 0.949522834375 0.8239281015625 0.9349273609375001 0.80921879375 0.9283672031249999 0.7981263734375 0.89567085625 0.76327655625 0.8796096171875 0.7158709015625 0.8841418796875 0.6877068171875 0.9426399546875001 0.6339686734375001 0.9718379453124999 0.583842721875 0.94118358125 0.5330431531250001 0.9480922875 0.5195836796875 0.97943435625 0.524570196875 1 0.9194363734375001 1
0 0.581182259375 0.5232392703125 0.5806107375 0.4814901390625 0.6054994390624999 0.4640628828125 0.62551906875 0.41801150624999994 0.5984722015624999 0.3745689390625 0.5343199515625 0.3672236765625 0.50071996875 0.3890646640625 0.4776385375 0.3849947859375 0.40261918906250005 0.3380515125 0.3477450453125 0.3343254859375 0.2665046953125 0.3001680703125 0.21163759531249998 0.347016290625 0.20304719218749998 0.40698247812500005 0.182572221875 0.433121015625 0.1743186296875 0.47430566875 0.1729737421875 0.566289890625 0.191193146875 0.592309896875 0.2107668296875 0.5937780109374999 0.264860565625 0.6806631453125 0.3043470875 0.68167591875 0.3499478203125 0.715498875 0.418964446875 0.7177520921875 0.5015496828125 0.6599252859375 0.5405714749999999 0.5735928921875 0.581182259375 0.5232392703125
0 0 0.919549815625 0.20063439375 0.954927071875 0.2101331265625 0.91792848125 0.22777866093750002 0.8853412734375 0.226984165625 0.8673518859374999 0.2153272671875 0.8434806546875 0.21622855468750002 0.815874003125 0.2017445671875 0.8024121828125 0.1713084828125 0.795062225 0.11541686874999998 0.7971065562499999 0.10150205625 0.8085357859375 0.012005765625000001 0.7987049390625 0 0.80984316875 0 0.919549815625