9 0.8155881078125 0.618234725 0.8620689140625 0.5392864984375 0.882381328125 0.471957459375 0.8769174234375001 0.38275351562500004 0.8534328546875001 0.2683500359375 0.8323994734375001 0.23841919374999998 0.782966615625 0.2042001734375 0.7350388640625 0.2002528640625 0.6815308875 0.2123492640625 0.6564780406249999 0.23192212968749998 0.6195944171875001 0.301135053125 0.6049735296875001 0.3587969640625 0.603071340625 0.47364357031250004 0.609486340625 0.5054242109375 0.642345484375 0.597339228125 0.68714670625 0.64599076875 0.7496371875000001 0.64489999375 0.8155881078125 0.618234725
9 0.1483257421875 0.832399921875 0.1772817375 0.8685709984375001 0.20077131874999998 0.8713502468750001 0.2442900421875 0.9024832390625 0.2774881109375 0.9019037640625 0.3064466125 0.8822627234375 0.3356833734375 0.8785631328125 0.35878339375 0.8590243515625 0.407105721875 0.7736654609375 0.42100313749999996 0.67455578125 0.40532987968749995 0.5600159546875 0.3932233515625 0.5379024453125 0.3885385703125 0.49333456093750006 0.376376390625 0.46803276250000003 0.35735148906249997 0.4412561234375 0.3377119109375 0.4352204109375 0.3099271109375 0.41019130625000005 0.2560852234375 0.403157965625 0.23198096562499998 0.42111964375 0.1852244078125 0.42831430625 0.1517455734375 0.468764446875 0.11229444531249999 0.558752384375 0.10710378437500001 0.597114121875 0.11011399687500001 0.6576575421874999 0.1046450765625 0.6800778328125 0.11574485781249999 0.756426353125 0.135885303125 0.7911566750000001 0.1483257421875 0.832399921875
9 0.2608281640625 0.395102025 0.29212905624999996 0.397744928125 0.335592128125 0.42568962812500005 0.35512040312500004 0.4253487609375 0.40729022812500004 0.3925455203125 0.4567281 0.315140309375 0.472575834375 0.27180865781249997 0.473860840625 0.23351509374999999 0.45684692499999996 0.154080540625 0.4296211515625 0.1051222203125 0.3960335203125 0.083383665625 0.37611568281249996 0.061406504687499995 0.3659063296875 0.03607061875 0.358317628125 0.048960125 0.33851109375 0.03335954375 0.3303102203125 0.0111778609375 0.3195418421875 0.00977119375 0.30932998437500003 0.0402474234375 0.2760206125 0.03445031875 0.23718666875 0.0478852125 0.200528159375 0.0740391796875 0.1751388953125 0.130294421875 0.170170840625 0.1814093203125 0.1747999703125 0.22278891562499997 0.1975054125 0.2925563375 0.2309792328125 0.3637304265625 0.2608281640625 0.395102025
9 0 0.50436339375 0.000037196875 0.5064944015624999 0.028603628125000002 0.520347446875 0.052037559375 0.51993840625 0.0790432328125 0.500331453125 0.1219497875 0.4963932546875 0.14504980625 0.476854475 0.17635320625 0.42368526093750003 0.20397606562499998 0.327525265625 0.17485562187499998 0.22597720468750002 0.1374204953125 0.151682996875 0.0738726296875 0.092196265625 0.0443019578125 0.07676611875 0 0.0789052734375 0 0.50436339375
9 0.6464687312499999 0.7216484453125 0.6768791953125 0.673278709375 0.6822924625 0.6476701296875 0.636375696875 0.5910649078125 0.6278409140625001 0.5497534875000001 0.607589165625 0.5086465859375 0.601229815625 0.4800542375 0.603243309375 0.37158420937500003 0.592252325 0.35742438125 0.5390807671875 0.33283840625 0.5166510765625 0.3348245484375 0.4500298265625 0.37904245312499996 0.413535765625 0.47057340468750003 0.40443945000000003 0.5090033171874999 0.41637400781249995 0.6331761859375 0.43294270937499996 0.6871044203125 0.49972589999999995 0.764075615625 0.5782285640625 0.7850301749999999 0.609418153125 0.7812964984375 0.6391026359375 0.747291109375 0.6464687312499999 0.7216484453125
9 0.6225555593750001 0 0.444467153125 0.004401353125 0.44423953125000004 0.103272425 0.49137812968750005 0.2858321390625 0.56201383125 0.30373475625 0.61663735 0.29959203749999996 0.6564223890625 0.2287338390625 0.6834280640625 0.2091268859375 0.714617653125 0.205393209375 0.7211464640624999 0.18773831093749999 0.7063636343749999 0.12421112187500001 0.703687334375 0.0827974390625 0.6646173 0 0.6225555593750001 0
9 0.7119892953125 0 0.7060297234374999 0.10508138281249998 0.7248851640625 0.1781052671875 0.7398374546875 0.19538521250000002 0.790833578125 0.207252115625 0.8503088328124999 0.257242153125 0.867828628125 0.25374708125 0.9082814890625001 0.2211483609375 0.9492377218750001 0.16143213437499998 0.9640812171875 0.1165233828125 0.9628568765625 0.04638100625 0.9350816921874999 0 0.7119892953125 0
9 0.8573385109375 0.26828186249999997 0.87887025 0.3827194296875 0.8839445937500001 0.4496053421875 0.8826039359375001 0.48471061875 0.8697689203125 0.5327735734375 0.9025749187500001 0.565688184375 0.9454258203125001 0.5585616984375 0.9704786671875001 0.53898883125 0.9904546640625 0.5083421671874999 0.9821424875 0.47978390624999995 0.9986605515625 0.4188996171875 0.9943197109374999 0.170213009375 0.9533103328125 0.17092883125 0.9311589015624999 0.1888564234375 0.9064399640625 0.227559028125 0.8573385109375 0.26828186249999997
9 0.8201565703125 0.7680502625 0.8438156156250001 0.7245822640624999 0.8676441234375 0.6348670203125 0.868150003125 0.5519373984375 0.8582745624999999 0.545731253125 0.8251852906250001 0.6084994218750001 0.8059909265625 0.627970028125 0.7515900140625 0.64486590625 0.689099534375 0.64595668125 0.669457446875 0.695733084375 0.6860261484375 0.7496613187500001 0.7091793125 0.7891229453124999 0.7506339046875 0.8139134406249999 0.781712190625 0.803803184375 0.8201565703125 0.7680502625
9 0.8941970609375 0.7571900968749999 0.848333440625 0.7595852796875 0.762406521875 0.8168972109375 0.7330584578125 0.8142202218750001 0.7024835453125 0.7972129734375 0.7195531125 0.8798358140625 0.719492446875 0.98827175625 0.7245136453125001 0.9961572640625 0.90222095 0.9930553718749999 0.9436223984375 0.9588454640625 0.9394434984375 0.8313479562499999 0.9290115390624999 0.7932589125 0.8941970609375 0.7571900968749999
9 1 0.5175353125 0.9944716234375001 0.5146505718750001 0.9435286453125 0.5617840734375 0.898724915625 0.5689446484375 0.8966582765625001 0.6184142718750001 0.9276758953125 0.71673995625 0.952670584375 0.7497909140625 1 0.7870698453125 1 0.5175353125
9 0.381822746875 0.9479215140624999 0.39605156406250003 0.923753690625 0.4141885453125 0.8437055765625001 0.4458840140625 0.7570422765625 0.443096409375 0.709252015625 0.4229559640625 0.6745216953125001 0.41547856562499996 0.6937877796875 0.4161463875 0.7320472578125 0.40526419843749995 0.7800761265625 0.3511390390625 0.8687255687500001 0.2755352828125 0.9019378515625001 0.27274517187499997 0.9099597046874999 0.289872896875 0.9399587203124999 0.3157048703125 0.9650219124999999 0.3489585890625 0.9676307265625 0.381822746875 0.9479215140624999
9 0.6046195625 0.7861641484375 0.55546245625 0.8236986937499999 0.5145087296875 0.8276028046875 0.49185643125 0.8168357890625 0.505078503125 0.846902978125 0.530910475 0.8719661703125 0.57203115625 0.877626928125 0.5913924765624999 0.8677211921874999 0.615162825 0.8306297734375001 0.6242034890625 0.7890115734375 0.6046195625 0.7861641484375