9 0.392578125 0.6393494890625 0.396484375 0.5245535718750001 0.390625 0.492665815625 0.359375 0.4001913265625 0.3154296875 0.35076530625 0.2529296875 0.35076530625 0.1865234375 0.3762755109375 0.138671875 0.4544005109375 0.1171875 0.5213647953125 0.12109375 0.6106505109375 0.142578125 0.7254464281249999 0.1630859375 0.7557397953125 0.2119140625 0.7908163265625 0.259765625 0.7955994890625 0.3134765625 0.784438775 0.3388671875 0.7653061218749999 0.376953125 0.6967474484375 0.392578125 0.6393494890625
9 0.888671875 0.448022959375 0.89453125 0.40975765312499995 0.892578125 0.34917091875 0.8984375 0.3268494890625 0.888671875 0.250318878125 0.869140625 0.215242346875 0.857421875 0.173788265625 0.8291015625 0.137117346875 0.8056640625 0.133928571875 0.7626953125 0.102040815625 0.7294921875 0.102040815625 0.7001953125 0.12117346874999999 0.6708984375 0.1243622453125 0.6474609375 0.14349489843750002 0.59765625 0.22799744843749997 0.58203125 0.3268494890625 0.595703125 0.44164540781249995 0.607421875 0.4639668375 0.611328125 0.50860969375 0.623046875 0.5341198984375 0.6416015625 0.5612244890625 0.6611328125 0.567602040625 0.6884765625 0.5931122453125 0.7421875 0.601084184375 0.7666015625 0.58354591875 0.8134765625 0.5771683671875001 0.84765625 0.5373086734375 0.888671875 0.448022959375
9 0.7919921875 0.9311224484375 0.818359375 0.875318878125 0.82421875 0.82429846875 0.8203125 0.7828443875 0.798828125 0.7126913265625 0.7666015625 0.6409438781250001 0.7373046875 0.6090561218749999 0.7060546875 0.605867346875 0.6630859375 0.5771683671875001 0.6435546875 0.5771683671875001 0.5908203125 0.6090561218749999 0.5400390625 0.685586734375 0.5234375 0.7286352046875 0.521484375 0.7669005109375 0.537109375 0.8466198984375 0.5634765625 0.89604591875 0.5966796875 0.918367346875 0.6162109375 0.9406887749999999 0.6259765625 0.9661989796875 0.6337890625 0.953443878125 0.6533203125 0.9693877546874999 0.6611328125 0.9917091843750001 0.671875 0.9933035718750001 0.6826171875 0.9630102046875001 0.7158203125 0.9693877546874999 0.7548828125 0.956632653125 0.7919921875 0.9311224484375
9 1 0.5022321421875 0.9716796875 0.48788265312499995 0.9482421875 0.48788265312499995 0.9208984375 0.50701530625 0.8779296875 0.51020408125 0.8544921875 0.529336734375 0.822265625 0.58195153125 0.79296875 0.6776147953125 0.8203125 0.7796556125 0.8564453125 0.8545918374999999 0.9189453125 0.9151785718750001 0.9482421875 0.9311224484375 1 0.9295280609375001 1 0.5022321421875
9 0.5859375 0.36830357187499996 0.5703125 0.3140943875 0.5048828125 0.23596938750000002 0.4267578125 0.21364795937499997 0.3955078125 0.216836734375 0.365234375 0.250318878125 0.357421875 0.27582908125 0.326171875 0.32366071406249997 0.3203125 0.34917091875 0.365234375 0.40656887812500003 0.373046875 0.448022959375 0.392578125 0.489477040625 0.3984375 0.5181760203125 0.39453125 0.6265943875 0.4052734375 0.6409438781250001 0.4580078125 0.66645408125 0.48046875 0.66485969375 0.5478515625 0.621811225 0.5859375 0.5309311218749999 0.595703125 0.492665815625 0.5859375 0.36830357187499996
9 0.3798828125 0.6983418375 0.3388671875 0.7684948984375 0.3115234375 0.7876275515625 0.2802734375 0.7908163265625 0.2734375 0.8083545921875 0.287109375 0.8721301015625 0.2890625 0.9135841843750001 0.3271484375 0.9980867343750001 0.546875 0.996492346875 0.548828125 0.8976403062499999 0.5048828125 0.7142857140625 0.4345703125 0.6951530609375001 0.3798828125 0.6983418375
9 0.2041015625 0.7876275515625 0.1455078125 0.7366071421875 0.1279296875 0.73979591875 0.0869140625 0.7716836734375 0.044921875 0.8306760203125 0.029296875 0.875318878125 0.029296875 0.9454719390624999 0.0595703125 0.9980867343750001 0.279296875 0.996492346875 0.287109375 0.8912627546874999 0.26953125 0.81792091875 0.2548828125 0.800382653125 0.2041015625 0.7876275515625
9 0 0.8211096937500001 0.041015625 0.8211096937500001 0.0634765625 0.8035714281249999 0.0888671875 0.7653061218749999 0.138671875 0.7254464281249999 0.119140625 0.6106505109375 0.115234375 0.543686225 0.1171875 0.50860969375 0.130859375 0.4607780609375 0.0986328125 0.42729591874999995 0.0556640625 0.43367346875 0.0302734375 0.45280612187499997 0.009765625 0.4830994890625 0.017578125 0.51179846875 0 0.5723852046875 0 0.8211096937500001
9 0.3134765625 0.35076530625 0.333984375 0.30133928593750003 0.318359375 0.24713010156249998 0.2958984375 0.2072704078125 0.2548828125 0.1817602046875 0.2236328125 0.19132653125000001 0.1845703125 0.22640306093749998 0.16015625 0.26945153125 0.134765625 0.3587372453125 0.1328125 0.44164540781249995 0.142578125 0.448022959375 0.1767578125 0.3858418375 0.1962890625 0.366709184375 0.2509765625 0.35076530625 0.3134765625 0.35076530625
9 0.1064453125 0 0.064453125 0.0334821421875 0.06640625 0.1610331625 0.076171875 0.19929846874999999 0.1103515625 0.23596938750000002 0.15625 0.234375 0.2431640625 0.178571428125 0.2724609375 0.1817602046875 0.302734375 0.19929846874999999 0.287109375 0.11639030624999999 0.2890625 0.007971939062499999 0.2841796875 0 0.1064453125 0
9 0.076171875 0.27582908125 0.0517578125 0.24234693906250002 0.0009765625 0.2008928578125 0 0.4735331625 0.005859375 0.4767219390625 0.0576171875 0.43048469375 0.1025390625 0.42410714218749995 0.10546875 0.374681121875 0.076171875 0.27582908125
9 0.6552734375 0.133928571875 0.7314453125 0.102040815625 0.734375 0.094068878125 0.7177734375 0.0637755109375 0.6923828125 0.03826530625 0.6591796875 0.03507653125 0.6259765625 0.054209184375 0.611328125 0.078125 0.591796875 0.15784438750000002 0.55859375 0.24394132656249998 0.560546875 0.291772959375 0.580078125 0.3268494890625 0.587890625 0.3077168375 0.587890625 0.26945153125 0.599609375 0.22161989843750002 0.6552734375 0.133928571875
9 0.5009765625 0.153061225 0.4755859375 0.1275510203125 0.4345703125 0.12117346874999999 0.4150390625 0.1307397953125 0.390625 0.16741071406250002 0.380859375 0.20886479531250002 0.400390625 0.21205357187499999 0.4501953125 0.175382653125 0.4912109375 0.172193878125 0.513671875 0.1833545921875 0.5009765625 0.153061225