13 0.282675071875 0.2365802984375 0.2750417 0.2629999 0.2935468671875 0.30989447187499997 0.34607948125 0.3578308640625 0.40904703124999997 0.38876629218750003 0.48949288593749996 0.4049343203125 0.5665424781249999 0.406620715625 0.6406185828125001 0.38299211093749996 0.6759143453124999 0.35153385937500004 0.6878731375 0.30901927812499996 0.6772615796875 0.27640771875 0.6272749890625 0.2309035125 0.574830684375 0.2077733828125 0.506264703125 0.191716840625 0.4645155703125 0.1922883625 0.415472225 0.21735603281250002 0.381700315625 0.22330066718750002 0.34928503437499997 0.2215514859375 0.322468184375 0.2049234234375 0.282675071875 0.2365802984375
13 0.592430171875 0.453825396875 0.5718994562499999 0.4859038703125 0.5688517421875 0.536931109375 0.6028838875 0.5716890953125 0.645144103125 0.585090475 0.679510709375 0.5842088421875 0.6968248359375 0.582675890625 0.6972030859375 0.5805307296875 0.6936810625 0.579766065625 0.716506953125 0.5768494921875 0.7233783953125 0.5631866999999999 0.7095425046875 0.531989859375 0.715140934375 0.5171109734375 0.71441784375 0.5017261671875 0.7024108250000001 0.5049500359375 0.70138865625 0.47700422812500004 0.7207346718750001 0.468515921875 0.7304029812499999 0.4305556046875 0.6778750625 0.41633537656249997 0.641217975 0.4217712734375 0.592430171875 0.453825396875
13 0.628288671875 0.8072178609374999 0.6145410906250001 0.8008272812499999 0.6681654 0.76665108125 0.6724908187499999 0.750556103125 0.6511051703125 0.736868959375 0.5962867703125 0.727202996875 0.5070181484375 0.7273285703125 0.47112768593750004 0.753723821875 0.4689255140625 0.7830843468750001 0.48471273281249994 0.8116503765624999 0.5363951078125 0.8475373171875 0.5952833875 0.8341218484375 0.6265928890625 0.8168351250000001 0.628288671875 0.8072178609374999
13 0.5462212578125001 0.724324859375 0.598405325 0.7067523765625 0.6115535125 0.6743637921875 0.5854938953125 0.611262753125 0.5460305484375 0.5735638437499999 0.46083180625000003 0.5506079875000001 0.42120592500000004 0.5644450546875001 0.40457785937499996 0.5912619046875001 0.4003407484375 0.6321631453125 0.41833483125 0.6650848140625001 0.45049926874999996 0.69356370625 0.4942880359375 0.71516763125 0.5462212578125001 0.724324859375
13 0.5646099390625 0.544116184375 0.56799680625 0.49116549374999996 0.59488788125 0.43145132343750003 0.5828360828125 0.41544348124999997 0.5604329640625 0.40752669687500004 0.47184265625000005 0.40380536562499997 0.44019399843749996 0.4230155421875 0.41864581406249995 0.4608643734375 0.41831135625 0.49650399062500006 0.44207579375000006 0.5304431296875001 0.4643952984375 0.5472698203124999 0.5188745421875 0.5588592343750001 0.5646099390625 0.544116184375
13 0.46604033593749994 0.7825756125 0.46925997812500003 0.7474447296875 0.49293141093750004 0.7228614421875 0.4269067546875 0.675520925 0.394152315625 0.675695196875 0.3509629421875 0.692870434375 0.326696809375 0.7123907218750001 0.31651741875 0.7363781359375 0.32398825468750003 0.7614945078125 0.34562944375 0.7821681015624999 0.36769340625 0.792008340625 0.4260752984375 0.7983361296875 0.46604033593749994 0.7825756125
13 0.249902759375 0.7176907828125 0.2762085265625 0.7203459453125001 0.3277142796875 0.7066203640625 0.3910115953125 0.6682000109375 0.394997859375 0.654028484375 0.39355292343750004 0.636916034375 0.377682090625 0.617259909375 0.3133579140625 0.594018290625 0.2867129890625 0.5932865828125 0.2493775890625 0.602569384375 0.2206141109375 0.6222882953125 0.20398604531250003 0.6491051453125001 0.2043298984375 0.6808978578125 0.225292775 0.7054183578125001 0.249902759375 0.7176907828125
13 0.2212924234375 0.6184413906249999 0.25811674375 0.5951856859375 0.26278131875 0.5771672515625 0.23095604062500003 0.5467649078125 0.2284053203125 0.51061655625 0.1896249828125 0.50278690625 0.1438895875 0.5175299578125 0.126072128125 0.534220809375 0.11436887656250001 0.58372184375 0.1499295734375 0.626682375 0.18641943125 0.639066284375 0.20924532031249998 0.6361497125 0.2212924234375 0.6184413906249999
13 0.3800561859375 0.6037957421875 0.397450875 0.5979382453125 0.4258705015625 0.546426621875 0.41610918437500005 0.525864515625 0.3861516140625 0.501741265625 0.3045163640625 0.47544723437499997 0.2458836234375 0.49584915625 0.2312904984375 0.511125290625 0.22722061875000002 0.534206721875 0.25005120625 0.565006315625 0.2797532359375 0.5821431125000001 0.32201345 0.5955444953125 0.3800561859375 0.6037957421875
13 0.2333254375 0.499584575 0.279483609375 0.47400816875 0.28448734062500003 0.4540662828125 0.262163140625 0.4035234296875 0.210141609375 0.36955994062499997 0.151081403125 0.367079053125 0.12723804375 0.375765984375 0.11586925625 0.3896274015625 0.1114602203125 0.4146322859375 0.1196093703125 0.4359017515625 0.17078535781249998 0.49153195156249996 0.189964140625 0.5008634562500001 0.2333254375 0.499584575
13 0.43450725625000003 0.41308816875 0.4221163 0.399003778125 0.375103196875 0.37881456875 0.319606484375 0.3729955109375 0.2753996390625 0.39594110625 0.270312290625 0.42479289531250003 0.293482034375 0.4536690359375 0.3282761078125 0.47567021093750006 0.400066425 0.49031203437500004 0.414575934375 0.48394580468750004 0.43450725625000003 0.41308816875
13 0.31527636718749996 0.3553743265625 0.32248696718750003 0.3397880828125 0.27742049375 0.283251896875 0.274614234375 0.240117090625 0.2511936453125 0.23797066562500002 0.21224607812500002 0.24796082656250001 0.183059828125 0.2785130953125 0.177294165625 0.311211790625 0.20572787812499999 0.3608486609375 0.2447637578125 0.375664759375 0.28685204531249997 0.3731697875 0.31527636718749996 0.3553743265625