13 0.3125 0.27392578125 0.2783203125 0.2431640640625 0.2353515625 0.1728515640625 0.2021484375 0.1728515640625 0.1689453125 0.19921875 0.15234375 0.22998046875 0.14453125 0.27392578125 0.1464843765625 0.31201171875 0.16015625 0.35302734375 0.1845703125 0.380859375 0.2363281234375 0.39111328125 0.2607421875 0.38671875 0.28515625 0.36181640625 0.3125 0.29443359375 0.3125 0.27392578125
13 0.30859375 0.51416015625 0.3066406234375 0.48193359375 0.2890625 0.43505859375 0.2509765625 0.3984375 0.2197265625 0.3984375 0.1923828125 0.41015625 0.1621093765625 0.45263671875 0.1464843765625 0.50244140625 0.1464843765625 0.55810546875 0.15625 0.59033203125 0.1787109375 0.6181640640625 0.21484375 0.62255859375 0.2412109375 0.6181640640625 0.2705078125 0.5947265640625 0.296875 0.55517578125 0.30859375 0.51416015625
13 0.2871093765625 0.66064453125 0.2744140625 0.638671875 0.2509765625 0.6240234359375 0.1806640625 0.6328125 0.1582031234375 0.65771484375 0.14453125 0.69287109375 0.140625 0.74560546875 0.1464843765625 0.78369140625 0.1826171875 0.837890625 0.2363281234375 0.84228515625 0.2744140625 0.814453125 0.29296875 0.77197265625 0.296875 0.72802734375 0.2871093765625 0.66064453125
13 0.4394531234375 0.60791015625 0.42578125 0.56396484375 0.4052734375 0.533203125 0.3935546875 0.5244140640625 0.3447265625 0.5244140640625 0.3046875 0.56982421875 0.2910156234375 0.61962890625 0.2890625 0.67529296875 0.3027343765625 0.73681640625 0.3212890625 0.767578125 0.3447265625 0.78515625 0.37109375 0.78662109375 0.3955078125 0.7763671859375 0.42578125 0.73388671875 0.4394531234375 0.67529296875 0.4394531234375 0.60791015625
13 0.4511718765625 0.37939453125 0.4453125 0.34716796875 0.4208984375 0.2900390640625 0.3935546875 0.26953125 0.3662109375 0.2666015640625 0.3291015625 0.2841796859375 0.3027343765625 0.31494140625 0.2890625 0.35595703125 0.2871093765625 0.40869140625 0.296875 0.45263671875 0.3251953125 0.498046875 0.3466796875 0.515625 0.3828125 0.51708984375 0.4111328125 0.50390625 0.43359375 0.47314453125 0.44921875 0.42919921875 0.4511718765625 0.37939453125
13 0.58984375 0.21240234375 0.5693359375 0.1845703140625 0.5302734375 0.1640625 0.4873046875 0.1640625 0.4599609375 0.1787109359375 0.44140625 0.20654296875 0.4296875 0.24169921875 0.4277343765625 0.28271484375 0.4394531234375 0.32958984375 0.4814453125 0.3779296859375 0.5546875 0.37939453125 0.58203125 0.35009765625 0.59375 0.31787109375 0.59765625 0.23583984375 0.58984375 0.21240234375
13 0.59765625 0.45849609375 0.5878906234375 0.42919921875 0.5615234375 0.3955078140625 0.5322265625 0.3837890640625 0.5009765625 0.38671875 0.4716796875 0.4072265640625 0.4453125 0.44677734375 0.43359375 0.49658203125 0.4355468765625 0.53466796875 0.4511718765625 0.57275390625 0.4833984375 0.6064453140625 0.54296875 0.60791015625 0.5693359375 0.591796875 0.5917968765625 0.55810546875 0.5996093765625 0.51708984375 0.59765625 0.45849609375
13 0.5996093765625 0.68115234375 0.5810546875 0.6416015640625 0.5556640625 0.6181640640625 0.4814453125 0.62109375 0.4599609375 0.6416015640625 0.4394531234375 0.68408203125 0.43359375 0.73388671875 0.44140625 0.77490234375 0.453125 0.80712890625 0.4775390625 0.8349609359375 0.5371093765625 0.83935546875 0.5751953125 0.814453125 0.59375 0.78076171875 0.6015625 0.74853515625 0.5996093765625 0.68115234375
13 0.80078125 0.72802734375 0.7607421875 0.6796875 0.7216796875 0.662109375 0.6787109375 0.66796875 0.6630859375 0.6796875 0.6386718765625 0.72509765625 0.64453125 0.81884765625 0.6582031234375 0.86572265625 0.6884765625 0.9169921859375 0.7197265625 0.9404296859375 0.7480468765625 0.94189453125 0.7822265625 0.92578125 0.8125 0.87744140625 0.8183593765625 0.77197265625 0.80078125 0.72802734375
13 0.9375 0.56396484375 0.9208984375 0.5361328140625 0.8896484375 0.5068359359375 0.8330078125 0.5009765640625 0.8115234375 0.509765625 0.7841796875 0.5361328140625 0.7714843765625 0.56396484375 0.76171875 0.60498046875 0.7636718765625 0.65185546875 0.7753906234375 0.68408203125 0.8173828125 0.73828125 0.8408203125 0.75 0.8730468765625 0.74853515625 0.9130859375 0.7236328140625 0.9355468765625 0.68408203125 0.9433593765625 0.64599609375 0.9375 0.56396484375
13 0.7871093765625 0.49951171875 0.7871093765625 0.46142578125 0.77734375 0.41748046875 0.7587890625 0.3896484359375 0.7275390625 0.375 0.6982421875 0.3779296859375 0.6689453125 0.3955078140625 0.64453125 0.42919921875 0.6347656234375 0.45849609375 0.640625 0.57568359375 0.6767578125 0.6181640640625 0.71484375 0.62255859375 0.7412109375 0.6123046859375 0.76171875 0.58447265625 0.7792968765625 0.54345703125 0.7871093765625 0.49951171875
13 0.8515625 0.24462890625 0.8271484375 0.2080078140625 0.8056640625 0.1962890640625 0.7705078125 0.193359375 0.7412109375 0.2080078140625 0.72265625 0.22998046875 0.7089843765625 0.26220703125 0.70703125 0.30908203125 0.7128906234375 0.32958984375 0.7353515625 0.3662109359375 0.7587890625 0.38671875 0.7822265625 0.3984375 0.8066406234375 0.39697265625 0.8330078125 0.380859375 0.85546875 0.34130859375 0.8613281234375 0.29150390625 0.8515625 0.24462890625