9 0.6271413796875 0.5030636265624999 0.5771122328125 0.47745391093749995 0.564902703125 0.44790244843749993 0.5067429359375 0.431546690625 0.42147808593749997 0.436385815625 0.40671184531250004 0.46719205781250006 0.4334289875 0.505817484375 0.5052842125 0.535068096875 0.5450049046875 0.5415142312500001 0.60193736875 0.5346463906250001 0.6271413796875 0.5030636265624999
9 0.57349380625 0.6104676421875 0.5419037343750001 0.59476755 0.47588104531250003 0.576740475 0.4476870421875 0.5837265890625 0.4453980265625 0.6331590171875 0.5015364734375 0.68802193125 0.5369196265625 0.695542853125 0.5785323234375 0.683421934375 0.596685565625 0.6463469671875 0.57349380625 0.6104676421875
9 0.6456257953125 0.6577479125 0.63098886875 0.6686140515625 0.624491628125 0.6991811640625001 0.645653 0.7446127109375 0.69201838125 0.7584614953125 0.7390575359375 0.7594745609375 0.75746940625 0.6825193859375001 0.713540490625 0.6572079343749999 0.6456257953125 0.6577479125
9 0.7655728203125001 0.5864006296875 0.738994059375 0.5567900328125 0.7052352187500001 0.5416273328125001 0.669039909375 0.5379273015625 0.6186228203125 0.5721378953125 0.5968058125 0.59745193125 0.5970825750000001 0.6154815890625 0.6243351109375 0.63225646875 0.7081140312499999 0.6440739515625 0.7509449625 0.6262217015625 0.7655728203125001 0.5864006296875
9 0.8186487296875 0.38502743281249996 0.7725510437499999 0.360253375 0.717510584375 0.3485541640625 0.6936541203125001 0.354465490625 0.6787585671875 0.405211834375 0.7207954765625 0.44909033750000005 0.755366475 0.4604321484375 0.8036238625 0.4557138796875 0.8217771046875001 0.41863891249999996 0.8186487296875 0.38502743281249996
9 0.6857730609375 0.294884309375 0.7204643046875 0.2573310828125 0.70012415625 0.2370335796875 0.6773475421875 0.22819874218749997 0.6498273140624999 0.22234913750000002 0.6224454640625 0.22551436093750002 0.5935776890625 0.2453361921875 0.5736617546875 0.28103810937499996 0.5831580546875 0.3040225796875 0.64918074375 0.322049653125 0.684425515625 0.3205557453125 0.6857730609375 0.294884309375
9 0.8405950531249999 0.33977329218749996 0.8473599875 0.29828090625 0.8374576109375 0.27720688125000004 0.8102050765625 0.2604320015625 0.770484384375 0.2539858671875 0.7210087640625 0.26443546875 0.6841487500000001 0.3025260875 0.68483159375 0.31864530156250004 0.7104598171875 0.3430619578125 0.7650941984374999 0.35667161406250003 0.812945509375 0.353863790625 0.8405950531249999 0.33977329218749996
9 0.6234299125 0.7718371921875 0.681857375 0.7772676765625001 0.6916123046875 0.7603719390625 0.6491783843750001 0.7473588140625 0.6368395390625 0.7377474546875 0.6227289359375 0.6978081125 0.5798889375 0.6867054312499999 0.5521010125 0.6917810984375 0.5094084640625 0.7186481796875 0.50615984375 0.7339317359375 0.5293516031250001 0.7698110609375 0.5862931359375 0.7918981515625 0.6234299125 0.7718371921875
9 0.665217265625 0.8845508343749999 0.60704843125 0.83924014375 0.5932145906249999 0.817330459375 0.5518695890624999 0.8185261031250001 0.4920855125 0.8098121234375 0.4626732765625 0.8225295703125 0.46647542499999994 0.8433053312500001 0.541182259375 0.8881377640625001 0.63201195 0.9054474515625 0.659799875 0.900371784375 0.665217265625 0.8845508343749999
9 0.47052713125 0.795245953125 0.51146605625 0.7959607546874999 0.536134675 0.7862285390625 0.5368084484375 0.7733928203125 0.5166066828125 0.762110146875 0.50615984375 0.7339317359375 0.5236393140625 0.7096924859375 0.4877117015625 0.6950671796875 0.4507042390625 0.6951880375 0.430779234375 0.7019350203125 0.4231930765625 0.7182933640625 0.41385329375 0.7622335875 0.42280513593749997 0.7781136734375 0.47052713125 0.795245953125
9 0.40292783437499996 0.5043261609374999 0.3998266625 0.5575794796875 0.41962235156250005 0.5707725984375001 0.4506679671875 0.57936830625 0.4892997390625 0.571605671875 0.4948464421875 0.53584461875 0.41580206875 0.49208697187499995 0.40292783437499996 0.5043261609374999
9 0.6106964203125 0.36778205 0.5740950359375 0.3659924625 0.516341346875 0.3477262609375 0.475134728125 0.3579367328125 0.4427415671875 0.37501246250000003 0.439899025 0.3883855734375 0.4674283234375 0.42319011250000005 0.5718150890625 0.44437982500000006 0.6117853390625 0.3819908203125 0.6106964203125 0.36778205
9 0.615033959375 0.3667072640625 0.6345528859375 0.361870725 0.6754827421875 0.3336305921875 0.67358166875 0.32324271250000003 0.5866834390625 0.30676868281249997 0.5712252890625 0.2925007765625 0.5802973765624999 0.2594858265625 0.5397645296875 0.25686058125 0.49218998437500006 0.2776980625 0.4869109765625 0.3025338421875 0.5114593484375 0.3416966625 0.5623006515625 0.3634854890625 0.615033959375 0.3667072640625
9 0.6668258 0.39369003125 0.6271051078125 0.387243896875 0.6024364875 0.3969761125 0.5718150890625 0.44437982500000006 0.57087361875 0.4681408171875 0.597314 0.48873658593749997 0.6562859203125 0.5012714546875 0.6840738453124999 0.49619578593749997 0.7226965515625 0.45947821875 0.6668258 0.39369003125
9 0.7435720906250001 0.457925175 0.724053165625 0.46276171406250005 0.68366776875 0.49810622968749996 0.68991545 0.5363742578124999 0.7429255203125 0.557625690625 0.7856271390625 0.5597135421874999 0.808376546875 0.48168358125 0.79549324375 0.4649678375 0.7435720906250001 0.457925175
9 0.7020591421875 0.7885503500000001 0.6438993765625 0.7721945921875 0.61692360625 0.773449371875 0.5927994453125 0.790285971875 0.6059595125 0.825031375 0.6427083484375 0.8647907234375 0.6668415750000001 0.87690905625 0.709543190625 0.8789969078125001 0.725924675 0.81159395625 0.7020591421875 0.7885503500000001
9 0.687061478125 0.9461015953125 0.6425881015625 0.913685759375 0.5765654125 0.8956586859375 0.51719648125 0.91398919375 0.513541784375 0.9311831953124999 0.535376928125 0.9637790234375 0.5591040781250001 0.9778078015625 0.6782661531249999 0.9971462046875 0.6838219249999999 0.9903400843749999 0.687061478125 0.9461015953125
9 0.8356858515625 0.24687889687500003 0.8489661640625 0.2327292625 0.8291614062500001 0.1905812109375 0.7666641015625 0.175300240625 0.7525625640625 0.1643158296875 0.728973796875 0.1593018828125 0.6885793312499999 0.1656914671875 0.6858842390625 0.21703434062500002 0.7264261546874999 0.24861451875 0.7496088453125 0.25553891093750003 0.80274823125 0.256850240625 0.8356858515625 0.24687889687500003