9 0.5468580109375 0.6182313125000001 0.550883934375 0.562172725 0.5733155546875001 0.5393871171875 0.565646278125 0.4794600671875 0.527876209375 0.4028641546875 0.49374928437500004 0.4013087171875 0.46863361093749994 0.4409941328125 0.469784353125 0.518566340625 0.479370765625 0.557648134375 0.5079379328125 0.607371265625 0.5468580109375 0.6182313125000001
9 0.42703031718749995 0.6108145515625 0.4291391046875 0.575601221875 0.41993599374999996 0.5077832765625 0.4024889671875 0.484560253125 0.3560917875 0.501767990625 0.3275252484375 0.5748803515625001 0.334427503125 0.610389375 0.3618442421875 0.6439580453125 0.40306496718749996 0.6461818484374999 0.42703031718749995 0.6108145515625
9 0.41169281093750004 0.695686271875 0.39597137656250003 0.686458646875 0.36529552656250003 0.6924214281250001 0.3317439734375 0.7296520937500001 0.3371124984375 0.7777428046875 0.35455962812499997 0.821438409375 0.43259133125 0.80831784375 0.43872625000000004 0.7579910921875 0.41169281093750004 0.695686271875
9 0.52423536875 0.7782204859374999 0.5411069187499999 0.742184825 0.5418736265625 0.705185109375 0.531136890625 0.670421434375 0.479946346875 0.637379403125 0.44812006875000004 0.6271877234375001 0.4316318203125 0.634487234375 0.42683887656249997 0.6661277921875 0.448695859375 0.7478641546875 0.48186432031250004 0.780314803125 0.52423536875 0.7782204859374999
9 0.730338784375 0.7483943421875 0.7351316234375 0.6962812015625001 0.724394784375 0.641044946875 0.7096319156249999 0.6213946953125 0.657099503125 0.627511440625 0.6331342578125 0.6833513171875001 0.6362020312500001 0.7196056890625 0.6594008828125 0.7621832734375 0.7006216078125 0.7644070765625 0.730338784375 0.7483943421875
9 0.7613973078125 0.59085991875 0.8095201828125 0.6081201640625 0.820256603125 0.581466090625 0.81948958125 0.5570480609375 0.8141211625 0.529429934375 0.8005086171875 0.5054615609375 0.7709829859374999 0.48663364062500003 0.7303374234375 0.48225077499999996 0.71289060625 0.4999729140625 0.7220937171874999 0.567790859375 0.737240096875 0.5996501265624999 0.7613973078125 0.59085991875
9 0.7805705515625 0.7509138375 0.821407765625 0.7409286265625 0.836937340625 0.7235791609375 0.8417302843750001 0.6919386046875 0.832143871875 0.652856809375 0.8031932984375001 0.61139724375 0.7537283453125 0.5923506140625 0.7391573375 0.5992774515625 0.7266954296875 0.6324087046875 0.7355150312500001 0.688017634375 0.7567966421875 0.7309678953125001 0.7805705515625 0.7509138375
9 0.2980004546875 0.7198330859375 0.315831096875 0.775737709375 0.33519525781250004 0.7781154781249999 0.33059365 0.7339702140625 0.33461978124999997 0.7188567906250001 0.3658706875 0.6902623671875 0.3593518390625 0.6464897781250001 0.3438220546875 0.6228940796875 0.30240946874999997 0.5940931875000001 0.2870715453125 0.597074578125 0.26310619375 0.6324418734374999 0.2650237484375 0.6934869453125 0.2980004546875 0.7198330859375
9 0.21057461875 0.8023392765624999 0.22955495468749998 0.731090284375 0.2443176140625 0.7097953718750001 0.22706223906249998 0.672204271875 0.21172399999999997 0.613767915625 0.188525253125 0.5916629125 0.17088668125 0.6032805453125001 0.15880849531250002 0.6895659765625 0.17836483125 0.7799385812499999 0.19389461562500002 0.8035342796875 0.21057461875 0.8023392765624999
9 0.2167087 0.5882318671875 0.232046834375 0.626195640625 0.2506441828125 0.64510054375 0.2627227875 0.640705440625 0.2652150859375 0.617701125 0.2870715453125 0.597074578125 0.3162136640625 0.6036934859375 0.31563829375 0.5649073812500001 0.3010670765625 0.5308890546875 0.287071125 0.5151842484375 0.26904904375 0.5145928671875 0.224952509375 0.5231643640625 0.2138325765625 0.5376094218749999 0.2167087 0.5882318671875
9 0.45808863125 0.41233496562500005 0.40785696875 0.43028805156249994 0.40344743125000004 0.4536650421875 0.407665528125 0.48560129218750003 0.42990570625 0.5181289234374999 0.46499119999999994 0.5092617328125 0.47438522812499995 0.41940352968749994 0.45808863125 0.41233496562500005
9 0.6649598015625 0.550234925 0.652305825 0.515843925 0.6465537890624999 0.4555442 0.621054290625 0.42160285625 0.5926789828125 0.3984568125 0.5792582984375 0.4010655296875 0.55797710625 0.44000559843750003 0.57925903125 0.544373603125 0.652306034375 0.5567890875 0.6649598015625 0.550234925
9 0.667643959375 0.5538076968750001 0.67972266875 0.5698851765625 0.7217104171875001 0.596527009375 0.730529703125 0.59071819375 0.711740284375 0.5042910359375 0.7188339796875 0.48448681875000005 0.7527691484375 0.4799377515625 0.7393482546875 0.441601303125 0.7015783953125 0.4059505546875 0.6766542671875 0.410795315625 0.650196515625 0.44869434531249996 0.6500050734375 0.5040075828125 0.667643959375 0.5538076968750001
9 0.663042875 0.61202534375 0.6534564625 0.5729435484375001 0.6348591140625001 0.55403864375 0.57925903125 0.544373603125 0.5570190625 0.5527911359375001 0.5483916359375 0.5851770421875 0.55989539375 0.6443587453124999 0.5754251796875 0.66795444375 0.624314971875 0.689160134375 0.663042875 0.61202534375
9 0.6339012796875 0.7077693468749999 0.6218225687500001 0.69169186875 0.5735079390625 0.6683271171875 0.5407231984374999 0.6890306484375001 0.5418738359375 0.746130271875 0.5566368078124999 0.7862531078125 0.63735266875 0.7767053125000001 0.6477056828125 0.7583148078125 0.6339012796875 0.7077693468749999
9 0.3133387984375 0.798742025 0.30566952187499996 0.7388149734375 0.29397421874999996 0.714473928125 0.2690499859375 0.6988461046875 0.24220872187500003 0.724536121875 0.2199689625 0.77389881875 0.21824358125 0.80084858125 0.233006553125 0.8409714140625001 0.301452053125 0.8297142171875 0.3133387984375 0.798742025
9 0.1624520578125 0.8464967781249999 0.1749138609375 0.79289294375 0.16571075 0.7250749984375 0.1256401375 0.677587909375 0.1083849734375 0.680941975 0.086912025 0.7137775359375 0.083269403125 0.741099971875 0.112028640625 0.8583453578125001 0.12046452031249999 0.860800109375 0.1624520578125 0.8464967781249999
9 0.864162115625 0.7100981609375 0.882375953125 0.7167940500000001 0.9134351046875 0.6820951203125001 0.9030816703125 0.6185952968749999 0.9076829625 0.6013228125000001 0.9030814609375 0.57765013125 0.8814164421875 0.542963440625 0.833102021875 0.5605438515625 0.8198733031250001 0.610202240625 0.8225575656249999 0.634247596875 0.842113690625 0.6836750359375 0.864162115625 0.7100981609375