13 1 0.73221350625 0.9205091281250001 0.7192349734375 0.86484094375 0.732108153125 0.7968418140625 0.7681849546875 0.7676796828125 0.8147077765624999 0.7709566437500001 0.8762911734375001 0.8149758984375 0.9317422093750001 0.8261064796875001 0.9339993375000001 1 0.8906428140625 1 0.73221350625
13 0.7387881890625 0.807820815625 0.6983012484375 0.7847022078125 0.6551964375 0.781359025 0.60262626875 0.7642724796875 0.5379575921875 0.7773768171875 0.4780063078125 0.82151165 0.41593257812499995 0.851078790625 0.4052668609375 0.8627961796875001 0.399078465625 0.9106362171875 0.4137413625 0.9452257734374999 0.462276146875 0.9764024140625001 0.558903775 0.9885429515625 0.6214347250000001 0.9850297375 0.7067146234374999 0.9637670703125 0.7382316328125 0.9387992015625001 0.765263675 0.88978809375 0.759608915625 0.8428879703125001 0.7387881890625 0.807820815625
13 0.40075414531250003 1 0.4042454421875 0.9798000484375 0.3730219921875 0.9151199078125 0.3351452875 0.8843052859375 0.2927606921875 0.865685653125 0.23592270937499998 0.8557019468749999 0.18546734843749998 0.8652625046875 0.164856128125 0.8734208359375 0.12480348906250001 0.9125943796874999 0.13071360468749998 0.9302435359375 0.09399905625 0.934365209375 0.110363646875 1 0.40075414531250003 1
13 0.5026529109375 0.7992632234375 0.52990974375 0.769318784375 0.5450986328125 0.7212475890625 0.5294907296875 0.682867815625 0.48711377499999997 0.6521687734375 0.40610933437499996 0.6542491921875 0.34216851406250004 0.639997671875 0.3040288109375 0.6505134265625 0.2583061265625 0.6669456625 0.223233878125 0.6958193328125 0.1741883875 0.723144625 0.1642123203125 0.7679032 0.1854979125 0.8169448703125 0.2224296078125 0.8439692750000001 0.2922881890625 0.8637905453125001 0.36997746249999997 0.8605237718750001 0.4429417 0.8383059062499999 0.5026529109375 0.7992632234375
13 0 0.5341117375 0.0453311734375 0.7391689984375 0.1123623703125 0.7355402046874999 0.169215634375 0.72136509375 0.22797419687499998 0.6906116 0.2656566796875 0.654041921875 0.2836805875 0.6173413796875 0.281348634375 0.5595482015625 0.24821224687500001 0.5235258515625001 0.22666366093749998 0.5158145546874999 0.172188196875 0.5153063953125 0.0997193859375 0.5031811390625001 0 0.525081165625 0 0.5341117375
13 0.4114596953125 0.43350721875 0.4652684296875 0.3647359703125 0.483787765625 0.2936923125 0.47149503125000003 0.256498890625 0.42959058125 0.22769495625 0.3092766390625 0.217434246875 0.2275519796875 0.23479111718749998 0.16382066875 0.263765078125 0.089415996875 0.316535840625 0.06831699375 0.346957878125 0.04884500625 0.426290728125 0.0606652421875 0.461589040625 0.1089599515625 0.49785783125 0.1717156921875 0.5134112843749999 0.2380343140625 0.5129795328125 0.33089719375 0.48580038124999997 0.4114596953125 0.43350721875
13 0 0.3296927453125 0.0050887468749999994 0.329509315625 0.0652571796875 0.316520559375 0.1083772734375 0.295704925 0.177569121875 0.24624678437499997 0.2119517171875 0.1843319328125 0.20534430625 0.1457210015625 0.17220791875000002 0.1096986515625 0.1329060609375 0.0852781109375 0.11514514687499999 0.080648278125 0 0.10988378750000001 0 0.3296927453125
13 0.4399381359375 0 0.23903724999999998 0.050764965625000005 0.22052555312500002 0.109729215625 0.22618795781249998 0.1445499296875 0.26074185625 0.18625760625 0.3102292875 0.20914505625 0.3831706015625 0.22316541875 0.44333139375 0.22225607187500002 0.533351609375 0.1957856734375 0.5928303875000001 0.14975573281250001 0.6056338375 0.12844721875 0.6075467734375 0.099789428125 0.590536640625 0.0315655109375 0.568796771875 0 0.4399381359375 0
13 0.6241176015625001 0 0.6052071765625 0.054075659374999994 0.62646984375 0.13935555625 0.6600863765625 0.16519360624999999 0.7138416249999999 0.18097821875 0.7943735625 0.1770026890625 0.8327533359375 0.1613947828125 0.8896218843750001 0.12306085468750001 0.9116658984375 0.09642903593749999 0.8876234390625 0 0.6241176015625001 0
13 0.8561078875 0.30956001093749996 0.860390984375 0.27829835625 0.839577896875 0.23115179375 0.757418940625 0.1862165109375 0.658421153125 0.176679840625 0.582854325 0.19451430625 0.5134300453125 0.236985190625 0.48900823125 0.27830028281249997 0.4856625015625 0.32543156406249996 0.5121532734375001 0.383240025 0.542694709375 0.40279957031249997 0.6279516843749999 0.4177751328125 0.699010625 0.4121356484375 0.7819280046875 0.381397440625 0.83500888125 0.33998205000000004 0.8561078875 0.30956001093749996
13 1 0.43860771718749997 0.965538959375 0.30039203593749997 0.9572510421875 0.29742615156249996 0.8935273718750001 0.31432070625 0.867230825 0.323896546875 0.837843903125 0.351352703125 0.797566471875 0.37145957812499997 0.7622541515625 0.40542539531250005 0.7484827765625 0.45918191718749996 0.7593580015625 0.4906900125 0.7943920421875 0.5222133890625 0.8557226328124999 0.544160925 0.9168284328125 0.54704179375 1 0.5281944859375 1 0.43860771718749997
13 0.6845037484375001 0.5053274390625 0.6892669921875 0.46388148281249997 0.6731789421875 0.435686009375 0.646425175 0.4192079234375 0.53132405625 0.4056345921875 0.44059890468749996 0.42322262187500004 0.32070397968750003 0.49941288124999994 0.297932109375 0.553400559375 0.30500438281250003 0.605986009375 0.3253602453125 0.627078646875 0.40563683125 0.652354084375 0.47811328125 0.6523999296875 0.5406518734375 0.6368073062499999 0.58945729375 0.6145741640625 0.6479910640625001 0.5647540046875 0.6845037484375001 0.5053274390625
13 0.7717379890625 0.764379453125 0.849457828125 0.7127950453125 0.8805176156250001 0.6617732515625 0.8867136500000001 0.6018538062500001 0.8815237515625001 0.5689282 0.8673257187500001 0.5483131609375 0.8107278078125001 0.53323730625 0.7761586265625 0.5156884453125 0.702489453125 0.529023940625 0.666239765625 0.5471201296875 0.615521409375 0.598011065625 0.5738188265625 0.624512025 0.5555624859375 0.6542253062500001 0.5498542343749999 0.69188104375 0.5763526484375 0.7376100953125 0.6260725093749999 0.7674848046875 0.66703959375 0.7804191109375 0.7091993984375 0.779972075 0.7717379890625 0.764379453125
13 1 0.5296780984375 0.946672575 0.5456395640625 0.9179982296875 0.5698986781250001 0.8866983703125 0.6260126234375 0.8880929578125001 0.667936175 0.9037085046875 0.6942365406250001 0.9484556156249999 0.7223317203125 1 0.7301453546875 1 0.5296780984375