13 0.1049452828125 0 0.096649675 0.0093564984375 0.08756885156250001 0.049608825 0.087715559375 0.0825196015625 0.10512518125 0.1468749046875 0.14943794531250001 0.17113089374999998 0.177606590625 0.10135935625 0.19727900468749998 0.0853961375 0.218753359375 0.0817088046875 0.2250097640625 0.034979381250000004 0.2138122203125 0 0.1049452828125 0
13 0.1603207125 0.143154446875 0.1545755515625 0.1869844796875 0.1575466828125 0.226372353125 0.1704514515625 0.260037953125 0.21680917812499997 0.2726963765625 0.25827232499999997 0.245627771875 0.2794784625 0.22096638125 0.2888275078125 0.2016881078125 0.28919204062500004 0.16587793906249998 0.2767985109375 0.12931294843750002 0.2553723140625 0.1046081703125 0.2266420359375 0.08758409843750001 0.19484431093750001 0.087956375 0.171714721875 0.11227860781250001 0.1603207125 0.143154446875
13 0.23348750312500002 0.29058490312499996 0.222604734375 0.3185613484375 0.21776054218750002 0.36852931875 0.2385058296875 0.43646232500000004 0.2795562828125 0.473596 0.300909128125 0.4818453890625 0.3368701328125 0.47473336718750003 0.3702497359375 0.43727080156250003 0.3848327046875 0.377061890625 0.3851972375 0.3412517203125 0.3667651328125 0.2826952015625 0.345338934375 0.25799042499999997 0.31660865625 0.2409663546875 0.274682428125 0.2425422390625 0.25257532031249996 0.2610656890625 0.23348750312500002 0.29058490312499996
13 0.13381176875 0.4284653171875 0.1279450984375 0.484232071875 0.143406071875 0.5034007140625001 0.16142325156249998 0.5080723984375 0.1928060484375 0.4538152875 0.23112839531249998 0.42768764218750005 0.2159586015625 0.3562534390625 0.23105280781249998 0.2931451359375 0.207898021875 0.2726198703125 0.14775975 0.26500540625 0.1261638828125 0.2806294625 0.10337586562500001 0.342381140625 0.1289171890625 0.3887382875 0.13381176875 0.4284653171875
13 0 0.573756815625 0.032480804687499996 0.58698063125 0.0868968765625 0.5651855125 0.1096367375 0.53182595 0.12499916250000001 0.48969169843750004 0.1327892859375 0.43426410156250006 0.127504975 0.3854997390625 0.0983116140625 0.34298294375 0.05112626875 0.340641971875 0.014922240625 0.371627440625 0 0.456255671875 0 0.573756815625
13 0.09933409531250001 0.3371841640625 0.11374739062500001 0.3173040859375 0.1247516734375 0.27739091718750003 0.1201001125 0.2137904375 0.105709778125 0.1604309 0.07997358906249999 0.1095550890625 0.0636849984375 0.100703896875 0.0220796140625 0.3310359578125 0.0436273234375 0.343804009375 0.09933409531250001 0.3371841640625
13 0.1633237421875 0.5816511671875 0.18601544375 0.576683715625 0.2297436140625 0.5873837109375 0.24936787031250002 0.5998126078125 0.2790724703125 0.6394300078125 0.297016296875 0.6276463015625 0.3245521921875 0.572710878125 0.32722990625000004 0.546277196875 0.31534762031249997 0.506812815625 0.24184149375000003 0.440040028125 0.211967221875 0.4407514640625 0.1874254234375 0.46183515 0.1637364328125 0.5174488875 0.15709030156249998 0.5551409765625 0.1633237421875 0.5816511671875
13 0.114971440625 0.6702853140625 0.11833230312500001 0.7187105218750001 0.131237071875 0.7523761203125 0.1396369859375 0.7553520203125 0.18735653593749999 0.6815539890625 0.22991551718749997 0.6651419875 0.2610804890625 0.6796058265625 0.2775387484375 0.6481281828125 0.2574514109375 0.6102065624999999 0.2369261828125 0.591639728125 0.1917858015625 0.5777011859375001 0.16088904843750002 0.5842114031250001 0.1269982046875 0.6245733609374999 0.114971440625 0.6702853140625
13 0 0.8735517843749999 0.029491181249999998 0.8570066000000001 0.0638932671875 0.813745253125 0.08899446718750001 0.761370065625 0.10012025625000001 0.709520171875 0.0970276140625 0.68206901875 0.07399434218749999 0.6496070265625 0.005772528125000001 0.6315986078125 0 0.63596676875 0 0.8735517843749999
13 0.0970276140625 0.68206901875 0.0980752921875 0.7211177390625 0.1038456515625 0.7221352078125001 0.111149734375 0.7144545015625 0.125585990625 0.6213348109375 0.11358219218750001 0.593807153125 0.08151624843750001 0.5732053765625 0.037033815625 0.589278221875 0.0119807734375 0.6132612953125001 0.00769598125 0.631937765625 0.055782296875000005 0.6404166796874999 0.0892604515625 0.664257003125 0.0970276140625 0.68206901875
13 0.1305561625 0.795604346875 0.1385433875 0.8627825296875 0.15388285 0.8938878953125 0.177743740625 0.9160324375 0.2174301421875 0.921535453125 0.247231059375 0.9043686281250001 0.267024984375 0.8764686921875 0.2835062078125 0.7717514343749999 0.275713846875 0.709091915625 0.2524857078125 0.6721112609375 0.23183897031249998 0.66548114375 0.18927998906250001 0.6818931453125 0.17050854531249998 0.7039943015625 0.1361798125 0.7637110390624999 0.1305561625 0.795604346875
13 0.10869207656249999 0.79025435 0.076772840625 0.8025633515624999 0.0428819953125 0.8429253093750001 0.0235511546875 0.8963179671875 0.06394365937499999 0.9034402546875 0.1501092984375 0.909664971875 0.126904121875 0.7994447 0.10869207656249999 0.79025435
13 0.2637100453125 0.6815642546875 0.284771709375 0.7420792046875 0.2795629859375 0.8278573453125 0.28309351562499996 0.8359537171874999 0.305468840625 0.8384043203125 0.332323825 0.8266971234374999 0.373397240625 0.790591184375 0.3876156734375 0.7661924453125 0.39477304687500003 0.7256009609375 0.3893672203125 0.6887733218750001 0.36825739999999996 0.6566504859375 0.3428627859375 0.6432041203125001 0.307729396875 0.6399986906249999 0.27914582656250003 0.6558853984375 0.2637100453125 0.6815642546875
13 0.350556596875 0.644560746875 0.37018085312500004 0.6569896421875 0.3893672203125 0.6887733218750001 0.3952842875 0.72270156875 0.3896606375 0.754594878125 0.40017886718750006 0.7624286 0.42075225468750005 0.7526033265625001 0.4415686609375 0.718904603125 0.45756383749999996 0.6619342390625 0.45008785625 0.5918566671875001 0.41948228125 0.546101325 0.398324303125 0.5423706015625 0.339866459375 0.55896874375 0.310845 0.594210228125 0.29881824218749997 0.63992218125 0.350556596875 0.644560746875
13 0.32632893749999997 0.5401392578124999 0.3386491125 0.5602488609375 0.39640084999999997 0.5420314453125 0.44417078749999994 0.5579284171875 0.45965472656250006 0.503857446875 0.45346944218749996 0.44895514375 0.44429006718749997 0.427904578125 0.41363633593750004 0.41054135 0.3928680859375 0.415847959375 0.3702497359375 0.43727080156250003 0.32912816562499997 0.5017688515625001 0.32632893749999997 0.5401392578124999
13 0.3916966625 0.27064885 0.3989044265625 0.3197523703125 0.41283168124999997 0.3476191859375 0.45624347343749994 0.3657372375 0.4872617390625 0.347290296875 0.516088334375 0.30753014375 0.5255588875 0.2763151484375 0.5206643078125001 0.2365881171875 0.50866050625 0.2090604578125 0.480952709375 0.1862376015625 0.4515896796875 0.1840496453125 0.40961529218750004 0.21401764218750002 0.3948856203125 0.24131577656249997 0.3916966625 0.27064885
13 0.3880216609375 0.347728815625 0.39415655312500003 0.3129361171875 0.388750728125 0.27610847656250004 0.3574872078125 0.2003417484375 0.31466000781250003 0.19577969687500002 0.29479272968750003 0.20722424374999998 0.263336578125 0.245025965625 0.29160377187500003 0.23655731875 0.3420032703125 0.25441271875 0.3715130078125 0.28951145624999997 0.3880216609375 0.347728815625
13 0.32895179375 0.18783634375 0.3627463234375 0.20425861250000002 0.38848251093749997 0.2551344203125 0.40718059999999995 0.2165778765625 0.4346683359375 0.1900345671875 0.45979473125 0.182506878125 0.466002975 0.1641695671875 0.4339599953125 0.070328178125 0.4022837828125 0.05876373124999999 0.37805835781249997 0.0724293578125 0.353395046875 0.10544976718750002 0.3361091671875 0.147244859375 0.32895179375 0.18783634375
13 0.24958428906250002 0 0.24358634375000002 0.0083595609375 0.23528497499999998 0.0666865515625 0.2448540796875 0.096774446875 0.2739740890625 0.12283585 0.295278775 0.1594773515625 0.3099602890625 0.16057133125 0.331751021875 0.14946593749999998 0.354417528125 0.099650984375 0.3890144765625 0.0609083015625 0.388235578125 0 0.24958428906250002 0
13 0.46033953125 0 0.4477153453125 0.0204367140625 0.440557971875 0.0610281984375 0.446353525 0.10689316874999999 0.47169998125 0.1487316484375 0.5122873515624999 0.1603726046875 0.5260678953125 0.15532864062500001 0.5609812234375 0.1091679015625 0.571595771875 0.0602173984375 0.5695256109375 0.026967465625 0.558934025 0.002678353125 0.54374433125 0 0.46033953125 0
13 0.5570128078125001 0.1204263125 0.5301096640625 0.16052561875 0.5191053890624999 0.20043879062499997 0.525290671875 0.25534109374999997 0.5404352671875 0.281927790625 0.5861350484375001 0.2645748296875 0.6187122328125 0.282277215625 0.6388958859375 0.26341460781250003 0.656571496875 0.23065685 0.6616839062500001 0.20166293125 0.6573005609375 0.159036509375 0.6452967640625 0.1315088484375 0.625282778125 0.1100426203125 0.5988656812500001 0.10239503750000001 0.5570128078125001 0.1204263125
13 0.5522923609375 0.276544675 0.4980229953125 0.33125057343750003 0.479836146875 0.3669077234375 0.4730685046875 0.41653653906250004 0.49244973593749997 0.4528388828125 0.5267303125 0.42151425781249996 0.5499332546875 0.413647415625 0.5787850437500001 0.4187347640625 0.5968755781249999 0.4398618359375 0.6029623109375 0.43346125 0.6259933515625 0.347836125 0.6178846140625 0.29259466562499997 0.606270546875 0.2741043359375 0.577929996875 0.266117596875 0.5522923609375 0.276544675
13 0.4874588390625 0.46989607656250004 0.47927898437499994 0.51628634375 0.4850745359375 0.562151315625 0.499513028125 0.587118740625 0.52176684375 0.6015060671875 0.5687573234375 0.599328378125 0.588940978125 0.5804657718749999 0.6041818921875 0.5502682437499999 0.6133842296875 0.49807919375000004 0.6097803468749999 0.4735274359375 0.5968755781249999 0.4398618359375 0.5768615921875 0.4183956078125 0.5310884578125 0.41929317812500005 0.49975381875 0.4451581796875 0.4874588390625 0.46989607656250004
13 0.44451459687500006 0.7134449765624999 0.44670626718750006 0.7347581890625 0.485101965625 0.72508593125 0.5081833984374999 0.729155809375 0.5373034062500001 0.7552172140625 0.5482847234375 0.7885436593749999 0.558023496875 0.77830271875 0.57248495 0.7300305296875 0.59106153125 0.7034107078125 0.5882119109375 0.6520861109375 0.5518359796875 0.6053132999999999 0.5243964015625 0.6034645000000001 0.48953123125 0.6212331265625 0.47127102968749995 0.6404348890625 0.452572940625 0.6789914328125 0.44451459687500006 0.7134449765624999
13 0.37149898124999997 0.83509953125 0.366776303125 0.8731307781250001 0.3748116859375 0.9119168515625 0.3957266421875 0.93952101875 0.43297834843749994 0.94758426875 0.48766263906249996 0.946763203125 0.528589346875 0.8777464859374999 0.5431723125000001 0.817537575 0.5417349046875 0.769451525 0.5306320765625 0.74806180625 0.5043364921875 0.728477496875 0.47061531562500003 0.7285106171875 0.41921853125 0.7613015 0.390708315625 0.7936435953125 0.37149898124999997 0.83509953125
13 0.37354618125 0.941589078125 0.380655396875 0.9293897078125 0.3618335625 0.8617958609375 0.34707869375 0.8442464921875 0.320661596875 0.8365989062500001 0.2833617328125 0.8569277718749999 0.24986061718750002 0.9063270593749999 0.2499339703125 0.9227824484375 0.2794918671875 0.9294890718750001 0.37354618125 0.941589078125
13 0.4938227265625 0.95681800625 0.53543258125 0.9626601750000001 0.631410346875 0.9750993390625 0.6427310015625001 0.9277681125000001 0.638347659375 0.8851416875 0.627756071875 0.860852578125 0.610566509375 0.8458634453125 0.5913319828125 0.8424718796875 0.56377089375 0.8525598015625 0.5246209328125 0.889004896875 0.492726890625 0.9461614 0.4938227265625 0.95681800625
13 0.7102192796875 0.7812226421874999 0.6890864953125 0.8223394203125001 0.6788616765625 0.880327253125 0.679909353125 0.9193759734375 0.6979517296875 0.9688951593749999 0.71988916875 0.9907005421875 0.75957556875 0.9962035578125 0.7864305500000001 0.9844963625 0.8105826203125 0.9543753453124999 0.8253122953125 0.9270772109375001 0.84079623125 0.8730062375 0.8388475828124999 0.82781958125 0.8264540546875001 0.7912545890625 0.806951309375 0.766888965625 0.776297578125 0.7495257390625001 0.7366845328125 0.760478115625 0.7102192796875 0.7812226421874999
13 0.5856809015625 0.7114305703125 0.5650593609375 0.7496479578125 0.5594357109375 0.781541265625 0.57696684375 0.8339598421875 0.6124899625 0.8462026015624999 0.6330151890625 0.8647694390625 0.6573139671875 0.8675592015625 0.6815393937499999 0.8538935734375 0.697023328125 0.7998225999999999 0.727262134375 0.7633009953125 0.7299398484374999 0.736867315625 0.7259462375 0.703278221875 0.7095842921875 0.6779716421875001 0.6899600359375 0.66554274375 0.6485450484374999 0.6642192390625 0.6088104921874999 0.6871083359375 0.5856809015625 0.7114305703125
13 0.783938765625 0.5431002484375 0.7671641265625 0.5819959484375 0.7638536578124999 0.6232657453125 0.7668247874999999 0.6626536187500001 0.7792183171875 0.6992186109375 0.80115575625 0.721023996875 0.8293014390625 0.7244920734375 0.86192678125 0.7138023453125 0.88992575625 0.684359640625 0.9138829640624999 0.6497199593749999 0.9224525515625001 0.6123670234375 0.91987115 0.5820164812499999 0.8907992984374999 0.5275629656249999 0.8645037140625 0.5079786578125 0.8370641359375 0.5061298562500001 0.8138611921875001 0.5139967015625 0.783938765625 0.5431002484375
13 0.5946402171875 0.68311496875 0.6051584515624999 0.6909486890625 0.6548266484374999 0.66233731875 0.696947740625 0.665280096875 0.7134541578125 0.605410340625 0.6992586890625 0.5565694671875 0.68732824375 0.5454971984375 0.6560417609375 0.5429700859375 0.628480671875 0.5530580078125 0.6004816953125001 0.5825007109375 0.585509 0.6336722906250001 0.5946402171875 0.68311496875
13 0.7018126625 0.42398539687500003 0.6890064421875 0.4516226859375 0.6804368546874999 0.488975621875 0.6834079859375 0.5283634953125 0.7078534703125 0.5640640375 0.7277941015625 0.5690748765625 0.7710591890625 0.5542821484375 0.8098194203125001 0.508799721875 0.8196797078125 0.48662205781249995 0.8287605328125001 0.44636973125 0.8265688640625 0.4250565203125 0.8198241812499999 0.4014457203125 0.796985771875 0.37350239531249996 0.7618523828125 0.3702969703125 0.73083411875 0.3887439109375 0.7018126625 0.42398539687500003
13 0.62541099375 0.4523672421875 0.6326669140625001 0.47307864843749997 0.6488339953125 0.49386656718750005 0.6706980796875001 0.4992165625 0.67890313125 0.4976737953125 0.6890064421875 0.4516226859375 0.7101392234375 0.41050590781249996 0.751017775 0.36988130468749997 0.7204122 0.3241259609375 0.6863012937499999 0.31512175 0.6582289640625001 0.328109065625 0.6413809734375 0.35054937812500003 0.625264284375 0.419456465625 0.62541099375 0.4523672421875
13 0.720192140625 0.2747597953125 0.7188051234375 0.3163687484375 0.7522351203125 0.3686011859375 0.7649931828125001 0.3693560078125 0.81096118125 0.3729771 0.8515233578125001 0.3397705546875 0.868687721875 0.309912184375 0.8804462640624999 0.24322617656249998 0.87684238125 0.2186744171875 0.8514959265625001 0.1768359359375 0.7976392515625 0.1673395515625 0.7617516 0.19090696406250002 0.7306851765625 0.23774601562500003 0.720192140625 0.2747597953125
13 0.6265045921875 0.34493673281250004 0.6212706734375 0.385867371875 0.6260185484375 0.392683625 0.6413809734375 0.35054937812500003 0.6582289640625001 0.328109065625 0.6843778406250001 0.31478259375 0.7163704281250001 0.31892898125 0.7176359359375 0.289256753125 0.708456559375 0.2682061890625 0.6706202578125 0.24658694374999998 0.646906075 0.25735317812499997 0.6213417906250001 0.28423564687499997 0.6265045921875 0.34493673281250004
13 0.689854784375 0.249978509375 0.718779928125 0.2715212453125 0.7459260921875 0.20754849062499997 0.786293403125 0.169823278125 0.7907478625000001 0.11081797499999999 0.782079728125 0.086868021875 0.7668136171875 0.0722180453125 0.7437321859375 0.068148165625 0.7156598562500001 0.08113547812500001 0.6574220734375 0.1470997859375 0.6595907828125 0.24165261249999997 0.689854784375 0.249978509375
13 0.8219424984374999 0.4063035453125 0.8292717734374999 0.44347034062499996 0.8231368828125 0.4782630390625 0.8103306625 0.50590033125 0.8150785390624999 0.512716584375 0.8452691874999999 0.5045870921875 0.881303546875 0.513930459375 0.9146831531249999 0.4764678953125 0.9272211515625 0.427856546875 0.9117349828125001 0.3638404046875 0.8931332078124999 0.345612725 0.8642814187500001 0.3405253765625 0.8141019828125 0.3720361390625 0.8096223234375 0.3861939421875 0.8219424984374999 0.4063035453125
13 1 0.44344121718749996 0.958580990625 0.44683905 0.9173127093750001 0.47842632500000004 0.8970075421875 0.5092256546875 0.893940096875 0.5266220046875 0.92661583125 0.6056272796875 0.947457434375 0.616776059375 0.9900164140625 0.6003640578125 1 0.5437443296875 1 0.44344121718749996
13 0.8817369671874999 0.258401446875 0.8738253265625 0.32576576875 0.9239818046874999 0.3674946171875 0.9511531640625 0.34836936406249996 0.9663940796875 0.3181718390625 0.9750851765625 0.26888218125 0.9691681078125001 0.234953934375 0.9533174046875 0.20674795937499998 0.9226636734375001 0.1893847296875 0.89330064375 0.18719677343750002 0.8758680578125 0.1960810875 0.8711935343749999 0.20572022343750002 0.8817369671874999 0.258401446875
13 1 0.35149004375000004 0.9866029281250001 0.344156734375 0.9334042015625 0.36467173750000004 0.9200133859375 0.378753028125 0.9277323921875 0.4249571578125 0.9233994453125 0.4720257375 0.9653738296875 0.44205773906249995 1 0.44265240468749995 1 0.35149004375000004
13 0.86464371875 0.18662809062500002 0.87080380625 0.19668289218749999 0.8995822421874999 0.18531485 0.976203971875 0.2062991734375 0.9795144406249999 0.1650293765625 0.9686294390624999 0.0749187078125 0.8936147859375 0.0616916 0.8802239703125 0.07577289375 0.8760125328124999 0.11090475 0.8817828890625 0.11192222031250001 0.86464371875 0.18662809062500002
13 0.8680387109375 0.7522492578125 0.8598588546875 0.798639525 0.8646319281249999 0.8503032812500001 0.8775366968749999 0.8839688796875 0.902298559375 0.9122513624999999 0.9322461843750001 0.9279953187500001 0.9757016671875001 0.6815470234375 0.9557610343749999 0.6765361859375 0.9069204546874999 0.694830109375 0.881356171875 0.721712578125 0.8680387109375 0.7522492578125
13 0.919549815625 1 0.9225326046875001 0.9830837593749999 0.9175165125 0.9552934515624999 0.9046117406249999 0.9216278515624999 0.8731785515625001 0.8861899578125 0.8382400249999999 0.8875031968749999 0.8213438765625 0.9383356203125001 0.7871366562500001 0.986115634375 0.79319111875 1 0.919549815625 1