13 0 0.247294678125 0.019135546875 0.277755015625 0.06860381875 0.287995334375 0.0751424046875 0.21303676718750003 0.0892880359375 0.1920194078125 0.10874598906249999 0.1822147 0.10106665781249999 0.135697934375 0.073570571875 0.09606370625 0.0589242109375 0.08896336406250001 0.0294869125 0.08961158125 0 0.1021401359375 0 0.247294678125
13 0.0708315390625 0.2580595125 0.078152075 0.301654103125 0.09250928281250001 0.3384522390625 0.11469304375 0.3668738234375 0.16272612343749998 0.3654254484375 0.1944634328125 0.3274169609375 0.20753266875 0.29763308125 0.2108367859375 0.27646378125000004 0.200715509375 0.2421117671875 0.17817295 0.210768009375 0.150459996875 0.1934071265625 0.1180077375 0.18552684531250002 0.0877082671875 0.1951796109375 0.0727004625 0.22520151562500001 0.0708315390625 0.2580595125
13 0.1839057828125 0.377656059375 0.18167805937499998 0.40759188125 0.19165475781250002 0.45679279375000004 0.2313552625 0.5156921156250001 0.28146884375000003 0.539201234375 0.3043005578125 0.5408471968749999 0.33661088437500003 0.52353195625 0.3575789625 0.477947075 0.35392134375 0.41610535937500004 0.3438000671875 0.38175334375 0.3090530890625 0.33114449375 0.28134013593749996 0.31378361093749996 0.2488878765625 0.3059033328125 0.2092543703125 0.31966839999999996 0.1935289703125 0.3438459578125 0.1839057828125 0.377656059375
13 0.1288977359375 0.5386541203124999 0.13959203281250002 0.59369938125 0.15998180312500002 0.60751009375 0.1785775859375 0.6067099328125 0.192725859375 0.5456481578125 0.22173471875 0.5094577984375 0.18634243281250001 0.4455801484375 0.1823260125 0.3808162578125 0.1541819734375 0.367957653125 0.094445203125 0.37825863437499996 0.07836100625 0.3995140140625 0.074623159375 0.46523000937500003 0.112601965625 0.502094009375 0.1288977359375 0.5386541203124999
13 0 0.5305813125000001 0.0226247859375 0.7148454078124999 0.0783398453125 0.719869375 0.12400591875 0.6831168796875 0.1359987625 0.6445664796874999 0.138371059375 0.59978175625 0.12961533125 0.5444984703125 0.1103046 0.49940986093750006 0.0699561421875 0.46728616093750003 0.0241481375 0.4788431390625 0 0.5168340921875 0 0.5305813125000001
13 0 0.4797125609375 0.01790135 0.48405948906249996 0.069238546875 0.46144181562500003 0.0772096765625 0.43821636249999996 0.07606364374999999 0.39682986875 0.053020353124999996 0.33736841093750003 0.023657989062500002 0.290547759375 0 0.26590600000000003 0 0.4797125609375
13 0.20190738437500003 0.6765180109375 0.22215522499999998 0.6651332015625 0.26710105624999997 0.6625807781249999 0.289501684375 0.6687290140625 0.3294913421875 0.6979305375 0.3432058859375 0.68141545625 0.3534770296875 0.6208297328125 0.34830928125 0.594768190625 0.32540792500000004 0.560502259375 0.23559119375 0.5181382359375 0.20723028906250002 0.527552978125 0.1899251234375 0.554890734375 0.1835311125 0.61500040625 0.1881954859375 0.652988671875 0.20190738437500003 0.6765180109375
13 0.1815819640625 0.7754161109375 0.198954134375 0.8207427468749999 0.22113789375 0.8491643296875001 0.23004084218749998 0.8495543 0.25409881875 0.7650290453124999 0.28999976875 0.736891128125 0.324031796875 0.7416112109374999 0.3305677359375 0.7066970609375 0.3002709109375 0.6763054046875 0.275214121875 0.664550846875 0.227970925 0.6644191234375 0.200327615625 0.6796782125 0.179718334375 0.72818526875 0.1815819640625 0.7754161109375
13 0.13432798906250001 1 0.15442880625 0.978970575 0.1746792921875 0.9275413468749999 0.18337066562499998 0.8701158250000001 0.17885086875 0.8172786593750001 0.1678674203125 0.7919311921875 0.136349625 0.7676219109375 0.065843628125 0.7703465031250001 0.0481796609375 0.7947620828125 0.038197671875 0.8256500109375 0.04702304375 0.91355326875 0.073440090625 0.984465396875 0.0891383828125 1 0.13432798906250001 1
13 0.1678674203125 0.7919311921875 0.180286059375 0.8289673562500001 0.1861017609375 0.8282532781249999 0.19084106875 0.818772675 0.17742096875 0.72550111875 0.15789336874999998 0.702685859375 0.1212051796875 0.69235945625 0.0833656609375 0.7207353999999999 0.066419290625 0.7509953296874999 0.06778219375 0.7701084781249999 0.1162463625 0.7641578265625 0.155231915625 0.777168375 0.1678674203125 0.7919311921875
13 0.233125446875 0.8907027671875 0.26040466875 0.95261034375 0.2841681984375 0.9778717296874999 0.3134609203125 0.9920724109375 0.353022140625 0.9857317890624999 0.3765018046875 0.9606021296874999 0.3872736765625 0.9281341031249999 0.3724183875 0.8231738484375001 0.3466466453125 0.76553051875 0.3136213671875 0.7369569921875 0.29193833593749996 0.7366531015625 0.256037384375 0.7647910203125 0.24454791718750002 0.7914147 0.2291786703125 0.85855885 0.233125446875 0.8907027671875
13 0.259182121875 1 0.2851723046875 0.9940627015624999 0.23075579375 0.89544306875 0.21065253125 0.8919789796875 0.18372681875000002 0.91308241875 0.1631175359375 0.961589475 0.16116985 1 0.259182121875 1
13 0.32711904375 0.7427152578125 0.36495327187500004 0.7944281578125 0.3850512453125 0.8779810828124999 0.3907946578125 0.88469145625 0.412908775 0.8804930671875001 0.4351674703125 0.8614457812499999 0.46388981874999996 0.8149087968750001 0.47035347187500004 0.7874190984375 0.4653303015625 0.7465086546874999 0.44939332343749994 0.71287071875 0.41981409531249997 0.6883234125000001 0.3915977671875 0.68288925625 0.3570623640625 0.6900958984375001 0.33437258281250004 0.713645459375 0.32711904375 0.7427152578125
13 0.399352034375 0.6819371515625 0.42175266093749997 0.6880853874999999 0.44939332343749994 0.71287071875 0.464971503125 0.7435864796875 0.46891828125 0.7757304 0.4812672734375 0.78014659375 0.49806906875 0.7647355609375001 0.5081233453125 0.7264231828125001 0.5067630859375 0.6672656156250001 0.47912507031249996 0.6024358656250001 0.43647924531250004 0.56762801875 0.4151550125 0.5702463046874999 0.364104325 0.60321060625 0.346654578125 0.6453972593749999 0.3485182140625 0.6926281015625 0.399352034375 0.6819371515625
13 0.3456531203125 0.5891618671875001 0.363314440625 0.60479070625 0.4132164453125 0.5704843312500001 0.46354688906249997 0.571720103125 0.46254543124999997 0.5154847109375 0.440578534375 0.4647897796875 0.425645665625 0.4473428140625 0.3912548390625 0.439700559375 0.372945565625 0.45084734375 0.3575789625 0.477947075 0.3371116140625 0.55164965 0.3456531203125 0.5891618671875001
13 0.329373215625 0.3123352359375 0.350622515625 0.35718581875 0.37208868281249996 0.37976305312499997 0.41890079374999994 0.38439705156250004 0.44317034375000003 0.3576872921875 0.4591126109375 0.3112363875 0.45904296406249995 0.27861641718749997 0.44274719375 0.2420563046875 0.42321959375 0.2192410453125 0.3900497390625 0.2055164140625 0.3613300359375 0.21200898124999998 0.32995152499999997 0.2529396421875 0.323846671875 0.28335151718749996 0.329373215625 0.3123352359375
13 0.34839479687499997 0.387121640625 0.344089221875 0.3520555484375 0.328152246875 0.3184176109375 0.2761027453125 0.255102096875 0.23381307499999998 0.263260846875 0.2181599640625 0.28001395156250003 0.19913045000000001 0.32536080625 0.2236865109375 0.30899767031250003 0.27710420468749997 0.3113374890625 0.31558638437500003 0.33627476562499997 0.34839479687499997 0.387121640625
13 0.24515796562499997 0.2514860671875 0.2822772421875 0.2573101953125 0.32176352812500003 0.29843844062499997 0.32837175625000004 0.2560998421875 0.346897896875 0.22267971250000002 0.3687255046875 0.2081347015625 0.3693011671875 0.18878352812500002 0.311221746875 0.108411021875 0.2775485171875 0.106613115625 0.2583770703125 0.126764446875 0.2444456625 0.1655528765625 0.2401347953125 0.21057562343749997 0.24515796562499997 0.2514860671875
13 0.1381110015625 0.188990934375 0.1735782203125 0.20539970937500002 0.20466493125000002 0.234211265625 0.21902478281249999 0.2309649828125 0.23661645937500003 0.2139738484375 0.243728065625 0.1597085265625 0.265486028125 0.11254354687499998 0.24631987500000002 0.0526060375 0.2248537078125 0.0300288046875 0.15506530624999998 0.0385977421875 0.1262010265625 0.05993920625 0.111048646875 0.10481000781250001 0.12016317031249998 0.16301547031250002 0.1381110015625 0.188990934375
13 0.3702356296875 0.17235452812500002 0.4124530109375 0.1716202328125 0.4241567 0.1627676234375 0.4440483875 0.1084162203125 0.43988738749999995 0.0585012296875 0.42818634375000003 0.027309415625 0.4109561109375 0.0071783015625 0.3198434765625 0.0183655265625 0.3097892015625 0.0566779015625 0.314812371875 0.0975883453125 0.33376430625000003 0.1397547796875 0.3702356296875 0.17235452812500002
13 0.4435450140625 0.1203429453125 0.42954131249999994 0.1665558203125 0.430687353125 0.20794231562499998 0.45265424843749996 0.258637246875 0.4749102953125 0.27963438125 0.5135396984375 0.2496783390625 0.549869090625 0.25708256875 0.563655921875 0.2331430375 0.5709817515625 0.1966487890625 0.5673937718750001 0.16742704375 0.5507391984375001 0.127944759375 0.5312116 0.10512949687499999 0.5057960125000001 0.0904527640625 0.47829728125 0.0908629546875 0.4435450140625 0.1203429453125
13 0.48467541875000003 0.271019803125 0.44877182343750005 0.339202140625 0.4418047953125 0.3786185640625 0.449842928125 0.42805750312499996 0.4789910703125 0.4571070828125 0.5026153140625 0.41712852500000003 0.52250435625 0.40282154062500003 0.5515828578125 0.39925115 0.575059878125 0.41416590937500003 0.5790093 0.406265409375 0.5759996296875001 0.317648071875 0.552094165625 0.26719116718749997 0.535581528125 0.2529044015625 0.5061442296875 0.25355261875 0.48467541875000003 0.271019803125
13 0.47920529375000004 0.47487815468749994 0.484946059375 0.521632946875 0.50389799375 0.5637993812500001 0.5250053625 0.58345444375 0.5504932375 0.590706725 0.5947937624999999 0.5748855046875 0.6085805953125 0.5509459750000001 0.61432665 0.5176119234375001 0.6078682875 0.465012784375 0.5972436390625 0.44258749374999995 0.575059878125 0.41416590937500003 0.5496442906250001 0.3994891765625 0.50613365 0.413730296875 0.4837303796875 0.4476264828125 0.47920529375000004 0.47487815468749994
13 0.5093443171875001 0.7203408078125 0.5176716015625 0.7400819515625 0.551561696875 0.7196065093749999 0.574824496875 0.716750196875 0.6102917156250001 0.733158975 0.6305369109375001 0.7618185859375 0.6368559874999999 0.749177784375 0.6365721203125 0.698786740625 0.6465541109374999 0.6678988125 0.6288231453125 0.6196500046875 0.5803616234375 0.5855562359375 0.5535804875 0.5918107765625 0.525433803125 0.6189965875000001 0.5135855375 0.6426980906249999 0.5069773078125 0.6850366890624999 0.5093443171875001 0.7203408078125
13 0.4750874859375 0.8580273375 0.48169042656250005 0.8957775781249999 0.5007146515625001 0.9305195640624999 0.5287864015625 0.9508026203125001 0.5667678515625 0.9476221984375 0.6188226421875 0.9308488718750001 0.6377825125000001 0.8528820453125 0.634124890625 0.7910403296874999 0.6186912890625 0.7454756703125 0.6018198546875 0.7282667328125 0.5709473640625 0.7172262484374999 0.538709325 0.727117040625 0.4991454625 0.7735020828125 0.4813369203125 0.8127665625 0.4750874859375 0.8580273375
13 0.5081797625 0.9592652546875 0.5114115890625001 0.9455204046875 0.47364965000000003 0.8863830593750001 0.45440856093750004 0.8739144203125001 0.426909828125 0.8743246093750001 0.3971833765625 0.904670625 0.379589053125 0.9617061765624999 0.3844702921875 0.9774210984374999 0.4146974765625 0.97519278125 0.5081797625 0.9592652546875
13 0.627653303125 0.938663290625 0.6691530890624999 0.9320846421875 0.76457394375 0.915919090625 0.7615616281250001 0.8673461734375 0.74490705625 0.8278638875000001 0.727676821875 0.8077327765625 0.7068559640625 0.7984243390625 0.687470296875 0.8008046 0.66406291875 0.8185098109375 0.6372791390625 0.86480876875 0.6234896609375 0.9287927187499999 0.627653303125 0.938663290625
13 0.783255240625 0.70747238125 0.775067240625 0.7529711796874999 0.7822431984375 0.8114146671875 0.7946618390625 0.8484508328125001 0.8263938578125 0.8905311859375 0.8537480109375 0.9049698921875 0.89330923125 0.8986292703125001 0.9155679250000001 0.8795819874999999 0.9298581312499999 0.8437157328125 0.9359629875 0.8133038578124999 0.934961525 0.7570684640625001 0.9198867249999999 0.7144259796875 0.897344165625 0.6830822203125 0.8715697796875 0.665483309375 0.8371789546875 0.65784105625 0.802498975 0.6798966 0.783255240625 0.70747238125
13 0.6437533703125 0.6771413890625 0.6352065765625 0.7197180125 0.639153353125 0.75186193125 0.6712441671875 0.7968644578124999 0.7087945296875 0.7981863125 0.7338513203125 0.8099408718750001 0.7579040046875 0.805504459375 0.7770754531249999 0.785353125 0.776073990625 0.7291177328125 0.7943136203125001 0.6853509765625 0.789145871875 0.659289434375 0.7755062625 0.6283356437500001 0.752460328125 0.6089186109375 0.7300597 0.6027703734375 0.6900673953124999 0.6136132703125 0.6587611734375 0.6471194828125 0.6437533703125 0.6771413890625
13 0.784133284375 0.45820131093749994 0.7794636203125 0.500301884375 0.7883639234375 0.540736275 0.8027211281250001 0.5775344109375 0.825263690625 0.6088781703125 0.85261784375 0.6233168765625 0.8805476625 0.6184044140625 0.9086220578124999 0.59864305 0.9267893968750001 0.5623007421875 0.9395721265624999 0.5221702421875001 0.9368463218749999 0.48394394687500003 0.9255040765625001 0.45567430625 0.881781859375 0.4120999375 0.85090936875 0.40105945624999995 0.8241282328124999 0.40731399531249995 0.8042391906249999 0.4216209796875 0.784133284375 0.45820131093749994
13 0.6440425249999999 0.64744359375 0.6563915203125 0.651859784375 0.6955242984375001 0.60997701875 0.7366652859375 0.600476196875 0.734946228125 0.5383964546875 0.7070913437499999 0.49584004843749996 0.692444984375 0.488739709375 0.6617867140625 0.49547030156250005 0.6383793375 0.5131755124999999 0.6202119953125 0.5495178171874999 0.6208546593750001 0.6028310359375 0.6440425249999999 0.64744359375
13 0.6707698890625 0.3683025609375 0.6666036015625 0.398476409375 0.6693294062499999 0.4367027046875 0.6836866140625 0.47350084062500003 0.7175017734375 0.5004942703124999 0.738036121875 0.49945608437500005 0.77508575625 0.47266024062499995 0.798854575 0.4178327828125 0.8017998937499999 0.393741309375 0.7987152875 0.35259284218750003 0.7903880046875 0.3328516984375 0.777034903125 0.3122445328125 0.7470245859375 0.292199503125 0.7124891828125001 0.299406146875 0.6882196328125 0.3261159078125 0.6707698890625 0.3683025609375
13 0.6060046578125 0.417781940625 0.618998959375 0.43546693124999997 0.6405374140625 0.45061972031249997 0.66301033125 0.44934350624999997 0.6704057999999999 0.4454692265625 0.6666036015625 0.398476409375 0.6747915984375 0.3529776109375 0.7020064671874999 0.302176378125 0.65936064375 0.2673685296875 0.62410764375 0.2687308234375 0.601059065625 0.2893582109375 0.5915081640625 0.3157438625 0.5962421796874999 0.3863521015625 0.6060046578125 0.417781940625
13 0.6447169296874999 0.22022376875 0.6555557984375 0.260420134375 0.7027963500000001 0.300596278125 0.715217634375 0.2975880203125 0.7602357546875 0.2876111453125 0.789316903125 0.2439963359375 0.7970015218750001 0.210424259375 0.7887491703125 0.1432142484375 0.7781245203125 0.12078895781250001 0.741653196875 0.0881892046875 0.6873733296875 0.094853934375 0.6599442421874999 0.12788409843749998 0.6439296859375 0.18175945 0.6447169296874999 0.22022376875
13 0.57564083125 0.314725896875 0.5826025703125 0.3553983125 0.5891358656250001 0.3605285828125 0.5915081640625 0.3157438625 0.601059065625 0.2893582109375 0.622169078125 0.26896885 0.653976028125 0.26358033281250004 0.64651091875 0.234834640625 0.631578046875 0.21738767656250002 0.5890741562499999 0.207775353125 0.5695439125 0.22500451093749999 0.552956340625 0.258186615625 0.57564083125 0.314725896875
13 0.6084598234375 0.20539509374999998 0.6424195625 0.21753962031250001 0.6496757453125 0.14842539999999999 0.6772494109375 0.10054634062500001 0.6642577515625 0.0428169296875 0.648966084375 0.02244779375 0.6300837921875 0.0129013296875 0.6068209921875 0.0157576421875 0.5837724125 0.036385025 0.5473654406249999 0.11649408593749999 0.577083959375 0.206281334375 0.6084598234375 0.20539509374999998
13 0.7804809500000001 0.3162707578125 0.798356490625 0.3496706671875 0.802662065625 0.3847367609375 0.798495778125 0.414910609375 0.805029075 0.42004087968750004 0.8315237015625 0.4034397171875 0.8687152671874999 0.4018393953125 0.88968335 0.356254515625 0.887460915625 0.306101496875 0.8539349093749999 0.24941027187499998 0.8308166859374999 0.2374176890625 0.8017381859375 0.2409880796875 0.7629642078125001 0.28579301875 0.7628196296875001 0.30064191875 0.7804809500000001 0.3162707578125
13 0.8823575203124999 0.392748765625 0.8845103078125 0.41028181249999995 0.9388571765625 0.47628147343749994 0.9620476874999999 0.48084960781249997 0.9979486390625001 0.45271169218749996 0.9796499453124999 0.3036807953125 0.9661522671875 0.29792252812500003 0.923000425 0.31508582500000004 0.892770596875 0.3573585640625 0.8823575203124999 0.392748765625
13 0.794420296875 0.1573490671875 0.8065497781250001 0.224083028125 0.8667149921874999 0.24932419062500003 0.887107409375 0.2230904828125 0.8928534671874999 0.18975643281250001 0.886753903125 0.1400794671875 0.871175721875 0.10936370625 0.847770990625 0.0870244953125 0.813380165625 0.079382240625 0.7846604625 0.0858748078125 0.770587121875 0.0994677140625 0.7689350625 0.1100523640625 0.794420296875 0.1573490671875
13 0.8871021171875 0.3031793234375 0.8967200203125 0.3494580625 0.9280985296875001 0.3085274015625 0.9642137 0.298160553125 0.9753443703125001 0.268614703125 0.9692448062500001 0.2189377359375 0.9197765328124999 0.20869741562500002 0.8749003453125 0.24386981406250002 0.866211615625 0.2612509140625 0.8871021171875 0.3031793234375
13 0.7426002171875 0 0.7458221328125 0.0179709375 0.7516378312499999 0.017256859375 0.7570894421875 0.093709446875 0.765920103125 0.101523865625 0.790117365625 0.082238553125 0.8695263109375 0.0799039359375 0.8606260078125001 0.0394695453125 0.843145628125 0 0.7426002171875 0
13 1 0.534936790625 0.9874606312499999 0.5355707640625 0.946102778125 0.5673449328125 0.9295152046874999 0.6005270375 0.925707715625 0.633623059375 0.93144848125 0.68037785 0.9511180156249999 0.7283886359375 0.973301775 0.75681021875 1 0.773362028125 1 0.534936790625
13 1 0.7786723890625 0.9697834390625 0.7602084437500001 0.936755515625 0.7716793375 0.9354596109375001 0.8252305812499999 0.9167166078125 0.880924059375 0.9293521124999999 0.895686875 1 0.8861463281249999 1 0.7786723890625