13 0.1484375 0.0897956421875 0.1259765625 0.0471059109375 0.1123046875 0.0382735515625 0.0830078125 0.0353294328125 0.0419921875 0.0471059109375 0.017578123437500003 0.086851525 0.015625 0.128069196875 0.021484376562499997 0.160454509375 0.0498046875 0.2208089609375 0.09765625 0.23700161562500002 0.11328125 0.16339863125 0.1298828125 0.1442618515625 0.1503906234375 0.1369015546875 0.1484375 0.0897956421875
13 0.234375 0.207560421875 0.2158203125 0.17370305 0.1904296875 0.1530942125 0.1591796875 0.141317734375 0.1279296875 0.1472059734375 0.109375 0.1751751078125 0.10351562343750001 0.207560421875 0.10546875 0.2517222140625 0.11523437656249999 0.28999576562499996 0.1337890625 0.3209090203125 0.1816406234375 0.3253252 0.2177734375 0.291467828125 0.234375 0.2634986921875 0.2402343765625 0.24288985468750002 0.234375 0.207560421875
13 0.359375 0.363598753125 0.3310546875 0.3091325421875 0.3056640625 0.28852370625 0.2744140625 0.2767472296875 0.2333984375 0.2855795859375 0.21484375 0.30766048281249997 0.2011718765625 0.3400457984375 0.1953125 0.36948699218750003 0.19921875 0.41953702187499997 0.2314453125 0.482835590625 0.2783203125 0.5122767859375 0.30078125 0.516692965625 0.3349609375 0.503444428125 0.3613281234375 0.4607546953125 0.3652343765625 0.39892818750000003 0.359375 0.363598753125
13 0.19921875 0.342989915625 0.1728515625 0.3267972609375 0.1123046875 0.3297413796875 0.09375 0.3488781546875 0.08203125 0.41364878281250006 0.11523437656249999 0.45486645625 0.1269531234375 0.49314000937499997 0.1308593765625 0.549078278125 0.1494140625 0.5652709359375 0.16796875 0.5667429953124999 0.1894531234375 0.50786060625 0.22265625 0.47547529375 0.1953125 0.40776054375 0.19921875 0.342989915625
13 0 0.655066578125 0.0546875 0.6668430562500001 0.1044921875 0.635929803125 0.12109375 0.5991283109375 0.12890625 0.5549665171875 0.1269531234375 0.49902824843750004 0.11328125 0.4519223375 0.0771484375 0.4151208421875 0.0302734375 0.42100908437499995 0 0.45781057656249996 0 0.655066578125
13 0.07617187656249999 0.2841075265625 0.0527343765625 0.234057496875 0.0185546875 0.1884236453125 0.0009765625 0.18253540625 0 0.4165929046875 0.0234375 0.42542526093750005 0.0771484375 0.40923260624999996 0.08789062343750001 0.387151709375 0.09179687656249999 0.3459340375 0.07617187656249999 0.2841075265625
13 0.3193359375 0.5387738625 0.2353515625 0.48577970937500004 0.2060546875 0.49166794999999996 0.1855468765625 0.516692965625 0.171875 0.5755753546875 0.171875 0.61384890625 0.1826171875 0.6388739218749999 0.2041015625 0.6300415640625 0.2490234375 0.632985684375 0.2705078125 0.6418180421875 0.3066406234375 0.675675415625 0.3222656234375 0.6609548171874999 0.33984375 0.602072428125 0.3378906234375 0.5755753546875 0.3193359375 0.5387738625
13 0.3066406234375 0.6845077734375 0.2802734375 0.6506503984374999 0.2568359375 0.635929803125 0.2099609375 0.6300415640625 0.1806640625 0.6418180421875 0.1542968765625 0.68745189375 0.1503906234375 0.7345578046875 0.1621093765625 0.7816637171874999 0.1806640625 0.8125769703125 0.1894531234375 0.8140490296875 0.2236328125 0.73308574375 0.2626953125 0.7095327874999999 0.2958984375 0.7183651484375 0.3066406234375 0.6845077734375
13 0.1425781234375 0.775775478125 0.1347656234375 0.7492784015625 0.1064453125 0.721309265625 0.0361328125 0.7154210296875 0.015625 0.7375019234375 0.0019531234375000002 0.76694311875 0 0.8552667015625 0.017578123437500003 0.9288696890624999 0.0419921875 0.95978294375 0.06445312343750001 0.961255003125 0.0986328125 0.9332858671875 0.125 0.8847078968750001 0.140625 0.828769628125 0.1425781234375 0.775775478125
13 0.1005859375 0.6447621625 0.0595703125 0.66831511875 0.0390625 0.6962842515625 0.0380859375 0.7154210296875 0.0869140625 0.7154210296875 0.1240234375 0.73308574375 0.1347656234375 0.7492784015625 0.1425781234375 0.78755195625 0.1484375 0.78755195625 0.1542968765625 0.7787195953125 0.15234375 0.6845077734375 0.1357421875 0.659482759375 0.1005859375 0.6447621625
13 0.3154296875 0.744862221875 0.2861328125 0.7124769093750001 0.2646484375 0.7095327874999999 0.2255859375 0.73308574375 0.2109375 0.7581107609375 0.1875 0.8228813890625 0.1875 0.8552667015625 0.20703125 0.9200373296875 0.2275390625 0.948006465625 0.2548828125 0.9656711828125 0.2949218765625 0.9641991234375 0.3212890625 0.9421182265624999 0.3359375 0.9112049734375001 0.3339843765625 0.805216671875 0.3154296875 0.744862221875
13 0.1357421875 0.871459359375 0.109375 0.9170932125 0.09960937656249999 0.9730314796874999 0.140625 0.9730314796874999 0.2265625 0.9641991234375 0.1845703125 0.85968288125 0.1650390625 0.8537946421875 0.1357421875 0.871459359375
13 0.4355468765625 0.74044604375 0.4238281234375 0.7051166109375 0.3974609375 0.677147475 0.3701171875 0.66831511875 0.3349609375 0.6712592359375 0.3095703125 0.6918680734375 0.2988281234375 0.71983720625 0.3300781234375 0.775775478125 0.33984375 0.8611549406250001 0.3447265625 0.868515240625 0.3671875 0.8670431796875 0.3916015625 0.8508505218750001 0.42578125 0.8081607906249999 0.4355468765625 0.7816637171874999 0.4355468765625 0.74044604375
13 0.4667968765625 0.5991283109375 0.4287109375 0.559382696875 0.4072265625 0.559382696875 0.3525390625 0.5858797734375 0.3300781234375 0.6256253843749999 0.3261718765625 0.6727312953125 0.3779296875 0.66831511875 0.3994140625 0.677147475 0.4238281234375 0.7051166109375 0.4355468765625 0.7375019234375 0.4355468765625 0.7698872390625 0.4472656234375 0.775775478125 0.4658203125 0.762526940625 0.48046875 0.7257254453125 0.4863281234375 0.6668430562500001 0.4667968765625 0.5991283109375
13 0.4453125 0.45781057656249996 0.4326171875 0.43867379843750004 0.3994140625 0.42689732031250005 0.3798828125 0.4357296796875 0.3613281234375 0.4607546953125 0.33203125 0.5314135609374999 0.3359375 0.5696871156250001 0.3515625 0.5873518328125 0.4052734375 0.559382696875 0.4550781234375 0.5667429953124999 0.4609375 0.5108047265625 0.4453125 0.45781057656249996
13 0.4746093765625 0.23700161562500002 0.4580078125 0.21197660156250003 0.4267578125 0.194311884375 0.3974609375 0.1972560046875 0.3613281234375 0.234057496875 0.3515625 0.2634986921875 0.3535156234375 0.2929398859375 0.3691406234375 0.3400457984375 0.3876953125 0.3650708125 0.43359375 0.37537523125 0.4609375 0.3518222765625 0.4824218765625 0.30766048281249997 0.4863281234375 0.2752751703125 0.4746093765625 0.23700161562500002
13 0.2646484375 0.2325854390625 0.2470703125 0.24730603437499998 0.22265625 0.28999576562499996 0.2490234375 0.2767472296875 0.3017578125 0.2855795859375 0.3369140625 0.3150207828125 0.36328125 0.36948699218750003 0.36328125 0.334157559375 0.3515625 0.298828125 0.3076171875 0.22964131718749997 0.2646484375 0.2325854390625
13 0.4082031234375 0.1751751078125 0.3603515625 0.088323584375 0.3271484375 0.08243534531249999 0.3056640625 0.10010006093749999 0.2871093765625 0.1369015546875 0.27734375 0.181063346875 0.27734375 0.2222810203125 0.3134765625 0.2325854390625 0.34765625 0.27821928749999997 0.359375 0.23700161562500002 0.3818359375 0.2060883625 0.4052734375 0.194311884375 0.4082031234375 0.1751751078125
13 0.2138671875 0 0.1826171875 0.0176647171875 0.1621093765625 0.0603544484375 0.1640625 0.1192368375 0.1787109375 0.1472059734375 0.2119140625 0.1678148078125 0.2392578125 0.20020012343750002 0.25390625 0.19872806406250001 0.2734375 0.184007465625 0.2871093765625 0.13101331562500002 0.3144531234375 0.086851525 0.3027343765625 0.0250250140625 0.2841796875 0 0.2138671875 0
13 0.3798828125 0 0.3652343765625 0.0368014921875 0.3652343765625 0.078019165625 0.37890625 0.1221809578125 0.4111328125 0.15898245 0.453125 0.16339863125 0.4658203125 0.1560383296875 0.4921875 0.104516240625 0.4941406234375 0.054466209375 0.4863281234375 0.022080896875 0.4716796875 0 0.3798828125 0
13 0.6074218765625 0.207560421875 0.6074218765625 0.1781192265625 0.5957031234375 0.1369015546875 0.5791015625 0.11187653906249999 0.5556640625 0.0942118234375 0.5283203125 0.09126770468749999 0.4902343765625 0.11629271875 0.4707031234375 0.160454509375 0.4667968765625 0.20167218281250002 0.4824218765625 0.2546663328125 0.5019531234375 0.27821928749999997 0.5439453125 0.2531942734375 0.5791015625 0.2649707515625 0.5957031234375 0.24288985468750002 0.6074218765625 0.207560421875
13 0.5849609375 0.42395320156249994 0.58984375 0.4165929046875 0.59765625 0.3282693203125 0.5800781234375 0.2752751703125 0.5654296875 0.2590825125 0.5361328125 0.25613839375 0.5126953125 0.27085899062499996 0.46875 0.334157559375 0.45703125 0.3724311109375 0.4589843765625 0.4224811421875 0.484375 0.45486645625 0.5126953125 0.4180649625 0.5341796875 0.4062884859375 0.5634765625 0.4062884859375 0.5849609375 0.42395320156249994
13 0.6113281234375 0.4784194109375 0.6035156234375 0.45486645625 0.5849609375 0.42395320156249994 0.5615234375 0.4062884859375 0.5166015625 0.4151208421875 0.4902343765625 0.44603409843749997 0.4824218765625 0.47253117187499993 0.4824218765625 0.519637084375 0.49609375 0.5637988765624999 0.5146484375 0.5858797734375 0.5390625 0.5961841890625 0.5849609375 0.5858797734375 0.6015625 0.5637988765624999 0.6113281234375 0.5314135609374999 0.6113281234375 0.4784194109375
13 0.61328125 0.63445774375 0.5693359375 0.59471213125 0.5419921875 0.5976562515625 0.5107421875 0.62120920625 0.49609375 0.6432901015625 0.484375 0.6845077734375 0.4824218765625 0.71983720625 0.48828125 0.74044604375 0.5244140625 0.7242533859375 0.5478515625 0.7242533859375 0.5810546875 0.744862221875 0.59765625 0.775775478125 0.60546875 0.763999 0.6113281234375 0.71394896875 0.625 0.6845077734375 0.61328125 0.63445774375
13 0.5878906234375 0.7581107609375 0.5732421875 0.7389739859375 0.5439453125 0.7242533859375 0.5107421875 0.730141625 0.4658203125 0.7713592984375001 0.4433593765625 0.8081607906249999 0.4316406234375 0.852322584375 0.43359375 0.8905961359375001 0.4482421875 0.9273976312500001 0.4736328125 0.9509505859375 0.51171875 0.9524226453125 0.5654296875 0.9421182265624999 0.59375 0.8670431796875 0.59765625 0.805216671875 0.5878906234375 0.7581107609375
13 0.4091796875 0.8655711203124999 0.3818359375 0.862627 0.3486328125 0.8891240765624999 0.32421875 0.9435902859375 0.3271484375 0.95978294375 0.3574218765625 0.961255003125 0.4521484375 0.9568388234375 0.45703125 0.9435902859375 0.4267578125 0.88029171875 0.4091796875 0.8655711203124999
13 0.6884765625 0.8331858078125001 0.6689453125 0.8214093296874999 0.6494140625 0.8214093296874999 0.6240234375 0.8361299265625 0.5917968765625 0.8788196578124999 0.5703125 0.9406461671875 0.5732421875 0.9509505859375 0.6152343765625 0.949478525 0.7119140625 0.9450623453125001 0.71484375 0.896484375 0.703125 0.8552667015625 0.6884765625 0.8331858078125001
13 0.9003906234375 0.8081607906249999 0.890625 0.763999 0.8720703125 0.730141625 0.8486328125 0.7095327874999999 0.8154296875 0.6977563109375 0.7783203125 0.7154210296875 0.7558593765625 0.74044604375 0.7421875 0.784607834375 0.7421875 0.8434902234375 0.75 0.881763778125 0.7763671875 0.9273976312500001 0.8017578125 0.9450623453125001 0.8417968765625 0.9435902859375 0.8662109375 0.9273976312500001 0.8847656234375 0.89354025625 0.89453125 0.8640990609375001 0.9003906234375 0.8081607906249999
13 0.7675781234375 0.6933401328125 0.7578125 0.6609548171874999 0.7373046875 0.6388739218749999 0.7158203125 0.6300415640625 0.6748046875 0.635929803125 0.6396484375 0.665370996875 0.62109375 0.6933401328125 0.6074218765625 0.7345578046875 0.6074218765625 0.76694311875 0.6337890625 0.8155210890625 0.6708984375 0.8214093296874999 0.6943359375 0.8361299265625 0.71875 0.8346578671874999 0.7402343765625 0.8169931500000001 0.74609375 0.7610548796875001 0.76953125 0.71983720625 0.7675781234375 0.6933401328125
13 0.9355468765625 0.5373018 0.9277343765625 0.50786060625 0.8896484375 0.45928263593749996 0.8603515625 0.44456203906249997 0.8330078125 0.44750615781249997 0.8115234375 0.45928263593749996 0.7871093765625 0.49314000937499997 0.77734375 0.5343576828125001 0.78125 0.5755753546875 0.7910156234375 0.61384890625 0.8095703125 0.64770628125 0.8349609375 0.665370996875 0.86328125 0.6638989390625001 0.8935546875 0.64770628125 0.9160156234375 0.61384890625 0.93359375 0.5755753546875 0.9355468765625 0.5373018
13 0.7060546875 0.5211091421875 0.6923828125 0.5122767859375 0.6611328125 0.5152209062499999 0.6357421875 0.529941503125 0.61328125 0.5637988765624999 0.6074218765625 0.6167930265625 0.625 0.6638989390625001 0.63671875 0.6697871765625 0.6806640625 0.632985684375 0.72265625 0.6285695046875001 0.7285156234375 0.5667429953124999 0.7060546875 0.5211091421875
13 0.8144531234375 0.390095828125 0.80859375 0.36948699218750003 0.7978515625 0.3474060953125 0.7705078125 0.323853140625 0.7353515625 0.3267972609375 0.7080078125 0.35035021718750003 0.6855468765625 0.390095828125 0.6777343765625 0.41953702187499997 0.67578125 0.45781057656249996 0.6855468765625 0.49608412812499997 0.7158203125 0.526997384375 0.7363281234375 0.5284694437499999 0.7763671875 0.506388546875 0.8066406234375 0.45486645625 0.8125 0.4313135 0.8144531234375 0.390095828125
13 0.7246093765625 0.3282693203125 0.6865234375 0.28852370625 0.6513671875 0.2855795859375 0.6259765625 0.3032443046875 0.61328125 0.3282693203125 0.609375 0.39892818750000003 0.6152343765625 0.4313135 0.6259765625 0.45045027656250003 0.6455078125 0.4681149953125 0.66796875 0.46958705468749995 0.67578125 0.4666429328125 0.6777343765625 0.41953702187499997 0.69140625 0.37537523125 0.7246093765625 0.3282693203125
13 0.8300781234375 0.181063346875 0.8222656234375 0.15751039218750001 0.7900390625 0.120708896875 0.7353515625 0.120708896875 0.7041015625 0.15015009375 0.6816406234375 0.20167218281250002 0.6777343765625 0.2399457359375 0.68359375 0.281163409375 0.7255859375 0.3267972609375 0.73828125 0.3253252 0.7841796875 0.3209090203125 0.8183593765625 0.281163409375 0.8300781234375 0.24877809375 0.8300781234375 0.181063346875
13 0.6816406234375 0.2841075265625 0.6777343765625 0.2546663328125 0.6650390625 0.23552955625 0.6240234375 0.2208089609375 0.6025390625 0.23552955625 0.58203125 0.2664428109375 0.59765625 0.3253252 0.5996093765625 0.366542871875 0.60546875 0.3724311109375 0.61328125 0.3282693203125 0.6259765625 0.3032443046875 0.6494140625 0.2855795859375 0.6816406234375 0.2841075265625
13 0.7060546875 0.04416179375 0.6884765625 0.032385315625 0.6650390625 0.032385315625 0.6396484375 0.0500500296875 0.59375 0.1251250765625 0.6123046875 0.21786484062499997 0.6435546875 0.2208089609375 0.67578125 0.23700161562500002 0.69140625 0.16928686875 0.7246093765625 0.1251250765625 0.71875 0.0662426875 0.7060546875 0.04416179375
13 0.9082031234375 0.35476639374999996 0.8818359375 0.2944119453125 0.8603515625 0.27969135 0.8310546875 0.27969135 0.7871093765625 0.31943696093749996 0.78515625 0.334157559375 0.80078125 0.3518222765625 0.8144531234375 0.387151709375 0.8144531234375 0.4224811421875 0.8066406234375 0.4519223375 0.8125 0.45781057656249996 0.8408203125 0.44456203906249997 0.8779296875 0.44750615781249997 0.9042968765625 0.4048164265625 0.9082031234375 0.35476639374999996
13 1 0.363598753125 0.9873046875 0.356238453125 0.9423828125 0.36801493125 0.9072265625 0.4062884859375 0.8925781234375 0.440145859375 0.8925781234375 0.45781057656249996 0.9384765625 0.529941503125 0.9609375 0.5373018 1 0.5137488453125 1 0.363598753125
13 0.9160156234375 0.15751039218750001 0.8955078125 0.132485375 0.8623046875 0.120708896875 0.8330078125 0.12365301718749999 0.8173828125 0.13542949531249998 0.8144531234375 0.1457339140625 0.8339843765625 0.19578394375 0.8378906234375 0.2634986921875 0.89453125 0.2958840046875 0.91796875 0.27233105 0.9277343765625 0.2399457359375 0.9277343765625 0.1898957046875 0.9160156234375 0.15751039218750001
13 1 0.27821928749999997 0.9521484375 0.26202663125000003 0.9033203125 0.291467828125 0.8925781234375 0.30766048281249997 0.9082031234375 0.3518222765625 0.9121093765625 0.39892818750000003 0.9482421875 0.3621266953125 0.9853515625 0.356238453125 1 0.3282693203125 1 0.27821928749999997
13 0.8115234375 0 0.80078125 0.0161926578125 0.8027343765625 0.051522090625 0.80859375 0.051522090625 0.8046875 0.128069196875 0.8125 0.1369015546875 0.8388671875 0.120708896875 0.91796875 0.128069196875 0.9140625 0.086851525 0.8876953125 0 0.8115234375 0
13 1 0.5961841890625 0.9794921875 0.59471213125 0.9345703125 0.62120920625 0.9140625 0.6521224609375 0.90625 0.6845077734375 0.90625 0.731613684375 0.9199218765625 0.7816637171874999 0.9384765625 0.8125769703125 0.9677734375 0.8361299265625 1 0.8464343453125001 1 0.5961841890625
13 1 0.9023726140624999 0.9902343765625 0.8758755390624999 0.9716796875 0.8449622859374999 0.9345703125 0.8155210890625 0.9003906234375 0.8228813890625 0.8925781234375 0.8758755390624999 0.8671875 0.9288696890624999 0.8779296875 0.9450623453125001 1 0.9435902859375 1 0.9023726140624999