13 1 0.3154022015625 0.9738980234374999 0.3102004921875 0.944975134375 0.28444013125 0.9020011390624999 0.2744558890625 0.8518212453125 0.28416828125000004 0.8437998765625 0.3096672671875 0.8806108265624999 0.342453178125 0.9262141749999999 0.3547792703125 0.9645175453125001 0.3453700625 0.97598373125 0.316410575 1 0.3209599203125 1 0.3154022015625
13 0.69375419375 0.2826627609375 0.6995121125 0.294319740625 0.7279357890625 0.313106821875 0.7888604859374999 0.3216692296875 0.8277075 0.3083917890625 0.8473780046874999 0.273682228125 0.8405772328125 0.2589202046875 0.817684084375 0.2428827078125 0.7654629171875 0.23554350156249998 0.6986025609375 0.25869016093749997 0.69375419375 0.2826627609375
13 0.8513220359375 0.27719500468749997 0.8692727359375001 0.275773171875 0.89071269375 0.2600493265625 0.8910733859375 0.236432184375 0.8684520593749999 0.2184605703125 0.8183166 0.217331446875 0.7947464984375 0.23768671874999997 0.82874514375 0.24838187343749998 0.8513220359375 0.27719500468749997
13 0.4286650984375 0.31641041875 0.45015470156250004 0.352960015625 0.5089048171874999 0.37699536093749997 0.53873204375 0.3752703484375 0.5670172078125 0.3634670125 0.586099634375 0.3434672 0.5783004453125 0.314758621875 0.546703765625 0.297497921875 0.4554081984375 0.294528765625 0.43532735312500004 0.30058202343749996 0.4286650984375 0.31641041875
13 0.41759883125 0.2477962953125 0.43491701562499996 0.27192571875 0.4678283703125 0.290357346875 0.5380002390625 0.2962747203125 0.5599838421875 0.276682640625 0.5530001203125 0.24217171093749998 0.5079848499999999 0.215135875 0.4641953890625 0.21095398593749998 0.4427998671875 0.21583631875 0.41845873125 0.2311524296875 0.41759883125 0.2477962953125
13 0.20675654843750002 0.116589890625 0.1894880078125 0.1447339078125 0.1947022796875 0.160259121875 0.22575531249999997 0.18138805625 0.295655359375 0.189239546875 0.3316011953125 0.1755543703125 0.34864234843749997 0.13850295937499998 0.3394840453125 0.11946496874999998 0.3194920734375 0.10383520312500001 0.2704439046875 0.094969615625 0.24324603125 0.09903648125 0.20675654843750002 0.116589890625
13 0.20672253125 0.25366131406250003 0.232017646875 0.2631332703125 0.2838284765625 0.2418161734375 0.2793852375 0.2313301203125 0.28944787656250004 0.222882734375 0.26945590468749997 0.20725296875 0.231740615625 0.20195243125 0.19343724843750001 0.21136164062499999 0.18677499375 0.2271900359375 0.20672253125 0.25366131406250003
13 0.3728998203125 0.20798482499999998 0.3877219578125 0.19724786562500002 0.39633140624999996 0.15703913593750002 0.36346448750000004 0.127765996875 0.341841578125 0.1237409375 0.342479303125 0.161304634375 0.303271596875 0.1981992171875 0.345701946875 0.21205169218750003 0.3728998203125 0.20798482499999998
13 0.0976592140625 0.27186289375 0.124224571875 0.2933472890625 0.152964509375 0.29935874375 0.14933673593750002 0.2830703375 0.1761739171875 0.30262061406249996 0.208403109375 0.294330053125 0.21828280156250002 0.26613376093749996 0.1906745875 0.2415443265625 0.1500581234375 0.23583605468750002 0.1051369359375 0.250232146875 0.0976592140625 0.27186289375
13 0.05904479687500001 0.357162690625 0.082165334375 0.3821075828125 0.1367440328125 0.3937227578125 0.1755910453125 0.38044531406250004 0.18864373125 0.3507226375 0.1671096953125 0.32501455468749996 0.12730869843749998 0.3135039296875 0.1003826484375 0.3156366796875 0.079758159375 0.32555817187499997 0.0599046984375 0.340518825 0.05904479687500001 0.357162690625
13 0.046901657812500004 0.42251494218749996 0.0550171046875 0.4384478921875 0.08371260625 0.45530085937500003 0.1333044203125 0.46029821406250004 0.16634908125 0.446205303125 0.17205735312499998 0.40558883906250004 0.15469473281249999 0.39230092499999997 0.1306698578125 0.39484140624999997 0.0905970390625 0.385264903125 0.053835734375 0.4047524296875 0.046901657812500004 0.42251494218749996
13 0.24137452812500002 0.4912650328125 0.262270840625 0.47940942187499996 0.26661999999999997 0.4484635453125 0.216699009375 0.4091792109375 0.17133028125 0.41490135625 0.1750970453125 0.43658699375000004 0.1570574734375 0.4596918484375 0.1920545359375 0.4843335609375 0.24137452812500002 0.4912650328125
13 0.1996864015625 0.682638096875 0.22833746875 0.710332575 0.2773856375 0.7191981671875001 0.31940565 0.7043943390625 0.3297401109375 0.6940128359375 0.3298289828125 0.6723298109375 0.2972338859375 0.64112255625 0.247642071875 0.6361252015625001 0.22624655 0.6410075359375 0.2079795921875 0.655204996875 0.1996864015625 0.682638096875
13 0.18220089374999998 0.828104628125 0.23124906250000002 0.8369702203125 0.2671949 0.8232850421875 0.2744452375 0.7927469 0.26868731874999996 0.781089921875 0.2331466109375 0.7603164453125 0.1983324984375 0.755423640625 0.156584309375 0.7682933484375 0.14538994375 0.7953187171875 0.18220089374999998 0.828104628125
13 0.340440478125 0.7231291468750001 0.342343234375 0.709590325 0.3267945 0.7044466140625001 0.2802868140625 0.7196059 0.2364973515625 0.7154240109375001 0.251729828125 0.7333433515625 0.29678953125 0.7495376765625 0.340440478125 0.7231291468750001
13 0.5469075546875 0.56970665 0.55239365 0.583297746875 0.5758304421875 0.5954670125 0.6541621937500001 0.6064758218749999 0.6776878609375 0.5969620609375 0.696271078125 0.5699889703125 0.6758243296875001 0.536544415625 0.6244186296875001 0.5234028578125 0.5911465812500001 0.528588371875 0.5543852765625 0.5480759015625 0.5469075546875 0.56970665
13 0.6403881203124999 0.68343278125 0.694694996875 0.696982071875 0.741973715625 0.686861946875 0.754482759375 0.66100750625 0.7079254265625 0.6238933484375 0.6818148421875 0.6202237453125 0.624789740625 0.6260156265625 0.6041652531249999 0.63593711875 0.6030335250000001 0.6545151015624999 0.6403881203124999 0.68343278125
13 0.684849325 0.5881069421875 0.6810882453125 0.604343071875 0.696320721875 0.6222624125 0.7061115390625 0.6157491453125 0.7572454171875 0.6308248203125 0.792514303125 0.6535324124999999 0.816583615625 0.6401504203124999 0.82591965625 0.6158223625 0.798855090625 0.58736469375 0.747449390625 0.5742231328125 0.7025726390625 0.5777777125 0.684849325 0.5881069421875