13 0.259952240625 0.4179416609375 0.273954546875 0.445549709375 0.27755791875 0.4835302 0.2995127546875 0.5181728624999999 0.348825184375 0.5596188625 0.4019094390625 0.58483024375 0.47042249375 0.60629304375 0.549606303125 0.615449284375 0.6344310046875 0.6056751031250001 0.6991025515625 0.5802485046875 0.7148705546875 0.5528797609375 0.7176224703125 0.5226955656250001 0.7089555421875 0.4889342375 0.6739846203125001 0.451476125 0.5858957499999999 0.3996496515625 0.5030411890625001 0.3741989640625 0.40577773749999996 0.3664464375 0.3416835234375 0.377161775 0.33451276874999997 0.3751678328125 0.3377409484375 0.3628014484375 0.29053801562500003 0.4123786140625 0.259952240625 0.4179416609375
13 0.4282739203125 0.312410803125 0.43867285312500004 0.3020383625 0.43313303281250004 0.2884397140625 0.4121644171875 0.27858965 0.3359032734375 0.269844165625 0.28564061406249996 0.277572603125 0.222975190625 0.3417413734375 0.2125088765625 0.3737998609375 0.22090398125 0.40949530625 0.29244077343749997 0.3988397921875 0.3513680609375 0.3400626203125 0.4282739203125 0.312410803125
13 0.6132870359375 0.39560996875 0.7044333328125 0.40447510312499996 0.816105671875 0.394529475 0.8304808734375 0.38767433906250004 0.82313936875 0.355085446875 0.8379548390625 0.2920810828125 0.8656853281249999 0.2644212375 0.9460574984375001 0.23331193906249997 0.9503392796875 0.2240521078125 0.9113247093749999 0.2047627296875 0.7989716625 0.177138625 0.6435267125 0.1592368984375 0.5677418296875001 0.168309225 0.51187196875 0.1841250625 0.44822033125000005 0.22350123281249998 0.4326567703125 0.27062190468749997 0.456923246875 0.3312296 0.504128478125 0.3664624953125 0.6132870359375 0.39560996875
13 1 0.23497610624999998 0.976099628125 0.231617128125 0.9085391015625 0.2457899484375 0.8584808859375 0.273270315625 0.8280321734375 0.3202713359375 0.8270819406250001 0.36944577500000003 0.8595727734375 0.43515396875 0.8982481375000001 0.47806350625 0.9881386937500001 0.548880225 0.9979881703125001 0.54927831875 1 0.5346379390625 1 0.23497610624999998
13 0.7875038296875 0.87372801875 0.8754556390625 0.8841165203125 0.9488278046874999 0.8816082296875001 0.9874602859375001 0.5961205484375001 0.8628729281249999 0.570721659375 0.7826018312499999 0.569301890625 0.7187794390625 0.5780831125 0.635484603125 0.6087816546875 0.5680611375 0.6643924484375 0.553789309375 0.7235285765625 0.5738413890625 0.7717100609374999 0.6093559546875 0.8052999421875 0.6871132703125 0.8458128109375 0.7875038296875 0.87372801875
13 0.724666553125 1 0.73941805 0.9507935828124999 0.774624803125 0.9123505406250001 0.815915025 0.8836379109375001 0.6610810984375 0.84018190625 0.6117349765625 0.8095789281249999 0.5811492031250001 0.8151419765625001 0.5148467203125 0.852173278125 0.4750863609375 0.90181026875 0.470126175 0.958310425 0.49204889375 1 0.724666553125 1
13 0.934253709375 1 0.9468913562499999 0.9059900734375 0.9458714484374999 0.8920405 0.8602986609375 0.8859309859375 0.818022221875 0.88985101875 0.794063559375 0.9012762421874999 0.7351362703125 0.9600534140624999 0.7271655671875 1 0.934253709375 1
13 0.2698190234375 0.83548775625 0.32225856249999996 0.8970964374999999 0.39444236718750003 0.9348536828125 0.4576537328125 0.9516267390625 0.46856262187500003 0.9482290843750001 0.47162005156250003 0.9052677499999999 0.48738805156250004 0.8778990062500001 0.5185848515625 0.8467816796875001 0.5705121375 0.8166055140624999 0.5700021828125 0.8096307265625 0.4998581953125 0.79977263125 0.44860931718749997 0.782708475 0.4069775921875 0.750231203125 0.40045155625 0.711839959375 0.38213378124999997 0.7043347640625 0.3116505890625 0.71809683125 0.2842256140625 0.7329795375 0.266894059375 0.7502669421875 0.25506863125 0.7919960140625 0.2698190234375 0.83548775625
13 0.3996360875 0.7176423109375001 0.4096284375 0.752576075 0.46267900156249997 0.7886304765625 0.52908485625 0.8038801703124999 0.5851591578125 0.8078162609374999 0.6008597796874999 0.8021335609375001 0.56588885625 0.764675446875 0.550866640625 0.7231178234375 0.5651384734375 0.66398169375 0.6096568703125 0.6229026796875 0.5942617625 0.6158082390625 0.52806035 0.6203104749999999 0.4820120859375 0.640465125 0.42661848906250005 0.674098771875 0.40554880156250006 0.6967777734375 0.3996360875 0.7176423109375001
13 0.16622478125 0.4698556671875 0.136456771875 0.5544264234375 0.14080823125 0.60829060625 0.1802316828125 0.6670838375 0.23939940312500002 0.7020256296875 0.32123405625 0.713526740625 0.38267742656250003 0.7004665296875 0.4098305796875 0.6875179421875 0.45727164531250003 0.64684968125 0.4653252484375 0.621355228125 0.45580916250000003 0.6042392734375001 0.34590251875 0.5592081078125 0.294211065625 0.5134831203125 0.2772860953125 0.4854643171875 0.262603084375 0.42028653125000004 0.29162530625 0.40464214375 0.272763884375 0.40100518437500005 0.23606095625 0.407680840625 0.20197518125 0.42754439062499994 0.16622478125 0.4698556671875
13 0.13784497812500002 0.3642926921875 0.1604108390625 0.37338107656249997 0.2063917203125 0.37491246875 0.2240624796875 0.3340049046875 0.250229415625 0.29626371875 0.280338925 0.27288286093749997 0.329206484375 0.20085797031250002 0.3297838203125 0.1861467109375 0.305483653125 0.1363820390625 0.31309468281249997 0.0822267546875 0.284240915625 0.04365603125 0.2114460796875 0.031453065625 0.14069106874999998 0.04714925 0.1028671578125 0.072404396875 0.041834970312500004 0.20977852343749998 0.0372139890625 0.24265851875000002 0.06651033125 0.309890075 0.13784497812500002 0.3642926921875
13 0.288886171875 0 0.28672100624999997 0.015405953125 0.3086084609375 0.071734659375 0.3462302296875 0.11153764531249999 0.3926536828125 0.1417298703125 0.47523642343750006 0.1691146734375 0.5281162375 0.174574125 0.6440703562500001 0.1553686671875 0.6582074234374999 0.13960462499999998 0.5826583765625 0.07277579375 0.566548871875 0.038954639062500004 0.5639991 0.0040807000000000005 0.5341901015625 0 0.288886171875 0
13 1 0.06535663124999999 0.5698444328125001 0.004902209375 0.56607260625 0.021136828125 0.5855810421875 0.07318654687500001 0.644953203125 0.1278802671875 0.7325658078124999 0.16188893124999998 0.8053606406249999 0.1740918953125 0.9217910234375 0.1727042453125 0.9656983984374999 0.1571795078125 1 0.13436707812499998 1 0.06535663124999999