13 0.752769025 0.521548046875 0.7325036546875 0.49814754062500005 0.7198190062500001 0.462166965625 0.6901355046875 0.43386469375000003 0.63226116875 0.40557957499999997 0.574654559375 0.393959321875 0.5029843140625 0.38970886718750003 0.42393750625 0.39998090468749997 0.34399704999999997 0.429985703125 0.28739777499999997 0.47030248593749996 0.278719246875 0.5006728859375 0.28335129375 0.5306262296875001 0.29992837968749997 0.5612879828125 0.3429224546875 0.5891731984375 0.4409326671875 0.6181495765625 0.5274831718749999 0.6227999375 0.6237329890625001 0.606792021875 0.68333105625 0.5808891828125 0.6907711875 0.5810891328125 0.6906305984375 0.5938691515625 0.7244376 0.5343452171874999 0.752769025 0.521548046875
13 0.61497744375 0.6646648859375001 0.6073967234375 0.6772449515625001 0.6160617984375001 0.6890994578125 0.6387905015625 0.6935841671875 0.7149020890625 0.6836206312499999 0.761802053125 0.6639621234375 0.8070822156249999 0.5865393015625 0.8094819843750001 0.552901059375 0.7927007406250001 0.5202968796875 0.7258667 0.5479421953125 0.6829092890624999 0.6192292359375 0.61497744375 0.6646648859375001
13 0.4153323078125 0.628695815625 0.324748775 0.6421442984375 0.21879964687500003 0.6788104828125 0.20650985781250003 0.6889396671875 0.2215172546875 0.718784459375 0.2223840015625 0.7835015125 0.20216875 0.8170483546874999 0.131709996875 0.8666773609374999 0.129795559375 0.8766979921875 0.172317753125 0.8859759140625 0.288016309375 0.885598803125 0.4431747 0.8653632359375001 0.5145136531250001 0.8382263734375 0.5648977421875 0.8093641921874999 0.6171326968749999 0.7557589359375 0.62083443125 0.7062727843750001 0.58262644375 0.6533359875 0.5282998015625 0.6305696390625 0.4153323078125 0.628695815625
13 0.0383954 0.88237676875 0.102970259375 0.875589678125 0.1650952328125 0.8454934796875 0.20701840312500003 0.80671921875 0.225192084375 0.7537481203125 0.21421771562499997 0.7058044890625 0.16679575 0.6499083546875 0.118888453125 0.6176298296875 0.014535915625000001 0.570663165625 0.004882703125 0.5726597 0.0383954 0.88237676875
13 0 0.490517078125 0.003765703125 0.524661959375 0.13079683125 0.5191659828125 0.20902700625 0.5011242421875 0.26882923124999997 0.47716382656249995 0.3422232046875 0.42722631718750004 0.3941904359375 0.35695618906250004 0.39373200625 0.2961239890625 0.36261940312499996 0.2542247375 0.32003364375 0.23022437031249998 0.23478510312499998 0.2097261046875 0.130623271875 0.206926771875 0.0427708015625 0.2181243203125 0 0.23035468125 0 0.490517078125
13 0.133776103125 0.1663357859375 0.100658590625 0.2041845359375 0.26140624687499997 0.2088919953125 0.3166901078125 0.2266480265625 0.34502153125 0.21385085625000003 0.4003958640625 0.1618795203125 0.4269668953125 0.10409805781249999 0.41811111875 0.0480762203125 0.38447160625 0.010370325 0.1627603546875 0.032691175 0.15863685156250001 0.12051738281249999 0.133776103125 0.1663357859375
13 0 0.2226684640625 0.0570385921875 0.2126969484375 0.0971109 0.1986657609375 0.117593875 0.181783790625 0.1605512890625 0.11049675 0.1568899125 0.033308182812499997 0 0.0505446921875 0 0.2226684640625
13 0.6421817843750001 0.1187918453125 0.576395434375 0.07169947812500001 0.49722149218749995 0.0525266265625 0.4318300046875 0.051544015624999995 0.42206712343749997 0.0574798453125 0.42949380000000004 0.09990470312500001 0.420815275 0.13027510312499999 0.39807311562500003 0.1680153015625 0.35498856875 0.209857453125 0.357170728125 0.216501690625 0.427616028125 0.20909759218750001 0.481470790625 0.21325664375 0.5297228375 0.234697575 0.54534270625 0.2703696453125 0.5649320343750001 0.27322043125 0.6299922296875 0.24281572968749998 0.6530021140625 0.22174040156250002 0.6656366453125 0.20077362499999998 0.66701563125 0.1574232546875 0.6421817843750001 0.1187918453125
13 0.544730234375 0.26454236875000003 0.5265834578125 0.2330636546875 0.4663863734375 0.21091431562500002 0.398263821875 0.2121826328125 0.34290294062500004 0.22192906250000002 0.3290434625 0.2312412859375 0.37203753906250003 0.2591265015625 0.3966672296875 0.295815484375 0.39712565624999996 0.35664768593749996 0.363867559375 0.407276453125 0.38052166718749997 0.41043574375 0.443667425 0.390051671875 0.48347200625 0.35935561875 0.5290834624999999 0.3133201109375 0.5440407421875 0.286217553125 0.544730234375 0.26454236875000003
13 0.8311532421875001 0.4485013828125 0.839577496875 0.3592412078125 0.8223243703125 0.3080297328125 0.7698485921875 0.26052030937500004 0.703985221875 0.2409304046875 0.6217990375 0.2495685203125 0.5653403484374999 0.2771052828125 0.5421263062499999 0.2962381859375 0.5059329875 0.34717545781250003 0.5042862765625 0.373860959375 0.5176604171875 0.38816634687499996 0.6351963890625 0.40527107031250004 0.6964142625 0.4371325375 0.7196148499999999 0.46022454062499996 0.749629646875 0.5199141265625 0.7252542281250001 0.5421149187500001 0.7444352453125 0.5410808546875 0.7784329515625 0.5257242515625 0.80670080625 0.4982046390625 0.8311532421875001 0.4485013828125
13 1 0.6230423359375 0.9666049265625001 0.57959220625 0.8842280390624999 0.5440629921875 0.8601338000000001 0.540703746875 0.8151482718749999 0.550341625 0.8078988453125 0.5943090046874999 0.791639596875 0.6372594703125001 0.7680808109374999 0.667229965625 0.738089225 0.7489375421875 0.7410880140625 0.763351484375 0.776705525 0.805759190625 0.7824219265625 0.86014710625 0.819749715625 0.8905917562500001 0.893334396875 0.8848215765624999 0.9581904328125 0.8524744500000001 0.9887810375000001 0.8188190562500001 1 0.7548962640625 1 0.6230423359375
13 0.5514465796875 0.82256126875 0.4435830140625 0.8692480843749999 0.4336795453125 0.8879639328125 0.5231518203125 0.9345306921875001 0.54696488125 0.9634499734374999 0.5578756828125 0.9966711609375001 0.829281534375 0.9671633140625 0.8241776062499999 0.918602675 0.7893131546875 0.869242225 0.7431797015625 0.8397230875 0.6908310625 0.8216585515625001 0.604076396875 0.8150657671875001 0.5514465796875 0.82256126875
13 0.526203890625 1 0.552005240625 0.9972881687499999 0.55173751875 0.9806232984375001 0.5202166 0.9348391968750001 0.44937643749999995 0.8961335406250001 0.35613886093749997 0.8843304859375 0.2825541828125 0.8901006656250001 0.16991798125 0.91961415625 0.1310706171875 0.945299896875 0.084501946875 0.99634571875 0.0839276484375 1 0.526203890625 1