13 0.625 0.485503471875 0.6191406234375 0.3881076390625 0.5996093765625 0.326128471875 0.6005859375 0.31875 0.61328125 0.32022569375 0.5576171875 0.2803819453125 0.5478515625 0.2508680546875 0.5224609375 0.268576390625 0.4853515625 0.27743055625 0.4541015625 0.30399305625 0.4199218765625 0.35859375 0.40234375 0.41467013750000004 0.390625 0.485503471875 0.3925781234375 0.5651909734375 0.4140625 0.6478298625 0.4482421875 0.7083333328125 0.4775390625 0.7201388890625 0.5078125 0.7186631953125 0.5400390625 0.7053819453125 0.5722656234375 0.6655381953124999 0.6113281234375 0.57109375 0.625 0.485503471875
13 0.6904296875 0.25677083437500003 0.6181640625 0.2036458328125 0.5849609375 0.19774305625 0.55078125 0.21102430625 0.5712890625 0.2803819453125 0.6376953125 0.33055555625 0.67578125 0.4028645828125 0.6875 0.41171875 0.7001953125 0.40434027656250005 0.70703125 0.38220486249999996 0.7050781234375 0.30546875 0.6904296875 0.25677083437500003
13 0.8378906234375 0.5209201375 0.8144531234375 0.4677951375 0.7666015625 0.41024305625 0.7177734375 0.40138888906250003 0.6611328125 0.43385416718750003 0.6328125 0.485503471875 0.6191406234375 0.59765625 0.6230468765625 0.68914930625 0.6484375 0.79835069375 0.6572265625 0.8116319453124999 0.6884765625 0.799826390625 0.7529296875 0.805729165625 0.7841796875 0.8293402765625 0.8261718765625 0.90460069375 0.8359375 0.907552084375 0.8496093765625 0.8662326390624999 0.8613281234375 0.751128471875 0.8574218765625 0.5947048625 0.8378906234375 0.5209201375
13 0.7236328125 0.799826390625 0.6748046875 0.805729165625 0.6142578125 0.8470486125000001 0.5771484375 0.8913194437499999 0.51953125 0.9901909734375 0.5205078125 1 0.83203125 0.9990451374999999 0.83203125 0.9341145828125 0.80859375 0.8691840265625 0.7744140625 0.8234375015625 0.7236328125 0.799826390625
13 0.4111328125 0.6493055562500001 0.3466796875 0.590277778125 0.2861328125 0.584375 0.2412109375 0.6109375015625 0.2128906234375 0.65078125 0.18359375 0.7334201375 0.1699218765625 0.83671875 0.171875 0.9252604171875 0.1845703125 0.99756944375 0.47265625 0.99609375 0.48046875 0.8691840265625 0.4707031234375 0.789496528125 0.453125 0.7275173609375 0.4111328125 0.6493055562500001
13 0.1533203125 0.5637152796875 0.0986328125 0.53125 0.0419921875 0.5342013875 0.0009765625 0.5637152796875 0 0.7865451375 0.0869140625 0.799826390625 0.1298828125 0.8293402765625 0.1640625 0.8662326390624999 0.1855468765625 0.7068576390625 0.2089843765625 0.6537326390625 0.19921875 0.62421875 0.1533203125 0.5637152796875
13 0.1435546875 0.8470486125000001 0.0771484375 0.796875 0 0.792447915625 0.0009765625 1 0.16015625 0.9990451374999999 0.1738281234375 0.99609375 0.16796875 0.910503471875 0.1582031234375 0.8691840265625 0.1435546875 0.8470486125000001
13 0.2763671875 0.430902778125 0.28125 0.41171875 0.2578125 0.3438368046875 0.2392578125 0.31875 0.2197265625 0.30399305625 0.1767578125 0.2980902765625 0.1357421875 0.31875 0.08203125 0.37925347187499997 0.0546875 0.45598958281249996 0.046875 0.5209201375 0.0517578125 0.53125 0.0947265625 0.5282986125 0.1240234375 0.5401041671875 0.1591796875 0.5666666671875 0.1962890625 0.6138888890625 0.203125 0.6124131953124999 0.203125 0.5415798625 0.2128906234375 0.4884548625 0.2392578125 0.4427083328125 0.2763671875 0.430902778125
13 0.3935546875 0.6256944437499999 0.3984375 0.6094618046875 0.3847656234375 0.54453125 0.3583984375 0.5017361109375 0.3173828125 0.4515624984375 0.2919921875 0.43385416718750003 0.2705078125 0.430902778125 0.2373046875 0.4456597234375 0.2089843765625 0.5032118046875 0.203125 0.57109375 0.20703125 0.6271701375000001 0.21484375 0.641927084375 0.2470703125 0.6020833328124999 0.2861328125 0.581423609375 0.3466796875 0.587326390625 0.3935546875 0.6256944437499999
13 0.4833984375 0.27743055625 0.5458984375 0.25381944375 0.5654296875 0.2803819453125 0.56640625 0.261197915625 0.5546875 0.22578125 0.5302734375 0.19479166718750002 0.4833984375 0.165277778125 0.3955078125 0.14756944375 0.3427734375 0.159375 0.2900390625 0.206597221875 0.2636718765625 0.270052084375 0.2636718765625 0.3526909734375 0.28515625 0.41171875 0.3017578125 0.43680555625000006 0.3486328125 0.478125 0.375 0.48255208437499997 0.390625 0.470746528125 0.4199218765625 0.3556423609375 0.4580078125 0.2980902765625 0.4833984375 0.27743055625
13 0.9238281234375 0.14904513749999998 0.8984375 0.0811631953125 0.8681640625 0.047222221875 0.7236328125 0.005902778125 0.6904296875 0.005902778125 0.6279296875 0.044270834375 0.5839843765625 0.12248263906250001 0.578125 0.14609375 0.5830078125 0.1918402765625 0.6259765625 0.2036458328125 0.6669921875 0.22430555624999998 0.6943359375 0.2508680546875 0.7724609375 0.2892361109375 0.7871093765625 0.2877604171875 0.8330078125 0.25677083437500003 0.8876953125 0.25677083437500003 0.921875 0.22282986249999998 0.9238281234375 0.14904513749999998
13 0.9990234375 0.22135416718749998 0.9501953125 0.22135416718749998 0.8974609375 0.2508680546875 0.86328125 0.2936631953125 0.83984375 0.3438368046875 0.82421875 0.429427084375 0.8261718765625 0.48255208437499997 0.8613281234375 0.5947048625 0.87890625 0.6065104171875 0.9345703125 0.5223958328125 0.9658203125 0.5017361109375 1 0.4943576390625 0.9990234375 0.22135416718749998
13 1 0.5002604171875 0.9833984375 0.4987847203125 0.9345703125 0.5253472218749999 0.8886718765625 0.5917534718749999 0.8671875 0.683246528125 0.8652343765625 0.75703125 0.8828125 0.8721354171875 0.9042968765625 0.9134548625000001 0.9501953125 0.9651041671874999 1 0.9783854171874999 1 0.5002604171875