13 0 0.51309296875 0.0037262375 0.5841938156250001 0.034056259374999995 0.6031402421875 0.1007244453125 0.5131019234374999 0.1225751375 0.4635505953125 0.11878475468750001 0.42854474375 0.09606038125000001 0.368127809375 0.0718669546875 0.3356580921875 0.029987571875 0.32025064531249997 0 0.3318971609375 0 0.51309296875
13 0.12483224062500001 0.46929972031249995 0.109203775 0.5815996796875 0.11196367812500001 0.634261784375 0.1297352640625 0.6934714296875 0.20768550000000002 0.762728934375 0.2345531984375 0.7715888343749999 0.24518259687500002 0.7504958140625 0.23801899375 0.6511251687499999 0.240803778125 0.5923050640625 0.26695112656250003 0.494122375 0.266031159375 0.4765683390625 0.2521818796875 0.4362222375 0.23640355624999998 0.41504633125 0.18626239687499999 0.3912707484375 0.15222762343750001 0.41359039218750004 0.12483224062500001 0.46929972031249995
13 0.39774167656250003 0.45206343593750004 0.3639493359375 0.4230304828125 0.3175985609375 0.434260746875 0.27878573906250004 0.47736675625 0.2551379265625 0.529945975 0.23904947656250003 0.633468915625 0.2434959875 0.7183134171875001 0.2619022921875 0.8082937328125 0.334746415625 0.873418275 0.34149631875 0.8715976718749999 0.3444772515625 0.8538392 0.32729756718749997 0.7872642640625 0.32285105468749997 0.7024197625 0.33205768281250003 0.6168597296875 0.345208021875 0.569231221875 0.359891640625 0.5508594375 0.359103590625 0.5171630953124999 0.37727093749999996 0.5279458171875 0.42077270625 0.518331715625 0.39774167656250003 0.45206343593750004
13 0.343564228125 0.575184784375 0.32938340781250003 0.640469546875 0.3263776 0.7697102296875 0.346734353125 0.8595883265625 0.37379819687500004 0.9095098609375001 0.48012800625 0.997816009375 0.55334648125 0.9954456453124999 0.562332084375 0.9803061906250001 0.556309475 0.828069003125 0.5172397578125 0.6423592453125 0.4952820296875 0.596570671875 0.45861927031249994 0.5500859046875 0.4182303515625 0.525799225 0.38507273125 0.5275369421875 0.37279954531250004 0.5545835265625 0.3553988375 0.558429165625 0.343564228125 0.575184784375
13 0.546260996875 0.43107818125 0.524410303125 0.4806295109375 0.5148970234375 0.5603381984375 0.5208340015624999 0.6363034625 0.56288464375 0.8042547484375 0.5894885046875 0.845399265625 0.6222075484375 0.8539525125 0.655803746875 0.8419238312499999 0.6898171109375 0.8005362078125 0.71493398125 0.720009771875 0.721883503125 0.6287006125 0.71384275 0.5499118937499999 0.6945592921875 0.4805135046875 0.6598255749999999 0.4148585359375 0.6236228015624999 0.3771507859375 0.5888213890625 0.3848420640625 0.546260996875 0.43107818125
13 0.449305603125 0.540306034375 0.4728857203125 0.5610730640625 0.5187302234375 0.633480009375 0.5142837109375 0.5486355078125 0.5242569765625 0.4777038375 0.5443105484374999 0.4311804 0.574729671875 0.39584855937499996 0.556847575 0.3718492015625 0.51707196875 0.3592652140625 0.5037254875 0.3658320859375 0.490247084375 0.388541271875 0.4485389640625 0.525677671875 0.449305603125 0.540306034375
13 0.4470485 0.5345569078125 0.483365259375 0.40650418125 0.493687996875 0.3795598171875 0.5157134250000001 0.352002140625 0.5095340171875 0.327389471875 0.48387153281249995 0.32286696875 0.45538144843749995 0.3390286125 0.41087060781250007 0.385366946875 0.386609484375 0.42624347656249995 0.42287648125 0.52115516875 0.4470485 0.5345569078125
13 0.342062775 0.1733454703125 0.3367142296875 0.22056510468749999 0.3355732375 0.273431646875 0.34915867968750003 0.3460623640625 0.3792034515625 0.3782254296875 0.405764496875 0.381233984375 0.46991173750000004 0.3177311546875 0.4904252921875 0.27998473437500004 0.508200353125 0.208644190625 0.5076119234375 0.08545929062499999 0.49558116874999997 0.06115327499999999 0.44256959218749997 0.019925875000000003 0.42337176562499995 0.02679940625 0.3992425609375 0.051533629687500006 0.3570102328125 0.12268907031250001 0.342062775 0.1733454703125
13 0.2586465359375 0.44761827031249996 0.266031159375 0.4765683390625 0.2741396078125 0.482010809375 0.31939568125 0.43123285625 0.3645412390625 0.41566519218750003 0.3518757671875 0.3605885078125 0.338946453125 0.33779644062499997 0.3315190125 0.2707104109375 0.30449798437500003 0.2589248359375 0.298033328125 0.24752880156249998 0.25549434375 0.31283289999999997 0.23473835781250002 0.4019319171875 0.2586465359375 0.44761827031249996
13 0.5735991015625 0.0570645296875 0.5388619109375 0.121959753125 0.515695490625 0.20238397031250002 0.5114630578125 0.308219271875 0.519614321875 0.351797703125 0.58402193125 0.3865604484375 0.6183633609375 0.37009215 0.6380888687499999 0.2986493875 0.665944234375 0.25171707187500003 0.691125325 0.228394578125 0.7005280968750001 0.1838961796875 0.6956216015625001 0.0902746609375 0.667045884375 0.03016438125 0.6515742171875 0.0148398234375 0.62231749375 0.016373103125 0.5735991015625 0.0570645296875
13 0.6678946828125001 0.2516148546875 0.6364450781250001 0.30460295 0.6201604796875 0.367064259375 0.659672246875 0.41193286406249996 0.68989175625 0.4660895796875 0.71625318125 0.5585866921875 0.7231101265625 0.6521059921875 0.7328623703125 0.6515949 0.7542958921875 0.6314025140624999 0.7977120296875 0.5455164906250001 0.8100957281250001 0.4832596203125 0.8128805109374999 0.42443951562500004 0.8070968625000001 0.351399921875 0.790377165625 0.293602003125 0.7645185375 0.24801786718750002 0.7388346453125 0.22442738437499998 0.701776128125 0.2263695390625 0.6678946828125001 0.2516148546875
13 0.8255956875000001 0 0.7899455359374999 0.0427925859375 0.753564553125 0.11364137187500001 0.7328085671875 0.2027403890625 0.733728534375 0.2202944234375 0.7570019921875 0.23521010625 0.79248094375 0.29642545781249996 0.8095072953125 0.3600747203125 0.8142604640625001 0.45077056718749997 0.8300173781250001 0.452878490625 0.8607217531250001 0.4043300140625 0.89199661875 0.329348265625 0.92081824375 0.207555759375 0.9170527375 0.0610676984375 0.9028968031250001 0.0148702515625 0.8861408562499999 0 0.8255956875000001 0
13 0.07669129375 0.222457496875 0.11320072187500001 0.26601659375 0.1633204734375 0.2707241984375 0.20800605 0.24637951875000003 0.2301848046875 0.221747515625 0.26492199375 0.15685229218750002 0.2804399515625 0.0797626203125 0.27798670468750003 0.0329518609375 0.2701635015625 0.014292754687500001 0.1256769984375 0.0189312640625 0.0997720828125 0.0657613578125 0.07213426875 0.172823284375 0.07669129375 0.222457496875
13 0.117251475 0.39928801875 0.1208885296875 0.431368196875 0.129610290625 0.44851335781249996 0.157618984375 0.4045067171875 0.1880595171875 0.3882428578125 0.250081575 0.3028485953125 0.2617628578125 0.2831673 0.25678866562499997 0.26289203125 0.23695611875 0.23899489062499998 0.2231496515625 0.23678475 0.13905935 0.31160072968749997 0.1212628828125 0.36387329375 0.117251475 0.39928801875
13 0 0.3277108328125 0.025933348437499996 0.3175294125 0.055496728125000006 0.3218474765625 0.1146877140625 0.38768754843750003 0.12229336406249999 0.34621704062499997 0.118809634375 0.317062534375 0.126304771875 0.3108023140625 0.12553813125 0.29617395156250004 0.07745793437500001 0.23708585937499999 0.065997675 0.18634657500000001 0.0367409515625 0.18787985625 0 0.2335656859375 0 0.3277108328125
13 0.2723922515625 0.26207428125 0.3390604390625 0.1720359625 0.3516188734375 0.13177274375 0.3389533984375 0.0766960609375 0.32076464531250004 0.04684535625 0.2915079203125 0.0483786375 0.28177708749999997 0.0679577125 0.278532315625 0.11800079999999999 0.2534154484375 0.1985272359375 0.259616265625 0.2422078859375 0.2723922515625 0.26207428125