13 0 0.55810546875 0.0292968765625 0.57861328125 0.1005859375 0.4921875 0.125 0.44384765625 0.12304687656249999 0.40869140625 0.10351562343750001 0.34716796875 0.0810546875 0.3134765640625 0.0400390625 0.2958984359375 0 0.30908203125 0 0.55810546875
13 0.2675781234375 0.48193359375 0.2675781234375 0.46435546875 0.2558593765625 0.42333984375 0.2412109375 0.4013671859375 0.1923828125 0.375 0.1572265625 0.3955078140625 0.1269531234375 0.44970703125 0.10546875 0.56103515625 0.10546875 0.61376953125 0.1201171875 0.673828125 0.1943359375 0.7470703140625 0.2207031234375 0.75732421875 0.2324218765625 0.73681640625 0.23046875 0.63720703125 0.2363281234375 0.57861328125 0.2675781234375 0.48193359375
13 0.3261718765625 0.60791015625 0.3417968765625 0.56103515625 0.3574218765625 0.54345703125 0.3583984375 0.509765625 0.3759765625 0.521484375 0.4199218765625 0.51416015625 0.4003906234375 0.44677734375 0.3681640625 0.416015625 0.3212890625 0.4248046859375 0.2802734375 0.4658203140625 0.25390625 0.51708984375 0.2324218765625 0.61962890625 0.2324218765625 0.70458984375 0.24609375 0.79541015625 0.3154296875 0.8642578140625 0.3222656234375 0.86279296875 0.3261718765625 0.84521484375 0.3125 0.77783203125 0.3125 0.69287109375 0.3261718765625 0.60791015625
13 0.4902343765625 0.59619140625 0.4560546875 0.5478515640625 0.4169921875 0.521484375 0.3837890625 0.521484375 0.3701171875 0.5478515640625 0.3525390625 0.55078125 0.33984375 0.56689453125 0.3222656234375 0.63134765625 0.3125 0.76025390625 0.328125 0.85107421875 0.3525390625 0.90234375 0.4541015625 0.99609375 0.52734375 0.99755859375 0.5371093765625 0.98291015625 0.5390625 0.83056640625 0.5097656234375 0.64306640625 0.4902343765625 0.59619140625
13 0.71484375 0.64013671875 0.7109375 0.56103515625 0.6953125 0.49072265625 0.6640625 0.42333984375 0.6298828125 0.3837890640625 0.5947265625 0.3896484359375 0.5498046875 0.43359375 0.5253906234375 0.48193359375 0.51171875 0.56103515625 0.5136718765625 0.63720703125 0.546875 0.80712890625 0.5712890625 0.849609375 0.6035156234375 0.85986328125 0.6376953125 0.849609375 0.6738281234375 0.81005859375 0.703125 0.73095703125 0.71484375 0.64013671875
13 0.5800781234375 0.39990234375 0.5634765625 0.375 0.5244140625 0.3603515640625 0.5107421875 0.3662109359375 0.49609375 0.38818359375 0.4472656234375 0.52294921875 0.4472656234375 0.53759765625 0.4697265625 0.5595703140625 0.51171875 0.63427734375 0.51171875 0.54931640625 0.5253906234375 0.47900390625 0.5478515625 0.43359375 0.5800781234375 0.39990234375
13 0.5185546875 0.328125 0.4931640625 0.322265625 0.4638671875 0.3369140640625 0.4169921875 0.380859375 0.390625 0.42041015625 0.421875 0.51708984375 0.4453125 0.53173828125 0.48828125 0.40576171875 0.5 0.37939453125 0.5234375 0.35302734375 0.5185546875 0.328125
13 0.5292968765625 0.08642578125 0.5185546875 0.0615234359375 0.4677734375 0.017578125 0.4482421875 0.0234375 0.4228515625 0.046875 0.3769531234375 0.11572265625 0.359375 0.16552734375 0.3515625 0.21240234375 0.34765625 0.26513671875 0.3574218765625 0.33837890625 0.3857421875 0.3720703140625 0.4121093765625 0.37646484375 0.4794921875 0.31640625 0.5019531234375 0.27978515625 0.5234375 0.20947265625 0.5292968765625 0.08642578125
13 0.34765625 0.32958984375 0.34375 0.26220703125 0.3173828125 0.2490234359375 0.3115234375 0.2373046859375 0.265625 0.30029296875 0.2402343765625 0.38818359375 0.26171875 0.43505859375 0.2675781234375 0.46435546875 0.2753906234375 0.47021484375 0.3232421875 0.421875 0.3691406234375 0.40869140625 0.359375 0.35302734375 0.34765625 0.32958984375
13 0.7050781234375 0.23876953125 0.7167968765625 0.19482421875 0.7167968765625 0.10107421875 0.69140625 0.03955078125 0.6767578125 0.0234375 0.6474609375 0.0234375 0.5966796875 0.0615234359375 0.55859375 0.12451171875 0.53125 0.20361328125 0.5214843765625 0.30908203125 0.52734375 0.35302734375 0.58984375 0.39111328125 0.625 0.37646484375 0.6484375 0.30615234375 0.6787109375 0.2607421859375 0.7050781234375 0.23876953125
13 0.81640625 0.44091796875 0.8144531234375 0.36767578125 0.80078125 0.30908203125 0.77734375 0.26220703125 0.7529296875 0.2373046859375 0.7158203125 0.2373046859375 0.6806640625 0.2607421859375 0.6464843765625 0.31201171875 0.6269531234375 0.37353515625 0.6640625 0.42041015625 0.69140625 0.47607421875 0.7128906234375 0.56982421875 0.71484375 0.66357421875 0.7246093765625 0.66357421875 0.7470703125 0.64453125 0.7949218765625 0.56103515625 0.8105468765625 0.49951171875 0.81640625 0.44091796875
13 0.9394531234375 0.08349609375 0.9277343765625 0.03662109375 0.8935546875 0.0029296859375 0.8623046875 0.005859375 0.8134765625 0.05859375 0.7734375 0.12744140625 0.7480468765625 0.21533203125 0.7480468765625 0.23291015625 0.7705078125 0.2490234359375 0.8027343765625 0.31201171875 0.81640625 0.37646484375 0.81640625 0.46728515625 0.83203125 0.47021484375 0.8652343765625 0.42333984375 0.9003906234375 0.35009765625 0.9355468765625 0.22998046875 0.9394531234375 0.08349609375
13 0.3027343765625 0.06884765625 0.3027343765625 0.02197265625 0.2958984375 0.0029296859375 0.1513671875 0 0.12304687656249999 0.04541015625 0.08984375 0.15087890625 0.09179687656249999 0.20068359375 0.1259765625 0.24609375 0.17578125 0.25341796875 0.2216796875 0.2314453140625 0.2451171875 0.2080078140625 0.2832031234375 0.14501953125 0.3027343765625 0.06884765625
13 0.2734375 0.27099609375 0.26953125 0.25048828125 0.2509765625 0.2255859359375 0.2373046875 0.22265625 0.1494140625 0.29296875 0.12890625 0.34423828125 0.12304687656249999 0.37939453125 0.125 0.41162109375 0.1328125 0.42919921875 0.1630859375 0.38671875 0.1943359375 0.3720703140625 0.2607421875 0.2900390640625 0.2734375 0.27099609375
13 0.13671875 0.27685546875 0.09179687656249999 0.21533203125 0.0830078125 0.1640625 0.0537109375 0.1640625 0 0.22412109375 0.0009765625 0.3046875 0.0361328125 0.29296875 0.0654296875 0.298828125 0.12109375 0.36767578125 0.1308593765625 0.32666015625 0.12890625 0.29736328125 0.13671875 0.29150390625 0.13671875 0.27685546875
13 0.3447265625 0.038085935937499996 0.3154296875 0.038085935937499996 0.3046875 0.05712890625 0.2988281234375 0.10693359375 0.26953125 0.18603515625 0.2734375 0.22998046875 0.28515625 0.25048828125 0.3564453125 0.1640625 0.37109375 0.12451171875 0.3613281234375 0.06884765625 0.3447265625 0.038085935937499996