13 0.49563657968749997 0 0.43317717812499995 0.0010902328125 0.41318378906250003 0.030740557812500003 0.5008405734375 0.10051042343750001 0.5495991390625 0.1240771203125 0.5847159484375 0.121510734375 0.6458891484375 0.10090872343749999 0.6791834234375 0.0778632125 0.696043053125 0.036547053125 0.683298084375 0 0.49563657968749997 0
13 0.54377474375 0.12613220625 0.4320886203125 0.10659405 0.3793622765625 0.10751439062499998 0.31956848125000004 0.1232087640625 0.24763274218750003 0.1986944625 0.2378405703125 0.22523658906250002 0.2585497796875 0.23659564687499998 0.358109896875 0.23290439375 0.4167969828125 0.23774027343749998 0.514007334375 0.2672982203125 0.53158278125 0.2669914390625 0.5723876390625 0.25455865625 0.5941012999999999 0.239528971875 0.6196123015625 0.1902481140625 0.59849405 0.155455128125 0.54377474375 0.12613220625
13 0.5514761265625 0.39947693125 0.5816707296875 0.3667184125 0.5720649250000001 0.3200039421875 0.5303397234375 0.279710384375 0.47861783124999996 0.254241990625 0.37571943124999996 0.23455044218749999 0.29077143437499997 0.23603321562500001 0.2002035609375 0.25128803906249997 0.13257646875 0.3218149734375 0.13416039375 0.328624303125 0.151804015625 0.33222318125 0.2189379578125 0.3173773953125 0.3038859546875 0.315894621875 0.389072559375 0.32808164375 0.4362131140625 0.34288618125000003 0.45406125625 0.358202021875 0.48776457500000003 0.3585904375 0.4763543890625 0.37637040625 0.48444444375 0.42018120156250005 0.5514761265625 0.39947693125
13 0.43032054531249997 0.3410356125 0.36557045625 0.3245850265625 0.23651340625 0.31707061406250003 0.14597961875 0.3342782671875 0.09514398125 0.35958338749999996 0.00318076875 0.4627665828125 0.0029944015625 0.5360231796875 0.017811040625 0.54553166875 0.170165675 0.5448257296875 0.35712581718749997 0.5122609890625001 0.40365281093750005 0.49191463593750007 0.45138877187500004 0.45689650625 0.47707021093749996 0.417379784375 0.4764907359375 0.384181715625 0.44988895624999997 0.37097209375 0.44665293593750005 0.35344777656250004 0.43032054531249997 0.3410356125
13 0.567265346875 0.548638153125 0.5185067828125 0.5250714546874999 0.439178659375 0.512782175 0.36305247343749997 0.5160643874999999 0.193735953125 0.5522279984375 0.15168803749999998 0.5773797296875001 0.141998125 0.6097803374999999 0.1528469875 0.643775865625 0.1930223484375 0.6792129171875 0.2726231640625 0.70712481875 0.363634165625 0.7172567515625 0.44265550625000005 0.7119705828125 0.5126846031250001 0.695120840625 0.5795117656250001 0.6626996078125 0.6184600046875001 0.6278348703125001 0.6119879640625 0.592786234375 0.567265346875 0.548638153125
13 0.461487728125 0.447929825 0.4399104140625 0.47077081875 0.365947628125 0.514060428125 0.45089562499999997 0.5125776546874999 0.5214360234375001 0.5250203234375 0.5672312609375 0.546685325 0.6014799671875 0.5783189828124999 0.62608878125 0.56128534375 0.6400532515624999 0.5219731421875 0.6339561640625 0.5084056109375 0.611731203125 0.4941428796875 0.47613393437499996 0.44767417500000006 0.461487728125 0.447929825
13 0.46731212343750006 0.44587473906249997 0.5940194078125 0.48663835000000005 0.6205871000000001 0.49789514375 0.6473593125 0.520868903125 0.672172646875 0.5155522296874999 0.6775880015625 0.49006321093749994 0.6624304921874999 0.46102644843749996 0.6176737937500001 0.4149255390625 0.577668865625 0.3892526234375 0.481549290625 0.42218515781250004 0.46731212343750006 0.44587473906249997
13 0.8319674703125 0.353559065625 0.7849632625 0.3465658359375 0.7321687453125 0.3435805234375 0.659108146875 0.354622915625 0.625916128125 0.383526909375 0.6219824390625 0.4099667765625 0.6832078765625 0.47629115781250003 0.7202153906250001 0.49810954687500003 0.7908921359375001 0.5183635296875 0.9140225296875 0.5220745484375 0.9387336062499999 0.510899390625 0.98178596875 0.4593589234375 0.9755866187500001 0.43993290781249994 0.9517095609374999 0.414955190625 0.882071353125 0.3702653 0.8319674703125 0.353559065625
13 0.560772934375 0.2606216578125 0.53158278125 0.2669914390625 0.5258606453125 0.274905009375 0.5750282515625 0.3219056390625 0.5890108765625001 0.36756700000000003 0.6444960265625 0.35683139062499997 0.6677254375 0.3447053859375 0.7350298125 0.3396237375 0.7477512296875 0.31303048125 0.759365934375 0.30696747812499997 0.6955862078124999 0.262175328125 0.607265840625 0.238322475 0.560772934375 0.2606216578125
13 0.9400970750000001 0.5890124921875 0.87645369375 0.5520316515625 0.7968869656249999 0.5260725796875 0.6912638453125 0.5181491265625 0.6474274859375 0.5247745593750001 0.610438125 0.58792973125 0.6256978921874999 0.6228249765625 0.6964087234375 0.645031784375 0.7423403093750001 0.67450809375 0.7647697890625 0.7004877890625 0.808912928125 0.71143780625 0.90264865 0.7098016421875 0.9637195890625 0.6833411515625001 0.9795747671875 0.6684137296875 0.9790634656250001 0.639121315625 0.9400970750000001 0.5890124921875
13 0.7423743968750001 0.6764609218750001 0.6905161546875 0.64318121875 0.6286612203125 0.624726671875 0.5824410078125 0.662648478125 0.5272626375 0.6909595359375 0.43390186875000003 0.7140768 0.340200234375 0.7176657921875 0.34037066875 0.72742993125 0.359802734375 0.7495551 0.4441212359375 0.79594216875 0.505907996875 0.8104910578125001 0.5645950828124999 0.8153269359375 0.637792028125 0.8120958546875 0.696138246875 0.7974034609375 0.7425970671875 0.7731514500000001 0.7670695359375 0.7483065 0.7664218875000001 0.7112027765625 0.7423743968750001 0.6764609218750001
13 1 0.8532782781250001 0.9468099421874999 0.8057252171875 0.87727399375 0.766893809375 0.788953628125 0.74304095625 0.7713781796875 0.7433477374999999 0.7556593515625 0.7660864671875001 0.69324309375 0.7994074203125 0.6290383921875 0.8142020734375001 0.5382319109375 0.8157871078125 0.5355753640625001 0.8314608578125 0.5830227 0.8638408453125 0.6568672921875 0.8977134859375001 0.7775797468750001 0.93076805 0.9241099859374999 0.932117196875 0.970773325 0.9195821531249999 1 0.888878040625 1 0.8532782781250001
13 0.7921466921875 0.08663525625 0.7473399703125 0.12160225312499999 0.740886078125 0.1715271796875 0.763656425 0.21703515156250003 0.7874993953125 0.24006004062500003 0.8511427765624999 0.2770408796875 0.9276439171875 0.295239775 0.974511778125 0.29442169375 0.99343254375 0.28725445 0.993839365625 0.1426940828125 0.9479418687500001 0.1151706015625 0.8419097078125001 0.083813215625 0.7921466921875 0.08663525625
13 0.6140083609375 0.1209994328125 0.5818207937500001 0.1235146890625 0.5643816921875 0.1316327796875 0.6073840359375 0.1611602203125 0.622575628125 0.1921498109375 0.7057533328125001 0.2571143046875 0.7250149671874999 0.26947533749999997 0.7454514828125001 0.265211771875 0.7700262109375 0.24622530468749998 0.7727168437499999 0.23250438125 0.7008811500000001 0.14585426562499998 0.6492615171875 0.126244353125 0.6140083609375 0.1209994328125
13 0.6874049249999999 0 0.69890411875 0.03259026875 0.6935569375 0.061984940625 0.6256912390625 0.1188420828125 0.6668710515625 0.1278904015625 0.6961293765625001 0.1254262703125 0.7021242062499999 0.1331353203125 0.7167704125000001 0.1328796703125 0.7775004859375 0.08689090625 0.8286088171875001 0.0772084046875 0.8280975171874999 0.0479159921875 0.7725991359375 0 0.6874049249999999 0
13 0.7457241765625 0.2808343921875 0.8333809609375 0.350604259375 0.8731813687500001 0.364560209375 0.9286665187500001 0.3538245984375 0.9591338171875 0.3366887 0.958622515625 0.3073962859375 0.93939496875 0.29698808125 0.88949560625 0.2919988078125 0.809894790625 0.264086909375 0.7660243453125 0.268759515625 0.7457241765625 0.2808343921875