13 0.3359375 0.85693359375 0.3193359375 0.8291015640625 0.2802734375 0.7998046859375 0.2587890625 0.791015625 0.1865234375 0.791015625 0.0849609375 0.8173828140625 0.0537109375 0.837890625 0 0.89794921875 0.0009765625 0.9990234359375 0.15625 0.99755859375 0.3369140625 0.955078125 0.34375 0.93310546875 0.34375 0.88916015625 0.3359375 0.85693359375
13 0 0.86279296875 0.0078125 0.86279296875 0.1455078125 0.7763671859375 0.1728515625 0.7470703140625 0.20703125 0.68994140625 0.2207031234375 0.66064453125 0.23046875 0.58740234375 0.2285156234375 0.53759765625 0.21875 0.49365234375 0.2255859375 0.4599609359375 0.2060546875 0.46875 0.1708984375 0.4453125 0.1142578125 0.4423828140625 0.0498046875 0.46875 0 0.51416015625 0 0.86279296875
13 0.4902343765625 0.63720703125 0.5097656234375 0.59326171875 0.5175781234375 0.53759765625 0.5136718765625 0.48193359375 0.4775390625 0.4189453140625 0.4169921875 0.392578125 0.3466796875 0.3955078140625 0.2822265625 0.43359375 0.2402343765625 0.50244140625 0.2324218765625 0.56689453125 0.2529296875 0.638671875 0.2841796875 0.6708984359375 0.3115234375 0.685546875 0.3828125 0.69287109375 0.4052734375 0.6826171859375 0.4287109375 0.685546875 0.4697265625 0.662109375 0.4902343765625 0.63720703125
13 0.51953125 0.75732421875 0.4892578125 0.7177734359375 0.4365234375 0.69140625 0.3935546875 0.703125 0.3408203125 0.7470703140625 0.3183593765625 0.80126953125 0.31640625 0.82177734375 0.33984375 0.86279296875 0.34765625 0.94482421875 0.375 0.94775390625 0.5517578125 0.9111328140625 0.5488281234375 0.84814453125 0.5371093765625 0.79541015625 0.51953125 0.75732421875
13 0.8125 0.76904296875 0.7880859375 0.732421875 0.7490234375 0.6943359359375 0.6943359375 0.662109375 0.6220703125 0.662109375 0.5888671875 0.6796875 0.5566406234375 0.72509765625 0.54296875 0.78369140625 0.5488281234375 0.83935546875 0.5703125 0.89794921875 0.5957031234375 0.90087890625 0.8251953125 0.849609375 0.8349609375 0.8466796859375 0.8378906234375 0.83349609375 0.8125 0.76904296875
13 0.7333984375 0.6796875 0.7431640625 0.6767578140625 0.77734375 0.63427734375 0.7910156234375 0.60205078125 0.796875 0.54052734375 0.7871093765625 0.49365234375 0.7470703125 0.439453125 0.6748046875 0.4072265640625 0.5947265625 0.4189453140625 0.5341796875 0.45703125 0.515625 0.48193359375 0.5175781234375 0.55810546875 0.4980468765625 0.64306640625 0.5283203125 0.6826171859375 0.5683593765625 0.69873046875 0.5966796875 0.6708984359375 0.6240234375 0.6591796859375 0.6923828125 0.6591796859375 0.7333984375 0.6796875
13 0.8935546875 0.6123046859375 0.8193359375 0.62109375 0.7705078125 0.6533203140625 0.7519531234375 0.68701171875 0.8125 0.76611328125 0.8427734375 0.8408203140625 0.8574218765625 0.83935546875 0.9990234375 0.802734375 1 0.67529296875 0.9462890625 0.6328125 0.8935546875 0.6123046859375
13 0.9277343765625 0.37060546875 0.9082031234375 0.28857421875 0.8701171875 0.22265625 0.8369140625 0.193359375 0.7919921875 0.1728515640625 0.7177734375 0.1669921859375 0.6865234375 0.1845703140625 0.6542968765625 0.22705078125 0.6484375 0.24755859375 0.6484375 0.31201171875 0.6582031234375 0.36474609375 0.6748046875 0.3955078140625 0.7451171875 0.43359375 0.7939453125 0.4921875 0.8730468765625 0.49365234375 0.9013671875 0.48046875 0.9160156234375 0.45849609375 0.9277343765625 0.40576171875 0.9277343765625 0.37060546875
13 0.66015625 0.07470703125 0.6318359375 0.029296875 0.5947265625 0.008789064062500001 0.5302734375 0.0146484359375 0.4951171875 0.041015625 0.4628906234375 0.09814453125 0.4550781234375 0.13916015625 0.4580078125 0.1787109359375 0.5166015625 0.17578125 0.5537109375 0.1845703140625 0.5908203125 0.2138671859375 0.6083984375 0.2080078140625 0.6152343765625 0.21826171875 0.61328125 0.25048828125 0.6328125 0.25341796875 0.6464843765625 0.24462890625 0.66796875 0.18310546875 0.6699218765625 0.13623046875 0.66015625 0.07470703125
13 0.6113281234375 0.21826171875 0.5908203125 0.2197265640625 0.5595703125 0.1904296859375 0.5244140625 0.1787109359375 0.4599609375 0.1845703140625 0.4326171875 0.2080078140625 0.4042968765625 0.25341796875 0.3886718765625 0.29736328125 0.3808593765625 0.37646484375 0.3857421875 0.38671875 0.4384765625 0.3955078140625 0.4677734375 0.41015625 0.4853515625 0.4248046859375 0.5126953125 0.46875 0.51953125 0.46728515625 0.5654296875 0.427734375 0.5878906234375 0.38232421875 0.6074218765625 0.30615234375 0.6113281234375 0.21826171875
13 0.3847656234375 0.32080078125 0.3808593765625 0.25048828125 0.3671875 0.19775390625 0.3369140625 0.158203125 0.2763671875 0.12890625 0.2470703125 0.134765625 0.2197265625 0.1552734359375 0.1894531234375 0.20361328125 0.1660156234375 0.27392578125 0.1699218765625 0.33544921875 0.18359375 0.37353515625 0.2197265625 0.421875 0.2675781234375 0.44091796875 0.3076171875 0.41015625 0.3642578125 0.38671875 0.37890625 0.35595703125 0.3847656234375 0.32080078125
13 0.1904296875 0.451171875 0.1894531234375 0.41455078125 0.16015625 0.28857421875 0.1142578125 0.275390625 0.0732421875 0.2783203140625 0.0458984375 0.2900390640625 0.0068359375 0.328125 0 0.33837890625 0.00390625 0.50830078125 0.0556640625 0.462890625 0.0849609375 0.4482421859375 0.1416015625 0.439453125 0.1904296875 0.451171875
13 0.1396484375 0.2841796859375 0.1611328125 0.2783203140625 0.1816406234375 0.21533203125 0.1699218765625 0.15966796875 0.1416015625 0.1259765640625 0.0966796875 0.10839843593750001 0.0537109375 0.111328125 0.0185546875 0.134765625 0 0.15966796875 0.00390625 0.32958984375 0.0341796875 0.2958984359375 0.0751953125 0.275390625 0.1064453125 0.2724609359375 0.1396484375 0.2841796859375
13 0.9189453125 0.46875 0.8818359375 0.4951171859375 0.796875 0.50830078125 0.79296875 0.61083984375 0.7978515625 0.6181640640625 0.8837890625 0.609375 0.9667968765625 0.63720703125 0.9746093765625 0.62548828125 0.96875 0.58740234375 0.9394531234375 0.50244140625 0.9189453125 0.46875