13 0.8957391671874999 1 0.907479275 0.946866040625 0.9067281484375 0.7612763593749999 0.8868564015624999 0.7496728546875 0.8440374046875 0.739787309375 0.8108793765625 0.7401501765625 0.780026140625 0.7500653984375 0.7426929890625 0.781536365625 0.7292962593750001 0.8004929890625 0.7130400296875 0.87090645 0.7158848390625 0.9757972374999999 0.7248256546875 1 0.8957391671874999 1
13 0.7215721125 1 0.6895405218749999 0.907575665625 0.66714553125 0.874342371875 0.619169590625 0.8281875 0.5936990953125 0.8082756718749999 0.5245308890625 0.78228443125 0.475563334375 0.77298388125 0.43054755 0.77261366875 0.3992574015625 0.75837401875 0.40342762812500005 0.7793817921875 0.37268239375 0.8083646999999999 0.3570864265625 0.8628945937499999 0.368279025 0.931627115625 0.4013217046875 0.990370375 0.44303219374999997 1 0.7215721125 1
13 0.3636963765625 0.6258850953125 0.3863073734375 0.6972537625 0.44394428281250004 0.75365704375 0.5049880484375 0.775768109375 0.579538996875 0.7719323015625 0.6179693125 0.7487326359375001 0.63839331875 0.7253848859375001 0.66156636875 0.6575705484375 0.6566278796875 0.6333786546875 0.6647547703125001 0.61120089375 0.65114448125 0.56596420625 0.6314936359375001 0.5403801968749999 0.5930682140625 0.511463990625 0.5405882484375 0.49133003437499995 0.48547213749999996 0.482614475 0.415970128125 0.503651928125 0.3766586453125 0.5567156640625 0.3636963765625 0.6258850953125
13 0.7722306031249999 0.75127240625 0.817467290625 0.7376621171875 0.899153515625 0.7485028671875 0.9081591203125001 0.722518971875 0.91223848125 0.542053496875 0.8502055468749999 0.5307388171875 0.79618660625 0.5302945609374999 0.755122590625 0.5388546890625 0.70977545 0.5594552296875 0.6722214 0.6049067 0.673973934375 0.649410309375 0.7049302796875 0.71067865 0.7526877625 0.744756084375 0.7722306031249999 0.75127240625
13 0.7320697859374999 0.4954470265625 0.7860862796875 0.5219492171875 0.8416417484375 0.528761709375 0.9035666765625001 0.5210087015625 0.9121329250000001 0.4969278734375 0.9138019375 0.26178442031250004 0.9131441234375 0.25161005 0.9009574625000001 0.24578978906249999 0.83244461875 0.2560308546875 0.7912701531249999 0.2715812328125 0.745373203125 0.30107509062500004 0.701670596875 0.3471115546875 0.6854143671874999 0.41752501718749996 0.6950728890625 0.453831365625 0.7320697859374999 0.4954470265625
13 0.4965836640625 0.245642 0.448926840625 0.3088060625 0.44233158125000005 0.3894679359375 0.46582129375000003 0.4570304703125 0.4859114953125 0.4807114109375 0.560570446875 0.4959432890625 0.638960265625 0.5340860046875 0.6843074031249999 0.5134854640625 0.7090145328124999 0.47809729843750004 0.6882665171875 0.44424199062499997 0.6829991234375 0.41496291406249997 0.6983766375 0.348355584375 0.7275853453125001 0.3130044421875 0.726927534375 0.3028300734375 0.69322459375 0.2599703828125 0.6648994984375001 0.23939951874999998 0.6062709749999999 0.21985055625 0.558400590625 0.21882130625000001 0.4965836640625 0.245642
13 0.9110602374999999 0.22807719375 0.9072311609374999 0.0818669171875 0.7832757484374999 0.05224730625 0.72980171875 0.095025609375 0.6979568656249999 0.1417951515625 0.68982508125 0.2160887890625 0.7102417421875 0.2709148515625 0.7388957406250001 0.2965729015625 0.8295900203125001 0.2553718171875 0.9091923578125 0.24267971250000003 0.9110602374999999 0.22807719375
13 0.23461340000000003 0.24730090625 0.268755696875 0.288257528125 0.2874198234375 0.29857998281250003 0.35022101875 0.31307878125 0.40380060156250003 0.31542610312499997 0.437508440625 0.3061699171875 0.4904351078125 0.24622699374999998 0.5585110421875 0.21183105625 0.577732321875 0.135086378125 0.5712573062499999 0.10452625156249999 0.5531429890624999 0.0853104828125 0.5043963390624999 0.062029426562500004 0.470141140625 0.05412099218750001 0.3858187703125 0.05469864375 0.313022803125 0.0769801234375 0.27700772812499996 0.10274189062500001 0.24692030781250002 0.1418991671875 0.22451551875 0.21289762343750002 0.23461340000000003 0.24730090625
13 0.138303234375 0.46259922812500004 0.17749936718749998 0.46864161718749997 0.18782549531249998 0.410890584375 0.2047370890625 0.3767094296875 0.2416308765625 0.347141528125 0.2398758984375 0.3286958578125 0.251404746875 0.32434175 0.2823659875 0.3334942171875 0.2896141625 0.3151225875 0.284125865625 0.2998240125 0.229012203125 0.26505051874999996 0.1837779640625 0.2526028703125 0.1216345796875 0.2482784421875 0.0710175984375 0.2656578453125 0.042687609375000005 0.29720285468749996 0.03389800625 0.36132212343750003 0.0516809703125 0.401508646875 0.1000962671875 0.44576045468750003 0.138303234375 0.46259922812500004
13 0.23820933125 0.5377813703125 0.27751346875 0.5628914468749999 0.35283023281250003 0.58829769375 0.363919725 0.58584665625 0.38434617968749996 0.53644096875 0.40520954062500003 0.5111901515625 0.42343675625 0.49735773437499997 0.472406759375 0.48060034687500003 0.47251721093750004 0.4736100953125 0.444305015625 0.4199910421875 0.4051113296875 0.3878907171875 0.33528531093749997 0.35172510468749996 0.25052603125 0.3281478859375 0.2473400796875 0.3484596015625 0.2117643578125 0.3723183015625 0.1924375234375 0.40393735468749997 0.1836479265625 0.4680566234375 0.20033372031250002 0.49997184531250005 0.23820933125 0.5377813703125
13 0.10106095 0.69554344375 0.14135180625 0.7359150750000001 0.2045899109375 0.7745687453125 0.2654152234375 0.7846023703125 0.30560052187500003 0.779848378125 0.3608295328125 0.755515746875 0.390148690625 0.713174353125 0.3691822234375 0.6672416078125 0.3590867921875 0.6067803875 0.3324086765625 0.5855875078125 0.2994715515625 0.5719698734375 0.23008244218749999 0.5599591328125 0.1756241421875 0.561417946875 0.13027700312499998 0.5820184875 0.088110921875 0.6344231875 0.0872297578125 0.6642872578125 0.10106095 0.69554344375
13 0.22159236875000002 0.9418608374999999 0.23004571718750003 0.950828196875 0.3964912203125 0.98524616875 0.36388789843749997 0.92459984375 0.3562052609375 0.8927586640625 0.36038283125000004 0.835592625 0.38278516875 0.7906521078125001 0.34688299218749996 0.7833656890625 0.21754483750000003 0.783573125 0.1943742375 0.8253295250000001 0.1880023296875 0.8659529578124999 0.19326972343749999 0.895232034375 0.22159236875000002 0.9418608374999999
13 0.0208965640625 0.8474185546875 0.035824928125 0.8869460421875001 0.055915129687499995 0.9106269828125001 0.2223606328125 0.9450449546874999 0.196342775 0.9079685062499999 0.1855870859375 0.8633908546875 0.18976220625 0.8322827546875 0.20864968281250001 0.80256676875 0.20777341875 0.7803149640625 0.15101277500000002 0.7461634859374999 0.094139234375 0.74506019375 0.0549406546875 0.7650757421875001 0.0277078296875 0.8048920546874999 0.0208965640625 0.8474185546875
13 0.7386968734375 0.0760319640625 0.7290359046875 0.0657835515625 0.6906080343750001 0.06292528124999999 0.6012342765625001 0.072359228125 0.563793125 0.0847625078125 0.581136728125 0.1268520984375 0.5748703765625 0.21260115625 0.6739026546875 0.239473559375 0.68213755 0.236363484375 0.6929054796874999 0.1506514484375 0.7386968734375 0.0760319640625