13 0.1503906234375 0.12744140625 0.14453125 0.18017578125 0.1591796875 0.2109375 0.1855468765625 0.21533203125 0.2109375 0.18310546875 0.21484375 0.15673828125 0.1787109375 0.09667968593750001 0.1503906234375 0.12744140625
13 0.1669921875 0.298828125 0.1416015625 0.310546875 0.1259765625 0.2958984359375 0.109375 0.32373046875 0.10742187656249999 0.36181640625 0.1171875 0.38818359375 0.1425781234375 0.39697265625 0.1650390625 0.380859375 0.1777343765625 0.35302734375 0.1777343765625 0.32080078125 0.1669921875 0.298828125
13 0.2236328125 0.333984375 0.2011718765625 0.35888671875 0.1972656234375 0.39404296875 0.2255859375 0.4541015640625 0.24609375 0.45263671875 0.26171875 0.43505859375 0.26953125 0.39111328125 0.2529296875 0.33984375 0.2236328125 0.333984375
13 0.3076171875 0.2900390640625 0.2802734375 0.28125 0.2578125 0.30615234375 0.2558593765625 0.34423828125 0.265625 0.37939453125 0.2783203125 0.3984375 0.2949218765625 0.40283203125 0.31640625 0.38818359375 0.32421875 0.36474609375 0.32421875 0.32958984375 0.3076171875 0.2900390640625
13 0.2958984375 0.4658203140625 0.2724609375 0.4775390640625 0.2558593765625 0.51708984375 0.2558593765625 0.54638671875 0.265625 0.57275390625 0.2910156234375 0.58447265625 0.3066406234375 0.57568359375 0.328125 0.52587890625 0.3222656234375 0.48779296875 0.2958984375 0.4658203140625
13 0.2978515625 0.41015625 0.29296875 0.46142578125 0.3300781234375 0.49365234375 0.3417968765625 0.47021484375 0.3417968765625 0.42919921875 0.3310546875 0.41015625 0.2978515625 0.41015625
13 0.2705078125 0.4130859359375 0.2470703125 0.4541015640625 0.2167968765625 0.45263671875 0.2265625 0.48779296875 0.2480468765625 0.50244140625 0.2626953125 0.4921875 0.27734375 0.46435546875 0.2792968765625 0.43505859375 0.2705078125 0.4130859359375
13 0.2001953125 0.439453125 0.1708984375 0.4482421859375 0.1582031234375 0.48486328125 0.16796875 0.53173828125 0.19140625 0.53759765625 0.2128906234375 0.51123046875 0.21875 0.47900390625 0.21484375 0.45849609375 0.2001953125 0.439453125
13 0.1513671875 0.544921875 0.1259765625 0.5537109359375 0.11328125 0.57275390625 0.10351562343750001 0.61083984375 0.1162109375 0.6591796859375 0.1259765625 0.66796875 0.14453125 0.66650390625 0.1689453125 0.650390625 0.18359375 0.61669921875 0.1796875 0.57568359375 0.1513671875 0.544921875
13 0.2431640625 0.556640625 0.22265625 0.57568359375 0.21875 0.61962890625 0.2333984375 0.6474609359375 0.25 0.64892578125 0.2636718765625 0.63427734375 0.2714843765625 0.58447265625 0.2568359375 0.5595703140625 0.2431640625 0.556640625
13 0.2705078125 0.6943359359375 0.2480468765625 0.71923828125 0.2421875 0.75146484375 0.2568359375 0.791015625 0.2832031234375 0.79248046875 0.3027343765625 0.77197265625 0.3066406234375 0.73095703125 0.2919921875 0.7001953140625 0.2705078125 0.6943359359375
13 0.21875 0.68408203125 0.2265625 0.73388671875 0.2402343765625 0.74267578125 0.2636718765625 0.66650390625 0.2470703125 0.650390625 0.2294921875 0.6591796859375 0.21875 0.68408203125
13 0.3955078125 0.533203125 0.3779296875 0.533203125 0.3642578125 0.544921875 0.34765625 0.58447265625 0.35546875 0.62548828125 0.3720703125 0.64453125 0.3847656234375 0.64599609375 0.4111328125 0.6240234359375 0.421875 0.59619140625 0.41796875 0.56103515625 0.3955078125 0.533203125
13 0.2978515625 0.4658203140625 0.2861328125 0.4658203140625 0.2685546875 0.4833984359375 0.2558593765625 0.52001953125 0.2558593765625 0.54638671875 0.265625 0.57275390625 0.2910156234375 0.58447265625 0.3066406234375 0.57568359375 0.328125 0.52587890625 0.3222656234375 0.48779296875 0.2978515625 0.4658203140625
13 0.3662109375 0.6416015640625 0.3515625 0.61669921875 0.3466796875 0.5830078140625 0.3359375 0.61376953125 0.3378906234375 0.65478515625 0.3505859375 0.6826171859375 0.3691406234375 0.68994140625 0.39453125 0.66357421875 0.4003906234375 0.63720703125 0.3837890625 0.6474609359375 0.3662109375 0.6416015640625
13 0.4619140625 0.568359375 0.44140625 0.59912109375 0.44140625 0.63134765625 0.4619140625 0.6796875 0.48046875 0.68115234375 0.5 0.65771484375 0.50390625 0.61669921875 0.4873046875 0.57421875 0.4619140625 0.568359375
13 0.4609375 0.44384765625 0.4404296875 0.439453125 0.421875 0.46142578125 0.4160156234375 0.49658203125 0.4326171875 0.5244140640625 0.45703125 0.53466796875 0.4667968765625 0.52587890625 0.4707031234375 0.49365234375 0.4609375 0.47314453125 0.4609375 0.44384765625
13 0.4951171875 0.41015625 0.4716796875 0.4189453140625 0.4609375 0.44384765625 0.46484375 0.48486328125 0.4824218765625 0.49658203125 0.5029296875 0.48046875 0.5136718765625 0.45263671875 0.51171875 0.42919921875 0.4951171875 0.41015625
13 0.5791015625 0.375 0.5576171875 0.380859375 0.5410156234375 0.41162109375 0.5449218765625 0.46142578125 0.5556640625 0.48046875 0.5703125 0.48486328125 0.5888671875 0.474609375 0.60546875 0.43505859375 0.6015625 0.39697265625 0.5791015625 0.375
13 0.6064453125 0.2783203140625 0.5859375 0.29736328125 0.5800781234375 0.33837890625 0.5878906234375 0.37353515625 0.6025390625 0.3955078140625 0.6191406234375 0.39404296875 0.6386718765625 0.36474609375 0.6425781234375 0.32080078125 0.6259765625 0.2841796859375 0.6064453125 0.2783203140625
13 0.66796875 0.44384765625 0.6591796875 0.416015625 0.66015625 0.47900390625 0.66796875 0.44384765625
13 0.6298828125 0.3984375 0.609375 0.41748046875 0.6035156234375 0.47607421875 0.6181640625 0.5068359359375 0.6386718765625 0.51123046875 0.6503906234375 0.49951171875 0.65234375 0.41455078125 0.6455078125 0.4013671859375 0.6298828125 0.3984375
13 0.6591796875 0.5126953140625 0.6396484375 0.5185546859375 0.62109375 0.56103515625 0.625 0.60498046875 0.6416015625 0.6298828140625 0.6484375 0.62841796875 0.6708984375 0.62109375 0.6894531234375 0.58447265625 0.68359375 0.53466796875 0.6591796875 0.5126953140625
13 0.7646484375 0.69140625 0.7421875 0.71337890625 0.734375 0.75439453125 0.7509765625 0.791015625 0.77734375 0.79541015625 0.796875 0.77783203125 0.8066406234375 0.73681640625 0.7919921875 0.703125 0.7646484375 0.69140625
13 0.7822265625 0.7998046859375 0.7470703125 0.791015625 0.7324218765625 0.81298828125 0.7285156234375 0.86865234375 0.7392578125 0.8935546859375 0.7519531234375 0.89501953125 0.7763671875 0.890625 0.7871093765625 0.87158203125 0.7910156234375 0.83349609375 0.7822265625 0.7998046859375
13 0.8115234375 0.4541015640625 0.7900390625 0.462890625 0.7792968765625 0.49365234375 0.7832031234375 0.52587890625 0.7998046875 0.5478515640625 0.8066406234375 0.54638671875 0.8222656234375 0.53466796875 0.8339843765625 0.50244140625 0.83203125 0.47314453125 0.8115234375 0.4541015640625
13 0.05078125 0.77197265625 0.046875 0.81005859375 0.0517578125 0.8291015640625 0.1015625 0.83056640625 0.10742187656249999 0.78662109375 0.0947265625 0.7587890640625 0.0693359375 0.7529296859375 0.05078125 0.77197265625
13 0 0.83056640625 0.00390625 0.86572265625 0.041015623437499996 0.83935546875 0.0263671875 0.8232421859375 0.0107421875 0.8203125 0 0.83056640625
13 0.0292968765625 0.91845703125 0.06835937656249999 0.95361328125 0.08398437656249999 0.94775390625 0.08007812343750001 0.91259765625 0.0712890625 0.896484375 0.0292968765625 0.91845703125