13 0.543744334375 1 0.5459507203125 0.9996109546874999 0.5518930046875 0.982697128125 0.4817195484375 0.9643301484375 0.4409925828125 0.93581281875 0.4243645171875 0.90899596875 0.410533321875 0.9064766421874999 0.347059384375 0.9176688109375 0.30581664062499997 0.9368405531249999 0.27908340468750004 0.9623785203124999 0.269405703125 0.9918505312500001 0.27084267500000003 1 0.543744334375 1
13 0.1278693984375 0.9652425687499999 0.170719615625 0.9804943515625 0.216371396875 0.986327496875 0.266436909375 0.9834493640625 0.281290271875 0.9580228796875 0.3137938640625 0.9314674390625 0.40408465156249995 0.903647209375 0.412317415625 0.891287646875 0.40833115312499996 0.8771161203125001 0.394160796875 0.8726733421875 0.39009091875 0.8495919109375001 0.3480909421875 0.8222906734375 0.3092269890625 0.8212104171875 0.2342123359375 0.834437525 0.1868600765625 0.8527032828125 0.15206600312500002 0.8747044578125 0.1136201265625 0.9181737218749999 0.11327627343749999 0.9499664343750001 0.1278693984375 0.9652425687499999
13 0.24829907499999998 0.8299703984375 0.2970079609375 0.8193984546875 0.332480346875 0.8012441812500001 0.3388454046875 0.7951637140625001 0.3337627484375 0.7325957609375 0.3554086359375 0.6782060000000001 0.3153599828125 0.6535355765624999 0.2758177171875 0.6486084171875001 0.22676967499999998 0.6572569109375 0.1884121078125 0.6759199125 0.145724428125 0.7122041015625 0.1328223859375 0.740261396875 0.1373986546875 0.7830860890625 0.15657274062499998 0.8074707515625 0.20298644999999998 0.82606070625 0.24829907499999998 0.8299703984375
13 0.50193928125 0.7921881796875 0.48514398906249995 0.7475515203125 0.5117146875 0.6704775796875 0.4360264171875 0.646141615625 0.388335 0.66248391875 0.348532496875 0.6982593734375 0.33444106093750003 0.736442665625 0.336810465625 0.7836229984374999 0.3626004515625 0.82865690625 0.4042612734375 0.8540346874999999 0.4222506609375 0.854829184375 0.44957859375 0.8242282171875001 0.50193928125 0.7921881796875
13 0.46814389375000004 0.9548243718749999 0.5148967609375 0.9753377765625 0.5605485406249999 0.9811709234375 0.6289472921875 0.9472945703125 0.7270433765625001 0.9299975843749999 0.7454602312499999 0.907909275 0.72645806875 0.8676282562500001 0.7258727640625 0.8052589250000001 0.708222534375 0.8063878796875 0.6666406328125001 0.82363616875 0.5934936890625 0.830584184375 0.5597217796875 0.82463955 0.5010054265624999 0.795327725 0.45246377187500003 0.8237194828125001 0.428615715625 0.848748715625 0.41825969843750005 0.874373821875 0.43284813125 0.9233661203124999 0.46814389375000004 0.9548243718749999
13 0.590269353125 0.8291694656249999 0.6349036640625 0.8292322515624999 0.6944749531250001 0.8127784625000001 0.7535398546875001 0.7765814093750001 0.789778865625 0.7374677843749999 0.8089623453125 0.6944201171875 0.8027739109375001 0.6508880671874999 0.7774066921875 0.6166875171874999 0.717756484375 0.5905152359375 0.65479363125 0.5877345015625 0.6009927 0.603170821875 0.5365802125 0.6512187015625 0.4985571078125 0.7055213234375 0.4870116953125 0.741272428125 0.5048244625 0.7916794453125 0.541987934375 0.8168586031249999 0.590269353125 0.8291694656249999
13 1 0.7361036578125 0.9510933453125 0.71596508125 0.88558446875 0.7156165359375 0.8256740234375 0.7301468703125 0.7847704359375001 0.7512420640624999 0.7427610687499999 0.7913731578125 0.7261236125 0.8319886375 0.7342633703125 0.8781515015625001 0.772272384375 0.9249973734375001 0.8229279 0.9507724046874999 1 0.919549815625 1 0.7361036578125
13 0.48371783281249997 0.6297993125 0.549565865625 0.6320713140625001 0.6194931703125001 0.589992415625 0.644702546875 0.538940828125 0.648359046875 0.483756571875 0.619772190625 0.414425140625 0.5815912453125 0.383475625 0.52550453125 0.360641515625 0.49207177968750004 0.3566203390625 0.44879409531250003 0.3642513625 0.366731378125 0.41342819531249997 0.34516910625 0.47672785937500006 0.353987178125 0.526737628125 0.4133771484375 0.593612521875 0.48371783281249997 0.6297993125
13 1 0.470238865625 0.9998351015625 0.46937998125 0.9771811375 0.45056705468749997 0.9404404359375 0.4362212546875 0.8555855453125 0.42738440000000005 0.8263945984375001 0.4305482953125 0.79601425625 0.4438381890625 0.7565509109375 0.481537096875 0.7265050265624999 0.5304666078125 0.7305702140625 0.5872642046875 0.780291871875 0.61617878125 0.8065929421875 0.647239784375 0.8311146171875 0.6597736203125 0.8620013453125001 0.6662269875 0.9056181875 0.6605194156249999 0.957723334375 0.63546583125 1 0.5971957859375 1 0.470238865625
13 0.3233465984375 0.5807301375 0.3745178890625 0.5588161015625001 0.3460146515625 0.49839457343750004 0.347208740625 0.454552409375 0.366392221875 0.41150474218750005 0.3995741265625 0.3887962109375 0.400763521875 0.37867021093750003 0.3490022265625 0.3719310828125 0.300293340625 0.38250303125 0.2514125296875 0.40897133124999996 0.209064003125 0.4471789734375 0.1914090765625 0.48202409375000005 0.193778478125 0.529204428125 0.21464835 0.563206353125 0.25851603437500004 0.58422849375 0.28872445 0.5868349562499999 0.3233465984375 0.5807301375
13 0.1344768171875 0.43752327187500006 0.1736799265625 0.44052698125 0.20541689531250001 0.434930896875 0.245642171875 0.4099888015625 0.27169709062499997 0.3806039265625 0.29563345937499996 0.33076843125 0.2975894796875 0.2996830765625 0.2737508140625 0.257279984375 0.238877821875 0.23665508906250002 0.18966255 0.227483775 0.13484415 0.2371497390625 0.0964865828125 0.2558127390625 0.056172995312499995 0.3055610984375 0.0500587859375 0.33837128125 0.06600384375 0.395057390625 0.094172625 0.4198393 0.1344768171875 0.43752327187500006
13 0.506000678125 0.2669010734375 0.5145725999999999 0.2564649625 0.5038868171875001 0.2127342875 0.5110184984374999 0.1856944625 0.5285015 0.16674569687500002 0.5218019828125 0.13718655 0.43355552656249996 0.10911516562500001 0.36974243281249997 0.11838388281250001 0.325953665625 0.13998781093749998 0.2871686328125 0.181533621875 0.270531175 0.22214910156249998 0.27663599375 0.2567712484375 0.3171910328125 0.301184934375 0.366150765625 0.31734270000000003 0.41587712187500003 0.3125411125 0.506000678125 0.2669010734375
13 0.45625566875 0 0.4328913 0.004119768750000001 0.409888790625 0.050815715625 0.42278143281249997 0.090190753125 0.47123008281249995 0.1203214234375 0.5233305359375 0.1289840046875 0.5766203828124999 0.1275205875 0.6445080515625 0.10761713906249999 0.6687788796875 0.0934212609375 0.701793553125 0.05289291875 0.7085860765625001 0.0239296421875 0.6972172890625 0.010068225 0.7035054890625 0 0.45625566875 0
13 0.5869482234375 0.3041924671875 0.6595840859375001 0.31121735781250004 0.708632128125 0.30256886562499996 0.7643007671875 0.2808534484375 0.809195315625 0.2402136203125 0.81989518125 0.182795803125 0.81489145 0.1628539171875 0.787317365625 0.1330090078125 0.7409036578125 0.1144190546875 0.689820675 0.111526828125 0.6317779406249999 0.119778075 0.5594765390625 0.148392803125 0.5193348796875 0.18224480468749998 0.508300553125 0.20402300625 0.5086350109375 0.23966262343750003 0.5359535531249999 0.276493984375 0.5869482234375 0.3041924671875
13 0.7294046562500001 0 0.712827884375 0.0311147171875 0.707903071875 0.053798900000000004 0.725715834375 0.10420591718750001 0.82270144375 0.13966099999999998 0.8457828749999999 0.1355911203125 0.8926287468749999 0.0975821015625 0.932259321875 0.077703003125 0.9178010890625 0 0.7294046562500001 0
13 0.9316646265624999 0.082766003125 0.892967903125 0.099505553125 0.8528262453125001 0.1333575546875 0.8246480734375 0.176007975 0.8163269953125001 0.213173796875 0.8263344640625 0.2530575671875 0.8455085499999999 0.2774422296875 0.873593715625 0.29331423437500004 0.929257659375 0.30531498749999997 0.967870765625 0.27966553125 0.9316646265624999 0.082766003125
13 0.8065375031249999 0.43603289375000004 0.8873225140625 0.4217883171875 0.8958944343749999 0.41135220625 0.8931858796875 0.3622484203125 0.9162720046875 0.3244623765625 0.9119465859375 0.308367396875 0.822682659375 0.274525659375 0.7732954609375 0.2812506984375 0.6894533453125 0.311900365625 0.6343747078125 0.3622689453125 0.61671978125 0.39711406718750003 0.640981215625 0.45035051875 0.6902801046875 0.4684317375 0.75035778125 0.47172120937499995 0.761898496875 0.46968627031250004 0.8065375031249999 0.43603289375000004
13 0.5222801953125 0.35922679999999996 0.612561590625 0.39883889687499996 0.6540645734375 0.3389645390625 0.654492040625 0.3160817296875 0.5840630453125 0.3047012015625 0.5250075359374999 0.273465925 0.4958165890625 0.27662982343750003 0.4437950578125 0.310593309375 0.42987554687499996 0.332880246875 0.42443964999999995 0.3695373328125 0.432500490625 0.37307412812499996 0.4542252953125 0.36131043749999997 0.4830770859375 0.3562230890625 0.5222801953125 0.35922679999999996
13 0 0.536431971875 0.023455215625 0.6514583765624999 0.09303866875 0.64117219375 0.15668453124999998 0.61408366875 0.1951304078125 0.570614403125 0.197425584375 0.541452503125 0.1783398109375 0.4922615796875 0.143805971875 0.4735601390625 0.0715092671875 0.46845870156249997 0 0.4871927203125 0 0.536431971875
13 0.10287890468750001 0.6632361546875 0.057905437500000004 0.6612499140625 0.022010278124999998 0.6685708265625 0.0556750921875 0.8341863765624999 0.1138897546875 0.8100387765624999 0.13298492343749999 0.7917973703125 0.1321440734375 0.736414490625 0.1555693609375 0.7005519 0.152600565625 0.6921507296875 0.10287890468750001 0.6632361546875
13 0 0.3749705890625 0.001600746875 0.37567293749999997 0.0533620421875 0.38241206562499996 0.04989155625 0.320551471875 0.0602475734375 0.29492636562499996 0.0964865828125 0.2558127390625 0.14027535 0.2342088140625 0.1065034421875 0.2282641828125 0.0542310640625 0.235497959375 0.006539648437499999 0.25184026406250004 0 0.2558341140625 0 0.3749705890625
13 0.1270388515625 0.2266264890625 0.14859173125 0.23075915624999999 0.1893233921875 0.22556032187500002 0.21419361406249998 0.17258527968749998 0.2529786484375 0.13103946875 0.2839536859375 0.11268657500000001 0.2806457375 0.102361953125 0.2505256328125 0.07494923125 0.1951172296875 0.0559620265625 0.15913845625 0.054373034375 0.12807980000000002 0.06381602656249999 0.0958317484375 0.0833850125 0.06689164843749999 0.113278621875 0.053478526562499996 0.15530881875 0.0643362359375 0.1831431390625 0.0964076640625 0.213186671875 0.1270388515625 0.2266264890625
13 0.3773805 0.11108731875 0.3144176453125 0.108306584375 0.26384105 0.1251576234375 0.2167396375 0.17015309218750002 0.1970450734375 0.22717366249999998 0.2704428640625 0.2469553609375 0.26985286249999996 0.2183021953125 0.29158236406250004 0.1728223421875 0.3284996875 0.13755562187499998 0.375512790625 0.11736641249999999 0.3773805 0.11108731875