13 0.234375 0.32373046875 0.2265625 0.27685546875 0.203125 0.22119140625 0.1728515625 0.181640625 0.1318359375 0.1611328140625 0.0869140625 0.1669921859375 0.0419921875 0.2109375 0.01953125 0.26220703125 0.015625 0.33251953125 0.0234375 0.37353515625 0.046875 0.42626953125 0.0986328125 0.4892578140625 0.1416015625 0.4921875 0.1396484375 0.5009765640625 0.12304687656249999 0.50244140625 0.1416015625 0.5126953140625 0.1640625 0.51123046875 0.1982421875 0.4921875 0.2246093765625 0.43798828125 0.234375 0.37646484375 0.234375 0.32373046875
13 0.4853515625 0.451171875 0.5048828125 0.43359375 0.5332031234375 0.37353515625 0.53515625 0.28857421875 0.5214843765625 0.23876953125 0.4912109375 0.193359375 0.4501953125 0.1640625 0.4013671875 0.1669921859375 0.3486328125 0.205078125 0.3046875 0.27978515625 0.2890625 0.34423828125 0.2871093765625 0.39111328125 0.29296875 0.42333984375 0.3173828125 0.4658203140625 0.3603515625 0.4951171859375 0.4121093765625 0.49951171875 0.4423828125 0.4951171859375 0.44921875 0.48486328125 0.4482421875 0.45703125 0.4853515625 0.451171875
13 0.76171875 0.59912109375 0.76171875 0.55810546875 0.7519531234375 0.52294921875 0.7041015625 0.4423828140625 0.6494140625 0.3896484359375 0.5966796875 0.3720703140625 0.5634765625 0.380859375 0.5341796875 0.4013671859375 0.5078125 0.43798828125 0.4970703125 0.46875 0.44921875 0.46142578125 0.4560546875 0.486328125 0.4921875 0.50830078125 0.48828125 0.53173828125 0.49609375 0.58447265625 0.515625 0.63720703125 0.5341796875 0.6650390640625 0.5810546875 0.7001953140625 0.6503906234375 0.70458984375 0.6923828125 0.6943359359375 0.7314453125 0.66796875 0.7480468765625 0.64306640625 0.76171875 0.59912109375
13 0.4160156234375 0.85693359375 0.4394531234375 0.79833984375 0.453125 0.71630859375 0.44921875 0.65185546875 0.4296875 0.59033203125 0.3974609375 0.5537109359375 0.3427734375 0.5419921859375 0.3017578125 0.5595703140625 0.2548828125 0.6064453140625 0.2285156234375 0.64599609375 0.203125 0.71044921875 0.19140625 0.77783203125 0.1933593765625 0.83642578125 0.2207031234375 0.91552734375 0.2519531234375 0.95068359375 0.2519531234375 0.99462890625 0.2597656234375 0.99462890625 0.2802734375 0.9580078140625 0.3154296875 0.9580078140625 0.3779296875 0.9169921859375 0.4160156234375 0.85693359375
13 0.7314453125 0.884765625 0.7363281234375 0.87158203125 0.7324218765625 0.81298828125 0.7128906234375 0.76611328125 0.6611328125 0.7060546859375 0.6142578125 0.708984375 0.5458984375 0.69140625 0.5058593765625 0.73388671875 0.4824218765625 0.79541015625 0.4863281234375 0.89794921875 0.4980468765625 0.93017578125 0.5078125 0.93603515625 0.5537109375 0.87890625 0.6162109375 0.849609375 0.6806640625 0.849609375 0.7314453125 0.884765625
13 0.6611328125 0.8466796859375 0.6083984375 0.8525390640625 0.5517578125 0.8818359359375 0.51953125 0.91845703125 0.4921875 0.98876953125 0.4931640625 0.9990234359375 0.80078125 0.99755859375 0.78125 0.94775390625 0.7412109375 0.896484375 0.6962890625 0.8583984359375 0.6611328125 0.8466796859375
13 0.1552734375 0.8466796859375 0.12109375 0.89208984375 0.09960937656249999 0.94775390625 0.09179687656249999 0.99169921875 0.0927734375 0.9990234359375 0.24609375 1 0.25 0.95068359375 0.2128906234375 0.90380859375 0.1904296875 0.8349609359375 0.1552734375 0.8466796859375
13 0.0595703125 0.7236328140625 0.0009765625 0.7236328140625 0 0.99755859375 0.08984375 0.99755859375 0.09570312343750001 0.95654296875 0.1328125 0.84521484375 0.08789062343750001 0.79833984375 0.0595703125 0.7236328140625
13 0.2285156234375 0.64306640625 0.2636718765625 0.59033203125 0.2392578125 0.55078125 0.1982421875 0.5302734359375 0.1572265625 0.5302734359375 0.1181640625 0.5537109359375 0.08007812343750001 0.61083984375 0.0625 0.68408203125 0.06835937656249999 0.75146484375 0.0966796875 0.80859375 0.1279296875 0.8349609359375 0.16796875 0.83642578125 0.19140625 0.82177734375 0.1894531234375 0.78955078125 0.19921875 0.71923828125 0.2285156234375 0.64306640625
13 0.4042968765625 0.51708984375 0.3994140625 0.50390625 0.3369140625 0.486328125 0.3076171875 0.45703125 0.2871093765625 0.40576171875 0.2822265625 0.3603515640625 0.2509765625 0.3779296859375 0.234375 0.39990234375 0.2246093765625 0.44677734375 0.2050781234375 0.49072265625 0.2119140625 0.5302734359375 0.2451171875 0.5537109359375 0.26953125 0.58447265625 0.3212890625 0.544921875 0.3642578125 0.5390625 0.3935546875 0.5478515640625 0.4042968765625 0.51708984375
13 0.5185546875 0 0.49609375 0.03662109375 0.48046875 0.09814453125 0.4863281234375 0.18017578125 0.5517578125 0.2841796859375 0.5791015625 0.298828125 0.6191406234375 0.29736328125 0.6542968765625 0.27099609375 0.66796875 0.20947265625 0.6972656234375 0.16259765625 0.69921875 0.09521484375 0.6875 0.04833984375 0.6572265625 0 0.5185546875 0
13 0.9160156234375 0.27099609375 0.9140625 0.18896484375 0.90234375 0.15380859375 0.8857421875 0.12890625 0.8330078125 0.09082031406249999 0.7861328125 0.09082031406249999 0.7509765625 0.10546875 0.7158203125 0.140625 0.6738281234375 0.20068359375 0.6582031234375 0.25048828125 0.6621093765625 0.31787109375 0.6884765625 0.369140625 0.7568359375 0.4306640640625 0.7988281234375 0.43505859375 0.8193359375 0.4306640640625 0.8603515625 0.3984375 0.9003906234375 0.32958984375 0.9160156234375 0.27099609375
13 0.9746093765625 0.53466796875 0.96484375 0.48193359375 0.94921875 0.44384765625 0.9267578125 0.4130859359375 0.8779296875 0.3896484359375 0.8037109375 0.439453125 0.796875 0.47021484375 0.7822265625 0.4716796859375 0.7734375 0.49365234375 0.76953125 0.55224609375 0.7832031234375 0.60498046875 0.8134765625 0.6474609359375 0.8779296875 0.6826171859375 0.9082031234375 0.68115234375 0.9384765625 0.66796875 0.96484375 0.63134765625 0.9746093765625 0.59912109375 0.9746093765625 0.53466796875
13 0.9199218765625 0.73388671875 0.8818359375 0.6884765640625 0.8505859375 0.6708984359375 0.7939453125 0.6767578140625 0.7529296875 0.7060546859375 0.7285156234375 0.77197265625 0.7402343765625 0.89208984375 0.7871093765625 0.95361328125 0.8095703125 0.9990234359375 0.91015625 0.99755859375 0.9501953125 0.9697265640625 0.95703125 0.93603515625 0.9472656234375 0.81005859375 0.9199218765625 0.73388671875
13 0.7802734375 0 0.7675781234375 0.01611328125 0.7558593765625 0.05712890625 0.7607421875 0.09667968593750001 0.7880859375 0.087890625 0.8427734375 0.09375 0.8857421875 0.1259765640625 0.9003906234375 0.14501953125 0.9140625 0.18603515625 0.9277343765625 0.18896484375 0.9521484375 0.1728515640625 0.9707031234375 0.13037109375 0.9667968765625 0.06591796875 0.9443359375 0 0.7802734375 0