13 0.06327185156250001 0.17969263124999998 0.037289246875 0.2292704765625 0.028487759374999998 0.2991392140625 0.0334201234375 0.3405998984375 0.053121967187499994 0.3948407328125 0.100359859375 0.461286021875 0.143019575 0.4672059203125 0.1404581140625 0.47583733125 0.1237948109375 0.4761405390625 0.1415890234375 0.48766377812500006 0.16409742968750002 0.487769296875 0.19952222656250002 0.4711569703125 0.22960593281250002 0.418929059375 0.2436394265625 0.35823670625 0.24731799062499998 0.30563078906249996 0.24279435624999998 0.2583250015625 0.2232968765625 0.2011616171875 0.1958561078125 0.15959541093750002 0.156370946875 0.13627645 0.1111497703125 0.1389879578125 0.06327185156250001 0.17969263124999998
13 0.47375045 0.161406628125 0.424836903125 0.1609230984375 0.3695742453125 0.1952376984375 0.3205246828125 0.26669727656250003 0.300441721875 0.32990345312499997 0.2952235203125 0.376528025 0.298820609375 0.40908481406249997 0.3202119125 0.45316484375000005 0.36103234687499997 0.48538769843749996 0.412357534375 0.49338196874999996 0.4428637734375 0.49110990781249997 0.450398334375 0.4813578328125 0.451365615625 0.4535254765625 0.4887933234375 0.45026899374999996 0.509503184375 0.43409612031249994 0.541943984375 0.3761593515625 0.549818928125 0.2915416171875 0.5396545578125 0.24090455 0.512622515625 0.1934932421875 0.47375045 0.161406628125
13 0.5716327671875 0.385577496875 0.5409767046875 0.4039917046875 0.5121191875 0.43868431093750004 0.4992573390625 0.46862175937500006 0.4520332515625 0.457977425 0.4571154375 0.48329595937500003 0.49162749687499996 0.5077355890625 0.4860958453125 0.530843509375 0.49021075156249994 0.5839943984375 0.5060158593749999 0.637962746875 0.522583884375 0.6670212921875 0.5668923234375 0.7053617375 0.6357528140625 0.7145821921875 0.6783579875 0.707282490625 0.719164615625 0.6837043953124999 0.7374628390625 0.6600207796875 0.754166878125 0.6171362171875 0.757027984375 0.576220503125 0.749738521875 0.5404686765625 0.707623553125 0.456760571875 0.6567478328125 0.40033984531250005 0.6053681046875 0.379125978125 0.5716327671875 0.385577496875
13 0.34022720624999997 0.5309223249999999 0.2980853046875 0.545596528125 0.24805465624999998 0.5890875078125 0.21899277343749998 0.6267026625 0.1891679765625 0.689227621875 0.1727773859375 0.7556288343750001 0.17063846093749999 0.814216096875 0.1923977546875 0.8950323750000001 0.2211192546875 0.932282875 0.21805378437499998 0.9761211390625 0.22584725468750003 0.9766661125 0.24885967031249998 0.9415647796875 0.28393028125 0.9440171562499999 0.349139140625 0.90746121875 0.3913217765625 0.8502056671875 0.4187894765625 0.793389565625 0.4381502609375 0.7125118421875001 0.4387495484375 0.6479432359375 0.423557534375 0.585207234375 0.39396403125 0.5464273359375 0.34022720624999997 0.5309223249999999
13 0.5324348062500001 0.6941417078125001 0.489529990625 0.7337257125 0.461857925 0.7934643640625 0.45860189374999993 0.8960261328125 0.46804408906250006 0.9289916515625001 0.47737719375000004 0.9355179687499999 0.5271489359375 0.8817299390625 0.5915403359375 0.8568642093750001 0.6558364562500001 0.8613602328125 0.7040416296875 0.8999731640625 0.7098321875 0.8871622921875 0.71002275 0.8284387875 0.6938089078125 0.7803155421875 0.6463666531250001 0.7167928031249999 0.5994014734374999 0.716445521875 0.5324348062500001 0.6941417078125001
13 0.7599060546875 1 0.74933115625 0.9662822078125 0.7129660078125 0.9123445828125 0.6708103015625 0.871217828125 0.6365571484375 0.8570752484374999 0.583542503125 0.8592417890625 0.5249962046875 0.8845162453125001 0.4902935859375 0.9188001218749999 0.45811169218750003 0.987033940625 0.4583706 0.9973309890625 0.49934203281249995 1 0.7599060546875 1
13 0.2191708890625 0.9321466328125 0.18542174375 0.8827971984375 0.1678180921875 0.8125504546875 0.131930021875 0.8217882828124999 0.09466594218749999 0.8647035687500001 0.06935097500000001 0.9187333625 0.0584920359375 0.9620266531249999 0.05895530624999999 0.9694011515625001 0.21183401562499998 0.9810704203125 0.2191708890625 0.9321466328125
13 0 0.9638101750000001 0.0561349375 0.9677355125 0.0648411421875 0.9272285281249999 0.10962597968750001 0.8187602125 0.068083365625 0.76886580625 0.045043340625 0.692365234375 0 0.6892154968749999 0 0.9638101750000001
13 0.0733692359375 0.5812775734375 0.0507248140625 0.653115159375 0.05186953125 0.7207425609375 0.07613574375 0.7797078281250001 0.1054703390625 0.808190675 0.1453096859375 0.8124449359374999 0.16971191562500001 0.7994670984375001 0.1700115578125 0.7671827953125 0.1846581484375 0.6977227890625 0.2191971375 0.6237801109375 0.25794631562500003 0.5736265703125001 0.236350646875 0.53246909375 0.1968654859375 0.5091501296875001 0.1559497734375 0.506289025 0.1153475109375 0.5269445703125 0.0733692359375 0.5812775734375
13 0.260098365625 0.360856046875 0.242004509375 0.38161711249999997 0.2289928390625 0.42769671249999996 0.20644369375 0.4701725453125 0.2105040578125 0.5101038328125 0.24199138437499998 0.535800371875 0.26420014531249997 0.5681901984375 0.31859080156249997 0.532346203125 0.3618636109375 0.52949845 0.39047602656249997 0.54030975 0.4033378765625 0.5103723015625 0.3993865984375 0.4968802140625 0.3382650328125 0.47498512968749995 0.3110831703125 0.4437159734375 0.294201696875 0.3911407796875 0.2924984296875 0.3455006328125 0.260098365625 0.360856046875
13 0.566686596875 0.28831585625 0.592941915625 0.30483601562499996 0.6329856265625 0.3061677234375 0.669895521875 0.28231714218750004 0.68782575 0.2218972734375 0.7203210921875 0.17718010625 0.7269698484375 0.110097678125 0.7185494796875 0.0625194046875 0.691721803125 0.0121855453125 0.5533877265625 0.002512284375 0.52842694375 0.037477375 0.508548346875 0.097761 0.5086712375 0.1800011546875 0.566686596875 0.28831585625
13 0.7778863046875 0.1239370484375 0.7403633171874999 0.1565552828125 0.69428394375 0.21353835000000002 0.6752228062500001 0.262131771875 0.67441915625 0.3296229296875 0.69714573125 0.38260685156249996 0.7610469281250001 0.4487489328125 0.8026302765625 0.45606198437499995 0.8233946812499999 0.4531087125 0.86655840625 0.4238217546875 0.911302503125 0.3579347921875 0.9309767359375 0.30057371875 0.9347505796875 0.21860605 0.925512753125 0.1827179796875 0.9106887296874999 0.15671823125 0.8607395546875001 0.11504650624999999 0.8139787390625 0.111776671875 0.7778863046875 0.1239370484375
13 0.798229534375 0.4909963515625 0.7835145984375 0.491435803125 0.7732142093750001 0.5127418421875001 0.7652301828125 0.570920375 0.7751901875 0.6244799921874999 0.8024265937499999 0.6689687484375 0.8642703390625 0.70853538125 0.8945722125 0.7091858765625 0.9256915484375 0.698146165625 0.9545490640625 0.6634535609375 0.9665389140625 0.631986715625 0.9710349375 0.5676905953125 0.9649716625 0.5144034640624999 0.952041465625 0.47532035625 0.9317810703125 0.44306677499999997 0.88470680625 0.4162802890625 0.8071946499999999 0.46078641875 0.798229534375 0.4909963515625
13 0.9163093328125 1 0.9163321906249999 0.999986371875 0.9255016703125 0.966853884375 0.9245475125 0.8405029796875001 0.9025838546875 0.7626092515625 0.8677583437499999 0.7146529734375 0.83781065625 0.694937775 0.780899275 0.6968318296875 0.7379399156249999 0.7231962296875001 0.7089871171875 0.7872505890625 0.7122983734375 0.9078926359375 0.7547675296875 0.9725360390625 0.76604145 1 0.9163093328125 1
13 0.8161314718750001 0.10899036250000001 0.8702770265625001 0.1186502703125 0.9108930953125001 0.15379568125 0.924177478125 0.173814084375 0.9349549453125 0.2156834984375 0.948389153125 0.2195597515625 0.9738677484375 0.2051887625 0.9953405234374999 0.16410608124999998 0.9959398140625 0.099537475 0.97813179375 0.0322132828125 0.8144689421875 0.0207688609375 0.8006805484375 0.0359573109375 0.7861292421875 0.076055565625 0.7882412359375001 0.115850609375 0.8161314718750001 0.10899036250000001