13 0.31701766249999996 0.2314453125 0.3092221484375 0.1279296875 0.28843410468749997 0.0966796875 0.255952784375 0.078125 0.09707749375 0.07565029375 0.10134171249999999 0.1455078125 0.0840360484375 0.15083598125 0.0974439546875 0.1660156234375 0.0961447 0.2158203125 0.08575067812500001 0.2197265625 0.08575067812500001 0.2353515625 0.09874320625 0.2548828125 0.136421534375 0.2890625 0.17280061093750002 0.2871093765625 0.24685801718749997 0.3037109375 0.258551290625 0.2988281234375 0.2819378390625 0.3027343765625 0.2936311125 0.2919921875 0.31701766249999996 0.2314453125
13 0.5820652171875 0.1396484375 0.563875678125 0.1005859375 0.5235988453125 0.0703125 0.4690302296875 0.0625 0.4066661 0.06640625 0.3728855296875 0.078125 0.33780570625 0.1123046875 0.327411684375 0.1416015625 0.33520720000000004 0.2236328125 0.371586278125 0.2880859375 0.396272078125 0.3066406234375 0.4079653515625 0.3056640625 0.5210003390625 0.296875 0.563875678125 0.2353515625 0.5794667125 0.1923828125 0.5820652171875 0.1396484375
13 0.7522673234374999 0.2832031234375 0.7795516296875 0.2646484375 0.7951426625 0.2333984375 0.7951426625 0.1435546875 0.7795516296875 0.1181640625 0.7522673234374999 0.1015625 0.700297215625 0.09179687656249999 0.637933084375 0.09375 0.60025475625 0.1123046875 0.5820652171875 0.1396484375 0.5846637218749999 0.1767578125 0.5716711953125 0.2216796875 0.57686820625 0.2607421875 0.5924592390625001 0.2900390625 0.6067510203125 0.2988281234375 0.6252505671875 0.3012074796875 0.61438280625 0.294669565625 0.6339448109375 0.289766159375 0.64183084375 0.3056640625 0.7119904890625001 0.3134765625 0.7327785328124999 0.3017578125 0.73797554375 0.2880859375 0.7407444 0.27483366875000004 0.7447959375 0.2717869859375 0.7522673234374999 0.2832031234375
13 0.3092221484375 0.4052734375 0.29103260937500003 0.3583984375 0.2299677296875 0.3066406234375 0.18839164375 0.2910156234375 0.1442170515625 0.2890625 0.102640965625 0.30078125 0.064962634375 0.3310546875 0.0493716046875 0.3681640625 0.0363790765625 0.4716796875 0.0493716046875 0.5146484375 0.0870499328125 0.54296875 0.1104364796875 0.5488281234375 0.174099865625 0.5478515625 0.2377632484375 0.5253906234375 0.2780400828125 0.4931640625 0.304025134375 0.4521484375 0.3092221484375 0.4052734375
13 0.5586786703125 0.4169921875 0.543087634375 0.3759765625 0.518401834375 0.3535156234375 0.4482421875 0.3203125 0.4014690890625 0.3144531234375 0.3494989796875 0.33203125 0.31701766249999996 0.3681640625 0.31441915625 0.4501953125 0.33001019062500003 0.5068359375 0.3533967390625 0.5400390625 0.3806810453125 0.5527343765625 0.446942934375 0.5556640625 0.5002122953125 0.53515625 0.5404891296875001 0.4990234375 0.5586786703125 0.4580078125 0.5586786703125 0.4169921875
13 0.3092221484375 0.4052734375 0.29103260937500003 0.3583984375 0.2299677296875 0.3066406234375 0.18839164375 0.2910156234375 0.1442170515625 0.2890625 0.0870499328125 0.3105468765625 0.05976562656249999 0.3408203125 0.0467730984375 0.3818359375 0.0363790765625 0.4716796875 0.0493716046875 0.5146484375 0.0870499328125 0.54296875 0.1104364796875 0.5488281234375 0.174099865625 0.5478515625 0.2377632484375 0.5253906234375 0.2780400828125 0.4931640625 0.304025134375 0.4521484375 0.3092221484375 0.4052734375
13 0.802938178125 0.4072265625 0.7821501343749999 0.3701171875 0.7262822703125 0.328125 0.6925016984375 0.3125 0.6509256109375 0.30859375 0.5963569984375 0.3261718765625 0.5612771734375 0.3623046875 0.55348165625 0.3896484375 0.5612771734375 0.4189453125 0.5612771734375 0.4873046875 0.5794667125 0.5283203125 0.5989555015625 0.54296875 0.617145040625 0.5488281234375 0.6756114125 0.5478515625 0.736676290625 0.5292968765625 0.7743546203125 0.4970703125 0.7977411703125 0.4580078125 0.802938178125 0.4072265625
13 0.5326936124999999 0.6650390625 0.5222995906250001 0.6240234375 0.495015284375 0.59765625 0.474227240625 0.58984375 0.437848165625 0.5605468765625 0.375484034375 0.5546875 0.3261124328125 0.5703125 0.2962296203125 0.5947265625 0.283237090625 0.6259765625 0.283237090625 0.6630859375 0.2936311125 0.7236328125 0.3118206515625 0.7646484375 0.3469004765625 0.7871093765625 0.3975713296875 0.7919921875 0.4482421875 0.78125 0.4911175265625 0.7529296875 0.5222995906250001 0.7080078125 0.5326936124999999 0.6650390625
13 0.74447180625 0.73046875 0.7509680703125 0.7255859375 0.7717561125 0.6806640625 0.7717561125 0.6572265625 0.7431725546875 0.6064453125 0.6873046875 0.56640625 0.6535241171874999 0.5546875 0.6119480296875001 0.5527343765625 0.5651749328125 0.5683593765625 0.5326936124999999 0.6025390625 0.530095109375 0.7119140625 0.5404891296875001 0.7509765625 0.5651749328125 0.7714843765625 0.6093495234375 0.7832031234375 0.6444293484375 0.7822265625 0.7080927296875 0.7636718765625 0.7353770390625 0.7392578125 0.73797554375 0.7216796875 0.74447180625 0.73046875
13 0.28063858750000004 0.7041015625 0.28063858750000004 0.6474609375 0.2624490484375 0.5986328125 0.22217221562499997 0.56640625 0.2065811828125 0.5703125 0.20138417187500002 0.58203125 0.18319463281249998 0.5839843765625 0.1792968734375 0.5751953125 0.1974864125 0.5595703125 0.18319463281249998 0.55078125 0.11563349062499999 0.55078125 0.07925441562499999 0.5644531234375 0.0415760875 0.5986328125 0.023386548437499998 0.6376953125 0.023386548437499998 0.7412109375 0.0844514265625 0.8027343765625 0.1104364796875 0.8144531234375 0.129925271875 0.8134765625 0.1961871609375 0.7988281234375 0.219573709375 0.7871093765625 0.2650475546875 0.7412109375 0.28063858750000004 0.7041015625
13 0.2377632484375 0.8339843765625 0.2039826765625 0.8222656234375 0.1974864125 0.8271484375 0.194887909375 0.8427734375 0.2052819296875 0.8583984375 0.1844938875 0.8662109375 0.20268342343749998 0.8857421875 0.20138417187500002 0.89453125 0.17020210625 0.8808593765625 0.0896484375 0.82421875 0.06886039375 0.8300781234375 0.0415760875 0.8505859375 0.031182065624999998 0.8857421875 0.022087295312499998 1 0.283237090625 0.9990234375 0.2962296203125 0.9619140625 0.2936311125 0.8994140625 0.270244565625 0.8583984375 0.2377632484375 0.8339843765625
13 0.509307065625 0.8271484375 0.48721977031249997 0.8105468765625 0.43524966093749995 0.7890625 0.3287109375 0.8046875 0.304025134375 0.8291015625 0.29103260937500003 0.8779296875 0.3196161703125 0.9990234375 0.5248980984375 0.9990234375 0.5482846484375 0.9541015625 0.5508831515625 0.9091796875 0.5378906265625 0.8642578125 0.509307065625 0.8271484375
13 0.7171875 0.9208984375 0.7509680703125 0.8935546875 0.7405740484375001 0.8193359375 0.676910665625 0.78125 0.6041525125 0.78515625 0.566474184375 0.8115234375 0.543087634375 0.8447265625 0.5404891296875001 0.8662109375 0.55348165625 0.9208984375 0.5482846484375 0.9638671875 0.563875678125 0.9697265625 0.55348165625 0.9775390625 0.5560801625 0.9853515625 0.5651749328125 0.9941406234375 0.5833644703124999 0.99609375 0.7171875 0.9990234375 0.7587635875000001 0.9697265625 0.769157609375 0.9521484375 0.7522673234374999 0.91015625 0.7171875 0.9208984375