13 0.29206624375 0.382319965625 0.3311049484375 0.3836832265625 0.3648037125 0.3980516453125 0.3838071984375 0.3855236296875 0.40383312968749996 0.3437165890625 0.378346440625 0.29006005625000003 0.3843974484375 0.2287104234375 0.354193575 0.22618994531249997 0.3104330421875 0.24811357968749997 0.28691222031249997 0.2780726828125 0.274075915625 0.30987063593749997 0.272951225 0.342077565625 0.29206624375 0.382319965625
13 0.3800938875 0.295984025 0.40290828437500004 0.34221855625000003 0.4297241546875 0.35781235625 0.4619822078125 0.35747309375 0.5138525703125 0.29918924375 0.5255595359375 0.2717490640625 0.52185086875 0.210058615625 0.5024291187500001 0.1785999234375 0.4794148734375 0.1660703546875 0.44612973125 0.1678394859375 0.42219528593750005 0.1816610453125 0.3926141671875 0.21727146406250003 0.37977786562500004 0.2490694171875 0.3800938875 0.295984025
13 0.4481839109375 0.16497974531249998 0.48527067968750004 0.16627484374999998 0.50623074375 0.181664153125 0.5209260234374999 0.20856058437499997 0.52780891875 0.20733520312499998 0.5414631796875 0.152114028125 0.5433035828125 0.0994117765625 0.5352867078125 0.077145771875 0.5142243984375 0.06468436718750001 0.48679506093749997 0.0666579875 0.45063778125000004 0.094710078125 0.424858290625 0.133384728125 0.40740240625 0.18554167500000002 0.41202663125 0.193031840625 0.4481839109375 0.16497974531249998
13 0.5655974703125 0.1045875078125 0.5414631796875 0.152114028125 0.5344826828125 0.18411646875 0.53860033125 0.23409530625000002 0.5542204546875 0.2624897671875 0.5860695296875 0.2738621203125 0.593152271875 0.238931775 0.6149256484375 0.20304870312499998 0.64101651875 0.1834395015625 0.6774851734375 0.174452859375 0.6791210875 0.127606415625 0.6721313046875 0.103910540625 0.652505065625 0.078307653125 0.6313405109375 0.0687741515625 0.6039111734375 0.0707477734375 0.5655974703125 0.1045875078125
13 0.60157348125 0.22163701093750002 0.5860695296875 0.2738621203125 0.5900849328125 0.326768859375 0.6056028125 0.3580912234375 0.6284125671874999 0.37647660156249996 0.66046613125 0.38199314375000004 0.7091576234375 0.35877596562499997 0.7285700875 0.33453634062500004 0.7414063890625 0.3027383890625 0.7445852578125 0.26767171875 0.7362570078124999 0.2263402640625 0.7186849484375 0.19787763593750002 0.691971321875 0.1793559390625 0.660740359375 0.1782653296875 0.6249920578125 0.1946058078125 0.60157348125 0.22163701093750002
13 0.6046826109375 0.3844423515625 0.60632316875 0.3654450640625 0.5781641875 0.3043665296875 0.5277206062500001 0.2938105796875 0.497725865625 0.31328345468749996 0.47615697656249995 0.3433107203125 0.46301394374999993 0.38389238125 0.4653794984375 0.40009809062499996 0.474214328125 0.398940875 0.6046826109375 0.3844423515625
13 0.4347108390625 0.6907087093750001 0.4175616890625 0.7340819468750001 0.414280571875 0.7720765203125 0.4224043359375 0.8192637812499999 0.43072794375 0.8327460765625 0.491140334375 0.86563619375 0.5380843796875 0.8364950453125 0.555647153125 0.8092593562499999 0.5709466109375 0.762890053125 0.572582525 0.7160436078125 0.5656949859375 0.6894198296875 0.5500748625 0.661025365625 0.5233612375 0.64250366875 0.49017833906249997 0.641344896875 0.46429195781250004 0.6550982890625 0.4347108390625 0.6907087093750001
13 0.5731030374999999 0.7571024109375 0.5995145734375 0.8122569765625001 0.622324328125 0.8306423515624999 0.6931098609374999 0.846305865625 0.7337891234375 0.828671840625 0.761622796875 0.7871374515625 0.7634632 0.7344352015625 0.73910584375 0.67642089375 0.70119183125 0.6428507 0.6507482484375 0.6322947531249999 0.61315025625 0.6456391703125 0.57966526875 0.6811132640625 0.5732982375 0.6955482875000001 0.5731030374999999 0.7571024109375
13 0.7713731859374999 0.73177995 0.79542380625 0.7985779640625 0.816281625 0.816895178125 0.854190996875 0.8226162109375 0.881002221875 0.8103608484375 0.9066794671875 0.774614103125 0.9201292406249999 0.7252487328125 0.9196087281249999 0.6841899312499999 0.8857984312499999 0.6170511000000001 0.8647361218749999 0.6045896953125001 0.8275471078125 0.6062225015625 0.805462353125 0.6230401203125 0.7817370421875001 0.6588550328125 0.7713731859374999 0.73177995
13 0.5567439828125 0.6099574765625 0.552626334375 0.5599786390625 0.5440982375 0.5523521484375 0.4419841390625 0.566375084375 0.4287435015625 0.63773380625 0.43306099531250003 0.6540076796875 0.4418958234375 0.6528504625 0.5431873234375 0.6344015890625 0.5567439828125 0.6099574765625
13 0.6074942953125 0.611729715625 0.612016278125 0.622147784375 0.638418525 0.6216040328125 0.6915297546875 0.611732825 0.698408009375 0.5826582859375 0.697167140625 0.5342456453125 0.5822120984375 0.5522173765625 0.5920786609375 0.577479446875 0.6207442203125 0.5960693109374999 0.636359703125 0.596614615625 0.6525886515625 0.579592503125 0.635950725 0.6083262265625 0.6074942953125 0.611729715625
13 0.791273653125 0.5536550203124999 0.77174965625 0.52512423125 0.703125190625 0.5315222328125 0.6996442296875001 0.60322176875 0.7307729484375 0.60724028125 0.7926167640624999 0.59913975625 0.7964137453125 0.5743548296875 0.791273653125 0.5536550203124999