13 0.43211101406249997 0.7290766750000001 0.4246575375 0.6907318640625 0.431077121875 0.65466460625 0.41459534531250003 0.6389663671875 0.3693549625 0.6288582375 0.3228069 0.6657617984375 0.2616684734375 0.6736665421875 0.2660069890625 0.7036632765624999 0.2972127 0.741370484375 0.3316949859375 0.7575491375000001 0.3655655 0.762903465625 0.39719996874999997 0.7567543484375 0.43211101406249997 0.7290766750000001
13 0.328185946875 0.6627265343750001 0.36810336875 0.6300963625 0.377265240625 0.600459940625 0.369678190625 0.5691049765625 0.3012198609375 0.5316750609375 0.2718494765625 0.5264408421875 0.21257441875 0.5439317875 0.186290953125 0.5699324265625 0.1792595953125 0.5951753562500001 0.1884709125 0.6272094359375 0.2073223046875 0.64742126875 0.24867433437500003 0.6682336234374999 0.282544846875 0.6735879484375 0.328185946875 0.6627265343750001
13 0.1852223765625 0.62585120625 0.17814157343749998 0.589423634375 0.1884214671875 0.5655389343749999 0.2113228265625 0.5451699125 0.2085805375 0.538739078125 0.1517031359375 0.537856834375 0.099937640625 0.547919028125 0.080045715625 0.5607391921875 0.072641684375 0.58406488125 0.08073498125 0.6103472390625 0.116201715625 0.6392674625 0.15968426093750002 0.6556863234375 0.21443114843750002 0.66096205625 0.2206891171875 0.654771428125 0.1852223765625 0.62585120625
13 0.099965684375 0.525032246875 0.1517031359375 0.537856834375 0.184455628125 0.537459440625 0.23222724062500003 0.5222045343749999 0.256380190625 0.5005973890625001 0.2602965875 0.46700638124999994 0.2246682359375 0.46796278750000003 0.1848069 0.45481939687499995 0.15983111249999998 0.43380834375 0.14287113437500001 0.40029593124999996 0.0968573609375 0.409240103125 0.07534116874999999 0.4213811515625 0.054809425 0.44626376875 0.050281256249999996 0.469030446875 0.0583745515625 0.49531280312500003 0.099965684375 0.525032246875
13 0.20592237500000002 0.4636478890625 0.2602965875 0.46700638124999994 0.3109440625 0.451192465625 0.337972871875 0.429026309375 0.3507559546875 0.4026653578125 0.3489206265625 0.370192371875 0.31534530156249996 0.32797156875 0.28736008125 0.3145093734375 0.25348956875 0.30915504843749997 0.21860656562499997 0.3139459375 0.18020788125 0.33135828906250003 0.15642760312499998 0.35488267812499996 0.1443898734375 0.38507810937500003 0.1503526546875 0.41575395937500004 0.17431594687500002 0.44691022656249996 0.20592237500000002 0.4636478890625
13 0.363855621875 0.42399521250000005 0.3449761890625 0.42667016249999995 0.2917974875 0.4678471109375 0.29285942187499997 0.5193723984374999 0.3185805578125 0.5442179328125001 0.3526901703125 0.558479346875 0.395188265625 0.5621566375 0.41044648749999996 0.5562062203125 0.40733152656250005 0.54785814375 0.363855621875 0.42399521250000005
13 0.7005077234375 0.520715678125 0.7466270265625 0.5276684421875 0.7843858921875 0.5223185453125 0.8285362968750001 0.50378816875 0.8398006375 0.4926450375 0.858257953125 0.426382346875 0.819303578125 0.3871968046875 0.7888151734375 0.3762108625 0.7401926828125001 0.3717343515625 0.6941789078125 0.380678521875 0.66978685625 0.39337858125 0.645633903125 0.4149857265625 0.6335961734375 0.44518115937499997 0.6399316296875 0.47777424999999996 0.6591556921875 0.4999033234375 0.7005077234375 0.520715678125
13 0.7340682875 0.3709351296875 0.7818679421875 0.33279344375000003 0.794651021875 0.3064324921875 0.7939898015625 0.23393766249999998 0.7676568921875 0.1982678 0.7209258125 0.1804907046875 0.6691603171875 0.1905528984375 0.6181121265625 0.2273363578125 0.59393113125 0.2718302875 0.5949930703125 0.323355575 0.616453178125 0.3569880921875 0.65855055625 0.381634928125 0.6740478828125 0.384591596875 0.7340682875 0.3709351296875
13 0.6647937609375 0.183442946875 0.7244695328125 0.144982459375 0.7376252890624999 0.12053874843750001 0.7346719390625001 0.0823140390625 0.71669946875 0.058946840625 0.6760927859375 0.04196896875 0.6249671078125 0.0399687046875 0.585077728125 0.049712096875 0.527265325 0.09775878906249999 0.5198612921875 0.121084478125 0.5298179578125 0.1569530390625 0.5511725328125 0.174688621875 0.59140654375 0.189749253125 0.6647937609375 0.183442946875
13 0.5943746546875001 0.4199753109375 0.546603040625 0.43523021718750005 0.5410904203125 0.4452553265625 0.577724625 0.5415977734374999 0.650232921875 0.538446834375 0.6651184734375 0.5305791734375 0.6620035109375 0.5222310968749999 0.6212418515625 0.4276857859375 0.5943746546875001 0.4199753109375
13 0.5846851359375 0.370127059375 0.5938189656249999 0.36337741874999996 0.5873499375 0.337774178125 0.5657843 0.28824472343749996 0.53590766875 0.28808310625 0.489014975 0.300182646875 0.53238535 0.4081486390625 0.5547804625 0.39285222656249996 0.5664455203125 0.360739553125 0.5634641296875 0.34540162812499997 0.5432275734374999 0.3334177671875 0.5749675734374999 0.3431655859375 0.5846851359375 0.370127059375
13 0.48675752968749997 0.20412191875 0.46334992656249996 0.229563546875 0.4850210953125 0.294989934375 0.555666021875 0.2822527921875 0.5525791015625 0.2510179328125 0.5307743625 0.19258139218749998 0.5057705359375 0.1944571234375 0.48675752968749997 0.20412191875