4 0.802887634375 0.2251106046875 0.79113798125 0.24405288593750002 0.7943270453125 0.3511373765625 0.8033508671874999 0.38420705 0.823872940625 0.421790934375 0.8397021468749999 0.4369630796875 0.8590703390625001 0.44058586406250005 0.8679836484375001 0.43844525 0.8756961125 0.42189913125 0.8540883015625 0.34905385 0.8472875125 0.3108851984375 0.8419435625 0.2075993859375 0.83398429375 0.191535815625 0.818448853125 0.18941776562499998 0.8122567796875 0.1956126046875 0.802887634375 0.2251106046875
4 0.8316673375000001 0.2357459765625 0.8400308843750001 0.3000739328125 0.8516608328125 0.35805372343749997 0.864244821875 0.3978293296875 0.878055434375 0.41419955625 0.8917085734375 0.4149150875 0.9039564296875 0.40512600781249997 0.9071335015624999 0.381822846875 0.8912029734375 0.219308053125 0.878618984375 0.179532446875 0.867393315625 0.16981704375 0.8527649531250001 0.169050403125 0.8395418734375 0.17878837187500002 0.8330090703125 0.19148470625 0.8316673375000001 0.2357459765625
4 0.347598840625 0.14257576875 0.3417051296875 0.105758525 0.3373060296875 0.0964008875 0.32344845312500003 0.099586253125 0.30258105468749996 0.12457004375 0.289809215625 0.1630168078125 0.288263046875 0.211178975 0.2990540625 0.2665070578125 0.32070883437500003 0.3197967453125 0.3407327046875 0.348227428125 0.3605991 0.36100341406249997 0.388744309375 0.3650861828125 0.4168001890625 0.35221395625 0.43585343125 0.32452734843750003 0.43764640468750005 0.308974871875 0.431228709375 0.30081531250000004 0.412563159375 0.302444834375 0.3839878921875 0.2879085640625 0.35482509218749997 0.2472641 0.347368625 0.1842875515625 0.347598840625 0.14257576875
4 0.49764706875 0.153047203125 0.46682299218749995 0.1814207984375 0.4614017046875 0.1915676421875 0.4553882890625 0.2316724703125 0.44713065937499996 0.25862098125 0.44333567812499997 0.3496930109375 0.4460099515625 0.37330282812500004 0.4653523640625 0.41473649999999995 0.48208864843750004 0.43126005312500004 0.4898904421875 0.431668928125 0.501094928125 0.4231290375 0.50483835 0.4076787796875 0.5077898015625 0.370021221875 0.5042084515624999 0.345059996875 0.5094980421875 0.2814475703125 0.5269461609375 0.19109107187500002 0.5223214390625001 0.1673790359375 0.5150648125 0.15656776875 0.49764706875 0.153047203125
4 0.8742456640625 0.13236392187499998 0.869096959375 0.1373095703125 0.8685048312499999 0.16726755468750001 0.8805906171875 0.197889959375 0.8853728125 0.237256690625 0.8882303390624999 0.23871031718750002 0.8890480890625 0.22310673125 0.8930383140625 0.2402661625 0.8947373625000001 0.2638248703125 0.891245340625 0.2558186390625 0.8908364656250001 0.26362043281249997 0.9046167031250001 0.373867725 0.9111918734375 0.3976819796875 0.9244361359375001 0.406199303125 0.937386634375 0.40166252968749994 0.94475836875 0.391617903125 0.9536293109375 0.352966703125 0.95481356875 0.2930507359375 0.9466544593749999 0.2248218828125 0.9247059203125 0.158478096875 0.9129139015625001 0.140909790625 0.8987625593749999 0.1310410578125 0.8742456640625 0.13236392187499998
4 0.63255214375 0.079277325 0.6366786609374999 0.0938361578125 0.703104415625 0.13252188125 0.734443284375 0.1876229609375 0.7484325562499999 0.237903178125 0.7675281640625 0.24672715781250001 0.7788007968749999 0.23688696875 0.7855380359375 0.220289740625 0.784861175 0.17722655 0.76697100625 0.1267418953125 0.7407338796875 0.086250759375 0.715493159375 0.064066025 0.689639128125 0.053583979687500005 0.6631036390625 0.05610492500000001 0.63255214375 0.079277325
4 0.6783103421875001 0.195112121875 0.6616164234374999 0.215099153125 0.63786571875 0.276440203125 0.5962414328125 0.361618071875 0.5741943734375 0.3904516515625 0.5549155109374999 0.4037838625 0.5553667515625 0.4324926546875 0.5735552828125 0.439965228125 0.610320034375 0.42885328281249996 0.6205492953125 0.420262284375 0.6383547296875001 0.3977257640625 0.6642133578125 0.352141628125 0.6867844015625 0.294650365625 0.6966305671875 0.2560502734375 0.6963837640625 0.22344058437499997 0.6870192140625 0.196872403125 0.6783103421875001 0.195112121875
4 0.3359183375 0.7013239546875 0.317483003125 0.6612416921875 0.3081396375 0.6529288046875 0.293443128125 0.6534624640625 0.28530060625 0.659555084375 0.276702246875 0.6930050875 0.2768247515625 0.8586030296875 0.2723271296875 0.94442275625 0.27515887656250004 0.98368726875 0.2768367421875 0.9889906828124999 0.3392510890625 0.9922616796874999 0.3502981 0.9680670953125 0.3559284203125 0.8979531749999999 0.3480934515625 0.7489013531250001 0.3359183375 0.7013239546875
4 0.1483345703125 0.6980124562500001 0.1447486234375 0.7291174093749999 0.14626441875 0.7748323078125 0.1385049921875 0.8109340203125001 0.133347096875 0.9280120281249999 0.14071423593750002 0.9740335828125 0.1521443421875 0.9798480890624999 0.20271970625 0.9851063734375 0.20659942031249998 0.967055515625 0.21039899687500002 0.8199173078124999 0.22787289375 0.691749921875 0.22331631875000002 0.6667375859375 0.20492335156250002 0.6631659125 0.18904718125 0.6675493578125 0.16761343281250002 0.684680246875 0.1539602953125 0.6839647156249999 0.1483345703125 0.6980124562500001
4 0.9744822828125 1 0.978053284375 0.9318612265624999 0.9688462093749999 0.9209477421875001 0.9631781187499999 0.8984848968750001 0.9550144140624999 0.8863222234375 0.9480773328125001 0.85075416875 0.9325207078125001 0.8303808281249999 0.92950570625 0.8132725031250001 0.9211375640625 0.8050107265625 0.9152650359375001 0.786448778125 0.9034048703125 0.7701807703125 0.8702260656249999 0.7501877593749999 0.8438268687500001 0.7501081046875 0.8400153015624999 0.7668586640624999 0.8446823890624999 0.8270812859375001 0.855724803125 0.8589528796874999 0.8800114828125001 0.8993417984375001 0.9010741265625001 0.9825894703125 0.9107270796875 1 0.9744822828125 1
4 0.428403853125 0 0.4143791125 0.006561459375 0.39337542187499996 0.034145846875000004 0.382370778125 0.0948510203125 0.37378900625 0.20262249843750002 0.3614941875 0.23196716875 0.3653693046875 0.2699824921875 0.3762542453125 0.286199390625 0.4030153546875 0.29803284375 0.41666849375000004 0.298748375 0.436854434375 0.286767571875 0.44170937187500003 0.26876782499999996 0.446547721875 0.1764466046875 0.44471697812500005 0.09942231562500001 0.45089246406249994 0.0189060046875 0.443976565625 0.00159324375 0.44052869375 0 0.428403853125 0