13 0.42825542343749995 0.8554431703125 0.467238396875 0.8393815171875 0.48406093125 0.8238635296875 0.4839710859375 0.79520443125 0.43476162812499997 0.7654264937499999 0.3857139125 0.7553976515625 0.304692603125 0.7682301671875 0.273707515625 0.7879687546875 0.2651884046875 0.8090927593749999 0.272359525 0.8356415578125 0.292471059375 0.8502534421875 0.31615917968749996 0.8593551749999999 0.373276678125 0.8641509468749999 0.42825542343749995 0.8554431703125
13 0.4157104953125 0.738781834375 0.44288535781249994 0.7137143140625 0.45627509843749997 0.685886465625 0.451314625 0.6639312125 0.3934243125 0.6355281875000001 0.31849577500000004 0.649373171875 0.2856055734375 0.666447296875 0.26650049375 0.6862817453125001 0.2596528578125 0.6992311296875 0.2680461234375 0.73349624375 0.282064884375 0.7470956578125 0.32144324062499996 0.761622184375 0.3854083765625 0.7534685750000001 0.4157104953125 0.738781834375
13 0.3995710328125 0.590061546875 0.40070333125 0.5691187640625001 0.397576071875 0.55873798125 0.3575866453125 0.540353296875 0.23574914531250002 0.557672990625 0.2005045 0.58797358125 0.19960584374999998 0.61975545 0.233358703125 0.6549476750000001 0.29336982031250003 0.6592851468750001 0.3548906671875 0.635698903125 0.3813825609375 0.61568323125 0.3995710328125 0.590061546875
13 0.3187474640625 0.5385949343750001 0.3523206359375 0.516468965625 0.3705810046875 0.481937271875 0.36653713906249996 0.4657692546875 0.3368281421875 0.44674504531250003 0.2935676625 0.4357995953125 0.22061613593749999 0.4433990375 0.18772593437500001 0.46047316250000003 0.1660327734375 0.48269499375 0.1634626390625 0.5226514812499999 0.18449078125 0.543050603125 0.21457720937500002 0.55509388125 0.2878342734375 0.5494235171875 0.3187474640625 0.5385949343750001
13 0.27559488125 0.43469125937499997 0.30330891875 0.422391903125 0.3227195359375 0.40448653281249997 0.3290279984375 0.3787689828125 0.32559520625 0.3664591234375 0.300379403125 0.347712 0.22147889843750002 0.33647896093749996 0.1838618609375 0.3424369140625 0.1619350609375 0.35381966249999997 0.141769578125 0.3856868875 0.1568666921875 0.4248226296875 0.1936569640625 0.4417365390625 0.2177225171875 0.443857340625 0.27559488125 0.43469125937499997
13 0.3398117078125 0.3157594125 0.36181040625 0.2954666578125 0.359132478125 0.2691949421875 0.34671329375000004 0.256330915625 0.29484385625 0.23785037187500002 0.21549402187500002 0.2425082671875 0.18777998437500001 0.25480762343749996 0.171568521875 0.2741837671875 0.1689983875 0.31414025625 0.1830171484375 0.3277396703125 0.20959888906250002 0.336383096875 0.3008287328125 0.33182106562499997 0.3398117078125 0.3157594125
13 0.5987992046875 0.7710850296875 0.6288676843750001 0.74555920625 0.6480446609375 0.71681475 0.64597780625 0.694401190625 0.6294428578125 0.674279153125 0.6057547390625 0.665177421875 0.5006678765625 0.67588913125 0.47325937500000004 0.6901175687500001 0.4515662140625 0.7123394015625 0.44930161562500004 0.75422496875 0.4859480953125 0.7889588890625 0.5193055765625 0.7935629390625001 0.5656034671875 0.7862300734375001 0.5987992046875 0.7710850296875
13 0.5509197875 0.6560651875 0.5728465890625001 0.644682440625 0.588446978125 0.621448134375 0.5834865046875 0.5994928796875 0.5304668203125 0.5643860140625 0.4878174125 0.55729871875 0.433144203125 0.5679355734375 0.4131225140625 0.5819827890625 0.399427240625 0.607881559375 0.405987290625 0.6305722015625 0.42670989531250003 0.6490422437500001 0.45968994375000005 0.6606272203125 0.51071466875 0.6644105234375 0.5509197875 0.6560651875
13 0.5605173531250001 0.5012910828125 0.5601219703125 0.47070290625 0.5336121281249999 0.4531494734375 0.5063474203125 0.4495578953125 0.40963587500000004 0.456965615625 0.3657103765625 0.488641115625 0.3599410890625 0.5271268296875 0.3812747671875 0.5494550296875 0.40526842343749997 0.560485840625 0.46436293125 0.5590360750000001 0.53654164375 0.5278293765625001 0.5605173531250001 0.5012910828125
13 0.4094741328125 0.4372165203125 0.44709116875 0.43125856718750005 0.5028247796875001 0.408588934375 0.524517940625 0.3863671015625 0.5302153328125 0.35679139531250004 0.5235833875 0.343010759375 0.48999226562500003 0.3275676265625 0.42678199531249994 0.32175938125000003 0.3888594234375 0.3257882578125 0.3553581484375 0.339004221875 0.3281832859375 0.364071740625 0.33170592656250003 0.4050406984375 0.3463357609375 0.4224982703125 0.3764221875 0.43454154999999994 0.4094741328125 0.4372165203125
13 0.5142016125 0.311868415625 0.547091815625 0.29479429375 0.5766930171875 0.24759029843749997 0.5738712953125 0.239138596875 0.563734659375 0.2219581078125 0.536541846875 0.20945652343750001 0.46403964843749995 0.201165034375 0.3874396390625 0.22318464062499999 0.3588988390625 0.25835585625 0.3682087125 0.2984082078125 0.38512109375 0.3115493171875 0.41200836875 0.32212182500000003 0.45952840312500004 0.32250527500000004 0.5142016125 0.311868415625
13 0.7833077984375 0.7468054171875 0.7783473265625 0.7248501640625 0.768516225 0.7095987546875 0.73873533125 0.6994845515625 0.661829784375 0.719575078125 0.616538346875 0.761354278125 0.619449915625 0.7984650796875 0.66324956875 0.8221786953124999 0.6844215046875 0.8247578046875 0.7246266234375 0.8164124671874999 0.7705291328125 0.7784914234375 0.7833077984375 0.7468054171875
13 0.747865515625 0.6822187046875 0.7779339953125 0.6566928812499999 0.7919348078125 0.6327231890625 0.7874236640625 0.5948770031249999 0.7714997890624999 0.5786131218749999 0.7516218953125 0.574840321875 0.716592940625 0.5784108906250001 0.6657299578125 0.5943766796875 0.62622575625 0.6352392734375 0.63294755 0.67767900625 0.654353125 0.6910971984375001 0.6819233687499999 0.6966178578125 0.7256331781250001 0.6916723765625 0.747865515625 0.6822187046875
13 0.6657299578125 0.5943766796875 0.7549648421875 0.5584910828125 0.773764384375 0.5367275546875 0.7707809234375 0.508526759375 0.7545515109375 0.49033380156249995 0.7119740015625 0.4743365 0.678616521875 0.46973245312499995 0.61145223125 0.4764152859375 0.5756684109375 0.49394771562499995 0.5565633296875 0.5137821640625 0.5503447140625 0.5681588125 0.5950609765625 0.5976596625 0.6281129203125 0.6003346328125 0.6657299578125 0.5943766796875
13 0.6754173671875 0.4682616765625 0.724303340625 0.4585414265625 0.7462301421875 0.447158678125 0.7595479859375 0.4282408375 0.7594581390624999 0.3995817390625 0.75252065625 0.383872025 0.7222005859375 0.360989659375 0.652969440625 0.34525893750000003 0.6211396406249999 0.35030028281250003 0.585355821875 0.367832709375 0.5584864953124999 0.3948293078125 0.550883990625 0.4217405484375 0.560643196875 0.44590196562499995 0.595456459375 0.46906141406249996 0.6754173671875 0.4682616765625
13 0.6723081609375 0.336263575 0.7169885265625 0.2906262140625 0.715371 0.252321721875 0.7029518140625 0.2394576953125 0.6638789953125 0.22686025 0.6230628046875 0.2313474265625 0.59504323125 0.24171770312500002 0.5620811328124999 0.2677018328125 0.555539028125 0.282580296875 0.557228453125 0.3119747828125 0.572163821875 0.33136143281249997 0.6266213406250001 0.3474545953125 0.6723081609375 0.336263575