13 0.2737880125 0.7925133359375 0.2704362046875 0.7472165234375 0.23079251875 0.7184902281250001 0.1881036796875 0.6503184625 0.180783278125 0.6785723328125 0.18266603125 0.7518163640625 0.20481990468750003 0.8386665703125 0.226449571875 0.8595358187500001 0.25360252031249997 0.8551790828125 0.2706751625 0.8264141171875 0.2737880125 0.7925133359375
13 0.276879453125 0.7395445781250001 0.3094237625 0.726104171875 0.3263430765625 0.69441353125 0.3288426140625 0.6488100609375 0.317842340625 0.6068477953125 0.29980691406250004 0.5799227640625 0.23658311250000003 0.5304294406250001 0.19742081875 0.529548140625 0.1803481765625 0.55831310625 0.17874719687500001 0.60240263125 0.197570671875 0.663024003125 0.21275709062499998 0.691565196875 0.25121696875 0.7350220734375 0.276879453125 0.7395445781250001
13 0.21271774843750002 0.522879046875 0.239564040625 0.512670965625 0.269237934375 0.4817787453125 0.2849092171875 0.4076147453125 0.28052693125 0.3799741859375 0.2419137234375 0.3335916359375 0.204701878125 0.33260811874999996 0.142483675 0.376940746875 0.1330594984375 0.40237116562499997 0.1331023125 0.44050712656249996 0.1427440421875 0.475206321875 0.156571915625 0.49648444375 0.17910014375 0.5158397453125 0.21271774843750002 0.522879046875
13 0.2989795234375 0.377540271875 0.3532854203125 0.3688268046875 0.37202326406249997 0.3531762546875 0.3884825953125 0.3127086 0.38528411406249996 0.27033745625 0.3768476015625 0.23997566250000002 0.354297965625 0.2015523796875 0.30189970312500003 0.17202766875 0.2747467546875 0.1763844046875 0.25061754999999997 0.2011186265625 0.2374458015625 0.22967915312499998 0.23163727343749999 0.2681217703125 0.244916059375 0.33490114375 0.27301038437499997 0.367166425 0.2989795234375 0.377540271875
13 0.370832509375 0.62900721875 0.40203968124999995 0.62737171875 0.4264755421875 0.6084888390625001 0.455514715625 0.5468259468750001 0.45426668281250004 0.5043525875 0.4343913203125 0.4423194875 0.41035122187499995 0.41277544062500005 0.38617920156249996 0.39937370156249996 0.305904165625 0.397713325 0.286881071875 0.4265805078125 0.27881544062499997 0.4592739984375 0.288040003125 0.5233321359375 0.3062501640625 0.57225081875 0.34080914375 0.615912134375 0.370832509375 0.62900721875
13 0.54444034375 0.7695279265625 0.5634848421875 0.7597287234375 0.6010924484375 0.712285315625 0.61198568125 0.65890768125 0.6107376515625 0.616434321875 0.5974802734375 0.5687229281249999 0.5660983640625 0.548364775 0.542692984375 0.5495913984375 0.4951584015625 0.5755522453124999 0.47657388593750005 0.5941284640625 0.45831743593749996 0.6376240125 0.4624572921875 0.71661716875 0.48906115000000006 0.757761684375 0.5052780484375 0.7686466249999999 0.54444034375 0.7695279265625
13 0.338769590625 0.670292621875 0.35533596093750003 0.7251648671875001 0.389763021875 0.7849684906250001 0.43484088437499996 0.8427470734375 0.4626071453125 0.8500930312499999 0.4775974203125 0.8375725921875 0.4943634046875 0.80295628125 0.497322928125 0.766129828125 0.47133238125 0.7366880015625 0.457636425 0.699267571875 0.45533650468750003 0.655382484375 0.46833351562500003 0.604828303125 0.46515644375000004 0.5815251421875 0.4556894515625 0.5688196 0.40594057812499995 0.6271672828125 0.37683718125 0.6316262328125 0.3379601359375 0.6175282984375 0.338769590625 0.670292621875
13 0.48612998437500005 0.552555740625 0.517490484375 0.5538459125 0.5554261546875 0.53132183125 0.57085500625 0.5085104296875 0.582668209375 0.4726868296875 0.5851677453125 0.42708335937499997 0.5779150421875 0.3819909828125 0.5594196296875 0.3462889359375 0.53268385 0.321286725 0.49336822812500003 0.31747975624999997 0.4725266078125 0.3303068515625 0.4553006359375 0.35614614375000003 0.44035317812499997 0.40680254375 0.43844554531249996 0.44504072343749995 0.46044609375 0.52896525625 0.48612998437500005 0.552555740625
13 0.5095637187500001 0.309296715625 0.52503885625 0.194071084375 0.5218403781250001 0.15169994375 0.502599734375 0.12043751250000001 0.4692887859375 0.119249559375 0.4391549078125 0.1413647640625 0.4091957671875 0.185473621875 0.38572269062500003 0.2600464953125 0.389862546875 0.3390396515625 0.40835795781249995 0.3747416984375 0.442435546875 0.39055801875 0.46877903906249996 0.333436959375 0.5095637187500001 0.309296715625
13 0.6527096109375 0.44701330468749995 0.67221409375 0.44599111875 0.6894400671875001 0.42015182500000003 0.7220092578124999 0.2952292078125 0.719381271875 0.22642479531249998 0.70643055 0.18456474843749998 0.6784895546875 0.15522514062499998 0.6666335359375 0.15291277812499998 0.6148914000000001 0.1732267171875 0.5921207421875 0.2052240109375 0.584975075 0.2554715359375 0.5910653796875 0.334362475 0.6100421828125 0.39790951875 0.6324384875 0.433407128125 0.6527096109375 0.44701330468749995
13 0.791976015625 0.6040023125 0.8146147562499999 0.588147325 0.8390292078125 0.5501964687500001 0.85412999375 0.502465740625 0.860245178125 0.46987446874999994 0.8553600921875001 0.39532093125 0.8293481359375001 0.346811125 0.8050227890625001 0.3304837109375 0.7408541375000001 0.3749185625 0.7069941 0.41923185781249994 0.6917399875 0.4640369125 0.691212303125 0.52860614375 0.6982902734375 0.5517048671875 0.7182761484375 0.578527678125 0.7646697390625 0.6054333734374999 0.791976015625 0.6040023125
13 0.1770605890625 0.5702202328125 0.1912628171875 0.5240034515625001 0.1450011484375 0.4809554484375 0.1266162484375 0.41004311250000003 0.0864234734375 0.426818065625 0.07340505625 0.4583042671875 0.0743678390625 0.5139942640624999 0.0856533625 0.5427398953125 0.1224694453125 0.5921503359375 0.1631650203125 0.6222883593749999 0.1819242703125 0.6257057921875 0.1770605890625 0.5702202328125
13 0.2027514296875 0.3327103375 0.23590905 0.33097262031249997 0.237092859375 0.3162420375 0.221293128125 0.275998153125 0.1867555546875 0.2514048203125 0.163196846875 0.2497057703125 0.133084378125 0.29088895625 0.1247120875 0.3177311015625 0.1205473515625 0.3502201546875 0.126288184375 0.3851237875 0.1334980734375 0.392080203125 0.1442807953125 0.37391285625 0.2027514296875 0.3327103375
13 0.3856833484375 0.09136034531250001 0.3538628640625 0.08129315312499999 0.31399815468750003 0.12298743281249999 0.30726965625 0.14387601562500002 0.308649609375 0.1702070671875 0.3479866375 0.19308201875 0.383750834375 0.2410807359375 0.4252165234375 0.1552969296875 0.42339799375 0.1392568390625 0.3856833484375 0.09136034531250001
13 0.413517875 0.827729171875 0.41200600156249995 0.8175404281249999 0.36857193125 0.7538082796875 0.3365338953125 0.6836114734375001 0.3113742109375 0.726001953125 0.2740304453125 0.7411607421874999 0.27663702031250004 0.7908971734375 0.28792254375000004 0.8196428046875001 0.3199177625 0.8517036484375 0.3532287125 0.8528916046875 0.40332705625000004 0.8385312296875 0.413517875 0.827729171875