13 0.33837890625 0.171875 0.26513671875 0.1699218765625 0.17724609375 0.1875 0.1552734359375 0.2080078125 0.158203125 0.2353515625 0.18603515625 0.25390625 0.2197265640625 0.2587890625 0.26513671875 0.2578125 0.2958984359375 0.2197265625 0.3662109359375 0.1806640625 0.33837890625 0.171875
13 0.486328125 0.1962890625 0.45849609375 0.1777343765625 0.41455078125 0.1738281234375 0.35302734375 0.1894531234375 0.32373046875 0.203125 0.2783203140625 0.2392578125 0.2724609359375 0.2646484375 0.2841796859375 0.2978515625 0.31494140625 0.31640625 0.3603515640625 0.3212890625 0.40283203125 0.3125 0.4306640640625 0.2958984375 0.4833984359375 0.2353515625 0.486328125 0.1962890625
13 0.6416015640625 0.1494140625 0.61669921875 0.1386718765625 0.57861328125 0.13671875 0.54345703125 0.14453125 0.521484375 0.1572265625 0.5009765640625 0.1787109375 0.4921875 0.2119140625 0.5009765640625 0.2392578125 0.5302734359375 0.2705078125 0.603515625 0.2900390625 0.63134765625 0.2871093765625 0.6796875 0.2509765625 0.6826171859375 0.2138671875 0.6416015640625 0.1494140625
13 0.8349609359375 0.2919921875 0.8115234359375 0.2666015625 0.78369140625 0.2519531234375 0.74560546875 0.2441406234375 0.67822265625 0.25390625 0.64453125 0.2802734375 0.6328125 0.3056640625 0.638671875 0.3603515625 0.6533203140625 0.3798828125 0.69287109375 0.3984375 0.7353515640625 0.3974609375 0.76611328125 0.390625 0.8056640640625 0.3701171875 0.837890625 0.3193359375 0.8349609359375 0.2919921875
13 0.6123046859375 0.3115234375 0.58447265625 0.2910156234375 0.55224609375 0.28125 0.48779296875 0.2871093765625 0.43798828125 0.3027343765625 0.392578125 0.3349609375 0.3779296859375 0.3642578125 0.3779296859375 0.3955078125 0.3955078140625 0.4208984375 0.45556640625 0.453125 0.498046875 0.4541015625 0.56103515625 0.4375 0.591796875 0.4150390625 0.6064453140625 0.3916015625 0.6123046859375 0.3115234375
13 0.4248046859375 0.4912109375 0.4072265640625 0.4716796875 0.36474609375 0.4511718765625 0.28564453125 0.4511718765625 0.2431640640625 0.4755859375 0.2314453140625 0.4912109375 0.228515625 0.5302734375 0.2373046859375 0.5498046875 0.28271484375 0.58984375 0.33544921875 0.6035156234375 0.3779296859375 0.6044921875 0.42626953125 0.59375 0.4482421859375 0.5634765625 0.4482421859375 0.5400390625 0.4248046859375 0.4912109375
13 0.39697265625 0.4628906234375 0.42041015625 0.4609375 0.43359375 0.4521484375 0.3779296859375 0.3994140625 0.375 0.3701171875 0.39111328125 0.33203125 0.33837890625 0.3300781234375 0.28271484375 0.34375 0.22119140625 0.375 0.1611328140625 0.4169921875 0.15234375 0.4443359375 0.1640625 0.4599609375 0.19775390625 0.4785156234375 0.234375 0.4833984375 0.26513671875 0.4589843765625 0.30322265625 0.4472656234375 0.34716796875 0.4472656234375 0.39697265625 0.4628906234375
13 0.6826171859375 0.5029296875 0.6708984359375 0.4814453125 0.64599609375 0.4628906234375 0.59619140625 0.4453125 0.55810546875 0.44140625 0.47314453125 0.4589843765625 0.4482421859375 0.4833984375 0.4453125 0.5146484375 0.4658203140625 0.5537109375 0.48779296875 0.5703125 0.52294921875 0.5839843765625 0.568359375 0.5888671875 0.61376953125 0.5839843765625 0.650390625 0.5673828125 0.6767578140625 0.5419921875 0.6826171859375 0.5029296875
13 0.81884765625 0.42578125 0.74560546875 0.3984375 0.66650390625 0.3984375 0.6298828140625 0.4150390625 0.6123046859375 0.4482421875 0.66796875 0.4775390625 0.68994140625 0.51953125 0.80419921875 0.5410156234375 0.8466796859375 0.5400390625 0.87890625 0.5224609375 0.8818359359375 0.4892578125 0.861328125 0.4580078125 0.81884765625 0.42578125
13 0.8203125 0.6318359375 0.78955078125 0.6074218765625 0.73974609375 0.59765625 0.66064453125 0.5996093765625 0.59619140625 0.6152343765625 0.5595703140625 0.6357421875 0.544921875 0.6552734375 0.544921875 0.6748046875 0.56982421875 0.6933593765625 0.69287109375 0.7324218765625 0.76171875 0.7333984375 0.80419921875 0.72265625 0.8349609359375 0.6962890625 0.837890625 0.6845703125 0.8203125 0.6318359375
13 0.56982421875 0.7109375 0.52587890625 0.6933593765625 0.46142578125 0.6894531234375 0.43798828125 0.6953125 0.41015625 0.7138671875 0.380859375 0.7587890625 0.380859375 0.7861328125 0.3955078140625 0.8095703125 0.43212890625 0.8359375 0.47900390625 0.8535156234375 0.51123046875 0.8613281234375 0.5859375 0.8603515625 0.6357421859375 0.8369140625 0.6533203140625 0.8134765625 0.6123046859375 0.7470703125 0.56982421875 0.7109375
13 0.56396484375 0.07617187656249999 0.50830078125 0.07421875 0.47900390625 0.08398437656249999 0.427734375 0.1181640625 0.3955078140625 0.1572265625 0.39111328125 0.17578125 0.44677734375 0.1738281234375 0.4921875 0.1904296875 0.53759765625 0.1464843765625 0.609375 0.1318359375 0.5947265640625 0.0908203125 0.56396484375 0.07617187656249999
13 0.72802734375 0.14453125 0.70166015625 0.1347656234375 0.66943359375 0.12890625 0.63427734375 0.1328125 0.626953125 0.1396484375 0.64453125 0.1513671875 0.6826171859375 0.2119140625 0.6826171859375 0.2451171875 0.697265625 0.2470703125 0.73828125 0.2333984375 0.7646484359375 0.2001953125 0.767578125 0.1767578125 0.72802734375 0.14453125
13 0.86572265625 0.3261718765625 0.83935546875 0.3261718765625 0.814453125 0.3642578125 0.7646484359375 0.3974609375 0.84814453125 0.4433593765625 0.8642578140625 0.4423828125 0.9140625 0.4072265625 0.92578125 0.3759765625 0.88623046875 0.3339843765625 0.86572265625 0.3261718765625
13 0.27099609375 0.26171875 0.22119140625 0.26171875 0.19189453125 0.2714843765625 0.158203125 0.3017578125 0.1552734359375 0.3349609375 0.1669921859375 0.3857421875 0.17724609375 0.3964843765625 0.1875 0.3955078125 0.25341796875 0.35546875 0.3251953140625 0.3271484375 0.2841796859375 0.2998046875 0.27099609375 0.26171875