13 0.7460656453125 0.2239789625 0.7462495437500001 0.26939924375 0.7837928140625 0.3008209671875 0.8216222421875001 0.37180449375 0.8308957015624999 0.3441300921875 0.8341267796875 0.270933146875 0.8180852375000001 0.182749128125 0.7979640234375001 0.16042190625 0.7705733078125 0.162873934375 0.7515357109374999 0.190377903125 0.7460656453125 0.2239789625
13 0.739286821875 0.2766030421875 0.7058842328125 0.2877405328125 0.68679550625 0.31817374374999996 0.6811209203125 0.36349176875 0.6891672578125 0.40611915625000006 0.70528055625 0.4342366875 0.7648978671875 0.48801971718750004 0.8039032875000001 0.49163069375 0.8229408843750001 0.464126725 0.82761349375 0.4202562796875 0.8130646046875001 0.35846951875 0.7999061125 0.3289384984375 0.7645713187500001 0.28290465625 0.739286821875 0.2766030421875
13 0.7881784078125 0.49721648281249997 0.76068543125 0.50552699375 0.728928890625 0.534274015625 0.7081223624999999 0.6071641828125001 0.7105658671875 0.6350431046875 0.74584953125 0.684006190625 0.7829021234375 0.6875830781250001 0.8480612531249999 0.6476985656250001 0.859236409375 0.622987490625 0.8618539296875 0.584941440625 0.85465618125 0.549654196875 0.8423462781250001 0.5274633234375 0.8212230859374999 0.5065836828125 0.7881784078125 0.49721648281249997
13 0.6919884421875 0.6361839015624999 0.6372070109375 0.64108795625 0.617423084375 0.655393296875 0.5981809671875 0.6946142281250001 0.59841599375 0.737105271875 0.604714025 0.7679816078124999 0.6245284578125 0.807884278125 0.6747395421875 0.8409921859375 0.7021302578124999 0.83854015625 0.7279260562500001 0.815549353125 0.743058 0.7879772140625 0.7515340015625 0.7500334234375 0.7429458546875 0.682490440625 0.7171706796875 0.64834399375 0.6919884421875 0.6361839015624999
13 0.637851934375 0.38031730625 0.60660669375 0.3797719171875 0.5809131546875 0.39690424062499996 0.547643334375 0.45639125468749997 0.545925534375 0.4988482109375 0.5614252703125 0.5621166359374999 0.583345921875 0.5932656671875 0.6065242015625001 0.608320915625 0.6864878703125 0.6155769515625 0.707478296875 0.5881070703125 0.7178048625 0.55605585 0.7130712406249999 0.49151028124999996 0.6983178328124999 0.44144048593749996 0.666888696875 0.3954748140625 0.637851934375 0.38031730625
13 0.4744692296875 0.22802862968749998 0.4547875640625 0.23647548437500002 0.4139620828125 0.2811799484375 0.39937195000000003 0.333667684375 0.3976541484375 0.37612463749999997 0.407551053125 0.424644596875 0.437436403125 0.44714225 0.460870334375 0.447551290625 0.5101000625000001 0.424969528125 0.52993511875 0.40773495156250006 0.5511811921875001 0.3656188625 0.5525617046875 0.286529346875 0.52889275 0.243629265625 0.51347465 0.23163960625 0.4744692296875 0.22802862968749998
13 0.6727166734375001 0.3413690671875 0.6600183515625 0.28547487656250004 0.6298468421875 0.2234154203125 0.5889092171875 0.1626331109375 0.5617230234374999 0.15336817187500001 0.5458958828125 0.1648124421875 0.5267560265625 0.19817489375 0.5212348296875 0.23470519374999999 0.5451083062500001 0.2658883109375 0.5561605828125 0.30417296875 0.5553936312500001 0.3481115875 0.5389018 0.3976359953125 0.540445584375 0.4211040125 0.5490032234375 0.4344389890625 0.6027010390624999 0.37970374375 0.63204458125 0.37728580625 0.669843503125 0.3940613234375 0.6727166734375001 0.3413690671875
13 0.5175023328125 0.44853980625 0.486308221875 0.445065178125 0.4468937609375 0.46488813437500004 0.4299112515625 0.48656770624999995 0.4156278953125 0.52147999375 0.4099533125 0.5667980171875 0.4140428625 0.6122864734375 0.430002771875 0.649191728125 0.454929359375 0.675998028125 0.49388365 0.6825382421875 0.515569271875 0.6711962312499999 0.5345557421875 0.64662150625 0.5530004 0.597131184375 0.5575707453125001 0.5591192203124999 0.54147806875 0.47386444218749996 0.5175023328125 0.44853980625
13 0.47715679062499994 0.689571609375 0.453681615625 0.803437065625 0.453916640625 0.84592810625 0.47092965781249996 0.8784565437499999 0.5040765953124999 0.8819652578125 0.535679746875 0.8620059578125 0.5686427875 0.820094390625 0.597260625 0.7473405718749999 0.5986411375 0.66825105625 0.5826812296874999 0.6313458046875 0.5497899421875 0.6131908796875 0.5195260578124999 0.6683351656250001 0.47715679062499994 0.689571609375
13 0.3439662171875 0.5422051375 0.32443794062500003 0.5418642703125001 0.305451471875 0.5664389984375 0.2642474578125 0.688785396875 0.2620694875 0.757605525 0.272068653125 0.8002670000000001 0.297894959375 0.831484203125 0.30956079375 0.8346179671874999 0.3625939171875 0.8179628609374999 0.3875411265625 0.7876319109375001 0.3981744765625 0.7380052421875 0.3976021609375 0.658881640625 0.383104403125 0.5941656390625 0.363238840625 0.5571922140625001 0.3439662171875 0.5422051375
13 0.21599005781249997 0.3758838140625 0.1923004765625 0.39012098125 0.165298178125 0.426276325 0.14690465156250002 0.47283740625000004 0.138530909375 0.5049227125 0.1382035046875 0.579635409375 0.1607682234375 0.62984155 0.1838953734375 0.6478260421875001 0.25100733124999997 0.6079756093750001 0.2878760265625 0.5661322171875 0.3062184234375 0.5225003781249999 0.31124894375 0.45812524374999997 0.3057995 0.434589053125 0.287733375 0.4064374359375 0.24332964218750003 0.376361028125 0.21599005781249997 0.3758838140625
13 0.8270510625 0.45247793437499995 0.8096595109375 0.4975914375 0.8528056109375 0.5437616281250001 0.8661991328124999 0.615783690625 0.9074641609375 0.60185330625 0.92264723125 0.5713519218750001 0.9255715328124999 0.515730425 0.9163186953125001 0.486267578125 0.883038990625 0.4344093375 0.844544871875 0.40150594999999994 0.8260697046875001 0.3967882625 0.8270510625 0.45247793437499995
13 0.7848549515625 0.6876171656250001 0.7516568828125 0.687037690625 0.7494484046875 0.7016498125 0.7624023765625 0.742897796875 0.7951402734374999 0.7698404421875 0.8185230734375001 0.773178725 0.8514349843750001 0.7341963984375 0.8616592953125 0.7080036609375 0.8680802062499999 0.6758842671874999 0.8647881125 0.6406651984375 0.8580810421875 0.633222790625 0.8460572953125001 0.6505937187499999 0.7848549515625 0.6876171656250001
13 0.5855329203124999 0.9156185562499999 0.616573640625 0.927880909375 0.6592496875 0.8890690156250001 0.6674189078125 0.8687006734375 0.6678790796875 0.8423375015625 0.63023355 0.816774259375 0.59790469375 0.7663976828125 0.5505560375 0.849080021875 0.5512512359375 0.8652078937500001 0.5855329203124999 0.9156185562499999
13 0.609132690625 0.179101846875 0.6099301500000001 0.1893712359375 0.6488126875 0.25597794218750003 0.6758759984375 0.3282386140625 0.70393140625 0.287706446875 0.742241628125 0.27518955312500004 0.7431108390625 0.2253924515625 0.7338580015625 0.1959296046875 0.704177171875 0.1617149859375 0.671030234375 0.15820626875 0.6200521984375 0.16903697812500001 0.609132690625 0.179101846875