13 0.8557454703125 0.7028475281250001 0.8456308921875 0.74302599375 0.8690494109375001 0.7911476687500001 0.9011519375000001 0.8033592546874999 0.9347812453125 0.7730168484375 0.9432596328124999 0.7297205875 0.9302707265624999 0.6944784109375 0.9159562640625 0.6811906 0.8954076796875 0.68050376875 0.8557454703125 0.7028475281250001
13 0.7778648203125 0.82722406875 0.7957622953125 0.87181963125 0.825922396875 0.8838270625 0.8605754234375 0.8624297296875 0.8700775281249999 0.8280785406250001 0.850132615625 0.7655928328125 0.8246754609375 0.7555526140625 0.7927829531249999 0.778713003125 0.7778648203125 0.82722406875
13 0.7542274812499999 0.6877588203125 0.7400224296875 0.720142796875 0.7427873468749999 0.7498916515625 0.7647709015624999 0.774295903125 0.8003470328125 0.7721434578124999 0.8271253468750001 0.7322435078125 0.8275277921875 0.69104425625 0.8133139437500001 0.6674566343749999 0.7953202562499999 0.6611466828125 0.7542274812499999 0.6877588203125
13 0.760649634375 0.5706008140625001 0.7404072828125 0.5670003453125 0.7253797375000001 0.569839621875 0.704629925 0.5897524187500001 0.6963527640625 0.6124490546875 0.6949265984374999 0.6447032328125 0.7118003546875 0.6803537265624999 0.7500363953125 0.6902641421875 0.7897992140625 0.657620571875 0.79960755625 0.6203557453124999 0.7944933625 0.6036161843750001 0.760649634375 0.5706008140625001
13 0.7977437468749999 0.46992277343750005 0.76942985625 0.4964051140625 0.75921026875 0.5188975921875 0.7604440109375 0.5632146390625 0.78733613125 0.596972278125 0.8222997921875 0.6006471078125 0.8455038874999999 0.58541100625 0.8607326593750001 0.5619721015625 0.8617475765625 0.5149455734374999 0.831583078125 0.4749523421875 0.7977437468749999 0.46992277343750005
13 0.7086896078125 0.40164630625 0.7054260265625001 0.451382315625 0.7333418671875 0.49408502812500005 0.770860425 0.492136734375 0.8054084375 0.453053415625 0.8102031999999999 0.3887492140625 0.744466965625 0.3788942328125 0.7163543 0.384776946875 0.7086896078125 0.40164630625
13 0.8749157125 0.38965912343750003 0.833000446875 0.38672656562499996 0.817771675 0.41016546875 0.8150155531250001 0.4363882140625 0.8219715624999999 0.46363174531249995 0.8494761546875 0.49156210624999996 0.8837223328125001 0.48337822499999994 0.9143854953125 0.443886590625 0.9187778062499999 0.420781640625 0.9145823203125 0.395301165625 0.8749157125 0.38965912343750003
13 0.9035534359374999 0.4722063453125 0.8713546937500001 0.49828037187499996 0.862771296875 0.5238906453125 0.863593790625 0.55343534375 0.8771951687499999 0.58285024375 0.8992793328124999 0.5969546828125 0.922894675 0.59649093125 0.9565239828125 0.566148525 0.9630599421875001 0.52264810625 0.9332016781249999 0.479741240625 0.9035534359374999 0.4722063453125
13 0.9093020968750001 0.62304763125 0.9069572203125 0.6640427250000001 0.9302707265624999 0.6944784109375 0.9613495359374999 0.6977449250000001 0.9840417718750001 0.6780362875 0.9920039015625 0.602281690625 0.9716565390625 0.5809952328125 0.9472231015625001 0.5799000890625 0.917273021875 0.6032646328125 0.9093020968750001 0.62304763125
13 1 0.4823432875 0.9987322875 0.48221004531249995 0.9752219578125001 0.5003597859375 0.962552484375 0.5461613703125 0.967259828125 0.5761143828125 0.9911858062500001 0.6007227921875 1 0.523018696875 1 0.4823432875
13 1 0.4002892953125 0.9320641515625001 0.3971385796875 0.918165334375 0.42660891718749994 0.91673916875 0.45886309687500004 0.922159596875 0.47268901718749995 0.954673371875 0.499672953125 0.9808436109375 0.49358608281249994 1 0.4805223265625 1 0.4002892953125
13 0.6880492078125 0.4672308890625 0.6688305765625 0.472575490625 0.656462940625 0.48747763749999995 0.64512341875 0.5393106578125 0.65514618125 0.5654036046875001 0.6746754484374999 0.5851311640625 0.70381183125 0.5881935203124999 0.737747375 0.5549374765625 0.7456132906249999 0.5174684921875 0.7102339843750001 0.47103551406250005 0.6880492078125 0.4672308890625
13 0.6148363109375 0.3696882375 0.6037986296875 0.3906218203125 0.6041136609375 0.44367978125 0.6420478640625 0.4844896421875 0.6897860109375 0.46004886875000006 0.7039910625 0.42766489375 0.7051109953125 0.398324353125 0.6983606109375 0.3784669953125 0.66063643125 0.3730291125 0.6148363109375 0.3696882375
13 0.5501501890625 0.5366931312500001 0.5240805609375 0.5324801906250001 0.5042494578125 0.5436520703125 0.48902068749999994 0.5670909749999999 0.4850396234375 0.6049682734374999 0.4903594390625 0.6290940093749999 0.5227726015624999 0.66637775625 0.5402544328125 0.6682151703125 0.5718407015625 0.6479684203125 0.587375709375 0.6216158796875 0.5855294953125 0.583126109375 0.5501501890625 0.5366931312500001
13 0.560260365625 0.468528865625 0.5497345421875 0.49393498124999996 0.5499445671875 0.52930695625 0.5726456 0.5655699171874999 0.6053605984375 0.5719542296875 0.6386836687499999 0.5445254625 0.6432772046874999 0.5008208859375001 0.6228248328125 0.46184844218750004 0.5899042125 0.44807795781250004 0.560260365625 0.468528865625
13 0.49860140937499997 0.382510971875 0.49431410937500003 0.423301909375 0.5043368734375 0.44939485625 0.523866140625 0.46912241562499996 0.5571936109375 0.469679446875 0.5975689015625 0.4312086 0.5996075390625 0.39312714375 0.583451265625 0.3693353625 0.5104571890625 0.3631362890625 0.49860140937499997 0.382510971875
13 0.4080204921875 0.3567884953125 0.3969828078125 0.3777220765625 0.397604078125 0.4278664 0.41437282499999994 0.4458309046875 0.4432029734375 0.4518069015625 0.47059815625 0.43406547343749996 0.492879146875 0.3995844875 0.4943053125 0.3673303078125 0.48326323125000004 0.36027808906250003 0.4080204921875 0.3567884953125
13 0.31818785 0.5388253296875 0.302346609375 0.5680915140625 0.3073645875 0.6231166875 0.3213728125 0.6393181375 0.3518391515625 0.6484119265625 0.3909895015625 0.6215956328125001 0.3904688421875 0.5611514953125 0.35018536562499997 0.53335093125 0.333521628125 0.5330724140624999 0.31818785 0.5388253296875
13 0.3833946265625 0.43226457656250006 0.3515021234375 0.4554249640625 0.3435311984375 0.4752079625 0.342105028125 0.5074621406250001 0.3661360171875 0.5497565390625 0.40529076406250003 0.5509260421875 0.43728387968750004 0.517465840625 0.43962875625000003 0.476470746875 0.4292997578125 0.4532914375 0.4000583640625 0.43254309375 0.3833946265625 0.43226457656250006
13 0.497485878125 0.4398373109375 0.47141625 0.435624371875 0.4580248953125 0.44158144843749997 0.43993499218750004 0.473557109375 0.4398387796875 0.511842721875 0.4518039671875 0.5381398265625 0.46806085468749997 0.5516317953125001 0.48942753593750005 0.5538775234375 0.5269416953125 0.5239434328125 0.5322527125 0.49209756718750003 0.5274447546875 0.4724443703125 0.497485878125 0.4398373109375
13 0.4276767640625 0.5341310421875 0.418476496875 0.5375827921874999 0.3961955078125 0.5720637796875 0.39415686875 0.6101452359375 0.40612205625 0.6364423421875001 0.4395545375 0.6546853609375 0.4828959734375 0.6253637421875 0.4864657890625 0.5727140937499999 0.4807391265625 0.5618018109375 0.4482253515625 0.534817875 0.4276767640625 0.5341310421875
13 0.2981335265625 0.430667834375 0.2737000875 0.429572690625 0.262251159375 0.4357339234375 0.24896481406249998 0.45937698437499996 0.246514928125 0.482686090625 0.259503834375 0.51792826875 0.28843899375 0.5415902531250001 0.3117481015625 0.5440401390625 0.34476493750000003 0.519525009375 0.3432249625 0.4781216 0.3345321515625 0.458060084375 0.2981335265625 0.430667834375
13 0.305277559375 0.35335434062500004 0.2958804671875 0.40539151718750005 0.308869371875 0.44063369375 0.34260809062500003 0.4559630765625 0.3840070984375 0.4264373 0.391671790625 0.409567940625 0.392074240625 0.36836868906250003 0.3866538109375 0.3545427671875 0.36252660937500003 0.3505339828125 0.305277559375 0.35335434062500004
13 0.2889200609375 0.35016218593750004 0.2745049859375 0.3471741875 0.2034533359375 0.341179271875 0.1972192109375 0.35378025156250004 0.1965105265625 0.39789314062500003 0.21532670937499998 0.43374778750000004 0.23577468281249997 0.4447344328125 0.2513140875 0.446367690625 0.2829003578125 0.426120940625 0.29557423125 0.40830515624999997 0.295976678125 0.3671059046875 0.2889200609375 0.35016218593750004
13 0.11379552343749999 0.3347016828125 0.1059252109375 0.344184865625 0.103475325 0.367493971875 0.1223965171875 0.4210346078125 0.1583838953125 0.433654509375 0.19140073124999998 0.40913937968749997 0.1972192109375 0.35378025156250004 0.18955012031250001 0.3426638109375 0.1537683671875 0.3374300828125 0.11379552343749999 0.3347016828125
13 0.0998923078125 0.33618621875 0.015243678124999998 0.32876220156249997 0.011262614062499999 0.3666395 0.0457232125 0.4218133953125 0.06903231875 0.42426328125 0.10624024218749999 0.3972428265625 0.0998923078125 0.33618621875
13 0.09724559687499999 0.40808075156249995 0.0777207296875 0.41633899375 0.062491959374999996 0.439777896875 0.06106579375 0.4720320765625 0.0730309796875 0.49832918125000003 0.116481825 0.51467935 0.1488861875 0.495991496875 0.15317348749999998 0.45520056093749994 0.146116871875 0.438256840625 0.115545521875 0.41147706250000005 0.09724559687499999 0.40808075156249995
13 0 0.4951741875 0.0296851453125 0.4996650015625 0.059123365625 0.47182792031250004 0.06054953125 0.43957374062500004 0.022921565625 0.3958502453125 0.0085064921875 0.3928622453125 0 0.47379610625 0 0.4951741875
13 0.241295725 0.4482605421875 0.2205415140625 0.4401875390625 0.20162471875 0.414632703125 0.186903409375 0.4145583421875 0.1693209671875 0.42302074218749997 0.156034621875 0.446663803125 0.1526660296875 0.478713825 0.167291125 0.5170737984375 0.18129935156250002 0.5332752468749999 0.2062446484375 0.5388429265625 0.2261763640625 0.5173712328125 0.2476436578125 0.5093171515625 0.24804610781249997 0.46811790000000003 0.241295725 0.4482605421875
13 0.235070396875 0.5168331234375 0.22167904218749998 0.5227901984375001 0.2080864609375 0.549346896875 0.2072727671875 0.5757738 0.22189786250000001 0.614133771875 0.2450057453125 0.6371832828125 0.268008615625 0.6425468078125001 0.30133168593750004 0.615118040625 0.2972324140625 0.5513519515625 0.257561409375 0.5177241109375 0.235070396875 0.5168331234375
13 0.1121901265625 0.5274844859375001 0.10862030625 0.5801341343749999 0.1280489625 0.61016150625 0.17078232499999998 0.6146529640625 0.19572322343749998 0.59223484375 0.20461285624999997 0.5637109328125 0.196226284375 0.5407357796875 0.155225325 0.5010765046875 0.14633129218750002 0.5016146171875 0.1121901265625 0.5274844859375001
13 0.049822484375 0.4855794828125 0.03612489375 0.4944501953125 0.02283855 0.5180932578124999 0.0214123828125 0.5503474359375 0.035013759374999995 0.5797623359374999 0.0668100515625 0.5948875609375001 0.10115684062500001 0.5764038671875 0.1079990390625 0.5299898109375001 0.102272375 0.5190775265625 0.0645437953125 0.4856538421875 0.049822484375 0.4855794828125
13 0.1912259015625 0.5976538062500001 0.1687392875 0.62474861875 0.16598316562499998 0.6509713640625 0.1786658375 0.689127178125 0.19655891406249998 0.7057369437500001 0.2159831703125 0.7077785140625 0.2531910921875 0.6807580625 0.2578896375 0.6547394734374999 0.2524692109375 0.6409135515625 0.2117744875 0.5983406359375001 0.1912259015625 0.5976538062500001
13 0.1280489625 0.61016150625 0.11076835781250001 0.5877244640625 0.0863349203125 0.5866293203125 0.0667094375 0.6051873750000001 0.063235834375 0.619551409375 0.06600075625 0.6493002640625 0.08123832187499999 0.6818329609375 0.1121159078125 0.7056990984375 0.124076696875 0.7040104046875 0.1538211515625 0.6732596859375 0.15718974375 0.6412096640625 0.146860746875 0.6180303546875 0.1280489625 0.61016150625
13 0 0.6671814515625 0.01458338125 0.68071889375 0.035950062500000005 0.682964621875 0.0667182375 0.661158975 0.06650381562499999 0.5978011999999999 0.0186562625 0.5765701812499999 0 0.5990496859375 0 0.6671814515625
13 0.0924030109375 0.81851436875 0.13238025312499999 0.8492285687500001 0.14597723125 0.85065766875 0.16611457031250002 0.8365721531249999 0.16631139687500002 0.787986728125 0.1413661 0.7824190453125001 0.11580393281250001 0.754692840625 0.08360519375 0.7807668671875 0.0924030109375 0.81851436875
13 0.053838740625000006 0.6715885859374999 0.04014115 0.6804593 0.0291034671875 0.7013928796875 0.027983534375 0.7307334203125 0.0415849125 0.7601483203125 0.075629865625 0.7725640625 0.10997665781249999 0.7540803687500001 0.1185600546875 0.7284700953125001 0.11017348125 0.7054949421875001 0.0743873265625 0.67227541875 0.053838740625000006 0.6715885859374999
13 0 0.7578608359375 0.0233856 0.7464521953125 0.029007251562500003 0.7396784921874999 0.0303284109375 0.689738325 0 0.6638276109375 0 0.7578608359375
13 0 0.833138615625 0.024321903125 0.8496544796875 0.0479372453125 0.8491907281250001 0.0835089765625 0.8190524796875 0.0814571421875 0.773176534375 0.054263184374999995 0.770318334375 0.034733917187500005 0.7505907781250001 0.016127757812499997 0.750108103125 0 0.762328628125 0 0.833138615625
13 0.055098875000000005 0.883820434375 0.0651216375 0.90991338125 0.10468763125 0.9258552359375001 0.13964689375 0.9015442640625 0.1479240546875 0.8788476281250001 0.13984371874999998 0.8529588374999999 0.086781359375 0.825288071875 0.0581612328125 0.85468405 0.055098875000000005 0.883820434375
13 0 0.9148521203125 0.017278481249999998 0.9166681625 0.041606907812499996 0.900077321875 0.050802778125 0.8686397703125 0.045994820312500004 0.848986571875 0.0204370515625 0.8492461656250001 0 0.8340797656250001 0 0.9148521203125
13 0.1395110890625 0.687957675 0.1271434515625 0.702859821875 0.12060749062500001 0.746360240625 0.137787484375 0.779097090625 0.168253821875 0.7881908859375 0.20382555624999998 0.7580526359374999 0.20811285625 0.7172616984375 0.1718148421875 0.6795696359375001 0.16097838125 0.679903590625 0.1395110890625 0.687957675
13 0.21230394062500002 0.714756375 0.2056629703125 0.7405708062499999 0.21098278750000002 0.7646965421874999 0.248811978125 0.7878204125 0.28336439062499996 0.7767228937499999 0.2944020734375 0.7557893109375 0.291943390625 0.7231268187500001 0.266687459375 0.6924869765625 0.24419644687500003 0.6915959875000001 0.21230394062500002 0.714756375
13 0.2805818765625 0.6350308375 0.26474063281250004 0.6642970171875 0.2661756015625 0.6880144390625 0.2784470234375 0.7113979031250001 0.3121857421875 0.7267272859375 0.3529722796875 0.7030287875 0.357565815625 0.6593242125 0.3518391515625 0.6484119265625 0.29397323124999997 0.6290737625 0.2805818765625 0.6350308375
13 0.3595082390625 0.65952836875 0.3564458828125 0.6886647531250001 0.3661624109375 0.7176713390625 0.3859979140625 0.7344852578125 0.41124944531249996 0.7371393015625001 0.4420176203125 0.7153336546875 0.44609929687500005 0.66715654375 0.4009072515625 0.630002590625 0.38424351562500003 0.6297240765625001 0.3595082390625 0.65952836875
13 0.49250748906249997 0.636684340625 0.4758437546875 0.6364058234375001 0.45202718593749996 0.6574692015625 0.4463049203125 0.6745427171875 0.4494810875 0.719063921875 0.47310082812500004 0.7465859703125 0.4983523609375 0.7492400124999999 0.52155645625 0.7340039109375 0.529733009375 0.7216070890624999 0.53218289375 0.69829798125 0.5252268859375 0.67105445 0.49250748906249997 0.636684340625
13 0.549148465625 0.667677059375 0.5411775390625 0.6874600562500001 0.5424112796875 0.731777103125 0.5670547390625 0.7682442234375 0.61101304375 0.7610811281250001 0.6329877984375 0.7295137796875 0.631141584375 0.691024009375 0.5987284234375 0.6537402609375 0.580428496875 0.6503439484375 0.549148465625 0.667677059375
13 0.6476827140625 0.5616733359375 0.6251917046875 0.56078235 0.6137427718749999 0.56694358125 0.59595910625 0.5960056046875 0.593202984375 0.62222835 0.60067085 0.6539444171875 0.62183630625 0.6767897703125 0.6490302640625 0.6796479703125 0.6842957609375 0.6524233625 0.6921616765625 0.614954378125 0.6837751046875 0.5919792265625 0.6476827140625 0.5616733359375
13 0.6492358874999999 0.6870341468750001 0.6433123968750001 0.7247072890624999 0.6582437296875 0.7601536234374999 0.6877913609374999 0.777988328125 0.727554178125 0.74534475625 0.7348076265625 0.71370305 0.7264210515625 0.690727896875 0.6997345546875 0.6643564328125 0.6833770546875 0.661164278125 0.6492358874999999 0.6870341468750001
13 0.67399755625 0.8251446546875 0.6886226515625 0.8635046265625 0.7243037953125 0.8790381671875 0.75956929375 0.8518135578124999 0.7680476781250001 0.8085172953124999 0.7556712437499999 0.7674478437500001 0.7224443875000001 0.7565909953125 0.68411213125 0.7849661890624999 0.67399755625 0.8251446546875
13 0.666437875 0.8597000015624999 0.650797859375 0.8683665546875 0.6245226078125 0.8567674406249999 0.6089876015625 0.883119984375 0.6053127734375 0.9180836453125 0.625152675 0.962883365625 0.6620587609374999 0.9667623515624999 0.688224603125 0.9326896796874999 0.68790956875 0.8796317171875 0.6824891390625 0.8658057953125 0.666437875 0.8597000015624999
13 0.6266574609375 0.780400371875 0.614596059375 0.7923888812500001 0.6089788031250001 0.8271483843749999 0.6245226078125 0.8567674406249999 0.6469130078124999 0.867958240625 0.67768118125 0.8461525953125 0.67399755625 0.8251446546875 0.6802272828125 0.784557875 0.66397039375 0.77106590625 0.6266574609375 0.780400371875
13 0.6326815625 0.7324274171875 0.6121373765625 0.7597263875 0.6230788453125 0.777078421875 0.6483303765625 0.7797324640625 0.6642766296875 0.76815226875 0.644336115625 0.7336523609375 0.6459635078125 0.68079855625 0.6317540562499999 0.6851967328125 0.6326815625 0.7324274171875
13 0.492424471875 0.7589273546874999 0.48128617656249995 0.790160746875 0.49979612500000004 0.8289290328125001 0.531592415625 0.8440542578124999 0.5562270781249999 0.8245497796875 0.5686953296875 0.7993478203125 0.5685903171875 0.7816618328125 0.542616903125 0.7391632765625 0.524316975 0.735766965625 0.492424471875 0.7589273546874999
13 0.3624963796875 0.8086066015625001 0.349210034375 0.8322496609375 0.347171396875 0.8703311171875001 0.3627152 0.8999501750000001 0.401257475 0.9069469578125 0.42292599218750004 0.878293246875 0.426189575 0.8285572374999999 0.40676092031250005 0.7985298656250001 0.3806912953125 0.7943169250000001 0.3624963796875 0.8086066015625001
13 0.4159523921875 0.7391065140624999 0.4079814671875 0.7588895109375 0.40716776875000005 0.7853164140625 0.42731390625000004 0.8272024984374999 0.45583781874999996 0.836092128125 0.48139118906249995 0.8078467343750001 0.480874928125 0.7753883984375001 0.471158403125 0.7463818125 0.4433475765625 0.7213650890625 0.4159523921875 0.7391065140624999
13 0.30452545 0.771582446875 0.323954103125 0.80160981875 0.3563628671875 0.8109077671874999 0.389685940625 0.783479 0.3972456171875 0.7489236531250001 0.3609476046875 0.711231590625 0.348168721875 0.7113613890625 0.3126975984375 0.7311998234375 0.30452545 0.771582446875
13 0.2825594921875 0.8591213968750001 0.318748096875 0.851141671875 0.33142196875 0.8333258859375 0.334178090625 0.807103140625 0.288373575 0.775776465625 0.260978390625 0.7935178921875 0.260575940625 0.8347171421875 0.2825594921875 0.8591213968750001
13 0.1609129625 0.9140898046875 0.18033721875 0.9161313765625 0.19689594375 0.8987239062500001 0.201900725 0.8697916796875 0.165808334375 0.839485790625 0.150680175 0.8526248828125 0.148335303125 0.8936199765625 0.1609129625 0.9140898046875
13 0.20648546093750003 0.770115503125 0.17888465781250001 0.7804707546875 0.166210784375 0.7982865390625 0.1643733703125 0.8157683703125 0.1696931859375 0.83989410625 0.184213271875 0.8605680921875001 0.226946634375 0.86505955 0.24575401718749998 0.8449425953125 0.25004131875 0.804151659375 0.24134851093749998 0.784090146875 0.20648546093750003 0.770115503125
13 0.227764728125 0.8666184453125 0.2224537109375 0.8984643109375 0.22716105468749997 0.9284173234375 0.2494508421875 0.9499079390625 0.281448359375 0.9444335359375 0.29667713125 0.9209946312499999 0.29810329687500003 0.888740453125 0.28552563750000004 0.8682706250000001 0.24994510781249998 0.842437271875 0.227764728125 0.8666184453125
13 0.354932303125 0.8151761453124999 0.33775670625 0.8104250921875 0.3285608375 0.8418626437500001 0.298916990625 0.86231355 0.29871576875 0.882913175 0.32499541718749997 0.9224980921875 0.3499407140625 0.928065771875 0.3683412515625 0.9211622703125 0.376517803125 0.90876545 0.360772775 0.8997460171875 0.345841440625 0.8642996828125 0.354932303125 0.8151761453124999
13 0.4560434421875 0.8434783046875 0.453698565625 0.8844733984375001 0.46699370937499995 0.9168019375 0.5140231703125 0.93647405625 0.5386578328125 0.916969578125 0.5418252031249999 0.9055191812500001 0.5312861796874999 0.8469678984375 0.49458131875 0.8224892875 0.4798600109375 0.8224149265625 0.4560434421875 0.8434783046875
13 0.426189575 0.8285572374999999 0.420371096875 0.883916365625 0.43161880156250004 0.8983547609375 0.4510430578125 0.9003963328125 0.45634967812499994 0.8405646671874999 0.426189575 0.8285572374999999
13 0.5386490359375 0.8609979781250001 0.5372228671875 0.89325215625 0.5533791421875 0.9170439359375001 0.5728033984375 0.9190855078125001 0.591304546875 0.9018821953125 0.601830371875 0.8764760781250001 0.582913575 0.85092124375 0.5791249359374999 0.812227315625 0.5658341953125 0.8078845781249999 0.5386490359375 0.8609979781250001
13 0.578617478125 0.8357405796874999 0.5889464765625 0.8589198890624999 0.6107244046875 0.8759379656249999 0.6217620859374999 0.8550043859375 0.6086725671875 0.830062021875 0.6142898234375 0.79530251875 0.5971142265625 0.790551465625 0.5797374078125 0.8064000390625001 0.578617478125 0.8357405796874999