13 0.29097475156249997 0.8521511109375 0.2509789296875 0.8413368625000001 0.2024558734375 0.863911975 0.1896858828125 0.8957964921875 0.21943675312500002 0.929950225 0.262578453125 0.9391829453125 0.29804195 0.926811078125 0.3115775578125 0.9127307 0.31262290625 0.89219723125 0.29097475156249997 0.8521511109375
13 0.167976359375 0.772111653125 0.1230752359375 0.7892281015625 0.1105432671875 0.8191740515625 0.1313325625 0.8541952359374999 0.165512684375 0.864295403125 0.22833696093750003 0.845444053125 0.23881993906250001 0.820166003125 0.2162196796875 0.7878741484375 0.167976359375 0.772111653125
13 0.3078328953125 0.7509119171874999 0.2757017625 0.7361438515625001 0.245909184375 0.7383891593749999 0.221124984375 0.7599434515625 0.2226562125 0.7955517296875 0.2620827390625 0.8230223156250001 0.30326869218749997 0.8241437265625 0.3271007875 0.8103437046874999 0.3337238125 0.79246288125 0.3078328953125 0.7509119171874999
13 0.424860975 0.75937778125 0.42881417343750006 0.73920135 0.4262375953125 0.7241265421875 0.40668996718750006 0.7030323640625 0.38414124374999997 0.6943603515625 0.35191686718750004 0.692371490625 0.3159773171875 0.7086204890625 0.3054010984375 0.7466777453125 0.337345740625 0.78700421875 0.3744337125 0.797461428125 0.3912599796875 0.7926401578125 0.424860975 0.75937778125
13 0.5248763000000001 0.7982233203125 0.4988921390625 0.7694515609375 0.4765814421875 0.75884098125 0.43224961406249995 0.7593010953125 0.398027784375 0.7855999687499999 0.3937433140625 0.8204941703124999 0.408572128125 0.8439606375 0.43174168437500005 0.85959615625 0.4787433375 0.8614316453124999 0.5192569203125 0.8319697171874999 0.5248763000000001 0.7982233203125
13 0.594696578125 0.7103743312499999 0.5450251015625 0.7062432359375 0.50184169375 0.7334095578125 0.5031349015625 0.7709564046875 0.541609321875 0.806181253125 0.6058200499999999 0.8120975484375 0.6168207859375 0.74654331875 0.6114296 0.7183322671875 0.594696578125 0.7103743312499999
13 0.6037808906250001 0.876784325 0.6074445234375 0.8349266234374999 0.58427496875 0.81929110625 0.55810431875 0.8160777546875 0.5307435375 0.8225572375000001 0.5023374078125 0.8495701890625 0.509922365625 0.8839539796875 0.5488728390625 0.9153016968750001 0.5718976140625001 0.920096575 0.597447428125 0.9163464250000001 0.6037808906250001 0.876784325
13 0.52074644375 0.9039770390624999 0.49523833437500003 0.8713281453124999 0.4697817609375 0.8622990953125 0.44022720781249997 0.8626058375 0.4105794109375 0.875691784375 0.3960916984375 0.897526428125 0.396143234375 0.9211462671874999 0.4258941078125 0.9553 0.4692738328125 0.9625941515625 0.5126952625000001 0.9334892640625 0.52074644375 0.9039770390624999
13 0.369827803125 0.90709228125 0.3288798765625 0.9040322984375001 0.29804195 0.926811078125 0.2942335328125 0.9578281453124999 0.31354313437500003 0.9808608890625001 0.3891472359375 0.9901439046875 0.4107855609375 0.9701711421875 0.4123069609375 0.9457605390625 0.3894686765625 0.9154072531249999 0.369827803125 0.90709228125
13 0.5089563046875 1 0.509083165625 0.99896680625 0.49134650312500006 0.9751433 0.44577300624999994 0.9616764078125 0.4157424015625 0.9658602843749999 0.3907201734375 0.989353140625 0.47190246875 1 0.5089563046875 1
13 0.591075621875 1 0.59530519375 0.9337935249999999 0.5660819140625 0.9193824968750001 0.5338575375 0.917393634375 0.519939121875 0.9225719421875 0.492391853125 0.9546098296875 0.4980210625 0.9808823140625 0.510575284375 1 0.591075621875 1
13 0.529482209375 0.6885924671875 0.52447383125 0.6692834859375 0.5097898 0.6566576546875 0.4581625765625 0.64441525 0.43189868281250005 0.6539811015625 0.4118332953125 0.6731631 0.4082629046875 0.7022416015624999 0.4409216265625 0.7367523734375 0.478247625 0.745271015625 0.525290984375 0.7107074640625 0.529482209375 0.6885924671875
13 0.6282877453125 0.617093075 0.6075499859375 0.6056917328125 0.55449460625 0.605080728125 0.51302891875 0.6422969234375 0.5366328234375 0.6904543484375 0.5687639546875001 0.7052224140625001 0.5980804796875 0.706854240625 0.618052625 0.70045144375 0.6241480562499999 0.6628279125 0.6282877453125 0.617093075
13 0.46243721562499995 0.5495021671875 0.46710449218749994 0.5235100359375 0.45628041562500005 0.5034869765625001 0.433110859375 0.48785146093750004 0.3953088078125 0.483209953125 0.371093903125 0.48810790624999995 0.333250146875 0.5198654421875 0.3311079125 0.5373125421875 0.350800321875 0.5692473546875 0.37687772656249996 0.5852399109374999 0.41539385624999997 0.5840657171875 0.46243721562499995 0.5495021671875
13 0.530414653125 0.560800434375 0.5051961078125 0.5498328156250001 0.46982585468750004 0.5494254828125 0.433172228125 0.5714901828125 0.426217934375 0.6040887781250001 0.45306095625 0.6378854703125 0.49667870625 0.64324105625 0.5360021578125 0.6234719625 0.5503450890625 0.590796684375 0.530414653125 0.560800434375
13 0.61749554375 0.5006520890624999 0.5767856421875 0.4956535421875 0.550521746875 0.50521939375 0.5304563609375 0.52440139375 0.52931776875 0.5577140671875 0.5670781109374999 0.5987546171875 0.6051181875 0.6014575578125 0.6291883109375 0.58571896875 0.6366603625 0.5128441968749999 0.61749554375 0.5006520890624999
13 0.6447949562499999 0.4105338875 0.6240571984375001 0.3991325421875 0.57390966875 0.39887857968749996 0.5556552453125 0.4153312484375 0.549177003125 0.444052709375 0.5664376171875001 0.47175335 0.6005244937499999 0.49463272343750003 0.632748871875 0.49662158593749994 0.639992728125 0.4857042640625 0.6447949562499999 0.4105338875
13 0.46435364218749997 0.3175379453125 0.435368384375 0.3011883515625 0.380264015625 0.30524524375 0.3638205546875 0.3189685828125 0.354196440625 0.349271571875 0.3803253828125 0.3888839671875 0.44076940000000003 0.389418284375 0.4692687734375 0.3496261296875 0.4698380703125 0.332969790625 0.46435364218749997 0.3175379453125
13 0.5697601515625 0.3845945328125 0.5471598921874999 0.35230268124999997 0.52751901875 0.343987709375 0.49529464218749997 0.3419988453125 0.4525872875 0.365288034375 0.45073461875 0.4044164078125 0.483631365625 0.43698861093749997 0.5245792921875 0.44004859375 0.5479353375 0.430125703125 0.5691908546875 0.40125087031250006 0.5697601515625 0.3845945328125
13 0.560197403125 0.4985362453125 0.564864678125 0.47254411406249996 0.559142221875 0.4590508328125 0.5274871421875 0.4404056328125 0.4892090390625 0.4396412578125 0.46270711875000003 0.4511456765625 0.448933484375 0.46716462031250006 0.446315196875 0.48848885312499996 0.4755900171875 0.526519721875 0.5073383421875 0.5323857171874999 0.52707245625 0.5279214875 0.560197403125 0.4985362453125
13 0.46713637031250005 0.42709210937500003 0.4638457140625 0.417833003125 0.429758834375 0.3949536328125 0.3917187578125 0.3922506890625 0.365216834375 0.40375510625000005 0.3463931171875 0.4368641125 0.3749538578125 0.4807106796875 0.4275331859375 0.4851988140625 0.43854375 0.47966346875 0.4660910203125 0.44762558124999996 0.46713637031250005 0.42709210937500003
13 0.5728446609375 0.299374284375 0.5743660609375 0.2749636796875 0.5684055781249999 0.2634089671875 0.5449979968750001 0.24971201718749997 0.521735196875 0.2468557046875 0.4862716984375 0.259227571875 0.4621083296875 0.287745365625 0.4592520171875 0.311008165625 0.483187190625 0.344447821875 0.52461116875 0.3436306703125 0.5448213390625 0.33528930625000003 0.5728446609375 0.299374284375
13 0.6500217 0.3078665359375 0.5981564500000001 0.29756270156250003 0.562692953125 0.3099345671875 0.546777084375 0.3434006125 0.5755758515625 0.3853086109375 0.5923088734374999 0.39326654687499996 0.6334948265625 0.3943879609375 0.6474132421875 0.389209653125 0.65184249375 0.36515608906249997 0.6500217 0.3078665359375
13 0.6534988453125 0.291567240625 0.6567379671875 0.2772065078125 0.6639719921875 0.2062703046875 0.6514817328125 0.1998172125 0.6073879296875 0.198338759375 0.57121035625 0.2165263265625 0.5598685171875 0.23677944375 0.557964309375 0.2522879765625 0.57765671875 0.284222790625 0.5952486 0.2972056625 0.636434553125 0.2983270734375 0.6534988453125 0.291567240625
13 0.6720133390624999 0.116739196875 0.6626689578125 0.108704578125 0.63940615625 0.10584826562500001 0.5855434546875 0.1238321640625 0.5722974078124999 0.1595938140625 0.59623258125 0.1930334703125 0.6514817328125 0.1998172125 0.6627303234374999 0.1923432984375 0.6685877312499999 0.1566583359375 0.6720133390624999 0.116739196875
13 0.6707716734375 0.1028121921875 0.6796718828125 0.018306020312499997 0.64186983125 0.0136645125 0.5861029203125 0.0471569453125 0.5832466078125 0.0704197453125 0.609613578125 0.10809357343749999 0.6707716734375 0.1028121921875
13 0.5989342828125 0.09891115 0.5910180546875 0.0792451296875 0.5678484984375001 0.0636096140625 0.535624121875 0.061620753125000004 0.5091222015625 0.07312516875 0.49201620156250003 0.116284046875 0.5101356734375 0.149009621875 0.5508455734375 0.15400816875 0.5679098671875 0.1472483359375 0.5952191109375 0.11714901562499999 0.5989342828125 0.09891115
13 0.5135784140624999 0 0.5085430734374999 0.029762623437500003 0.5358621484375 0.059682184375 0.568086525 0.06167104531249999 0.612460059375 0.024811890625 0.61569918125 0.010451160937499999 0.530581309375 0 0.5135784140624999 0
13 0.556246590625 0.2422381046875 0.564680575 0.22162794843750003 0.5905616609375001 0.20316002812499998 0.5908929328125 0.18844225781249999 0.582738678125 0.1707148046875 0.559331096875 0.1570178546875 0.527344746875 0.153090425 0.488735371875 0.1670438203125 0.47229191562499995 0.1807671578125 0.466289728125 0.2056114859375 0.48741029375 0.22591489999999997 0.49508849374999997 0.2475194859375 0.536274446875 0.2486409 0.556246590625 0.2422381046875
13 0.48779310000000003 0.23481696875 0.4820706421875 0.22132368750000003 0.4557552125 0.20726969999999997 0.42934653437500003 0.205994915625 0.3907371625 0.219948309375 0.36728787500000004 0.242650403125 0.361523709375 0.26555616406250004 0.38836673125 0.29935285624999997 0.45219465156250005 0.2963670828125 0.486509725 0.25728900625 0.48779310000000003 0.23481696875
13 0.47928791562499995 0.11176952031250001 0.4267085875 0.10728138281249999 0.39634671250000003 0.1261830296875 0.3911101390625 0.16883149687500001 0.413089565625 0.19415984687500001 0.4414539875 0.20354593593749998 0.46457200624999995 0.1955616140625 0.50494080625 0.1552590484375 0.5045579984375 0.14635697812499998 0.47928791562499995 0.11176952031250001
13 0.5222750015625001 0.050142721875 0.5136446953125 0.0362924015625 0.49023711406250003 0.022595453125 0.4580127375 0.020606590625 0.42836494218750004 0.033692534375 0.41268709843750007 0.06522001250000001 0.4305685421875 0.0998841546875 0.4768561171875 0.10753534843749998 0.48786668281249995 0.1020000015625 0.52194373125 0.0648604921875 0.5222750015625001 0.050142721875
13 0.4077499171875 0.189568634375 0.381051678125 0.1666125765625 0.3548810265625 0.16339922499999998 0.31650968125 0.175414053125 0.29959016875 0.193014525 0.2972099078125 0.2124001921875 0.323576878125 0.2500740203125 0.3495095015625 0.2552259359375 0.36342791874999997 0.25004763125 0.4067045703125 0.2101021046875 0.4077499171875 0.189568634375
13 0.39634671250000003 0.1261830296875 0.41908192499999997 0.10929663593750001 0.420603325 0.0848860328125 0.402390609375 0.0649396578125 0.388089384375 0.061215896874999995 0.35829680625 0.0634612078125 0.3255031328125 0.07812867968750001 0.301101740625 0.10858503906250001 0.3025814328125 0.12057347812500001 0.33280835625 0.1508500765625 0.3647947078125 0.1547775078125 0.3881507515625 0.14485461875 0.39634671250000003 0.1261830296875
13 0.3388385875 0 0.32778031875 0.0115033328125 0.32516203125 0.032827567187500004 0.34642737968750004 0.063971615625 0.409779246875 0.0648629734375 0.4318420859375 0.0173932390625 0.4116134890625 0 0.3388385875 0
13 0.1886476921875 0.0869062484375 0.15724046875 0.12634136406250002 0.1555742875 0.13991133125 0.1693062125 0.16029142968750001 0.217880803125 0.1613361578125 0.2238829921875 0.1364918296875 0.252051096875 0.11141744375 0.22654298593750002 0.0787685546875 0.1886476921875 0.0869062484375
13 0.3362241359375 0.050912059375 0.32759382812500004 0.0370617390625 0.306856071875 0.025660396875 0.27753954531249997 0.024028571874999998 0.2478917484375 0.0371145171875 0.23488373125 0.0709376 0.2527651734375 0.1056017453125 0.278221746875 0.114630796875 0.3013397671875 0.1066464734375 0.3351787859375 0.0714455296875 0.3362241359375 0.050912059375
13 0.2529681578125 0 0.261903409375 0.01915700625 0.26857796875 0.024896018750000002 0.31848747187500004 0.027088553124999998 0.34246058437500004 0 0.2529681578125 0
13 0.17159388125 0 0.15870050156249998 0.0182920390625 0.1587520375 0.041911878125 0.188264884375 0.0780041765625 0.23416965156249997 0.0767533015625 0.23750201718750003 0.0496133671875 0.2575674015625 0.030431367187500002 0.258374725 0.011836465625 0.2497268359375 0 0.17159388125 0
13 0.12400261875 0.0484680453125 0.097738725 0.058033896875000004 0.0811087765625 0.097315640625 0.104805921875 0.13269386249999998 0.12735464531250001 0.141365875 0.1533805140625 0.133738590625 0.18197313125 0.081167234375 0.1530811203125 0.0520384359375 0.12400261875 0.0484680453125
13 0.09305763593750001 0 0.09181995 0.0100801390625 0.10798367499999999 0.034694410937499996 0.139255946875 0.0444375421875 0.1589900640625 0.0399733109375 0.1591765546875 0.014414904687499999 0.1702692015625 0 0.09305763593750001 0
13 0.3183623515625 0.1362856796875 0.30367831875 0.123659846875 0.26029859375000003 0.1163656953125 0.227266896875 0.1329717359375 0.21764277656250003 0.1632747234375 0.2471556234375 0.1993670265625 0.2878655234375 0.2043655734375 0.32618533437499997 0.168730903125 0.326040553125 0.157890265625 0.3183623515625 0.1362856796875
13 0.290297321875 0.20859974218750002 0.2646027234375 0.2015092609375 0.24038781875 0.2064072140625 0.216607259375 0.2438270765625 0.227100065625 0.2785679046875 0.247837825 0.28996924687500003 0.28053825312499997 0.288080978125 0.31161420624999997 0.2633636328125 0.31289758125 0.240891596875 0.290297321875 0.20859974218750002
13 0.36881910156250003 0.27825868125 0.3398338484375 0.2619090859375 0.31609499531249996 0.262929909375 0.2925009265625 0.274791365625 0.27658505624999996 0.308257409375 0.29956812187500004 0.34945133125 0.3431858734375 0.35480691875 0.354196440625 0.349271571875 0.374541559375 0.2917519625 0.36881910156250003 0.27825868125
13 0.342947846875 0.35674548281249996 0.313869346875 0.3531750921875 0.2846976015625 0.36238390625 0.267540065625 0.38192294531250004 0.264445728125 0.40712431093749996 0.2857110734375 0.43826836093750005 0.33380961249999996 0.443190221875 0.371746615625 0.3986534859375 0.3723159109375 0.3819971484375 0.342947846875 0.35674548281249996
13 0.3634672390625 0.49012315937500006 0.3640365359375 0.4734668234375 0.343392021875 0.44928627656250003 0.3264209734375 0.44326690781250006 0.28185111875 0.4456655890625 0.2539210421875 0.46880140625 0.250826703125 0.4940027734375 0.2656555171875 0.5174692421875 0.27790775 0.525860903125 0.3011705515625 0.528717215625 0.32853133125 0.5222377328125 0.3634672390625 0.49012315937500006
13 0.33149071874999997 0.5462146109375 0.311849846875 0.5378996390624999 0.26751801875000003 0.5383597515625 0.2306263640625 0.5623630187499999 0.2370211921875 0.6064396421875 0.26820021875 0.6289619765625 0.3067163484375 0.6277877828125 0.34456010625 0.59603025 0.3482752796875 0.577792384375 0.33149071874999997 0.5462146109375
13 0.43575863750000005 0.6465838734375 0.4370420109375 0.6241118390625 0.4310815296875 0.612557121875 0.4023343 0.5942689624999999 0.3761636484375 0.591055609375 0.3443220796875 0.597968815625 0.32111081874999997 0.61873234375 0.31777845312499997 0.6458722765625 0.344383446875 0.6816075374999999 0.381709446875 0.6901261796875 0.40482746562500005 0.68214185625 0.43575863750000005 0.6465838734375
13 0.3103898140625 0.6459489625 0.2728257890625 0.6393688859375 0.23712426562500002 0.653679321875 0.2187766 0.68291119375 0.25072124218749997 0.7232376640625 0.282231540625 0.73104223125 0.305349559375 0.72305790625 0.3321827515625 0.6968357187499999 0.33565989687500003 0.6805364203125001 0.3103898140625 0.6459489625
13 0.171868190625 0.6682964984375 0.1332588171875 0.68224989375 0.11710492187499999 0.7176545046875 0.14370991718749998 0.7533897671875 0.186851615625 0.762622484375 0.22813081093749998 0.7509646953125 0.23956589374999998 0.717932378125 0.21186401250000003 0.67911074375 0.171868190625 0.6682964984375
13 0.1374500421875 0.6601348953125 0.1290577640625 0.644346009375 0.1411136765625 0.6182771921875 0.11503627031250001 0.6022846375 0.08014207031250001 0.59800016875 0.03500291875 0.6170551843750001 0.030480423437499998 0.653887953125 0.06409125 0.6806444593750001 0.11714662812500001 0.6812554625 0.13106504375 0.6760771546875 0.1374500421875 0.6601348953125
13 0.21743185625 0.6217445078125 0.20565567499999998 0.609475715625 0.1709995 0.6032526781249999 0.1411136765625 0.6182771921875 0.129533815625 0.640468875 0.1507991625 0.6716129234375 0.171868190625 0.6682964984375 0.2123400640625 0.6752336140625 0.22611370000000003 0.65921466875 0.21743185625 0.6217445078125
13 0.26529236875 0.6286049375 0.23835610312500002 0.607587446875 0.22081575781249999 0.6182244140625001 0.21772141875 0.64342578125 0.22902155 0.6595717078125001 0.26386421250000003 0.6402363375 0.316681565625 0.6427859078125 0.3125320484375 0.6285018609375 0.26529236875 0.6286049375
13 0.24124429374999998 0.48790672031250004 0.21021004687499997 0.4762250234375 0.17112462343749998 0.49405555156250003 0.1554467796875 0.5255830296874999 0.174518353125 0.550554340625 0.1994988734375 0.5634605265625 0.217184 0.56366419375 0.26012938124999996 0.5384364374999999 0.263844553125 0.520198571875 0.24124429374999998 0.48790672031250004
13 0.1938401703125 0.35713139374999997 0.1704325890625 0.34343444375 0.1323925125 0.340731503125 0.1025066890625 0.35575601562500003 0.0948383171875 0.3941703109375 0.12310949687499999 0.416335603125 0.1727809734375 0.42046670312499995 0.20314284843750002 0.4015650578125 0.207810125 0.375572928125 0.1938401703125 0.35713139374999997
13 0.2623967359375 0.411792209375 0.2427558625 0.4034772359375 0.21634718749999998 0.40220245 0.174115884375 0.42161450624999997 0.1647297953125 0.449978928125 0.1925249203125 0.4760213578125 0.2249873234375 0.4760716515625 0.2541590671875 0.466862840625 0.279657346875 0.43949285156249995 0.2623967359375 0.411792209375
13 0.23187041874999997 0.2998154546875 0.20150854375 0.31871710000000003 0.1916464 0.3509586546875 0.21848942187499998 0.3847553515625 0.2529075703125 0.39291695 0.2912273796875 0.357282284375 0.291320625 0.34450308125 0.27210426718749997 0.3086911328125 0.23187041874999997 0.2998154546875
13 0.144728159375 0.276325078125 0.152075090625 0.312647434375 0.16966697343749998 0.32563030625 0.195837625 0.32884365781249997 0.2279589265625 0.28359284375 0.21069831562500002 0.2558922015625 0.16951236249999999 0.2547707875 0.144728159375 0.276325078125
13 0.091891146875 0.15373774375 0.0895108875 0.1731234109375 0.10662671718750001 0.189983415625 0.13546719062499998 0.195492371875 0.1663983625 0.15993439062499998 0.1535252953125 0.1445792265625 0.11257736874999999 0.141519246875 0.091891146875 0.15373774375
13 0.235048171875 0.201816 0.22517619843749997 0.174038675 0.207584315625 0.1610558046875 0.190137215625 0.15891356875 0.1659223109375 0.1638115234375 0.1449980625 0.1779685859375 0.13976148906250002 0.22061705312500002 0.1595471453125 0.23977266249999998 0.20025704531250002 0.244771209375 0.2204672125 0.23642984843749998 0.235048171875 0.201816
13 0.138188553125 0.22140781562499998 0.10644022812500001 0.2155418203125 0.07640962343749999 0.21972569687500002 0.05453327031250001 0.2416370265625 0.0594484046875 0.2737252109375 0.0826179609375 0.289360728125 0.11484233749999999 0.291349590625 0.135528559375 0.27913109375 0.1619789421875 0.24400683750000002 0.138188553125 0.22140781562499998
13 0.1874036375 0.3494538140625 0.192453721875 0.33236375156250003 0.16118145 0.32262062343750003 0.1412510140625 0.2926243734375 0.1206580375 0.29206366875 0.08062050625 0.3176484640625 0.0746183203125 0.3424927921875 0.0811996359375 0.36101100937499997 0.09345186875 0.3694026703125 0.10274471562500001 0.35381745 0.1384462390625 0.3395070140625 0.1874036375 0.3494538140625
13 0.15734115625 0.4500556140625 0.11639322968750002 0.44699563124999997 0.0838375828125 0.4597245390625 0.0633476828125 0.5064035125 0.08241925624999999 0.531374821875 0.09381262968750001 0.5347415468750001 0.152538928125 0.525225990625 0.1776543984375 0.4889539296875 0.1779856703125 0.4742361625 0.15734115625 0.4500556140625
13 0.1727809734375 0.42046670312499995 0.117531821875 0.4136829609375 0.1028993265625 0.4246769671875 0.10051906562499999 0.444062634375 0.16024900625 0.450412653125 0.1727809734375 0.42046670312499995
13 0.1383824859375 0.532342865625 0.106158109375 0.5303540015625 0.0820879875 0.5460925921875 0.0797077265625 0.5654782593750001 0.0965855296875 0.5842768296874999 0.12180407499999998 0.5952444484375 0.1476851625 0.5767765265625 0.1864393171875 0.5736637671875 0.19101335 0.560450840625 0.1383824859375 0.532342865625
13 0.16293849062500002 0.5727460234375 0.1395824453125 0.5826689140625 0.122186884375 0.60414651875 0.14292464062500002 0.6155478609375 0.16809164999999998 0.6028956390625 0.20274782500000002 0.6091186765625001 0.20779790937499998 0.5920286140625 0.1922550171875 0.5743778453124999 0.16293849062500002 0.5727460234375