13 0.0739191140625 0 0.0379315796875 0.22115857343749998 0.05667919375 0.22764340624999999 0.07690655468749999 0.21854284218750003 0.102865221875 0.1857415015625 0.120414621875 0.1498505109375 0.1299481546875 0.10214341874999999 0.1273640375 0.05603258437500001 0.118355665625 0.031755021875 0.082613309375 0 0.0739191140625 0
13 0.0420693921875 0.344856575 0.049054842187499996 0.3881490078125 0.07647335937500001 0.452255240625 0.077072465625 0.47344315468750003 0.09196192187499999 0.4793169171875 0.12074832656250001 0.47860297812499997 0.13820388125 0.4620323953125 0.1518951234375 0.42553033281249997 0.15672777031250001 0.37004768593750004 0.13880486875 0.30217215468749997 0.1055991140625 0.23714931250000001 0.0813078875 0.21572444218750003 0.0504985578125 0.2354532515625 0.04021614375 0.2566754515625 0.0420693921875 0.344856575
13 0 0.5628681906249999 0.0015189421875 0.563426265625 0.03579303125 0.5530349796875 0.06886890625 0.5002678687500001 0.075930184375 0.4556847140625 0.041731924999999996 0.37820041249999997 0.034015609375 0.37697826874999996 0.00805694375 0.40977961093750004 0 0.4606491484375 0 0.5628681906249999
13 0.031128178125 0.682369784375 0.06214321406249999 0.692555340625 0.0837564796875 0.687189784375 0.10684949531250001 0.66623883125 0.12672137187500002 0.6219269234375 0.1348130703125 0.5458674390625 0.11471746875 0.49170980000000003 0.07312046250000001 0.492152490625 0.05927944375000001 0.523357575 0.0114638890625 0.5755479015625 0.0178682484375 0.6662076015625 0.031128178125 0.682369784375
13 0.1647057234375 0.42580158125 0.140732065625 0.48352584531250004 0.14747389375 0.5408417078125 0.18305805625 0.62206101875 0.2215457859375 0.6474921484375 0.2392449625 0.6168981359375 0.272582478125 0.618662775 0.2812353671875 0.60772899375 0.2992720109375 0.54379114375 0.294758815625 0.49737477343750003 0.27912047812499996 0.4650161203125 0.25651470781249996 0.4579202140625 0.23330983125000002 0.4296363953125 0.1836969578125 0.418262984375 0.1647057234375 0.42580158125
13 0.22793589218750002 0.3075003625 0.2103864921875 0.343391353125 0.21152877343749998 0.3611497921875 0.23716798906249997 0.4302474671875 0.2589869625 0.454796278125 0.2872301921875 0.45751181250000006 0.30359939687500004 0.44780017812499995 0.32678625625 0.407528815625 0.3381929359375 0.3355098734375 0.329821584375 0.28848243125 0.29532377187500003 0.2004041734375 0.275977053125 0.1727314265625 0.2566862640625 0.1696760671875 0.23567210625 0.1962295328125 0.238256221875 0.24234036718750002 0.22793589218750002 0.3075003625
13 0.11685601718750001 0.15983339375 0.1172674328125 0.21966212187499998 0.1261819609375 0.2632600921875 0.155136159375 0.33639831249999996 0.1703251671875 0.35286603125 0.18892300312500002 0.3540538859375 0.2072212859375 0.3446477859375 0.2249204625 0.3140537734375 0.23716987031249998 0.249199315625 0.2354284828125 0.21025296249999997 0.20726108281250002 0.11966183906250001 0.18707163437500002 0.084824609375 0.1641663125 0.067134746875 0.14819050625000002 0.06811993125 0.13404993437499998 0.0887310609375 0.11685601718750001 0.15983339375
13 0.3076471265625 0.2287222796875 0.3339792953125 0.29968745937499996 0.33933521718750004 0.3532683125 0.3561537515625 0.3594476125 0.39492301875 0.3269175171875 0.41301559374999997 0.28759705156250004 0.4236354765625 0.23303101406249999 0.42189408906250003 0.1940846625 0.41427161874999996 0.173542109375 0.392452646875 0.14899330156249999 0.367374621875 0.14502133281250001 0.34047938125 0.1899786 0.30981982812500003 0.21500438593750001 0.3076471265625 0.2287222796875
13 0.279835209375 0.1733424984375 0.2991819296875 0.20101524531249998 0.3139216078125 0.2015920296875 0.331676715625 0.19561540156249999 0.363123065625 0.1531367109375 0.370427965625 0.094530128125 0.36482842031249996 0.054972703125 0.3519618890625 0.0300840703125 0.3414737671875 0.021391906250000002 0.258990725 0.0926999703125 0.227188890625 0.0999673171875 0.2539144578125 0.162206046875 0.279835209375 0.1733424984375
13 0.38419697343750003 0 0.3551270953125 0.028827637499999996 0.36844295625 0.06960720625 0.3690041484375 0.1347329125 0.40001918437499995 0.14491846875 0.42217562500000005 0.1361234390625 0.45525150156249994 0.083356328125 0.4625564015625 0.02474974375 0.45570083749999996 0 0.38419697343750003 0
13 0.45881010624999996 0.07337344375 0.43221441875 0.1289246671875 0.4221377109375 0.1800612328125 0.4232041640625 0.285695259375 0.4521962765625 0.3148956875 0.47489589218750006 0.30267118593750003 0.49946865625000003 0.2661348328125 0.5137030734375 0.226203296875 0.5218507015625 0.1747611953125 0.5189670328125 0.1180564046875 0.5042093375000001 0.048924440624999996 0.49381506093749994 0.0209118703125 0.47313836875000004 0.0141215015625 0.46448548125 0.025055279687499998 0.45881010624999996 0.07337344375
13 0.4165344015625 0.5026001156250001 0.4353199296875 0.4651471546875 0.47043674687500003 0.461920353125 0.4802139 0.4001898328125 0.4584328421875 0.3317032296875 0.40852041562499997 0.3097358625 0.3613978125 0.36379369375000004 0.3592251125 0.3775115875 0.37862776249999996 0.4298017203125 0.3899206984375 0.4895961578125 0.4165344015625 0.5026001156250001
13 0.33845269375 0.571089778125 0.36787611875000004 0.547625959375 0.37993783593749997 0.5214123171875 0.3848264125 0.49054705624999995 0.37669868281249996 0.4294961828125 0.3602176171875 0.389973046875 0.339784546875 0.369159246875 0.3232276515625 0.41751170000000004 0.2850574921875 0.47122970625000005 0.3046658484375 0.5534342031249999 0.33845269375 0.571089778125
13 0.5090941515625 0.3801554859375 0.5222602359375 0.4156380765625 0.5378426421875 0.42337934375 0.5759748874999999 0.41359913125 0.5909581890625 0.40015248437500006 0.60301990625 0.3739388421875 0.61086798125 0.311902784375 0.5915032453125 0.2156748578125 0.5721565265625 0.1880021125 0.531589940625 0.15696846874999998 0.52540930625 0.1647783125 0.5000677609374999 0.28732274687500003 0.5090941515625 0.3801554859375
13 0.518946684375 0 0.513012003125 0.0432876390625 0.52584061875 0.112114065625 0.5517234578125 0.1671883109375 0.58110896875 0.1876622859375 0.6164694078124999 0.1704120546875 0.6391130921875 0.1335701671875 0.6442452921874999 0.088681478125 0.6358739390625 0.041654034374999996 0.623550584375 0.0133359265625 0.5393508546875 0 0.518946684375 0
13 0 0.92691631875 0.09796911875 0.9407993749999999 0.1222044140625 0.937606859375 0.0877625328125 0.8741459890625001 0.0185033875 0.8245058734375 0 0.8215752249999999 0 0.89516979375 0.0014592484375 0.9009051843749999 0 0.9049987859374999 0 0.92691631875
13 0.11179212187500001 0.841039109375 0.1355401734375 0.86589345625 0.15308957343750002 0.8300024640625001 0.1749464609375 0.8106134796875001 0.2136778125 0.8220211781250001 0.220139984375 0.7562501125 0.19787168125000001 0.7158103687499999 0.17219455156250002 0.6906504859375 0.112393109375 0.68117886875 0.1062124734375 0.6889887124999999 0.102166625 0.72701845625 0.11179212187500001 0.841039109375
13 0.2033394671875 0.8186259937499999 0.1661437953125 0.81625028125 0.13801242656249998 0.8627695187500001 0.12660574687499998 0.9347884593750001 0.198281215625 0.9566872500000001 0.20751519375 0.8983862015625 0.2369386203125 0.8749223828125 0.2033394671875 0.8186259937499999
13 0.3064413875 0.91053906875 0.31809168906249996 0.8244966968749999 0.33757016875 0.7889112421875 0.3360344890625 0.7798792531250001 0.2780502625 0.7214784 0.251043159375 0.7172008953125 0.229186271875 0.73658988125 0.2155509609375 0.7977093296875 0.2218434578125 0.8391342578125001 0.2414897296875 0.877400959375 0.3064413875 0.91053906875
13 0.41016419531250004 0.7300989265625 0.43513035625 0.684836125 0.38272765937500003 0.5974375140625 0.36590912656249996 0.5912582171875 0.3483037953125 0.602531821875 0.322944234375 0.6565210765625 0.3146089140625 0.7466039921875 0.3393494703125 0.7839197999999999 0.40038704062499997 0.7918294484375 0.41016419531250004 0.7300989265625
13 0.3188424546875 0.6699334343750001 0.2797556171875 0.6233143921875001 0.236772709375 0.620022071875 0.22871892656249998 0.652143765625 0.229186271875 0.73658988125 0.25930265 0.714993565625 0.3100578046875 0.744125415625 0.3188424546875 0.6699334343750001
13 0.31554360625 0.915496221875 0.3842415609375 0.900010628125 0.4322249078125 0.9216724609375 0.4422637 0.914473690625 0.4281430265625 0.8225918453125001 0.388119615625 0.788128728125 0.3533961984375 0.782629078125 0.32219346875 0.8110843390625 0.3107867890625 0.88310328125 0.30975637031250003 0.9145796140625 0.31554360625 0.915496221875
13 0.24094655468749998 0.8808304343750001 0.21562490781250002 0.8908818953125 0.2039565890625 0.9083690875 0.202832325 0.9591658265625 0.3140259421875 0.9750194140625 0.3119850015625 0.9254791062500001 0.28422901562499997 0.8947167109375 0.24094655468749998 0.8808304343750001
13 0.47932601249999995 1 0.45265797656249995 0.942486259375 0.41263456718749997 0.90802314375 0.354219028125 0.9022865359375001 0.321181065625 0.9111158515625 0.3125281765625 0.9220496328125 0.32050613125 0.9778035265625 0.47113513124999995 1 0.47932601249999995 1
13 0.5993367468749999 1 0.6000168484375 0.9921918921874999 0.5874318546875 0.9093420343749999 0.5540203921875 0.8144048296875 0.5015797796875 0.7709440140625 0.46878544062499994 0.7657499 0.43342500156249997 0.7830001328125 0.43269413593749995 0.825070421875 0.44587823593750003 0.9291081921875 0.48116284531250003 0.999733546875 0.48269877031249997 1 0.5993367468749999 1
13 0.51645121875 0.7082625953125 0.5322952640625 0.7705356125 0.5695089531249999 0.8414665046875 0.5942115953125 0.9227201046875001 0.6289909437500001 0.9528371390625001 0.6707377265625001 0.957691428125 0.6879496578125 0.955144275 0.7059483890625 0.9351442171875 0.718253728125 0.8949071453125 0.7125982515625 0.8307323359375 0.6805726921875 0.7395301390625 0.6488087734375 0.70285969375 0.6038408546875 0.6746444515625 0.5594720421875 0.667617121875 0.523568428125 0.688296828125 0.51645121875 0.7082625953125
13 0.6737929515625 0.7261520703125 0.6899744640625001 0.7550812484375 0.721606625 0.855009896875 0.749756009375 0.877045840625 0.766424765625 0.8779281609374999 0.7929825390625 0.8663147312499999 0.8131539703125 0.83259678125 0.8223879500000001 0.7742957328125 0.815646121875 0.7169798703125 0.797779153125 0.6737217249999999 0.7651725046875 0.6298867968749999 0.7293068046875 0.6066287078125 0.7059142375 0.6169857046875 0.678625596875 0.6706694234375 0.6737929515625 0.7261520703125
13 0.810645684375 0.6986103578125 0.8226315718749999 0.760272303125 0.8161694 0.8260433703125001 0.8060367609375 0.8525625484375 0.8095015203125 0.8619000734375 0.8465095015624999 0.9029166 0.8982012296875 0.9198925265625 0.9270814812499999 0.8998581812499999 0.9413158984375001 0.85992664375 0.9439199125 0.7935445046875 0.9287688203125001 0.7331389921875 0.9005635046875 0.6864856640625 0.8592101218750001 0.6729049218750001 0.82358804375 0.6356234046875 0.79796684375 0.6350809109375 0.784912621875 0.6488330921875 0.810645684375 0.6986103578125
13 0.7890343 0.5229277609375 0.8199735078125 0.620988903125 0.8707845937500001 0.6747381390625 0.910602296875 0.6792868921874999 0.9503640687500001 0.659218259375 0.9620323875000001 0.6417310671875 0.9688500421875 0.6111713421875 0.970124084375 0.5656715796875 0.9347835437500001 0.4704288390625 0.8803579218750001 0.40204510000000004 0.8282727953125001 0.3937956265625 0.7821806109375 0.416377125 0.7797642875 0.44411845000000005 0.7890343 0.5229277609375
13 0.7884712265625 0.6388502078125 0.8183439828125 0.6312773234375 0.820666459375 0.6228564078125001 0.789877028125 0.53009224375 0.7810942609375 0.423236071875 0.7770863265625 0.41732802187500007 0.7531505843749999 0.4311144921875 0.7461831515624999 0.4563772390625 0.7597227359375001 0.5956263500000001 0.767644759375 0.6267628578125 0.7884712265625 0.6388502078125
13 0.628433515625 0.5256151265625 0.618412740625 0.6013690765625 0.62747704375 0.650264025 0.6603273140625 0.680075525 0.6555145671875 0.6230651968750001 0.6734374671875 0.690940728125 0.6832705531250001 0.6538275921875 0.7083864906249999 0.6138617671875 0.72351956875 0.6057121000000001 0.7579993640625 0.625235178125 0.76418 0.6174253359375 0.748785284375 0.571043253125 0.729438565625 0.5433705062499999 0.6813992859375 0.4970912890625 0.650534025 0.4922027125 0.628433515625 0.5256151265625
13 0.523456565625 0.63906205625 0.51308030625 0.6796046640625 0.5180807453125 0.6979741749999999 0.5297490625 0.680486984375 0.5677315328125 0.66540979375 0.6076990125 0.6752555234375001 0.6606827984375 0.715286865625 0.6663202578125 0.7109064968750001 0.6644850250000001 0.6912805515625 0.6398942453124999 0.659261725 0.5574311015625 0.6180768140625 0.5370539625 0.6218804 0.523456565625 0.63906205625
13 0.4349805796875 0.679539146875 0.51482169375 0.7185510171875 0.51253713125 0.6830341375 0.5209843125 0.64218599375 0.5351248843749999 0.6215748640625 0.5548090703125 0.6159037734374999 0.54441479375 0.5878912015625 0.4944464359375 0.54130645 0.4572507640625 0.5389307375 0.428520290625 0.5642620609375 0.4252612390625 0.5848389 0.4349805796875 0.679539146875
13 0.5921184875 0.486466103125 0.5634818578125 0.49247701875 0.54355405 0.5121715390625 0.5599033546875 0.6149528765625 0.620154128125 0.6403154296875 0.618356809375 0.5767516921875 0.63238551875 0.5069057906250001 0.5921184875 0.486466103125
13 0.7001667968749999 0.39108315 0.6654433796875 0.38558349999999997 0.6471450953125 0.39498960156249996 0.644185596875 0.42616039843750003 0.6549353578125 0.4893843109375 0.683328365625 0.49739682500000004 0.7533363937499999 0.5735218296875 0.7473633468750001 0.43019788437499995 0.7001667968749999 0.39108315
13 0.7547801093750001 0.420826071875 0.761260296875 0.4236101859375 0.826343715625 0.393490090625 0.8751138609375 0.39769901875 0.89663328125 0.411653871875 0.9008848374999999 0.4035384921875 0.8730169890624999 0.323541325 0.82082 0.26605707968750003 0.7789234421875 0.2559058125 0.723335640625 0.28225660937499997 0.7144391296875 0.3072138203125 0.7547801093750001 0.420826071875
13 0.8264953734375 0.21773891562499997 0.766937553125 0.19424386875 0.7304907640625 0.21835304687499998 0.7346105609375 0.27349586875 0.7769943625 0.2556002765625 0.8155759390625 0.2617109984375 0.8850407921875 0.34126547500000004 0.8643460828125 0.26591992656249996 0.8264953734375 0.21773891562499997
13 0.6295397640625 0.40626320624999995 0.6355327078124999 0.437094178125 0.6439419749999999 0.440183828125 0.6471450953125 0.39498960156249996 0.6654433796875 0.38558349999999997 0.7001667968749999 0.39108315 0.744048365625 0.42615733906250003 0.751614903125 0.4220825046875 0.7151320812499999 0.309081325 0.67763685625 0.29611165625 0.651772034375 0.3095925890625 0.6329865078125 0.34704555 0.6295397640625 0.40626320624999995
13 0.517521434375 0.451800315625 0.5279716421875 0.5044302734375 0.54355405 0.5121715390625 0.5615527796875 0.4921714828125 0.5901894078125001 0.4861605671875 0.6343145984375 0.5072113265625 0.6514706 0.48004678749999996 0.64547765625 0.44921581406250005 0.630288646875 0.432748096875 0.602981990625 0.4178766359375 0.557526828125 0.417708253125 0.529189753125 0.43431312499999997 0.517521434375 0.451800315625
13 0.4117576875 0.5827001484375 0.4241748875 0.5916978484375 0.428520290625 0.5642620609375 0.46551025468749996 0.5367234078124999 0.5126508734375 0.55122075625 0.54441479375 0.5878912015625 0.5505954296875 0.580081359375 0.541774746875 0.5171629828125 0.44798075312499996 0.460121425 0.4310683734375 0.47326253593749995 0.41846348125 0.5029056515625 0.4117576875 0.5827001484375
13 0.8451600390625 1 0.8357398421875001 0.9521856609375 0.8015415828125001 0.8747013593749999 0.7910534609375001 0.8660091953125001 0.7646454640625 0.882919603125 0.7201268749999999 0.8705952953124999 0.7122788 0.9326313515625 0.6993743546875 0.9516805140625 0.706355178125 1 0.8451600390625 1