13 0.072265625 0.16493055625 0.0625 0.1197916671875 0.0498046875 0.097222221875 0.0009765625 0.065972221875 0 0.296875 0.01953125 0.30034722187499996 0.0380859375 0.28819444375000003 0.05859375 0.2517361109375 0.0703125 0.21354166718749998 0.072265625 0.16493055625
13 0.140625 0.42534722187499996 0.1123046875 0.3611111109375 0.0693359375 0.3020833328125 0.0419921875 0.28472222187499996 0.0146484375 0.30902777812500004 0.0078125 0.33159722187499996 0.0234375 0.41840277812500004 0.037109375 0.46006944375 0.07421875 0.519097221875 0.078125 0.5399305562500001 0.09375 0.543402778125 0.1220703125 0.5381944437499999 0.13671875 0.519097221875 0.14453125 0.48090277812500004 0.140625 0.42534722187499996
13 0 0.637152778125 0.017578125 0.640625 0.0498046875 0.625 0.07421875 0.5677083328125 0.07421875 0.5225694437499999 0.0283203125 0.4513888890625 0.0205078125 0.4513888890625 0 0.48784722187499996 0 0.637152778125
13 0.146484375 0.6024305562500001 0.1181640625 0.5520833328125 0.0771484375 0.559027778125 0.068359375 0.5920138890625 0.029296875 0.6510416671875 0.0498046875 0.7395833328125 0.0654296875 0.753472221875 0.09765625 0.7586805562500001 0.1181640625 0.75 0.1376953125 0.7256944437499999 0.150390625 0.6788194437499999 0.146484375 0.6024305562500001
13 0.03125 0.6788194437499999 0.0009765625 0.6458333328125 0 0.855902778125 0.005859375 0.855902778125 0.0263671875 0.8368055562500001 0.0390625 0.8107638890625 0.046875 0.7413194437499999 0.03125 0.6788194437499999
13 0.30859375 0.574652778125 0.296875 0.5295138890625 0.2763671875 0.5 0.2529296875 0.49652777812500004 0.2255859375 0.47222222187499996 0.1748046875 0.46875 0.1572265625 0.4791666671875 0.142578125 0.5399305562500001 0.158203125 0.5954861109375 0.2060546875 0.6701388890625 0.248046875 0.6892361109375 0.2607421875 0.65625 0.2939453125 0.652777778125 0.30078125 0.640625 0.30859375 0.574652778125
13 0.298828125 0.3177083328125 0.2509765625 0.23611111093749998 0.2275390625 0.21180555625 0.2080078125 0.21180555625 0.19140625 0.24131944375 0.201171875 0.2864583328125 0.201171875 0.35243055624999997 0.189453125 0.390625 0.193359375 0.4079861109375 0.2294921875 0.47222222187499996 0.2548828125 0.49305555625 0.283203125 0.49131944375 0.2978515625 0.4791666671875 0.314453125 0.4357638890625 0.314453125 0.36284722187499996 0.298828125 0.3177083328125
13 0.193359375 0.2552083328125 0.1513671875 0.17013888906250002 0.1259765625 0.13888888906250002 0.1005859375 0.125 0.0849609375 0.12847222187500001 0.07421875 0.1510416671875 0.068359375 0.22395833281250002 0.078125 0.2829861109375 0.09375 0.32465277812500004 0.1337890625 0.3923611109375 0.1513671875 0.40625 0.169921875 0.4045138890625 0.1865234375 0.3923611109375 0.19921875 0.359375 0.201171875 0.29340277812500004 0.193359375 0.2552083328125
13 0.375 0.21006944375 0.3642578125 0.19097222187500001 0.3388671875 0.17013888906250002 0.3134765625 0.17013888906250002 0.2939453125 0.21875 0.267578125 0.24826388906250002 0.267578125 0.26215277812500004 0.3046875 0.328125 0.318359375 0.3802083328125 0.3359375 0.38368055624999997 0.369140625 0.3454861109375 0.380859375 0.30381944375000003 0.3828125 0.24826388906250002 0.375 0.21006944375
13 0.296875 0.081597221875 0.2802734375 0.059027778125 0.2685546875 0.05208333281250001 0.1982421875 0.1354166671875 0.16796875 0.14756944375 0.2041015625 0.20486111093749998 0.2314453125 0.21180555625 0.2548828125 0.23611111093749998 0.26953125 0.234375 0.2861328125 0.22569444375 0.310546875 0.17881944375 0.30859375 0.1197916671875 0.296875 0.081597221875
13 0.3251953125 0 0.283203125 0.05729166718749999 0.302734375 0.09548611093750001 0.3134765625 0.15972222187500001 0.345703125 0.16493055625 0.3662109375 0.15277777812499999 0.390625 0.09548611093750001 0.388671875 0.0364583328125 0.3720703125 0 0.3251953125 0
13 0.470703125 0.17534722187500001 0.458984375 0.1197916671875 0.43359375 0.053819443749999994 0.4189453125 0.027777778125000003 0.3974609375 0.02430555625 0.390625 0.0364583328125 0.392578125 0.08506944375 0.375 0.14409722187500001 0.373046875 0.19618055625 0.390625 0.30034722187499996 0.423828125 0.32465277812500004 0.4443359375 0.30902777812500004 0.462890625 0.26909722187499996 0.470703125 0.22743055625 0.470703125 0.17534722187500001
13 0.4326171875 0.34027777812500004 0.3798828125 0.3263888890625 0.341796875 0.38715277812500004 0.341796875 0.4010416671875 0.369140625 0.44965277812500004 0.3896484375 0.5069444437499999 0.41796875 0.515625 0.4306640625 0.47569444375 0.46484375 0.4670138890625 0.46484375 0.4045138890625 0.4326171875 0.34027777812500004
13 0.3671875 0.44965277812500004 0.3447265625 0.41319444375 0.3212890625 0.3958333328125 0.3125 0.44618055625 0.283203125 0.5052083328125 0.3154296875 0.5833333328125 0.3515625 0.5954861109375 0.376953125 0.5677083328125 0.384765625 0.5399305562500001 0.384765625 0.5086805562500001 0.3671875 0.44965277812500004
13 0.580078125 0.296875 0.5458984375 0.20486111093749998 0.5224609375 0.18055555625 0.4775390625 0.15625 0.47265625 0.16493055625 0.466796875 0.28993055624999997 0.490234375 0.3802083328125 0.5087890625 0.41319444375 0.525390625 0.41840277812500004 0.5615234375 0.40277777812500004 0.57421875 0.38715277812500004 0.58203125 0.359375 0.580078125 0.296875
13 0.4404296875 0 0.44140625 0.046875 0.46484375 0.112847221875 0.4990234375 0.16319444375 0.53125 0.17881944375 0.5634765625 0.15625 0.580078125 0.11631944375 0.578125 0.07118055625 0.5625 0.0260416671875 0.5458984375 0 0.4404296875 0
13 0.0556640625 0.8958333328125001 0.044921875 0.9149305562500001 0.0703125 0.9739583328125001 0.0654296875 1 0.171875 0.9982638890625 0.1953125 0.9913194437499999 0.1513671875 0.934027778125 0.0751953125 0.8958333328125001 0.0556640625 0.8958333328125001
13 0.263671875 0.796875 0.2353515625 0.7604166671875 0.2060546875 0.7395833328125 0.1455078125 0.7395833328125 0.140625 0.7482638890625 0.142578125 0.7864583328125 0.169921875 0.8975694437499999 0.197265625 0.918402778125 0.208984375 0.8802083328125001 0.2275390625 0.8576388890625 0.267578125 0.862847221875 0.263671875 0.796875
13 0.2197265625 0.8645833328125001 0.19921875 0.9149305562500001 0.19921875 0.987847221875 0.2734375 0.9982638890625 0.2734375 0.9392361109375 0.298828125 0.9114583328125001 0.2568359375 0.8611111109375 0.2197265625 0.8645833328125001
13 0.3154296875 0.753472221875 0.2880859375 0.753472221875 0.26953125 0.7760416671875 0.265625 0.8385416671874999 0.2783203125 0.878472221875 0.3037109375 0.9131944437499999 0.373046875 0.9357638890625 0.37109375 0.8489583328125001 0.384765625 0.8107638890625 0.3818359375 0.8020833328125001 0.3154296875 0.753472221875
13 0.3818359375 0.6111111109375 0.3662109375 0.625 0.349609375 0.6822916671875 0.35546875 0.7725694437499999 0.3857421875 0.8055555562500001 0.447265625 0.8038194437499999 0.447265625 0.7413194437499999 0.46484375 0.6927083328125 0.3994140625 0.6145833328125 0.3818359375 0.6111111109375
13 0.3017578125 0.65625 0.2587890625 0.659722221875 0.255859375 0.6927083328125 0.26953125 0.7760416671875 0.2958984375 0.75 0.3505859375 0.7708333328125 0.34765625 0.6961805562500001 0.3017578125 0.65625
13 0.4794921875 0.8298611109375 0.4345703125 0.8020833328125001 0.3994140625 0.8020833328125001 0.373046875 0.8350694437499999 0.373046875 0.9079861109375 0.376953125 0.9392361109375 0.3828125 0.9392361109375 0.4482421875 0.9131944437499999 0.4990234375 0.9270833328125001 0.5078125 0.918402778125 0.4794921875 0.8298611109375
13 0.2802734375 0.9305555562500001 0.271484375 0.949652778125 0.2783203125 1 0.390625 0.9982638890625 0.380859375 0.949652778125 0.3486328125 0.9236111109375 0.3037109375 0.9166666671874999 0.2802734375 0.9305555562500001
13 0.3876953125 0.934027778125 0.380859375 0.9461805562500001 0.3974609375 1 0.55859375 0.9982638890625 0.5224609375 0.9444444437499999 0.4775390625 0.9166666671874999 0.4189453125 0.9201388890625 0.3876953125 0.934027778125
13 0.5439453125 0.7673611109375 0.5107421875 0.7673611109375 0.478515625 0.7899305562500001 0.484375 0.831597221875 0.513671875 0.9322916671874999 0.5595703125 0.996527778125 0.677734375 0.9982638890625 0.67578125 0.9704861109375 0.650390625 0.890625 0.6025390625 0.8020833328125001 0.5439453125 0.7673611109375
13 0.76171875 0.793402778125 0.7158203125 0.7083333328125 0.6787109375 0.6770833328125 0.6298828125 0.65625 0.5849609375 0.65625 0.552734375 0.6822916671875 0.548828125 0.703125 0.57421875 0.762152778125 0.6220703125 0.8263888890625 0.6591796875 0.902777778125 0.6982421875 0.9270833328125001 0.740234375 0.925347221875 0.7568359375 0.9201388890625 0.771484375 0.8975694437499999 0.77734375 0.855902778125 0.76171875 0.793402778125
13 0.845703125 0.6649305562500001 0.8212890625 0.625 0.7822265625 0.5868055562500001 0.7431640625 0.5694444437499999 0.7216796875 0.5833333328125 0.703125 0.640625 0.70703125 0.6961805562500001 0.7275390625 0.722222221875 0.7744140625 0.815972221875 0.8056640625 0.8333333328125001 0.822265625 0.831597221875 0.8466796875 0.815972221875 0.861328125 0.7795138890625 0.861328125 0.7204861109375 0.845703125 0.6649305562500001
13 0.9599609375 0.6631944437499999 0.9248046875 0.621527778125 0.8818359375 0.6145833328125 0.8408203125 0.5833333328125 0.8154296875 0.5868055562500001 0.8046875 0.6024305562500001 0.837890625 0.6475694437499999 0.859375 0.706597221875 0.86328125 0.7725694437499999 0.857421875 0.800347221875 0.8623046875 0.809027778125 0.9052734375 0.84375 0.958984375 0.8524305562500001 0.984375 0.828125 0.9921875 0.7864583328125 0.984375 0.7204861109375 0.9599609375 0.6631944437499999
13 0.974609375 0.49131944375 0.9248046875 0.40277777812500004 0.8603515625 0.34375 0.8076171875 0.34375 0.765625 0.3732638890625 0.767578125 0.4010416671875 0.7890625 0.47743055625 0.8349609375 0.5694444437499999 0.8935546875 0.6145833328125 0.93359375 0.612847221875 0.9697265625 0.5868055562500001 0.978515625 0.5677083328125 0.98046875 0.5364583328125 0.974609375 0.49131944375
13 0.765625 0.3802083328125 0.7607421875 0.375 0.7392578125 0.3923611109375 0.736328125 0.41840277812500004 0.771484375 0.5538194437499999 0.7841796875 0.5833333328125 0.806640625 0.5920138890625 0.8349609375 0.5798611109375 0.8359375 0.5711805562500001 0.791015625 0.484375 0.765625 0.3802083328125
13 0.7744140625 0.5833333328125 0.779296875 0.574652778125 0.7568359375 0.53125 0.7333984375 0.5069444437499999 0.6787109375 0.46875 0.6474609375 0.46875 0.630859375 0.5052083328125 0.6328125 0.581597221875 0.6494140625 0.628472221875 0.6865234375 0.652777778125 0.6728515625 0.597222221875 0.701171875 0.6614583328125 0.705078125 0.6232638890625 0.7236328125 0.5798611109375 0.7373046875 0.5694444437499999 0.7744140625 0.5833333328125
13 0.6923828125 0.6875 0.697265625 0.6822916671875 0.6923828125 0.6631944437499999 0.6630859375 0.6354166671875 0.5751953125 0.6076388890625 0.5556640625 0.6145833328125 0.544921875 0.6336805562500001 0.541015625 0.675347221875 0.548828125 0.6927083328125 0.5576171875 0.6736111109375 0.5927734375 0.652777778125 0.6337890625 0.65625 0.6923828125 0.6875
13 0.572265625 0.605902778125 0.5576171875 0.5798611109375 0.5009765625 0.5416666671875 0.4638671875 0.5451388890625 0.439453125 0.574652778125 0.439453125 0.5954861109375 0.4638671875 0.6875 0.548828125 0.7135416671875 0.541015625 0.6788194437499999 0.54296875 0.637152778125 0.5537109375 0.6145833328125 0.572265625 0.605902778125
13 0.5615234375 0.4826388890625 0.544921875 0.5052083328125 0.5771484375 0.6041666671875 0.640625 0.6197916671875 0.62890625 0.5572916671875 0.6318359375 0.4861111109375 0.5888671875 0.47222222187499996 0.5615234375 0.4826388890625
13 0.62890625 0.3732638890625 0.630859375 0.4045138890625 0.6513671875 0.46527777812500004 0.6806640625 0.46875 0.76171875 0.5329861109375 0.7333984375 0.3923611109375 0.6806640625 0.3611111109375 0.6455078125 0.3611111109375 0.62890625 0.3732638890625
13 0.880859375 0.3420138890625 0.8408203125 0.2673611109375 0.7802734375 0.21875 0.7373046875 0.215277778125 0.6865234375 0.25 0.681640625 0.2760416671875 0.7392578125 0.38194444375000003 0.74609375 0.38368055624999997 0.8056640625 0.34375 0.8544921875 0.34027777812500004 0.8779296875 0.35069444375000003 0.880859375 0.3420138890625
13 0.68359375 0.18576388906250002 0.6962890625 0.23958333281250002 0.7353515625 0.215277778125 0.7744140625 0.215277778125 0.85546875 0.2829861109375 0.8232421875 0.21180555625 0.7783203125 0.17013888906250002 0.7158203125 0.15625 0.68359375 0.18576388906250002
13 0.7294921875 0.3888888890625 0.736328125 0.38368055624999997 0.6826171875 0.27777777812500004 0.6435546875 0.2708333328125 0.6201171875 0.28819444375000003 0.607421875 0.328125 0.61328125 0.38715277812500004 0.6240234375 0.4166666671875 0.6328125 0.41840277812500004 0.62890625 0.3732638890625 0.6455078125 0.3611111109375 0.6806640625 0.3611111109375 0.7294921875 0.3888888890625
13 0.646484375 0.45659722187499996 0.6357421875 0.4270833328125 0.6181640625 0.41319444375 0.5888671875 0.40277777812500004 0.5439453125 0.40972222187499996 0.5185546875 0.43055555625 0.509765625 0.44965277812500004 0.5283203125 0.5 0.544921875 0.5052083328125 0.5595703125 0.4826388890625 0.5869140625 0.47222222187499996 0.6337890625 0.4861111109375 0.646484375 0.45659722187499996
13 0.5576171875 0.5798611109375 0.5625 0.5711805562500001 0.5439453125 0.5104166671875 0.4423828125 0.46875 0.427734375 0.484375 0.419921875 0.515625 0.42578125 0.5954861109375 0.439453125 0.6024305562500001 0.439453125 0.574652778125 0.4716796875 0.5416666671875 0.5205078125 0.5486111109375 0.5576171875 0.5798611109375
13 0.8447265625 0.815972221875 0.8212890625 0.8368055562500001 0.775390625 0.831597221875 0.77734375 0.894097221875 0.767578125 0.9149305562500001 0.7939453125 1 0.93359375 0.9982638890625 0.931640625 0.9739583328125001 0.90234375 0.894097221875 0.8564453125 0.8229166671874999 0.8447265625 0.815972221875