13 0.3336276984375 1 0.334349371875 0.9932254265625 0.3209318875 0.975563671875 0.2831318125 0.9576490203124999 0.24421295 0.9486231265624999 0.1955840109375 0.9500656984375 0.1512362921875 0.9629562640625 0.12960740625 0.9771950171875 0.1171637890625 1 0.3336276984375 1
13 0.37714909531249996 1 0.4518448640625 0.9810935515624999 0.4924563296875 0.9645484609375 0.5487517000000001 0.9234119140624999 0.5692618 0.91806191875 0.57163561875 0.9022327703125 0.564464446875 0.874344759375 0.5443919203124999 0.8610641609374999 0.50574554375 0.8559350015625 0.4505978046875 0.8637070953125001 0.3884936953125 0.8964393046874999 0.3326070546875 0.9434209546875 0.3171956375 0.971909146875 0.343349390625 0.99749081875 0.3543484828125 1 0.37714909531249996 1
13 0.5522154640625 0.923169703125 0.48441001562499997 0.9739216390625 0.4849549875 0.9817151078125 0.5227550625 0.9996297593750001 0.6716969171875 0.98921473125 0.67393449375 0.9714372156250001 0.65609954375 0.9403791 0.5972443968750001 0.9200209734374999 0.5522154640625 0.923169703125
13 0.78316886875 0.9158303921875 0.7861165046874999 0.8833190171874999 0.776026540625 0.8634666859375001 0.7504177609375 0.8456784828125 0.7027713656250001 0.8362839296875 0.62684104375 0.8455092843750001 0.5785919890625 0.8772726546875 0.5883806234375 0.9177039484374999 0.621899475 0.92417060625 0.6835083281250001 0.95902038125 0.7704037578125 0.9323861703125 0.78316886875 0.9158303921875
13 0.772340003125 0.9351876171875 0.7110821953124999 0.9551343343750001 0.6802882046875001 0.987635021875 0.8899140531249999 0.9739555015624999 0.889505325 0.9681103999999999 0.8690240703125 0.9489846984374999 0.8421602578125 0.9381368859375 0.772340003125 0.9351876171875
13 0.5031280828125 0.8433917187500001 0.5647657765625 0.8537657984375 0.61909605625 0.8343035000000001 0.690229028125 0.7813609875 0.706350503125 0.7381389359375 0.6725591640624999 0.72777554375 0.6667792671874999 0.694895509375 0.6541792421875 0.6889239593750001 0.587822753125 0.6857324796875 0.543611278125 0.7005714125 0.5155998359375 0.7230880546875 0.513770990625 0.7467106718750001 0.49143204375 0.7756832828125 0.4915106015625 0.8265830421875 0.5031280828125 0.8433917187500001
13 0.373635225 0.8083941187500001 0.41255408750000006 0.8174200125000001 0.4296004203125 0.8123122281249999 0.4911595578125 0.7717865484375 0.5101709828125001 0.7450045140625 0.5064635749999999 0.71687429375 0.49331857812499996 0.7031092734375 0.44886346093749996 0.6895757765625 0.376124415625 0.6946621859375 0.3321854265625 0.7133978546875 0.254124928125 0.7668247874999999 0.23151349843750002 0.7919006640624999 0.232875928125 0.8113843375 0.26347598906249997 0.8258866749999999 0.30782370625 0.8129961078125 0.373635225 0.8083941187500001
13 0.25474048437499996 0.9498448640625 0.3129432578125 0.9359854578125001 0.3534184828125 0.917492 0.418168896875 0.872827375 0.43079776562500005 0.8543232296875001 0.42777157499999996 0.8359348453125 0.41449033281250003 0.820221459375 0.3806989953125 0.8098580656250001 0.31475123437499997 0.8125116890624999 0.2771948015625 0.8229694671875001 0.19526180937499998 0.8707935078125001 0.16585909375000002 0.8983021734375001 0.1537751984375 0.9245997875 0.15832890625 0.9399445156249999 0.1815927109375 0.9490861703125001 0.25474048437499996 0.9498448640625
13 0.27894509218749997 0.748447090625 0.34216799062500003 0.706826121875 0.3931707484375 0.6895544015625 0.3954083265625 0.6717768859375 0.3549907875 0.6413189515625 0.31260815937499997 0.63253526875 0.2570516921875 0.6344622609375 0.219495259375 0.6449200390625001 0.20119389375000002 0.6569682140624999 0.18218247031249998 0.6837502484375 0.18395363125 0.7090790234375 0.233808759375 0.72517175625 0.2650900359375 0.7494159296875 0.27894509218749997 0.748447090625
13 0.2312410109375 0.7880039296875 0.2538524421875 0.762928053125 0.2510987359375 0.748436403125 0.241281259375 0.73248080625 0.1928174046875 0.7113960500000001 0.1340696609375 0.7174619859375 0.0967857140625 0.7318165 0.0754293140625 0.7499519875 0.06931924375000001 0.7621266109375 0.157354334375 0.82645479375 0.1715892765625 0.8558067515625 0.22622088593749998 0.8157654921875 0.2312410109375 0.7880039296875
13 0.176509975 0.677294278125 0.16295624687500002 0.65768415625 0.10410109999999999 0.63732603125 0.0453533546875 0.6433919671874999 0.0101418984375 0.6624962937500001 0.013411732812499999 0.709257109375 0.07349306718750001 0.7471505406250001 0.110232040625 0.7250025578125 0.17356233906250002 0.709805653125 0.176509975 0.677294278125
13 0.093573565625 0.63610429375 0.1536837421875 0.6495220296875 0.205776446875 0.647837246875 0.30846317968750003 0.6230356421875001 0.330393396875 0.588217928125 0.31337590625 0.5688500171875 0.2722483078125 0.5531259421875 0.23013816875 0.5482389921874999 0.17818170625000002 0.5518721421875 0.12357894062500001 0.56743770625 0.0595385828125 0.5973684703125001 0.0345821765625 0.6137978000000001 0.0326170875 0.63547205 0.0452171109375 0.6414436 0.093573565625 0.63610429375
13 0.5213091484375 0.58074148125 0.48059028125000003 0.5708625078125 0.4695466171875 0.53737160625 0.40719886406250005 0.5417313859374999 0.345367240625 0.5783603296875001 0.33519074843749996 0.6319350874999999 0.3984633609375 0.665689575 0.41231841718749995 0.664720734375 0.458903709375 0.634052653125 0.5146252640625 0.60959833125 0.5213091484375 0.58074148125
13 0.6056079875 0.6414151390625 0.5761267140624999 0.61802404375 0.5478716312499999 0.6121682546875 0.5166977546875 0.6143481453125 0.459039953125 0.6360010203125 0.424237225 0.6609504484375 0.40855332187500004 0.68554190625 0.459390996875 0.6907975140625 0.52031863125 0.715905453125 0.5960053109375 0.67830766875 0.6056079875 0.6414151390625
13 0.3811813546875 0.51809808125 0.412792803125 0.497287596875 0.41683038437500003 0.48036315937499996 0.3987229484375 0.44540830937500003 0.3822504296875 0.43383386718750006 0.3539953453125 0.42797807812500005 0.291783834375 0.43428622499999997 0.202378340625 0.47480121718749996 0.1797669109375 0.49987709375 0.158654153125 0.5463850109374999 0.167654171875 0.5506504046875 0.2927584078125 0.5477759468750001 0.3811813546875 0.51809808125
13 0 0.5174603796875 0.0053733890625 0.5943034390624999 0.052066082812500004 0.5900594203125 0.11624268281250001 0.5620770234375 0.16408300625 0.5244685515625 0.177421934375 0.49123054687499995 0.15265945625 0.46065685156249997 0.111668103125 0.44688114375000004 0.06677541406250001 0.451978240625 0.0228364265625 0.470713909375 0 0.4876227796875 0 0.5174603796875
13 1 0.779734103125 0.957289903125 0.8175073125000001 0.9245019796875 0.8961579468749999 0.9258644109375 0.9156416203125 0.9456644515624999 0.925025484375 1 0.89701105625 1 0.779734103125
13 0.9196260703125001 0.801541028125 0.938501253125 0.7728106265625 0.8995823875 0.7637847328125 0.8757736125 0.7468496078125 0.8781762750000001 0.7065447640625 0.81263724375 0.7150434890625 0.778243246875 0.74583801875 0.7595043078125 0.7765167875000001 0.7637278453125 0.8369161734375 0.7727278640625 0.8411815671875 0.810693025 0.836568890625 0.9196260703125001 0.801541028125
13 1 0.6921523359374999 0.9539703546875 0.6953710421875 0.92448908125 0.6719799484375 0.8771937296875001 0.7173818890625 0.8832461125 0.7541586578125 0.9349012453125001 0.7711044703125001 1 0.7665523203125 1 0.6921523359374999
13 0.9435581921875 0.596246521875 0.8571003328125 0.6042501375 0.818045228125 0.5932758765624999 0.8095901812499999 0.596803953125 0.76572975 0.6664393796875 0.7676371546875 0.693716521875 0.79144593125 0.7106516468749999 0.8540661703125 0.7101886015625001 0.8930138765625 0.6947388 0.9258803562500001 0.666987925 0.9435581921875 0.596246521875
13 0.744410165625 0.5357723234375 0.69469128125 0.5216279578125 0.621320734375 0.5923479859375 0.6190831578125 0.6101255015625 0.634028159375 0.6247436000000001 0.6923383328125 0.6373082578125 0.7819874687499999 0.6251656953125 0.8127814609374999 0.5926650078125 0.80675791875 0.53141254375 0.744410165625 0.5357723234375
13 0.7063296328125 0.638287784375 0.669698059375 0.6868598312499999 0.6761591703125001 0.7294817015625 0.70926929375 0.7301032562499999 0.79144593125 0.7106516468749999 0.7636284171875001 0.6861652625 0.7805961953125 0.63015771875 0.7063296328125 0.638287784375
13 0.9463407406250001 0.5862624750000001 0.9157983656249999 0.5228087453125 0.9261111015625 0.47118235625000005 0.916838596875 0.463020228125 0.8304881390625001 0.49744790781250003 0.8059116171875 0.5441980359375 0.8083639937499999 0.579268646875 0.8431090343750001 0.6032706109375 0.9158480796875 0.5981842015625001 0.9467494703125 0.5921075765625 0.9463407406250001 0.5862624750000001
13 1 0.5756368640625 0.9568682765625001 0.5874842124999999 0.93313805625 0.621448846875 0.9293441203125001 0.6667457140625 0.9448340953125 0.6891572828125 0.9644978906249999 0.6965927796875 1 0.6892199 1 0.5756368640625
13 1 0.49392619218749995 0.99296285 0.40679185 0.941795003125 0.4465908984375 0.917218484375 0.49334102656249995 0.9247695406249999 0.551549834375 0.9408044875 0.5817548718750001 0.9534045125 0.587726421875 1 0.5697062453124999 1 0.49392619218749995
13 0.9846520203125 0.2879414453125 0.9570781500000001 0.29182749218750004 0.8791827375000001 0.322727096875 0.7941947093749999 0.37663845 0.7636443625 0.4375115671875 0.7659604953125 0.4706338109375 0.790722975 0.50120750625 0.8318794125 0.4924558859375 0.9302849249999999 0.45620628593749996 0.9911628468749999 0.40593877031250003 0.9846520203125 0.2879414453125
13 0.6992241203125 0.437121534375 0.7563369484375 0.4076751890625 0.8170786281250001 0.35545930625 0.8906928187500001 0.313111709375 0.912214303125 0.27244889375 0.9075531953124999 0.23068010156250002 0.9011994828125 0.2144822953125 0.8776631921875 0.2014439046875 0.8356892953124999 0.198505321875 0.7744314859375 0.21845204062499998 0.6927709796875 0.270172815625 0.664185721875 0.30937168437499996 0.646809215625 0.3595341265625 0.6499428078125 0.4043465734375 0.6781690499999999 0.43467805937500004 0.6992241203125 0.437121534375
13 0.6812609000000001 0.27978820312499997 0.7058085765625 0.257513771875 0.796060371875 0.2042132890625 0.811199303125 0.1718283625 0.8083093546875 0.1553883453125 0.7910193765625 0.1321236984375 0.75362803125 0.1200541484375 0.6947440421875 0.12417171874999999 0.6404137624999999 0.1436340171875 0.6022835140625 0.170774021875 0.566906971875 0.21240567812500002 0.5523130125 0.2525840734375 0.56766674375 0.2730472734375 0.6261131609375 0.2875602984375 0.6812609000000001 0.27978820312499997
13 0.69366165 0 0.6861607265624999 0.0014245796874999999 0.6307116578125 0.0297756359375 0.591598865625 0.067752765625 0.587668684375 0.111101265625 0.5593559140625 0.15419686875 0.5645908390625001 0.179283434375 0.580927115625 0.188909509375 0.6236399140625 0.15263853593750001 0.681025228125 0.127088925 0.746564259375 0.1185902015625 0.7746831015625 0.1224976234375 0.7830019046875 0.1170211796875 0.814642196875 0.07173500000000001 0.8195549218749999 0.017549375 0.8002351093750001 0 0.69366165 0
13 0.457321553125 0.21321600625 0.5459095875 0.1610108109375 0.5868512265625 0.09941106250000001 0.5823263609375 0.05959063906249999 0.5538276343749999 0.025362418749999997 0.5341638359374999 0.0179269203125 0.5028537156249999 0.01815844375 0.4582335125 0.027152274999999997 0.3733817296875 0.0830119953125 0.3189937625 0.15142568437499998 0.3226723265625 0.20403160156250003 0.35504354843749997 0.24386271406249999 0.38261741875 0.23997666562500003 0.457321553125 0.21321600625
13 0.5703995796875 0.18768777187500002 0.5563008796875 0.16028418125 0.5475733484374999 0.159915521875 0.4641128375 0.21078321875 0.3619710765625 0.24337829375000003 0.3571160375 0.24861252656250002 0.3759335328125 0.2688335171875 0.402116128125 0.2699394921875 0.5347505499999999 0.2254226921875 0.5633069640625 0.2106995203125 0.5703995796875 0.18768777187500002
13 0.49606735625000004 0.3690960765625 0.5721339234375 0.361819090625 0.617736671875 0.34198813281249996 0.6393944015625 0.303273684375 0.584927878125 0.320787615625 0.6470319875 0.28805540625 0.6086580968749999 0.28682298125 0.5640667374999999 0.27134111562499996 0.5527217421875 0.258429175 0.5639881796874999 0.22044135625 0.5549881625 0.2161759640625 0.5132579078124999 0.2416098125 0.49064647499999997 0.2666856890625 0.45635987812499995 0.3239042828125 0.45853976875 0.355078159375 0.49606735625000004 0.3690960765625
13 0.630221325 0.44586246875 0.6720589796875001 0.4468526828125 0.6888328265625 0.4378481640625 0.6691690312499999 0.430412665625 0.645934071875 0.39679531562500003 0.6465367296875 0.3556373921875 0.6736233125 0.29500648281249997 0.668087059375 0.2904988796875 0.6493769640625 0.29670195312500003 0.6237104984374999 0.32786514218749996 0.6021313265625 0.41747934999999997 0.610421284375 0.43647860312500003 0.630221325 0.44586246875
13 0.68956375625 0.52296545625 0.7096154125 0.4363949046875 0.67552274375 0.44661047343750004 0.6338213328125 0.447568625 0.610557528125 0.4384269703125 0.600603809375 0.42052300625 0.5756474015624999 0.4369523359375 0.5414970484375 0.496119296875 0.54754943125 0.5328960656249999 0.5786944640625 0.555191871875 0.5994770484374999 0.5537386109375 0.68956375625 0.52296545625
13 0.46609082500000004 0.41328696875000004 0.47838952187499995 0.43983747968750003 0.5020620546875 0.4548242375 0.59853131875 0.41577319218750003 0.60969035625 0.3513613109375 0.5481600624999999 0.36741129375 0.47694853281249994 0.3694540484375 0.46609082500000004 0.41328696875000004
13 0.34884695 0.329464425 0.351299325 0.36453503593750003 0.3645805671875 0.3802484234375 0.39561820000000003 0.376120165625 0.45480351875 0.351423634375 0.45622363593750004 0.321955915625 0.51464918125 0.2366177890625 0.3763422625 0.27467861875 0.34884695 0.329464425
13 0.3655422390625 0.269560146875 0.366797271875 0.26261975625 0.3228085703125 0.20597996875 0.315938728125 0.157512996875 0.32469510156250003 0.133405959375 0.315831328125 0.1310889328125 0.24415338437499998 0.1762379765625 0.1998842234375 0.24002830312499998 0.199417809375 0.28313459375 0.23759777031249998 0.3313700421875 0.263916609375 0.3344243859375 0.3655422390625 0.269560146875
13 0.1515277703125 0.245367609375 0.14203249375 0.308684203125 0.1737225 0.33877347812499997 0.2265252625 0.32235483593750003 0.1995540515625 0.28508296093749996 0.1968291890625 0.2461156140625 0.25871849999999996 0.16053527812499999 0.1899593484375 0.1976486421875 0.1515277703125 0.245367609375
13 0.3795255671875 0.394866521875 0.408218225 0.3820917171875 0.4093370125 0.37320295937500003 0.3645805671875 0.3802484234375 0.351299325 0.36453503593750003 0.34884695 0.329464425 0.373150984375 0.2788175625 0.3674784875 0.2723615921875 0.26558036875 0.333329096875 0.261377703125 0.37278086250000003 0.28033144062500004 0.39495022031250004 0.3210503078125 0.40482919375000004 0.3795255671875 0.394866521875
13 0.44909420625 0.4937702078125 0.49802447499999997 0.471748675 0.5020620546875 0.4548242375 0.478525765625 0.4417858484375 0.46622706875000003 0.41523533593749995 0.476812290625 0.36750568125 0.44648471562500003 0.356900078125 0.41779205781249995 0.3696748828125 0.4051631890625 0.388179028125 0.3968155453125 0.4181311671875 0.4068766640625 0.4624591953125 0.429430409375 0.48633471093749997 0.44909420625 0.4937702078125
13 0.60043075 0.5673771828125 0.6064045765625 0.5532541921874999 0.5786944640625 0.555191871875 0.54354069375 0.52534480625 0.5470621437500001 0.476151203125 0.5756474015624999 0.4369523359375 0.5666473843750001 0.43268694218750003 0.5073258234375 0.45543510625000005 0.4728452953125 0.559656725 0.48945405624999994 0.573179534375 0.52117290625 0.5787931140625 0.60043075 0.5673771828125
13 0.966804171875 0.032705331250000004 0.942694065625 0.036349167187499996 0.8650711390625 0.07114550625 0.797265690625 0.12189744218750001 0.7911556203125001 0.13407206562500001 0.8135731234374999 0.1559992140625 0.8115791890624999 0.202149159375 0.8737906984375 0.1958410125 0.8952545000000001 0.20412958906249998 0.9782774359375 0.1718924859375 0.966804171875 0.032705331250000004