13 0.2080078125 0.36845798125 0.1826171875 0.353951759375 0.1669921875 0.359754246875 0.1425781234375 0.3902173078125 0.12890625 0.44534094375000005 0.1347656234375 0.491760846875 0.1474609375 0.5106189328124999 0.16796875 0.517872040625 0.1816406234375 0.506267065625 0.1972656234375 0.44534094375000005 0.2265625 0.40472352968749997 0.2080078125 0.36845798125
13 0.2753906234375 0.43953845625000004 0.2529296875 0.40617415 0.2236328125 0.40907539374999996 0.19921875 0.4424396984375 0.1855468765625 0.485958359375 0.1875 0.5439832375 0.2265625 0.5555882140625 0.2333984375 0.5367301265625 0.2490234375 0.5367301265625 0.2734375 0.5033658234375 0.2753906234375 0.43953845625000004
13 0.1542968765625 0.2712663078125 0.1416015625 0.25240822343749997 0.1025390625 0.24370449062500002 0.08007812343750001 0.2712663078125 0.07226562343750001 0.33799491718749997 0.078125 0.36410611406250004 0.08984375 0.3757110890625 0.1064453125 0.3249393203125 0.1279296875 0.30172936875 0.1542968765625 0.2915750140625 0.1542968765625 0.2712663078125
13 0.1591796875 0.2988281265625 0.1416015625 0.29592688125 0.1181640625 0.31043310156250004 0.09375 0.35830362656250003 0.09375 0.4221309921875 0.1044921875 0.440989078125 0.125 0.45114343281249997 0.14453125 0.3902173078125 0.18359375 0.34669865 0.17578125 0.314784965625 0.1591796875 0.2988281265625
13 0.40234375 0.5033658234375 0.3837890625 0.478705246875 0.3662109375 0.4700015171875 0.3427734375 0.47290276249999996 0.3173828125 0.4961127140625 0.2949218765625 0.5729956765625001 0.2949218765625 0.6165143343749999 0.3046875 0.64262553125 0.3232421875 0.6643848593749999 0.34765625 0.6658354828124999 0.35546875 0.6600329953124999 0.37109375 0.5933043828125 0.41015625 0.54688448125 0.40234375 0.5033658234375
13 0.4765625 0.6252180671875001 0.4667968765625 0.596205628125 0.4560546875 0.5802487859375 0.4169921875 0.557038834375 0.3955078125 0.5628413234375 0.375 0.5875018953125 0.36328125 0.6165143343749999 0.35546875 0.6658354828124999 0.3613281234375 0.7528728015625 0.3837890625 0.7804346171875001 0.4121093765625 0.7789839953125 0.4287109375 0.768829640625 0.4550781234375 0.7267616046875001 0.4765625 0.6629342375 0.4765625 0.6252180671875001
13 0.5878906234375 0.741267825 0.578125 0.694847921875 0.5400390625 0.649878640625 0.5263671875 0.644076153125 0.4990234375 0.649878640625 0.4785156234375 0.677440459375 0.4628906234375 0.72966285 0.4589843765625 0.7760827531250001 0.4707031234375 0.7905889703125 0.4589843765625 0.8108976796875 0.4667968765625 0.8573175828125 0.4931640625 0.8848793984375 0.515625 0.886330021875 0.5380859375 0.8761756671875001 0.5527343765625 0.8573175828125 0.5859375 0.7702802640625 0.5878906234375 0.741267825
13 0.6953125 0.83991011875 0.6816406234375 0.8050951921875 0.6611328125 0.7775333734375 0.6298828125 0.7601259109375 0.6044921875 0.7630271546875 0.5839843765625 0.7818852406250001 0.5683593765625 0.8225026546875001 0.5605468765625 0.8718238015625 0.55859375 0.95305863125 0.5644531234375 0.979169828125 0.5771484375 0.9980279124999999 0.640625 0.9965772906250001 0.6621093765625 0.9733673390625001 0.6855468765625 0.9269474375 0.6953125 0.8892312640625001 0.6953125 0.83991011875
13 0.1699218765625 0.895033753125 0.171875 0.8805275343750001 0.16015625 0.874725046875 0.1816406234375 0.8573175828125 0.1816406234375 0.83991011875 0.1650390625 0.8036445671875001 0.1474609375 0.78913835 0.1123046875 0.7920395921875001 0.0849609375 0.8094470578124999 0.05078125 0.8573175828125 0.03125 0.9095399734375 0.0292968765625 0.9501573890625 0.0439453125 0.9806204484375 0.06445312343750001 0.9878735578125 0.1044921875 0.9342005468749999 0.1416015625 0.9109905953125 0.1572265625 0.9109905953125 0.1699218765625 0.895033753125
13 0.8105468765625 0.709354140625 0.8105468765625 0.6803417015625 0.80078125 0.645526775 0.7802734375 0.61796495625 0.7470703125 0.5947550046875001 0.7060546875 0.60635998125 0.6875 0.63682304375 0.671875 0.7006504109375 0.6699218765625 0.75577404375 0.6894531234375 0.7702802640625 0.6894531234375 0.7789839953125 0.6777343765625 0.787687728125 0.6796875 0.796391459375 0.7021484375 0.8297557640625 0.72265625 0.83410763125 0.7568359375 0.7949408375 0.7724609375 0.7949408375 0.80078125 0.74997155625 0.8105468765625 0.709354140625
13 0.7011718765625 0.53818075 0.6494140625 0.4758040046875 0.6201171875 0.478705246875 0.59375 0.5091683109375 0.5683593765625 0.6078106046875 0.56640625 0.6600329953124999 0.5722656234375 0.677440459375 0.5947265625 0.7050022765625 0.6171875 0.709354140625 0.6318359375 0.70790351875 0.6611328125 0.6846935671875001 0.703125 0.596205628125 0.7011718765625 0.53818075
13 0.5546875 0.42793348125 0.5380859375 0.40617415 0.5068359375 0.3916679328125 0.4755859375 0.40617415 0.453125 0.47145213906250005 0.4589843765625 0.5758969203125 0.4814453125 0.6150637140625 0.49609375 0.6194155796875 0.5224609375 0.60635998125 0.54296875 0.5787981656250001 0.5644531234375 0.491760846875 0.5546875 0.42793348125
13 0.48828125 0.35540238125 0.4716796875 0.333643053125 0.4443359375 0.3191368328125 0.4208984375 0.32203807812499996 0.4042968765625 0.3437974046875 0.3886718765625 0.387316065625 0.3828125 0.42793348125 0.390625 0.48305711406249996 0.4111328125 0.5077176890625 0.4277343765625 0.506267065625 0.44921875 0.4946620890625 0.4628906234375 0.42793348125 0.4921875 0.393118553125 0.48828125 0.35540238125
13 0.6494140625 0.255309465625 0.6103515625 0.229198271875 0.5908203125 0.229198271875 0.5712890625 0.24370449062500002 0.5546875 0.2799700390625 0.55078125 0.36700735624999997 0.5566406234375 0.401822284375 0.5712890625 0.42938410156250006 0.6035156234375 0.43373596875000003 0.6503906234375 0.3786123328125 0.6640625 0.33219242968749996 0.6640625 0.2915750140625 0.6494140625 0.255309465625
13 0.7558593765625 0.500464578125 0.7792968765625 0.42503223593749995 0.7792968765625 0.3757110890625 0.7568359375 0.32203807812499996 0.7314453125 0.3046306109375 0.7099609375 0.3046306109375 0.6738281234375 0.3437974046875 0.6640625 0.3786123328125 0.6621093765625 0.44534094375000005 0.66796875 0.47145213906250005 0.7041015625 0.5309276406250001 0.72265625 0.5323782625 0.7236328125 0.5077176890625 0.7314453125 0.52512515 0.7392578125 0.52512515 0.7558593765625 0.500464578125
13 0.8984375 0.506267065625 0.8964843765625 0.480155871875 0.8828125 0.4424396984375 0.8486328125 0.40617415 0.8291015625 0.3974704171875 0.8095703125 0.4003716625 0.78125 0.43083472343749996 0.765625 0.480155871875 0.7597656234375 0.5410819921875001 0.76171875 0.5933043828125 0.8017578125 0.635372421875 0.8183593765625 0.6339217984375 0.8447265625 0.623767446875 0.8808593765625 0.5787981656250001 0.89453125 0.5410819921875001 0.8984375 0.506267065625
13 0.56640625 0.21324142968749998 0.5380859375 0.18567961093750002 0.5166015625 0.18567961093750002 0.4931640625 0.2001858296875 0.4746093765625 0.2538588453125 0.4785156234375 0.335093675 0.4990234375 0.3713592234375 0.51953125 0.3728098453125 0.546875 0.35830362656250003 0.5527343765625 0.2857725265625 0.5722656234375 0.24225386875 0.56640625 0.21324142968749998
13 0.8574218765625 0.20163645312499998 0.8349609375 0.17117339375 0.8056640625 0.15376592656250002 0.7724609375 0.17117339375 0.7597656234375 0.19003147812500001 0.7480468765625 0.23645138124999998 0.7480468765625 0.2799700390625 0.7578125 0.32058745312500003 0.7763671875 0.353951759375 0.7988281234375 0.36120486875 0.8388671875 0.333643053125 0.8652343765625 0.26546382031250004 0.8652343765625 0.2277476484375 0.8574218765625 0.20163645312499998
13 0.9863281234375 0.34959989375 0.98046875 0.294476259375 0.9462890625 0.24370449062500002 0.9228515625 0.229198271875 0.8857421875 0.24370449062500002 0.8652343765625 0.27706879687499997 0.85546875 0.3234886984375 0.85546875 0.3757110890625 0.8613281234375 0.396019796875 0.8896484375 0.452594053125 0.90234375 0.454044675 0.9394531234375 0.43083472343749996 0.9189453125 0.4148778828125 0.9619140625 0.4148778828125 0.9863281234375 0.34959989375
13 0.7519531234375 0.1668215265625 0.7441406234375 0.1291053546875 0.7275390625 0.11024726874999999 0.6806640625 0.1015435390625 0.6689453125 0.10734602499999998 0.6503906234375 0.143611575 0.6464843765625 0.2190439171875 0.6708984375 0.29012439375 0.7011718765625 0.294476259375 0.7158203125 0.29012439375 0.7363281234375 0.2509576 0.7519531234375 0.1929327203125 0.7519531234375 0.1668215265625
13 0.6308593765625 0.20743894218749998 0.6386718765625 0.178426503125 0.640625 0.1145991359375 0.6328125 0.091389184375 0.6103515625 0.0667286109375 0.5673828125 0.072531096875 0.5527343765625 0.091389184375 0.5449218765625 0.117500378125 0.5546875 0.19003147812500001 0.5839843765625 0.2277476484375 0.6201171875 0.2262970265625 0.62109375 0.20743894218749998 0.6259765625 0.2146920515625 0.6308593765625 0.20743894218749998
13 0.3076171875 0.275618175 0.2792968765625 0.308982478125 0.26953125 0.3437974046875 0.2675781234375 0.396019796875 0.2734375 0.42503223593749995 0.28125 0.42793348125 0.359375 0.35540238125 0.36328125 0.314784965625 0.3388671875 0.2785194171875 0.3076171875 0.275618175
13 0.2890625 0.2393526234375 0.2607421875 0.21179080625000002 0.2275390625 0.217593296875 0.2089843765625 0.2509576 0.203125 0.2799700390625 0.2011718765625 0.3176862109375 0.2109375 0.36700735624999997 0.2275390625 0.38586544218749996 0.2441406234375 0.3844148203125 0.265625 0.36410611406250004 0.27734375 0.3118837234375 0.296875 0.2799700390625 0.2890625 0.2393526234375
13 0.4228515625 0.156667171875 0.4033203125 0.145062196875 0.3857421875 0.145062196875 0.3652343765625 0.1668215265625 0.3457031234375 0.2335501359375 0.3515625 0.288673771875 0.3681640625 0.31043310156250004 0.3828125 0.308982478125 0.4169921875 0.275618175 0.4433593765625 0.2219451609375 0.4394531234375 0.1813277453125 0.4228515625 0.156667171875
13 0.4794921875 0.0174074640625 0.4443359375 0.02611119375 0.42578125 0.0681792328125 0.421875 0.0942904265625 0.42578125 0.1552165515625 0.4404296875 0.17697587812499999 0.4589843765625 0.178426503125 0.4990234375 0.136358465625 0.5136718765625 0.10589540312500001 0.5097656234375 0.0594755 0.4794921875 0.0174074640625
13 0.3681640625 0 0.3535156234375 0.04496928125 0.359375 0.12040162343750001 0.3740234375 0.1421609515625 0.4082031234375 0.1407103296875 0.41796875 0.12040162343750001 0.4355468765625 0.027561817187499997 0.4189453125 0.0029012421875 0.3681640625 0
13 0.3447265625 0.118951 0.3212890625 0.1131485140625 0.2949218765625 0.1465128171875 0.2890625 0.2335501359375 0.3017578125 0.26981568437500003 0.3339843765625 0.2712663078125 0.34375 0.2567600875 0.3496093765625 0.20453769687499998 0.37109375 0.15231530625 0.3447265625 0.118951
13 0.3076171875 0.072531096875 0.2685546875 0.0638273671875 0.2441406234375 0.097191671875 0.23828125 0.15811779374999999 0.2548828125 0.2059883203125 0.28515625 0.21324142968749998 0.2910156234375 0.15811779374999999 0.3222656234375 0.1087966484375 0.3222656234375 0.097191671875 0.3076171875 0.072531096875
13 0.2402343765625 0.184228990625 0.2216796875 0.1682721484375 0.1826171875 0.1740746359375 0.1699218765625 0.195833965625 0.1621093765625 0.23064889375000003 0.1621093765625 0.2741675515625 0.1699218765625 0.303179990625 0.1972656234375 0.3263899421875 0.2109375 0.2451551109375 0.2236328125 0.2204945390625 0.2441406234375 0.20743894218749998 0.2402343765625 0.184228990625
13 0.2089843765625 0.1465128171875 0.1962890625 0.1334572203125 0.1552734375 0.130555975 0.1386718765625 0.1465128171875 0.1308593765625 0.16972276875 0.1347656234375 0.23645138124999998 0.1455078125 0.255309465625 0.16015625 0.25966133281250003 0.1640625 0.216142671875 0.1777343765625 0.178426503125 0.2109375 0.16101903906249998 0.2089843765625 0.1465128171875
13 0.3193359375 0 0.3125 0.0246605734375 0.3144531234375 0.071080475 0.3291015625 0.0957410484375 0.34375 0.097191671875 0.3535156234375 0.08848793906249999 0.3535156234375 0.0420680359375 0.3652343765625 0.001450621875 0.3193359375 0
13 0.2470703125 0.0232099515625 0.2197265625 0.0348149265625 0.20703125 0.056574257812499994 0.2011718765625 0.085586696875 0.2050781234375 0.13490784218750002 0.2216796875 0.156667171875 0.234375 0.1552165515625 0.2480468765625 0.085586696875 0.2792968765625 0.0594755 0.2724609375 0.037716170312500005 0.2470703125 0.0232099515625