13 0.5716753734375 0.84533924375 0.5752571453125 0.8238835015625 0.5614543796875 0.8124345171874999 0.4987406109375 0.80762660625 0.4536529171875 0.7858279546875 0.4211603109375 0.8103982015625 0.4112835078125 0.837922065625 0.41971109531249995 0.8523020953125 0.4539508109375 0.8710554 0.510611090625 0.874947446875 0.5553083015625 0.861116359375 0.5716753734375 0.84533924375
13 0.602225628125 0.759630578125 0.5824669890624999 0.756173165625 0.5797537359375 0.7407855453125001 0.5426568546875 0.7225360375000001 0.4794600125 0.7316960921875 0.45050288437499997 0.759609446875 0.4584474015625 0.787957440625 0.49554428437500003 0.8062069484375 0.5407758953124999 0.8121141796875 0.5975800890625 0.8001148140625001 0.602225628125 0.759630578125
13 0.4488222015625 0.9255075984375001 0.3959389390625 0.917974675 0.3693508765625 0.9008470624999999 0.354772175 0.8766437359375001 0.3347720046875 0.8801703046875 0.318404934375 0.8959474203125 0.31661656250000003 0.9359278609375 0.3476599546875 0.9532615078125 0.41473143281249997 0.9493680171875001 0.439428471875 0.939063496875 0.4488222015625 0.9255075984375001
13 0.517003740625 0.8777867609375001 0.45361165468750003 0.8691319453125 0.4039710109375 0.838219828125 0.37389879375 0.8514553921875001 0.36106720625 0.8705756156250001 0.3612624453125 0.8883904843750001 0.3796181640625 0.9089529375 0.43100088437500006 0.9246834671874999 0.49385857031249997 0.9135999609375001 0.510564796875 0.8997462984375 0.517003740625 0.8777867609375001
13 0.6503556625 0.6817300234375 0.6743743890625 0.6675786 0.6925811562499999 0.6455273328125 0.689770284375 0.6212322765625 0.6826993234375001 0.6145460578125 0.614271215625 0.6107457390625 0.5617734046875 0.5803374171875 0.5202725187499999 0.5955881625 0.4992085796875 0.6181432265625 0.4936894890625 0.6369656875 0.5006165359375 0.6595433234375 0.5278829125 0.6805178421875 0.60749815 0.6892869593750001 0.6503556625 0.6817300234375
13 0.63848518125 0.6144091828125 0.6884136578125 0.613538465625 0.7731112140625 0.5926542375 0.796354003125 0.565748471875 0.7900076484375 0.5381103046875 0.7771247296875 0.5235242437500001 0.7311171890625 0.5048626734375 0.6645287796875 0.4947881984375 0.627385603125 0.5013375421874999 0.6005097109374999 0.5159927609375 0.58666065 0.5293426296875 0.5705864421875 0.5718420484375 0.5800315 0.591992434375 0.6078785671875 0.607906425 0.63848518125 0.6144091828125
13 0.73261773125 0.49666506562499996 0.7790107234375 0.49245123749999997 0.7912616203125 0.4783915453125 0.8132967343749999 0.48640568906250004 0.8576547874999999 0.470651146875 0.8802192640625 0.43989847812500005 0.8777475484374999 0.41752687499999996 0.8638471593749999 0.3971704546875 0.842731896875 0.3860192296875 0.751251209375 0.36843440781250003 0.722340378125 0.3715489140625 0.6783214796875 0.3892269078125 0.6406489375 0.43454306875000004 0.6373086984375 0.449014828125 0.647771225 0.47493557343750004 0.6784754625 0.49034576875 0.73261773125 0.49666506562499996
13 0.8057326328125001 0.3766771578125 0.8556611078125 0.375806440625 0.9360009546875 0.363623615625 0.96069799375 0.353319096875 0.9770650640625 0.33754198125 0.964613890625 0.27528166875000004 0.938025828125 0.258154053125 0.8882412703125 0.243133353125 0.84940230625 0.2400654359375 0.8008304609374999 0.2486299625 0.7689185468749999 0.26813968125 0.7453365984375 0.2931219921875 0.7336201 0.326920009375 0.740886303125 0.351421096875 0.7630190359375 0.3683426765625 0.8057326328125001 0.3766771578125
13 1 0.8159721531249999 0.9962832765625 0.8141010265625 0.9669819609375001 0.7815857921875 0.9642687078125001 0.7661981703125 0.9463497671875001 0.756466603125 0.931724775 0.75706213125 0.9280453796874999 0.7696104390625 0.9071716515625001 0.7514752359375 0.8900286453125 0.754498009375 0.8571968796875 0.777144803125 0.8459634546875 0.7969748546875 0.8549254390625001 0.8310932062499999 0.8768166390625 0.85499876875 0.9298951437499999 0.8803465609375 0.984715725 0.8905127640625 1 0.8885691703124999 1 0.8159721531249999
13 0.6021853609375001 0.2915894734375 0.6677563 0.29589358906249996 0.7223816375000001 0.288244921875 0.733275909375 0.2664914203125 0.7418474125000001 0.2649800328125 0.7524538546875 0.2750093578125 0.7606862 0.2715745203125 0.789643325 0.2436611640625 0.7903679328125001 0.22270921718749997 0.74586093125 0.1958500390625 0.7431476781249999 0.1804624171875 0.6939438109375 0.16038118750000002 0.65224768125 0.1578170625 0.62367600625 0.16285502031250002 0.5910857796875 0.178517834375 0.56750383125 0.203500146875 0.550412153125 0.24022920625 0.5689631125 0.2786065296875 0.6021853609375001 0.2915894734375
13 0.662195946875 0.39802004062499996 0.6854387359375 0.371114275 0.685824184375 0.3482388765625 0.6818519265625 0.3340648796875 0.6539072375 0.30924345625 0.5594717625000001 0.28325499375 0.50266756875 0.295254359375 0.45022611718750005 0.3570574640625 0.45817063124999996 0.3854054578125 0.49274950781250004 0.4060822125 0.5943022375 0.413958040625 0.6460704109375001 0.406813171875 0.662195946875 0.39802004062499996
13 0.616537625 0.4982921953125 0.6182797015625 0.4831106078125 0.6008438328125 0.45941107812500004 0.5701396 0.444000884375 0.48069385000000003 0.43795677812499995 0.4195319484375 0.45865754531249997 0.400986021875 0.4787853609375 0.3921266921875 0.51207958125 0.4118390328125 0.5403358453125 0.480025603125 0.551120146875 0.5818661640625 0.5272131421874999 0.616537625 0.4982921953125
13 0.4493777296875 0.627921378125 0.5023072843749999 0.61065545 0.523032065625 0.5861769328124999 0.5187206484375 0.57007948125 0.5035612546875 0.5509366875 0.435472309375 0.549059821875 0.39609894843750004 0.5262535796875001 0.35963408281250003 0.5366498281250001 0.34108815937500003 0.55677764375 0.3315505140625 0.586224959375 0.3384775625 0.6088025953125 0.3627891453125 0.6213734734374999 0.4083599140625 0.629204159375 0.4493777296875 0.627921378125
13 0.39347828281249997 0.46126825625 0.4180777 0.44205629999999996 0.41676736875 0.4095636390625 0.3543414265625 0.3729728953125 0.30625265 0.36756945625 0.26625230312500003 0.374622596875 0.233081384375 0.3953459375 0.2141500109375 0.4383491515625 0.2175415765625 0.45758367812499995 0.2352189796875 0.4742992265625 0.273816403125 0.484351128125 0.3602097421875 0.4730841609375 0.39347828281249997 0.46126825625
13 0.3159855359375 0.3559370125 0.3519673296875 0.35950872500000003 0.4180213390625 0.349844875 0.44271837812500003 0.33954035625 0.49501591562499997 0.2936286703125 0.49322251250000004 0.275103971875 0.46876700937500004 0.278424509375 0.4845533859375 0.26770792499999996 0.483196759375 0.26001411406249997 0.45602800625000006 0.24794702968750001 0.3776717703125 0.23796428593750002 0.3290999234375 0.2465288140625 0.2801426265625 0.277968740625 0.26740865468749997 0.3059964 0.2711393765625 0.3271543796875 0.3159855359375 0.3559370125
13 0.38304695 0.23503324375 0.4343320515625 0.24185633750000002 0.4953500375 0.2370469875 0.5464398953125 0.22605520937499998 0.580916115625 0.17931939218749998 0.5766047000000001 0.1632219421875 0.5620260015625 0.1390186171875 0.5114655078125 0.111243575 0.47194823125 0.104328753125 0.436983909375 0.10652739687499999 0.411608559375 0.112985009375 0.37683947500000003 0.13299852343750002 0.34706012343750003 0.17295639062499998 0.34188018593749997 0.1937023046875 0.3481289203125 0.21243303593750001 0.38304695 0.23503324375
13 0.37348314375 0.5232999625 0.3713505828125 0.5028518125 0.3523165546875 0.478442453125 0.2798698953125 0.4852669875 0.2336208171875 0.4735894 0.2060666125 0.48439771406250004 0.18384129062500001 0.5170738359375 0.1875720125 0.538231815625 0.205927728125 0.55879426875 0.26200731875 0.5677468453125 0.3413296953125 0.5497936640625001 0.37348314375 0.5232999625
13 0.2402399 0.2939293140625 0.2785444625 0.2772589125 0.3081799015625 0.2531924625 0.3114225203125 0.22981326875 0.27732671875000003 0.19516854687500002 0.20560466875 0.181041134375 0.1684614890625 0.1875904796875 0.1441036078125 0.1998184515625 0.11800365312500001 0.2272280125 0.10594799218749999 0.2591025765625 0.12885666406250001 0.288778496875 0.14963276875 0.29800626874999997 0.1973823890625 0.30148625 0.2402399 0.2939293140625
13 0.2644438015625 0.180582484375 0.315872815625 0.1715141625 0.3348555203125 0.16221723593749998 0.385652515625 0.12450315468749999 0.38487658125 0.1117488140625 0.355575265625 0.07923358124999999 0.3434219890625 0.102200709375 0.33596054375 0.05988475 0.2674348171875 0.0471769984375 0.2141661046875 0.0625194734375 0.17010091249999998 0.10499631875 0.1598849546875 0.1305967296875 0.1806147671875 0.16462335156250002 0.21703333906250002 0.1790259515625 0.2644438015625 0.180582484375
13 0.19787552656250001 0.4045285625 0.2636366734375 0.3681424109375 0.262665496875 0.3375732 0.255836071875 0.323903 0.213703165625 0.310507990625 0.1538465609375 0.305196284375 0.12813205625 0.3097304453125 0.09234550312499999 0.32397360000000003 0.0766567453125 0.34359761875 0.076225003125 0.39127186875 0.083974275 0.40180499375 0.1229108578125 0.41378034843749995 0.19787552656250001 0.4045285625
13 0.088439671875 0.5190213 0.1155108046875 0.52218095 0.1852442125 0.4999687953125 0.2173000390625 0.464567659375 0.209597059375 0.42923568437500004 0.19085589375 0.43154863125 0.1971509203125 0.425480509375 0.189160109375 0.421931365625 0.1592318078125 0.41927551249999995 0.096034965625 0.4284355671875 0.0745342515625 0.44015974375000005 0.054148629687500005 0.4665617125 0.0673244078125 0.5078700796875 0.088439671875 0.5190213
13 0.38201841875000003 0.663597703125 0.341339759375 0.6668039375 0.3098646234375 0.6971445421875 0.3124339640625 0.7284235796874999 0.35020915937499997 0.7505199921875 0.3861909515625 0.7540917078125 0.437959125 0.7469468390625 0.46551332968750003 0.736138521875 0.467013871875 0.727940915625 0.38201841875000003 0.663597703125
13 0.4192229890625 0.807764921875 0.4349117484375 0.7881409015624999 0.4306003328125 0.772043453125 0.40686943906249995 0.7544120421875 0.35340548437499997 0.75193965 0.318585075 0.7382468765625 0.2799413546875 0.7529938281249999 0.257716034375 0.7856699500000001 0.269196034375 0.8173610531250001 0.30527544687499997 0.8298402015624999 0.33486459062499996 0.830572603125 0.3723469265625 0.825946709375 0.4192229890625 0.807764921875
13 0.33620611875 0.662751 0.332233859375 0.648577003125 0.29344119375 0.6207102328125 0.23600497968749998 0.6040638406250001 0.1966829484375 0.6149638890625 0.17527985468750001 0.6355955 0.16724275156249999 0.6568452078125 0.1702951609375 0.6741562828125 0.1952850609375 0.690574065625 0.2643914796875 0.69822129375 0.31766019375 0.682878815625 0.33620611875 0.662751
13 0.19043421562500001 0.5962331562500001 0.1420525765625 0.564107415625 0.10950864062500001 0.5549713749999999 0.064472275 0.566879015625 0.028300273437500002 0.6039975671875 0.0429765921875 0.637108328125 0.0876275109375 0.6480760890624999 0.11402033125 0.6473888343749999 0.1733425375 0.6329622171875 0.1922276171875 0.61475785625 0.19043421562500001 0.5962331562500001
13 0.0459313828125 0.645511965625 0.024528287500000003 0.666143578125 0.030489193749999997 0.7166571421875 0.077318965625 0.7232742046875 0.15058785 0.70440515625 0.16947293125000001 0.68620079375 0.16210910781250001 0.652792271875 0.140413153125 0.6467015765624999 0.0459313828125 0.645511965625
13 0.2875879765625 0.6961143796875 0.235141490625 0.6994123421875 0.179981753125 0.6873226875 0.151702940625 0.71908295 0.15005848593749999 0.7431719718750001 0.1874945234375 0.76334493125 0.2742270203125 0.7540014187499999 0.3077370953125 0.7352015296875 0.30356959687499996 0.7032126625 0.2875879765625 0.6961143796875
13 0.199601509375 0.76517665625 0.14560315625 0.742965940625 0.1341744859375 0.7449811234375 0.11243223437500001 0.76368928125 0.11064386562499999 0.8036697203125 0.14774075 0.8219192296875001 0.2087587359375 0.8171098765625 0.253019171875 0.7924478984375 0.2549051625 0.76137489375 0.199601509375 0.76517665625
13 0.36348759375 0.8592409312499999 0.3815967421875 0.82828223125 0.299221953125 0.8289243421875 0.2727315140625 0.8207041625 0.2563131171875 0.8027749921874999 0.23413408906250002 0.8106522609375 0.22164165468750002 0.8316959390625 0.23413912187500002 0.8691574 0.2577723953125 0.8778813718749999 0.2934150328125 0.879529634375 0.3362725453125 0.8719726984375 0.36348759375 0.8592409312499999
13 0.3205837875 0.8915967203124999 0.322325865625 0.8764151312499999 0.2787900375 0.8801251625000001 0.239272765625 0.8732103359375 0.2163640984375 0.8435344171875 0.2024174140625 0.8479768468750001 0.1917646796875 0.862746371875 0.1960298 0.9036426734375 0.2146270515625 0.9172211421875 0.23884101875 0.9208845875 0.3038775609375 0.9054503828125 0.3205837875 0.8915967203124999
13 0.074461796875 0.7237780015624999 0.0324265125 0.719290421875 0.038968109375 0.7647434578125 0.06444108125 0.7671932781249999 0.109816603125 0.757209096875 0.13155885312499999 0.7385009359375 0.1304437625 0.72382314375 0.1201764765625 0.71571726875 0.074461796875 0.7237780015624999
13 0.20657988437500002 0.8214605765625 0.1356337671875 0.8200875046875 0.1044927515625 0.7938464234375 0.08425104375 0.804356978125 0.07437424375 0.831880840625 0.0905511046875 0.85679399375 0.11418438125000001 0.8655179687500001 0.143773525 0.8662503671874999 0.191667059375 0.8538389390625 0.21021298437499997 0.833711121875 0.20657988437500002 0.8214605765625