13 0.0254347875 0.33786723125 0.0524617875 0.4460827 0.0812301765625 0.5153518171875 0.111140846875 0.5668624953125 0.1519330390625 0.6184074609375 0.1677590671875 0.624689625 0.12994439062500002 0.5357602765625 0.1002574453125 0.385780053125 0.101212034375 0.3293807984375 0.12422922031250001 0.2624561640625 0.080964775 0.2077872609375 0.061430365625000004 0.196819190625 0.0319510078125 0.197972759375 0.012997687499999999 0.2343719578125 0.01294175625 0.25898934375 0.0254347875 0.33786723125
13 0.100013821875 0.3717566234375 0.12994439062500002 0.5357602765625 0.1658299890625 0.6249951609375 0.24449278749999998 0.740852090625 0.26857830625 0.74934158125 0.2904532109375 0.7001753875000001 0.296352309375 0.65002400625 0.2934487421875 0.5942358234375 0.27739710781250004 0.5053750515625001 0.25085735 0.4252064421875 0.183675178125 0.2881958875 0.151929275 0.2563111546875 0.134567565625 0.25906097968749997 0.10844110625 0.30011179375 0.100013821875 0.3717566234375
13 0.27631075625 0.49851610468749996 0.3138818109375 0.573422025 0.34725724062499996 0.615595178125 0.3742084125 0.6359350593750001 0.4131833875 0.6385507890625 0.41661023124999996 0.585275471875 0.38293336718750004 0.372648121875 0.3588658640625 0.29560345 0.3010674484375 0.211596965625 0.26694313593749996 0.1959087015625 0.23662105156250002 0.204226753125 0.22231268593750003 0.25746778125 0.22768850624999998 0.3163799015625 0.242653790625 0.3983817265625 0.27631075625 0.49851610468749996
13 0.149457021875 0.2531872171875 0.16266102031250002 0.26164242187500003 0.1886196875 0.2944437640625 0.2360797578125 0.3818454328125 0.22092678124999998 0.26120279062499996 0.230983590625 0.19984638125 0.1852089765625 0.09811574687499999 0.1446604078125 0.0605942125 0.12838505 0.07020298281250001 0.10636036874999999 0.12466615625 0.10570533124999999 0.1704714546875 0.120127440625 0.24904380625 0.1268512515625 0.2602831234375 0.149457021875 0.2531872171875
13 0.38106022031250003 0.34833627031250003 0.40061452812500004 0.4717973125 0.44331778125000004 0.5915919234375 0.48163771874999994 0.6400129531250001 0.5095813953125 0.647891371875 0.5181963703125 0.6148873578125 0.5244310546875 0.4170316625 0.5169384640625 0.3197842640625 0.5024604234375001 0.265829296875 0.47230613125 0.20029519062499998 0.43507254375000004 0.1587331078125 0.4036641078125 0.1601922125 0.3847107875 0.19659141093750002 0.37845620625 0.28195413125 0.38106022031250003 0.34833627031250003
13 0.281682815625 0.19533191875 0.32895519375000004 0.24409277031249998 0.35229183124999996 0.2790671546875 0.3659830734375 0.31556921718750003 0.3767148171875 0.3209004828125 0.383324884375 0.20032641875 0.40312093281249994 0.1567627375 0.4185535625 0.1543184484375 0.41984562187499996 0.1312630328125 0.40868256406250003 0.0732675203125 0.36813399375 0.0357459828125 0.3358828296875 0.044369571875 0.31129205 0.0763883984375 0.2898105453125 0.1342810453125 0.281682815625 0.19533191875
13 0.5319236453125 0.5142790625 0.586574871875 0.528473934375 0.6377992546875 0.595944121875 0.6430793484375 0.4544876828125 0.62841361875 0.3618919 0.6171946296875 0.3285137734375 0.5886698625 0.2732680875 0.5613252921874999 0.24420175312499998 0.5070674640624999 0.238733334375 0.499744546875 0.24868192968749997 0.522370215625 0.354078996875 0.5229332890625 0.47000144375 0.5319236453125 0.5142790625
13 0.6123060515625001 0.2976485125 0.630885871875 0.3650158375 0.645551603125 0.4576116203125 0.6597860203125 0.4975431546875 0.6803508500000001 0.5399875578125 0.727473453125 0.5940453890625 0.745078784375 0.60531899375 0.7848964875 0.600770240625 0.7915264515625 0.5926891515625 0.762083128125 0.456732359375 0.7477169499999999 0.3535426203125 0.7263653234375 0.29364531562499996 0.70688684375 0.2580598609375 0.6795422734375001 0.228993528125 0.65614970625 0.21863653125 0.6272135234375 0.223219571875 0.614047440625 0.2587021625 0.6123060515625001 0.2976485125
13 0.7617617953125 0.1737851875 0.7476411203125 0.26566703281250004 0.7478288125 0.30430784843750003 0.7608650171875 0.386615209375 0.8114163453125001 0.5684458765625 0.82772961875 0.6027749 0.8399970437500001 0.5990741796875 0.8630521437500001 0.5760873375 0.8809191140625 0.53282919375 0.889290465625 0.48580175 0.8908441625 0.4082145828125 0.8784070625 0.3047193078125 0.861756321875 0.23704644843749997 0.8379324421875 0.17402520625 0.813060125 0.1480828109375 0.7893680046875 0.14831977031250002 0.7617617953125 0.1737851875
13 0.5194704109375 0.6603871203125 0.5289480125 0.7327115984375 0.5491573578125 0.8103673421875 0.577925746875 0.8796364609375 0.6173320343750001 0.9349164359375 0.6500704421875 0.9543397078125 0.6700541828125 0.9494168421875001 0.6838572875 0.936684134375 0.684512325 0.8908788359375001 0.6683289296875 0.7387598625 0.647632340625 0.6330572578125 0.6289965890625 0.5903073203125 0.58518896875 0.5322089437499999 0.55685189375 0.5156040734375 0.5356320265625001 0.51896496875 0.5193945828125 0.572511534375 0.5194704109375 0.6603871203125
13 0.74583143125 0.940930409375 0.75350795 0.71472231875 0.7454162515625 0.63866283125 0.7341972640625001 0.60528470625 0.6692257078125 0.5259298390625 0.6455335859375 0.5261667984375 0.6383424296875 0.599373596875 0.6552927234375 0.6564525 0.68614185 0.9011672562499999 0.7184309296875 0.9364814640624999 0.74583143125 0.940930409375
13 0.7791850796875 0.6895624375 0.772443253125 0.7468783 0.7730622578124999 0.8381833609375 0.7828953421875 0.875296496875 0.8063817562500001 0.9049739015625 0.8536162203125001 0.9097969593749999 0.891317153125 0.8669129281249999 0.9130982124999999 0.798426325 0.9220686703125001 0.7302109703124999 0.9204950765625 0.6953051640625 0.9062606578124999 0.655373628125 0.8841601484374999 0.6219612140625 0.8577521515625 0.6050508046874999 0.8321309515624999 0.6055933015625 0.8006665859375 0.631669790625 0.7791850796875 0.6895624375
13 0.8640825624999999 0.6075636703125 0.8922698625000001 0.6294655203125 0.919408725 0.6884462171875 0.9217691171875 0.7408049250000001 0.9008687015625 0.846064840625 0.9081356875000001 0.8607336312499999 0.9253476203125001 0.8632807843749999 0.9535529359374999 0.8166274546875 0.9633101921874999 0.7658650015624999 0.9632343625 0.6779894140625 0.9523708578125 0.6093999453125 0.9422382203125 0.5828807671875 0.92453904375 0.5522867546875 0.8981310468749999 0.535376346875 0.8793834328125 0.5418611796875 0.8587446562500001 0.59258934375 0.8640825624999999 0.6075636703125
13 0.74583143125 0.940930409375 0.75350795 0.71472231875 0.7454162515625 0.63866283125 0.7341972640625001 0.60528470625 0.6692257078125 0.5259298390625 0.6455335859375 0.5261667984375 0.6383424296875 0.599373596875 0.6552927234375 0.6564525 0.6855986749999999 0.8977377828125 0.7184309296875 0.9364814640624999 0.74583143125 0.940930409375
13 0.3881252609375 0.75501573125 0.400075115625 0.830464146875 0.41865493593750003 0.8978314703124999 0.44277836875 0.95025875625 0.45830484531250004 0.967134875 0.48709125000000003 0.9678488125 0.5006507328125 0.9410926749999999 0.5086467031249999 0.8167835999999999 0.49928096406250005 0.6952243499999999 0.4853461 0.6446988578124999 0.44015257500000005 0.590335490625 0.421704515625 0.58622636875 0.4178842734375 0.6307752343749999 0.3976009796875 0.64629205625 0.3907653078125 0.6842875125 0.3881252609375 0.75501573125
13 0.3222569265625 0.8884908875 0.3333820703125 0.9025486062500001 0.344263590625 0.90258289375 0.36593278749999997 0.8833310624999999 0.38325658125 0.8366434437500001 0.3891556796875 0.7864920640624999 0.386008490625 0.7166804531250001 0.37158638125 0.6381081 0.29341082812499997 0.5502980296875 0.28885971875 0.5527766062499999 0.295753203125 0.67121191875 0.2724364640625 0.748730509375 0.3222569265625 0.8884908875
13 0.17911169843750002 0.9023741046874999 0.2054258484375 0.8999641046875 0.22763822031249997 0.8841417484375 0.23981180000000002 0.8611206171875001 0.26773557812500004 0.756506065625 0.2376192 0.73490975 0.1831357671875 0.646862721875 0.150003959375 0.618712996875 0.141970075 0.699084278125 0.1512798828125 0.8452609125 0.1655143015625 0.8851924500000001 0.17911169843750002 0.9023741046874999
13 0.627587025 0.11945304999999999 0.6408668515625 0.21578384062499997 0.6908171921874999 0.2377542671875 0.7118313515625 0.264307734375 0.7510319328125 0.349502075 0.7462552171875 0.26940204218749997 0.7569111328125 0.186857721875 0.72683266875 0.2091992015625 0.7521164015624999 0.17531286875000002 0.7490071265625 0.14943905 0.7229546140625 0.0973173 0.6931377890625 0.0651270296875 0.6780047109375 0.056977362499999996 0.645753546875 0.0656009484375 0.627587025 0.11945304999999999
13 0.6114633234375 0.304812996875 0.6104329046875 0.2733366640625 0.6210328890625 0.21540972812499998 0.583517765625 0.1158864234375 0.5575590984375001 0.08308508125 0.5318819671874999 0.1082449625 0.5195586125 0.13656306875 0.5145022421875 0.1795499671875 0.5226498703125 0.2309920671875 0.5701279578125 0.24983855781250003 0.6114633234375 0.304812996875
13 0.5010925359375 0.20100912656249997 0.5000441 0.23808797343750002 0.5096894937500001 0.23656029374999998 0.52195691875 0.232859571875 0.5210203453125 0.2207036484375 0.4879065546875 0.12399874375 0.45561747500000005 0.08868453750000001 0.43439760937500005 0.09204543281250001 0.422074253125 0.1203635390625 0.42171876875000003 0.15557488125000002 0.4482765421875 0.1671883109375 0.49109165781249997 0.2377481484375 0.5010925359375 0.20100912656249997