13 0.681281321875 0.0912167421875 0.6420782125 0.08821303124999999 0.578604275 0.0994052 0.52904515 0.12202659687499999 0.50451878125 0.1432089265625 0.48940987500000005 0.1756218609375 0.4947527671875 0.1974872 0.5148607109375 0.21873231406250002 0.55194056875 0.2350015703125 0.57603946875 0.236702046875 0.659709659375 0.2219487359375 0.69297518125 0.20815010625000002 0.7254787734375 0.1815946671875 0.73871996875 0.1554608265625 0.73363261875 0.1266090359375 0.711573353125 0.1027331078125 0.681281321875 0.0912167421875
13 0.48119119843749997 0.086832928125 0.447080134375 0.0789648453125 0.39345112968749996 0.0785048078125 0.3106264828125 0.11492483281250002 0.2966233625 0.12830186562499998 0.2958567359375 0.14926121875 0.3045911921875 0.190361084375 0.3326763578125 0.2062330890625 0.3542292375 0.21036575625 0.41736401875 0.1972501375 0.4655618203125 0.20065109374999998 0.48923795 0.191518215625 0.49280614062500006 0.161140221875 0.524547803125 0.1218279734375 0.5089372078125 0.10078148125 0.48119119843749997 0.086832928125
13 0.1394764609375 0.080647409375 0.1836833046875 0.10359300468749999 0.2782112015625 0.1166740140625 0.32148888593749997 0.109042990625 0.36273163125 0.0898712484375 0.3818268 0.07162984375 0.3921828140625 0.0460047375 0.38191980625 0.013107418749999999 0.12581719062500002 0.0622317296875 0.1394764609375 0.080647409375
13 0 0.27693778125 0.0026601765625 0.283264771875 0.0347316046875 0.3133083046875 0.062138456249999995 0.3253334046875 0.132567453125 0.3367139328125 0.22234715781249997 0.32286660624999997 0.2523883421875 0.3076532578125 0.284213621875 0.2772509140625 0.296437346875 0.245346715625 0.290671684375 0.2126480203125 0.268951575 0.1906955453125 0.19504739843750002 0.151170584375 0.1368374328125 0.1416020234375 0.076248675 0.15228545625 0.021936660937499998 0.181694678125 0 0.20912294999999997 0 0.27693778125
13 0.45814844531250004 0 0.3876901640625 0.012089948437500001 0.3926055859375 0.0568380953125 0.4129690703125 0.0710967578125 0.4621843421875 0.080268071875 0.5400841734374999 0.0665322296875 0.569786203125 0.049395434375000005 0.59618028125 0.0219340109375 0.6013242875 0 0.45814844531250004 0
13 0.35999959531250003 0.2093482859375 0.32486636562500004 0.22942600937500002 0.2969437359375 0.2650899765625 0.2994014453125 0.2874640515625 0.3302834796875 0.32763358125 0.4136145125 0.310956815625 0.4962625375 0.3241493125 0.5432756390625 0.30396010156250003 0.5661062234375 0.2731605109375 0.5574553843750001 0.24097054999999998 0.5048485453125 0.2125647078125 0.46878615625000003 0.20206581406250002 0.411593659375 0.19826760625 0.35999959531250003 0.2093482859375
13 0.43448907812500004 0.3112425796875 0.37322200625 0.318079103125 0.3313009484375 0.3334039375 0.287595796875 0.3639177703125 0.27079111093749997 0.386713440625 0.27341605156250004 0.426907325 0.33348903124999996 0.463912959375 0.39967622187499996 0.4681084125 0.44872426406250004 0.4594599203125 0.5142378359374999 0.4260923015625 0.5282409593749999 0.4127152703125 0.5389361296875 0.3890136171875 0.5341879375 0.3620852796875 0.5146746953125 0.3357771640625 0.480480015625 0.3189991765625 0.43448907812500004 0.3112425796875
13 0 0.4948296421875 0.027153673437499998 0.49809559375 0.08842074531250001 0.4912590703125 0.14408938437500002 0.469543653125 0.1711617765625 0.4459291375 0.1866098359375 0.41543965624999996 0.1837293546875 0.3822322265625 0.164555265625 0.35784756406249996 0.12679709374999998 0.337731403125 0.0261596828125 0.3237444125 0 0.3287764046875 0 0.4948296421875
13 0.2618753359375 0.4289422640625 0.1848257421875 0.43062865156249996 0.15749781093749998 0.461229621875 0.125249759375 0.48079860781250006 0.057022934375 0.49877860468749996 0.045733065625 0.52754325625 0.0497193265625 0.5417147828125 0.0615108890625 0.5664095578125 0.08959605468750001 0.5822815625 0.153576378125 0.590832659375 0.21806778593749998 0.5854108484375 0.248787284375 0.5740444078125 0.29979134687500003 0.5343105593749999 0.31812458593750004 0.50331234375 0.3145657890625 0.466258009375 0.29284568125 0.4443055328125 0.2618753359375 0.4289422640625
13 0.43624030156250004 0.5320667343750001 0.40951176250000004 0.5238885375 0.36776263125 0.523317015625 0.324484946875 0.5309480390625 0.29121942500000003 0.54474666875 0.24853174218750002 0.5810308578125001 0.24369054375000002 0.6126249453125 0.258367284375 0.636810984375 0.28679160625 0.6546064453125 0.3176783359375 0.661059809375 0.36197348906250004 0.6591991453125 0.4161135765625 0.6456862765625 0.44903994062499997 0.6299641921875 0.468474265625 0.613646240625 0.48392232812499997 0.583156759375 0.47696726875 0.5605840625 0.43624030156250004 0.5320667343750001
13 0.39939250312499996 0.6773918515624999 0.36010578125000003 0.6654782390625 0.30613761875 0.6630947484374999 0.23366898906250003 0.67388966875 0.1920870875 0.6911379546875 0.157715784375 0.7239724875 0.1544031390625 0.74736403125 0.17773541406249999 0.7700238640625 0.19028890781250002 0.807475446875 0.23890948125000003 0.8217097640625 0.28931415 0.82075508125 0.366874825 0.805095784375 0.3969160109375 0.7898824359375001 0.43128731406250004 0.7570479046874999 0.4438501921875 0.727067159375 0.43265333281249996 0.6973093859375 0.39939250312499996 0.6773918515624999
13 0.0456353609375 0.619781846875 0.0399486203125 0.6297092203125 0.05386343125 0.6411384499999999 0.05996825 0.675760596875 0.031450921874999996 0.7164875640624999 0.035098028125 0.7287356390624999 0.1376031484375 0.7364435375 0.1488047078125 0.73248514375 0.1892019078125 0.6916466890625 0.2602302984375 0.66424805625 0.259045596875 0.6406578890625 0.2388540421875 0.61050286875 0.21110803125 0.5965543171875 0.13304096875 0.5924703499999999 0.0814469046875 0.60355103125 0.0456353609375 0.619781846875
13 0.1372452078125 0.8693847421875001 0.1712773546875 0.8346267578125 0.1828227640625 0.7988756546875 0.1748502375 0.7705326 0.149905790625 0.7471654062499999 0.116389425 0.7342343234375 0.0534265703125 0.7314535859375 0.034842487500000005 0.735722090625 0.066300434375 0.9056932812499999 0.1372452078125 0.8693847421875001
13 0.1905465984375 1 0.20460301093750002 0.9983188546875 0.28641018749999997 0.9561284750000001 0.322310040625 0.9150913968750001 0.3294417203125 0.8880515718750001 0.327917865625 0.8625379531249999 0.3016167953125 0.8314769484375001 0.27454909843749997 0.8213753015625 0.21158624375 0.8185945671875 0.1750963875 0.8309784765625 0.1401303875 0.8688760078125 0.07181525 0.9116622640625 0.08224079375 0.9960955546875001 0.1015820828125 1 0.1905465984375 1
13 0.5567019390625 0.7765822796874999 0.5077422078125 0.7604245140625 0.4534348890625 0.7561175718750001 0.4303534578125 0.76018745 0.378076384375 0.801137390625 0.31850509531250004 0.8175911828125001 0.31680461718749997 0.8416900843749999 0.331481359375 0.8658761234375 0.3323269015625 0.8875428375000001 0.366182425 0.902397375 0.42761672656250005 0.9133806546875001 0.5000853578125 0.9025857359374999 0.5279196765624999 0.891728028125 0.570946515625 0.8573672921875 0.58198084375 0.835589090625 0.5787612046875 0.8004582078125001 0.5567019390625 0.7765822796874999
13 0.6835521109375 0.8464365359375 0.6314516593749999 0.8377739546875 0.5878348171875001 0.8434815234374999 0.541667259375 0.8853374484375 0.4966054796875 0.90815746875 0.503644153125 0.9396400703125 0.5312182359375 0.9694849796874999 0.548612925 0.975342475 0.5935863921875 0.9773287125 0.6310937187500001 0.970715159375 0.6944004265625 0.9417031843749999 0.7084035484375 0.928326153125 0.7219839 0.9041157640625 0.7207991984375 0.8805255984375 0.7084129406249999 0.8608938234375 0.6835521109375 0.8464365359375
13 0.526826015625 1 0.5279939015624999 0.9680702609375 0.5027102984375 0.942779615625 0.4785277828125 0.9321692328125 0.424559621875 0.9297857453124999 0.37585073593749996 0.9403576921875001 0.334268834375 0.957605978125 0.31483451093750003 0.9739239312500001 0.31648096406250004 1 0.526826015625 1
13 0.6425094671875 0.6474149312499999 0.628083571875 0.64995860625 0.5495843453125 0.7024736109374999 0.5341362875 0.732963090625 0.5388008625 0.7509815234375 0.5527992921875 0.7713206578125 0.5937817984375 0.792851534375 0.6448647796875 0.7957437578125 0.6906884859375 0.7856805453125 0.7373624328124999 0.763567884375 0.764434825 0.73995336875 0.784635771875 0.702676059375 0.778870109375 0.6699773640625 0.7124273796875 0.6727683625 0.6425094671875 0.6474149312499999
13 0.8223939453125 0.7227922171875 0.77555276875 0.7270850734375001 0.7482248359375 0.7576860390625 0.6756678953125 0.79328721875 0.6740510296875 0.8262960250000001 0.6880494578125 0.846635159375 0.7157954656250001 0.8605837109375001 0.7736662765625 0.8682288234375 0.816604803125 0.8586743453125001 0.8600544140625 0.835146965625 0.8886553578124999 0.8033299062499999 0.8957870390625 0.77629008125 0.8895102921875001 0.757564290625 0.856165853125 0.7287368515625 0.8223939453125 0.7227922171875
13 0.9316728062499999 0.8364014984375 0.8831358453125 0.8310770875 0.7768906125 0.8696435421875 0.750835690625 0.899028415625 0.7558394234375 0.9189703 0.7659352 0.9340478109375001 0.8008081953125 0.9546727046875001 0.9710337546875 0.924657346875 0.98741566875 0.8910283187499999 0.979782296875 0.8646087171874999 0.965528328125 0.8512560359375 0.9316728062499999 0.8364014984375
13 1 0.6578436015625 0.9566454249999999 0.6574717031249999 0.9198164125 0.6679321625 0.8655880140625 0.706251290625 0.8590510328125 0.7282281171875 0.8930737859375 0.7609024609375 0.893747403125 0.79846553125 0.924378590625 0.81190535 0.9943011984375 0.8035426156250001 1 0.800603575 1 0.6578436015625
13 0.827997071875 0.703954940625 0.8626192203124999 0.697850121875 0.9115000328124999 0.6713818203125 0.9317845953124999 0.6430144140625 0.9131215906250001 0.6046568484375 0.8232582718750001 0.6095942734375 0.8123075578125001 0.640282378125 0.7781917953125 0.6661304593749999 0.785569628125 0.6995365125 0.827997071875 0.703954940625
13 0.915263625 0.456526646875 0.862991246875 0.4637604203125 0.8326109046875001 0.477050315625 0.7870380421875 0.5138432390625 0.78525395 0.5290322359374999 0.8118105640625 0.5531067875 0.8209677921875 0.605040009375 0.8351381437500001 0.609482784375 0.887749678125 0.604172465625 0.9357802515625 0.5897536125 0.9654822796874999 0.5726168125 0.9956117765625001 0.5325972046875 0.983908525 0.48309617187500004 0.9490355328125 0.46247127656250003 0.915263625 0.456526646875
13 0.732322040625 0.39755444687499997 0.6948147140625001 0.404168 0.6506867921875 0.4238484765625 0.6491582390625 0.432051021875 0.6770714796874999 0.4638193828125 0.6659488375 0.51040384375 0.7037953203125 0.5057137421875 0.773885159375 0.5151708203124999 0.820136334375 0.4822248015625 0.833038371875 0.45416750781250004 0.8296468062500001 0.43493298124999996 0.8043632031250001 0.4096423359375 0.777295509375 0.3995406875 0.732322040625 0.39755444687499997
13 0.5250260171875001 0.3438682234375 0.540803840625 0.38273452343750003 0.5261177078125 0.42598081250000003 0.589930803125 0.4167121 0.639146075 0.4258834171875 0.6695264171875001 0.412593521875 0.686586646875 0.3828113984375 0.6708088203125 0.343945096875 0.586042240625 0.3103019828125 0.553287803125 0.31012770624999997 0.5139127671875 0.3230203546875 0.5078868671875 0.3310242765625 0.5250260171875001 0.3438682234375
13 0.7927529609375 0.30161887656249997 0.7469292546874999 0.3116820890625 0.71688806875 0.326895434375 0.693718328125 0.3557715734375 0.6936300140625 0.3805778328125 0.7117866328125 0.3991921390625 0.7740711734375 0.39812596875 0.8324483703125001 0.4255143421875 0.8999968828125 0.40368744218749997 0.9190920484375 0.385446034375 0.9243560203125 0.364685303125 0.919268671875 0.3358335140625 0.8985660328125 0.319651396875 0.8524914796875 0.3029848953125 0.7927529609375 0.30161887656249997
13 0.604370784375 0.31301993281249996 0.6672453296875 0.34060692656249997 0.684128934375 0.36043732500000003 0.725799146875 0.31838277812500004 0.712056259375 0.29105719375 0.671752065625 0.2733732203125 0.638319315625 0.26935204218750003 0.5668681546875 0.2859173203125 0.544632265625 0.3116539109375 0.604370784375 0.31301993281249996
13 0.75136176875 0.16810615 0.736935875 0.170649825 0.7038375828125 0.2022682609375 0.6709112187499999 0.21799034218750002 0.657925565625 0.2371377328125 0.6593658078125 0.253741446875 0.6694615859375 0.2688189578125 0.7068806015625 0.287011665625 0.7698434562500001 0.2897924 0.8322999234375 0.2728298765625 0.8644643609375 0.24435098281249998 0.8722743546875 0.2211580640625 0.8617558000000001 0.195247196875 0.8342653328124999 0.1743121921875 0.8107611312499999 0.1675487140625 0.75136176875 0.16810615
13 0.883717365625 0.31136171562500004 0.924105175 0.33795559062499997 0.9561813000000001 0.3342829578125 0.9753600828125 0.3249514578125 0.9593361078125 0.225639278125 0.92785468125 0.2242489125 0.8737145937499999 0.23776177812500002 0.8367972703125 0.2730284984375 0.8341629359375 0.30026694531250003 0.883717365625 0.31136171562500004
13 1 0.4639714375 0.9878252625 0.3872093 0.9582115437500001 0.3795398390625 0.9232502406249999 0.38372120781249996 0.8865884578125 0.41200147343750004 0.829563190625 0.4260230765625 0.8322717484375 0.4751268609375 0.854335709375 0.46528662499999995 0.9181488046874999 0.4560179125 0.9551450484374999 0.4633772609375 0.9816180453125 0.4785419078125 1 0.47156502187499993 1 0.4639714375
13 1 0.657940590625 0.953760246875 0.6579804375 0.9198164125 0.6679321625 0.8655880140625 0.706251290625 0.8590510328125 0.7282281171875 0.8930737859375 0.7609024609375 0.893747403125 0.79846553125 0.924378590625 0.81190535 0.9943011984375 0.8035426156250001 1 0.800603575 1 0.657940590625
13 1 0.5409736625 0.9956953921875 0.5415071078125 0.9629362578125 0.5750490015625 0.9143946015625 0.603440753125 0.9319565234375 0.6271180578125 0.9258423125 0.659928240625 0.9800660140625 0.655325275 1 0.6569061765625 1 0.5409736625
13 1 0.8000605578125001 0.9802144609375001 0.8080097437499999 0.9365976203124999 0.8137173125 0.9089352265624999 0.808678665625 0.8889062031250001 0.8300596171875 0.9377823203125001 0.8373074796875001 0.9651891703125001 0.8493325828125 0.9898780765625 0.879686228125 1 0.8768905171875 1 0.8000605578125001
13 0.8953792609375 0.0485073609375 0.8679724109375 0.0364822625 0.8258841218749999 0.0339872859375 0.7854916171874999 0.041109574999999995 0.7500192296875 0.05926384375 0.728038884375 0.078013984375 0.7164098562500001 0.10485518593750001 0.7375352687500001 0.131870659375 0.73939828125 0.15930773125 0.7722363343749999 0.1683919078125 0.8078759515625 0.16805744843749998 0.853360503125 0.156070784375 0.880516509375 0.141366171875 0.904703721875 0.118260390625 0.9153988921874999 0.0945587375 0.91031154375 0.0657069484375 0.8953792609375 0.0485073609375
13 0.6066199125 0.0052188078125 0.5752174046875 0.046454509375 0.5484005546875 0.063082575 0.506140340625 0.0764839578125 0.5066467265625 0.096227215625 0.5315911718749999 0.1195944109375 0.5757190953125 0.099913934375 0.6273131609375 0.0888332546875 0.6658379578125 0.0879900609375 0.709622028125 0.10010229531249999 0.727699728125 0.0760905328125 0.7258367125 0.0486534609375 0.68502613125 0.011226228125 0.6509150671875 0.0033581437499999997 0.6066199125 0.0052188078125
13 0.6483973749999999 0 0.64769073125 0.001943425 0.692747815625 0.012839568749999999 0.7297393609375 0.053915084375 0.7464557375 0.055925673437500004 0.779721259375 0.042127043749999996 0.8088354171875001 0 0.6483973749999999 0
13 0.85072616875 0.1833092328125 0.8705785703125001 0.2115408 0.8981573484375 0.2076695453125 0.9498397234375 0.1717826046875 0.9406824953124999 0.11984938281249999 0.9132756437499999 0.107824284375 0.8699932625000001 0.1491714703125 0.822980159375 0.1693606796875 0.85072616875 0.1833092328125
13 0.8254999984375001 0 0.8121412359375 0.006661703125 0.7883767953125 0.0406008390625 0.8287693015625001 0.0334785515625 0.8773062609375 0.038802959375 0.9099723859375001 0.06378349531250001 0.9167555187499999 0.10225254843750001 0.935595146875 0.09099759375000001 0.919549815625 0 0.8254999984375001 0
13 0.19144634062500002 0.417561734375 0.2542419640625 0.40252265937500004 0.3174697515625 0.3308846140625 0.3133998734375 0.30780318281249996 0.286164946875 0.2798817265625 0.228117515625 0.32184913593750003 0.1393552796875 0.3414668234375 0.17880923437500001 0.3712002453125 0.19144634062500002 0.417561734375
13 0.131750084375 0.1127502328125 0.0818518015625 0.13344817656250002 0.0700555453125 0.14246956875 0.0704783171875 0.1533029265625 0.1397226125 0.14109328906250002 0.1760405421875 0.14460573125 0.228563765625 0.1641016703125 0.2867690375 0.207386396875 0.297631440625 0.201504553125 0.2945837234375 0.1504773140625 0.2764271078125 0.131863009375 0.24257158437499998 0.11700847343750001 0.17502776874999998 0.105119209375 0.131750084375 0.1127502328125
13 0.4161135765625 0.6456862765625 0.4152633375 0.6577357265625 0.46990511562500004 0.6976822828125 0.5328679703125 0.7004630203125 0.574449871875 0.6832147359375 0.613996834375 0.65442573125 0.6218904421875 0.6401427171875 0.5871057578125 0.5947115625 0.5028455671875001 0.5808117078125 0.48553449375 0.5838641171875001 0.4662674015625 0.6180018796875 0.4161135765625 0.6456862765625