13 0.6741194593750001 0.08811520625 0.6348698984375 0.08579614218750001 0.571600959375 0.098094378125 0.52244418125 0.12157725625 0.4982912296875 0.143184403125 0.48375030937499996 0.17585608749999998 0.48947399062499997 0.19762485000000002 0.5099496484375 0.218515796875 0.547307796875 0.23413544218750001 0.5714327046875 0.2354150765625 0.654832671875 0.21920376562500002 0.68785230625 0.20482667499999999 0.7198874921875 0.1777080140625 0.7326705718750001 0.15134706250000002 0.7270804640625 0.12258845468749999 0.704607865625 0.09910115 0.6741194593750001 0.08811520625
13 0.4739833046875 0.0872241140625 0.4397401171875 0.07995255 0.386111253125 0.0804285375 0.3039348375 0.1182885046875 0.2901673109375 0.1319078890625 0.2897665921875 0.1528774296875 0.29921701093749997 0.1938185984375 0.32757490312500004 0.20919803125 0.3491966234375 0.21295391874999997 0.412092890625 0.19873844375 0.4603427078125 0.20129771562499998 0.483855840625 0.1917530234375 0.48689331718749995 0.16131738125 0.517944053125 0.12145715312500001 0.5019685234375 0.10068630781250001 0.4739833046875 0.0872241140625
13 0.1322126578125 0.0870032828125 0.17681322500000002 0.1091738671875 0.2715550203125 0.1206031453125 0.314692934375 0.112217984375 0.35559480468750004 0.0923293765625 0.374368709375 0.0737574921875 0.3842759265625 0.0479555515625 0.3734403421875 0.0152423578125 0.11823407187499999 0.06882879374999999 0.1322126578125 0.0870032828125
13 0 0.29292425624999996 0.0315442484375 0.3214567921875 0.059156793750000006 0.3330017453125 0.1297736796875 0.343151384375 0.21929804062499997 0.32773929375 0.249069140625 0.312003971875 0.2803589796875 0.28105083125 0.2920240375 0.24893815937500002 0.2856885828125 0.21634506875 0.2635886578125 0.1947750046875 0.18900593125 0.15654586875 0.1306378375 0.1479946703125 0.0702447578125 0.15973389531249998 0.016454278125 0.1900865125 0 0.21141259375 0 0.29292425624999996
13 0.4536823421875 0 0.3791920640625 0.0141243359375 0.38488770156249996 0.058779882812499996 0.40549693124999997 0.07268098125 0.45486476875 0.0809919734375 0.5325130140625001 0.065898684375 0.561911440625 0.048246125 0.58782223125 0.0203282453125 0.5922168296875 0 0.4536823421875 0
13 0.3549483453125 0.21183589687499998 0.320170871875 0.2325237234375 0.2928749171875 0.268669575 0.295722734375 0.2909973484375 0.32730111875 0.3306217953125 0.4103284109375 0.3124932421875 0.49319408906250006 0.3242413234375 0.5398476796875 0.30323469531249997 0.5621372609375 0.272041346875 0.5529259468750001 0.24000726718749998 0.49983137031249997 0.2125238671875 0.46359124218750003 0.202655946875 0.40634116875000004 0.19985646562499998 0.3549483453125 0.21183589687499998
13 0.43120478437500004 0.31241465156250003 0.37006635781249997 0.3203193921875 0.328419140625 0.336373515625 0.285253184375 0.3676454609375 0.26884889843750004 0.3907309421875 0.27217491875 0.43087289218749997 0.3328845859375 0.46682447343750005 0.3991349171875 0.46986416093749994 0.4480245515625 0.4603609796875 0.5129458 0.42585507343750006 0.5267133296875001 0.41223569062500004 0.5369932203125 0.3883509921875 0.5317757875 0.36150962343750004 0.5118063765625 0.3355460671875 0.4773240890625 0.31936741562500004 0.43120478437500004 0.31241465156250003
13 0 0.503558078125 0.0271924546875 0.506348190625 0.08833088125 0.49844345 0.1436120546875 0.47575978750000003 0.17026819375 0.451676390625 0.185181784375 0.42092194843749997 0.18172219218750002 0.387769846875 0.16212545312499999 0.36372353281250003 0.1240219578125 0.34426940625 0.023155767187500002 0.3320409109375 0 0.33691563125 0 0.503558078125
13 0.260671475 0.43310893437500003 0.1836630484375 0.4361397671875 0.1568733390625 0.4672130140625 0.124971725 0.487341825 0.057069084375 0.50650980625 0.0462829484375 0.5354671125 0.0505159296875 0.5495669109375 0.06273667968749999 0.574052134375 0.091094571875 0.5894315671875 0.1552143890625 0.5968647515625001 0.21960134999999997 0.590318234375 0.2501177984375 0.578417396875 0.30042064218750003 0.5377994562499999 0.3182100953125 0.506486003125 0.31400515156250003 0.46949942031249997 0.2919052296875 0.4479293578125 0.260671475 0.43310893437500003
13 0.4368096546875 0.5331746093749999 0.40994245625000003 0.5254641375 0.368189709375 0.525621325 0.3250517953125 0.5340064859375 0.2920321609375 0.5483835765625 0.2499842265625 0.5854072421875001 0.2456951578125 0.617081009375 0.2607917671875 0.6410072203125 0.289522334375 0.658303896875 0.320516984375 0.6642172296875 0.36477292031249997 0.6615837921875001 0.41866892968749997 0.6471281078125 0.451315890625 0.6308337749999999 0.4704624671875 0.61417913125 0.4853760625 0.5834246875 0.4780281140625 0.5609768125000001 0.4368096546875 0.5331746093749999
13 0.4025037421875 0.6791206765625 0.36301508125000004 0.6678945265625 0.3090135421875 0.6664532734375 0.2367443453125 0.6785113015625 0.1954698015625 0.6964826640624999 0.161676775 0.7299120593749999 0.1587728734375 0.753357853125 0.1824970640625 0.7756070312500001 0.1957022640625 0.8128338203125001 0.24456385625000002 0.8262174234374999 0.2949441859375 0.8243832031249999 0.37221975625 0.8073726718750001 0.40199085625000003 0.7916373484375 0.435783884375 0.7582079578124999 0.4478216125 0.728012525 0.43610711249999995 0.6984546968750001 0.4025037421875 0.6791206765625
13 0.04779504375 0.627693359375 0.042282426562499996 0.6377184687499999 0.0563945859375 0.6489031109375001 0.0631027140625 0.683413440625 0.0353005125 0.7246319 0.039160821875 0.736814459375 0.1417848515625 0.7427322234375 0.15291562187500002 0.7385789390624999 0.192593940625 0.697041675 0.263133340625 0.6684075984375 0.2615371140625 0.6448417015625 0.24082235624999998 0.6150436640625 0.2128371359375 0.601581471875 0.1347106890625 0.598860584375 0.0833178671875 0.61084001875 0.04779504375 0.627693359375
13 0.14374711093749998 0.8756594281250001 0.1771674640625 0.8403127937500001 0.1880871703125 0.8043656406249999 0.1796212046875 0.7761660421875 0.1542727421875 0.7532377484375 0.12053580312500001 0.7408935750000001 0.057534007812499996 0.739212115625 0.0390272515625 0.74380430625 0.0734468125 0.9132005937500001 0.14374711093749998 0.8756594281250001
13 0.219661165625 1 0.2944032578125 0.9597866609375 0.329581446875 0.9181292937500001 0.33624013124999996 0.890969121875 0.334271234375 0.865485984375 0.30743208125 0.834888728125 0.2801922078125 0.825261015625 0.2171904125 0.8235795578125 0.1809222421875 0.8365984171875 0.146622971875 0.8751004171875 0.0790649609375 0.9190724203125 0.0904948640625 1 0.219661165625 1
13 0.5615203296875 0.7755505703125001 0.5122860625000001 0.7602497296874999 0.45791185 0.7568912359375 0.4349049625 0.761363321875 0.3833505265625 0.8032193859375001 0.32407546875 0.8207103359374999 0.3227958328125 0.8448352437500001 0.33789244375 0.8687614531250001 0.33911599375 0.8904101109375 0.37322560781249997 0.9046715265625 0.4348422375 0.91458095625 0.507111434375 0.90252293125 0.5347520218749999 0.8911811000000001 0.5771726296875 0.856074675 0.58782519375 0.834107215625 0.583992928125 0.799037875 0.5615203296875 0.7755505703125001
13 0.68957030625 0.8431803468749999 0.63732660625 0.8354283625000001 0.59381601875 0.84189628125 0.548385978125 0.884551565625 0.5037293265625 0.9081545468750001 0.511316375 0.9395095109374999 0.539407125 0.968868640625 0.556901390625 0.974421665625 0.6019026734375 0.9756227046875001 0.639288865625 0.968355565625 0.7020796015624999 0.9382431546875001 0.7158471296875 0.9246237734375 0.729002884375 0.9001800624999999 0.7274066578125 0.8766141640624999 0.7146796640625 0.8572015499999999 0.68957030625 0.8431803468749999
13 0.5355377328125 1 0.536158590625 0.9675104109375001 0.51043745625 0.942664878125 0.48607344531249996 0.932478153125 0.43207190625 0.931036903125 0.3835549453125 0.9424573281249999 0.3422804015625 0.9604286906249999 0.3231338265625 0.9770833343750001 0.32498284375000003 1 0.5355377328125 1
13 0.6450605078125 0.644905346875 0.630681203125 0.6477004 0.5531104453125 0.70157740625 0.5381968546875 0.73233185 0.543175184375 0.7502661296875 0.5575264484375 0.770357859375 0.598878478125 0.7911702140625 0.65000415625 0.7931704749999999 0.69564525625 0.7823090609375 0.741926175 0.7593851968750001 0.7685823125 0.7353017984375 0.7881296046874999 0.6976776109375 0.78179415 0.665084521875 0.7154102484375 0.6690346796875 0.6450605078125 0.644905346875
13 0.826233103125 0.717131734375 0.77947398125 0.722241428125 0.752684271875 0.753314671875 0.6807597078125001 0.7901767234375 0.679719171875 0.8232087203124999 0.694070434375 0.8433004484375 0.722055653125 0.8567626421875 0.780051075 0.8633966046875001 0.8228163140625 0.8530942015624999 0.8658486968749999 0.82881210625 0.8938900015625 0.7965007359375 0.9005486843750001 0.7693405656250001 0.893946084375 0.7507271703125 0.860103615625 0.7224860625 0.826233103125 0.717131734375
13 0.9374780749999999 0.828816534375 0.888855584375 0.8243400203125001 0.783299609375 0.8647548359374999 0.7577614921875 0.8945899546874999 0.7631124984375 0.9144414765625 0.7734698765625 0.92934049375 0.8086975140625 0.9493536296875 0.97837330625 0.9163719968749999 0.99416581875 0.8824621859375 0.9860725218749999 0.8561798296875001 0.9715876890624999 0.843077946875 0.9374780749999999 0.828816534375
13 1 0.6491171328124999 0.9593241359375 0.6494781578125 0.9226832921874999 0.660579778125 0.8691319140625 0.6998394875 0.8629794765625001 0.7219270515625 0.8975672953125 0.754002640625 0.898896375 0.7915482328125 0.9297574546874999 0.80445141875 0.9995234640625 0.7948696390625 1 0.79461325 1 0.6491171328124999
13 0.8315066218749999 0.6981995390625 0.8660169515625 0.691491409375 0.914428384375 0.664174053125 0.9342147781250001 0.6354569531250001 0.914885184375 0.5974309437499999 0.825121721875 0.603935946875 0.8147082578125 0.6348104953125 0.7810488015625 0.6612500406249999 0.7890085265625 0.6945222453125 0.8315066218749999 0.6981995390625
13 0.9144416640624999 0.44928591874999996 0.86230349375 0.45743086875000005 0.83215971875 0.47124895 0.787235921875 0.5088316265625 0.7857171859375 0.524049446875 0.8126899156249999 0.5476568546875 0.8227521078125 0.59942235 0.8369978390625 0.60361714375 0.8895086828125001 0.5973894343749999 0.9372802968749999 0.582134528125 0.9666787234375 0.5644819671875 0.9961051921875 0.5239426218750001 0.9835398109375 0.474653378125 0.9483121765625 0.454640240625 0.9144416640624999 0.44928591874999996
13 0.7304987359374999 0.3935154703125 0.6931125453125 0.40078260937500004 0.6493348140624999 0.42123022812500005 0.6479496484375 0.42945820156250003 0.676413071875 0.4607345703125 0.6661051359375 0.507506053125 0.703864 0.502156153125 0.7741082125000001 0.5103885546875 0.81977735625 0.476640359375 0.8321877625 0.44836216718750005 0.8284610234375 0.4291897609375 0.8027398890624999 0.404344228125 0.7755000187500001 0.3947165140625 0.7304987359374999 0.3935154703125
13 0.5222973296875 0.3434552375 0.5387510609375 0.38204025937499997 0.5248219171875 0.42553627031249996 0.5884635312500001 0.41515527656250006 0.6378313703125 0.423466271875 0.6679751453125 0.409648190625 0.68451300625 0.3795728609375 0.668059271875 0.340987840625 0.58271845 0.30882922968750004 0.5499659578125 0.30922662500000003 0.510821928125 0.3228044984375 0.5049366328125 0.3309123671875 0.5222973296875 0.3434552375
13 0.7892461453124999 0.296539846875 0.7436050453124999 0.3074012609375 0.71383394375 0.32313658125 0.691171690625 0.3524126890625 0.6915163203125 0.3772167125 0.7099950359375 0.39551130625 0.772251484375 0.3933582828125 0.8310977828125001 0.41972366250000004 0.898255075 0.396721203125 0.9170289765625 0.3781493171875 0.9219298218749999 0.35729987812499997 0.9163397156249999 0.3285412703125 0.8953578109375 0.312722928125 0.8489994062499999 0.2968630765625 0.7892461453124999 0.296539846875
13 0.6010916359375 0.31122688906249996 0.6644380640625001 0.3377123703125 0.6816651859375 0.35724508906249997 0.7225950984375 0.3144697015625 0.7083774078125 0.287388125 0.667770725 0.27041024999999996 0.6342728859375 0.266973165625 0.5631217109375 0.284782915625 0.541338375 0.3109036578125 0.6010916359375 0.31122688906249996
13 0.7455311390625 0.16376983125 0.7311518343750001 0.166564884375 0.698610403125 0.19875615 0.665963440625 0.21505048124999998 0.6533139328125 0.2344215859375 0.6550437312499999 0.2509976375 0.6654011109375 0.2658966546875 0.7031319328125 0.28343354062500004 0.766133728125 0.2851149984375 0.828284646875 0.2670650421875 0.8599471609375 0.2380291390625 0.8673511921875001 0.21470345000000002 0.856382034375 0.188980103125 0.8285303875000001 0.1685280609375 0.804911725 0.16217581875 0.7455311390625 0.16376983125
13 0.88036673125 0.3046936546875 0.9212125171875 0.3305786140625 0.9532196609374999 0.32634673593749997 0.9722326656250001 0.316681940625 0.95447789375 0.21766454375 0.922976996875 0.21682381718750002 0.8690809875 0.2312794984375 0.832784775 0.26718514375 0.83062621875 0.29446541718749997 0.88036673125 0.3046936546875
13 1 0.45924362656250006 0.9857824953125001 0.3787127546875 0.9560394375 0.3715612921875 0.9211564328125 0.3763521828125 0.8849937921875 0.4052679765625 0.8282219218750001 0.4202826734375 0.8317870453125 0.4693317078125 0.8536759109375 0.4591079015625 0.917317525 0.4487269078125 0.9544365718750001 0.4554394609375 0.9811701968750001 0.47013978125 1 0.46261438281249995 1 0.45924362656250006
13 1 0.6492394265625 0.956448275 0.6500371687500001 0.9226832921874999 0.660579778125 0.8691319140625 0.6998394875 0.8629794765625001 0.7219270515625 0.8975672953125 0.754002640625 0.898896375 0.7915482328125 0.9297574546874999 0.80445141875 0.9995234640625 0.7948696390625 1 0.79461325 1 0.6492394265625
13 1 0.532331746875 0.99634429375 0.532849709375 0.9641755359375 0.5669582203125 0.916136778125 0.596192815625 0.93410925 0.6195600171875 0.9285685875 0.652471909375 0.982703696875 0.6469233109375 1 0.6479916390625 1 0.532331746875
13 1 0.7934673828125 0.9855168328125 0.799581934375 0.9420062453125 0.806049853125 0.9142601296875 0.8014947484375 0.89460730625 0.8232219984375 0.9436024703125 0.8296157515625 0.9712150140625001 0.84116070625 0.9964299046875 0.8710788484374999 1 0.87002538125 1 0.7934673828125
13 0.8874394109375 0.04167580625 0.8598268671874999 0.030130854687500003 0.8177014453125 0.0283708 0.7774393921875 0.03619695 0.7422892437499999 0.0549675328125 0.72063948125 0.074098428125 0.70948066875 0.1011384953125 0.7310743484375 0.1277811640625 0.7334159203125 0.15518154374999998 0.7664075125 0.163691234375 0.8020358640625 0.1627348296875 0.8473042921875 0.1499561765625 0.87419953125 0.1347798640625 0.8979798078125001 0.111255478125 0.9082597 0.087370778125 0.9026695921875 0.0586121703125 0.8874394109375 0.04167580625
13 0.5979685515625001 0.0034333921875 0.5672904890625 0.0452108625 0.540767921875 0.062304412499999996 0.49874803125 0.076441296875 0.49959890781249994 0.0961727109375 0.52494736875 0.11910100625 0.5687250984375 0.0986533890625 0.620117921875 0.08667395624999999 0.6586221343750001 0.085158540625 0.702610925 0.09650479375 0.7202668078125 0.0721811875 0.717925234375 0.044780809375 0.676467671875 0.00807151875 0.6422244859374999 0.0007999546874999999 0.5979685515625001 0.0034333921875
13 0.6414745984375 0 0.6842163375 0.009549853125 0.7219191140625 0.049973520312500005 0.7386680359375 0.051692062500000004 0.7716876703125 0.037314971875000005 0.7965252296875 0 0.6414745984375 0
13 0.8451457359375001 0.1772364515625 0.8654878234375 0.205117246875 0.8929948359375001 0.200765265625 0.9440430281250001 0.1639818078125 0.933980834375 0.1122163125 0.9063682890625 0.100671359375 0.863814109375 0.14276763125 0.8171605171874999 0.16377425625 0.8451457359375001 0.1772364515625
13 0.8059598734375 0 0.80348375625 0.001289225 0.780315253125 0.0356379390625 0.82057730625 0.027811789062499998 0.869199796875 0.0322883 0.90229691875 0.05669492968749999 0.9097503953125001 0.09503974062500001 0.9283907265625 0.083457703125 0.9121681921875 0 0.8059598734375 0
13 0.1900545890625 0.42295929374999996 0.2525781796875 0.4068265734375 0.31454608125 0.3340959640625 0.3100739953125 0.3110890765625 0.28235592187499997 0.2836471875 0.2250497625 0.32662127343749997 0.1366434234375 0.34778508750000003 0.17661028750000002 0.3768254140625 0.1900545890625 0.42295929374999996
13 0.1250477296875 0.119236059375 0.0755182765625 0.140801696875 0.06388126093749999 0.1500275875 0.06449303749999999 0.1608519171875 0.1335136984375 0.147435659375 0.169887396875 0.1503137328125 0.22274287187500003 0.16889004375 0.281694703125 0.2111523578125 0.2924527984375 0.2050818328125 0.2885149984375 0.15411555625 0.2700362828125 0.1358209640625 0.23592666874999998 0.12155955 0.1681856421875 0.1108508984375 0.1250477296875 0.119236059375
13 0.41866892968749997 0.6471281078125 0.4180291109375 0.6591905625 0.47335973124999997 0.698177403125 0.5363615265624999 0.6998588640625 0.5776360703125001 0.6818875015625 0.616674571875 0.6524126921875 0.6243177046875 0.637994090625 0.5887454359375 0.5931769328125001 0.5042554921875 0.5807497374999999 0.487000328125 0.5841038015625 0.46833195625 0.6185726234375 0.41866892968749997 0.6471281078125