13 0.9277343765625 0.93408203125 0.9316406234375 0.96630859375 0.9482421875 0.9853515640625 0.9658203125 0.9853515640625 0.984375 0.96044921875 0.98046875 0.91943359375 0.95703125 0.90478515625 0.9345703125 0.9150390640625 0.9277343765625 0.93408203125
13 0.8671875 0.93115234375 0.8671875 0.96337890625 0.8896484375 0.98828125 0.9111328125 0.9853515640625 0.92578125 0.95166015625 0.9238281234375 0.92529296875 0.9091796875 0.90625 0.8955078125 0.912109375 0.8808593765625 0.90478515625 0.8671875 0.93115234375
13 0.80859375 0.96630859375 0.8212890625 0.9853515640625 0.8447265625 0.98828125 0.86328125 0.96337890625 0.86328125 0.92529296875 0.8505859375 0.9033203140625 0.8203125 0.90478515625 0.8105468765625 0.92236328125 0.80859375 0.96630859375
13 0.75390625 0.96337890625 0.7744140625 0.982421875 0.7958984375 0.9765625 0.80859375 0.94580078125 0.8046875 0.91943359375 0.7841796875 0.900390625 0.7675781234375 0.90185546875 0.7558593765625 0.91943359375 0.75390625 0.96337890625
13 0.69921875 0.96044921875 0.7177734375 0.9794921859375 0.7373046875 0.9765625 0.7519531234375 0.95166015625 0.75 0.91943359375 0.7373046875 0.900390625 0.7109375 0.89892578125 0.6972656234375 0.91943359375 0.69921875 0.96044921875
13 0.6386718765625 0.95458984375 0.6572265625 0.9765625 0.6728515625 0.9765625 0.6894531234375 0.96044921875 0.6933593765625 0.92236328125 0.6845703125 0.900390625 0.65234375 0.89892578125 0.6386718765625 0.91943359375 0.6386718765625 0.95458984375
13 0.5839843765625 0.96044921875 0.5986328125 0.9765625 0.6201171875 0.9765625 0.6347656234375 0.95458984375 0.6347656234375 0.91943359375 0.6181640625 0.8974609359375 0.5957031234375 0.89892578125 0.58203125 0.93408203125 0.5839843765625 0.96044921875
13 0.5253906234375 0.91357421875 0.5332031234375 0.93115234375 0.5214843765625 0.95458984375 0.5234375 0.96337890625 0.5361328125 0.9765625 0.5673828125 0.96484375 0.5800781234375 0.94287109375 0.5839843765625 0.90478515625 0.5371093765625 0.89892578125 0.5253906234375 0.91357421875
13 0.4765625 0.89892578125 0.46484375 0.91064453125 0.4628906234375 0.92529296875 0.46484375 0.94873046875 0.4736328125 0.9619140640625 0.5068359375 0.9677734359375 0.5292968765625 0.94287109375 0.53125 0.92529296875 0.5185546875 0.9091796859375 0.5009765625 0.8974609359375 0.4765625 0.89892578125
13 0.4121093765625 0.91650390625 0.4121093765625 0.94580078125 0.4267578125 0.96484375 0.4501953125 0.958984375 0.4628906234375 0.93701171875 0.4589843765625 0.90771484375 0.44140625 0.89892578125 0.4169921875 0.9033203140625 0.4121093765625 0.91650390625
13 0.36328125 0.91943359375 0.36328125 0.94287109375 0.3701171875 0.9560546859375 0.3916015625 0.9619140640625 0.41015625 0.94287109375 0.41015625 0.91650390625 0.3994140625 0.900390625 0.3837890625 0.9091796859375 0.3730468765625 0.90185546875 0.36328125 0.91943359375
13 0.3310546875 0.9619140640625 0.3505859375 0.953125 0.359375 0.93701171875 0.3535156234375 0.90478515625 0.3261718765625 0.89892578125 0.3125 0.91650390625 0.31640625 0.95166015625 0.3310546875 0.9619140640625
13 0.3105468765625 0.93994140625 0.3056640625 0.9033203140625 0.2753906234375 0.90185546875 0.265625 0.91943359375 0.2705078125 0.9501953140625 0.2958984375 0.9560546859375 0.3105468765625 0.93994140625
13 0.21875 0.94287109375 0.2314453125 0.9560546859375 0.2529296875 0.953125 0.2636718765625 0.93701171875 0.2636718765625 0.91064453125 0.2529296875 0.900390625 0.23046875 0.90185546875 0.2167968765625 0.92529296875 0.21875 0.94287109375
13 0.1738281234375 0.94873046875 0.1865234375 0.9619140640625 0.2080078125 0.9560546859375 0.2167968765625 0.93994140625 0.21484375 0.91357421875 0.2080078125 0.9033203140625 0.1855468765625 0.90478515625 0.171875 0.91943359375 0.1738281234375 0.94873046875
13 0.125 0.93994140625 0.1337890625 0.9560546859375 0.1474609375 0.9619140640625 0.1660156234375 0.94580078125 0.1699218765625 0.91357421875 0.1591796875 0.9033203140625 0.14453125 0.90478515625 0.1269531234375 0.91943359375 0.125 0.93994140625
13 0.1025390625 0.96484375 0.12109375 0.94873046875 0.12304687656249999 0.92236328125 0.1142578125 0.9091796859375 0.0859375 0.90771484375 0.07226562343750001 0.92822265625 0.0771484375 0.9560546859375 0.1025390625 0.96484375
13 0.0224609375 0.91796875 0.017578123437500003 0.93408203125 0.0234375 0.96044921875 0.0361328125 0.970703125 0.0595703125 0.9619140640625 0.0703125 0.93994140625 0.06835937656249999 0.92236328125 0.0595703125 0.9091796859375 0.033203123437499996 0.91064453125 0.0224609375 0.91796875
13 0.45703125 0.95458984375 0.4355468765625 0.97216796875 0.4365234375 1 0.4785156234375 0.99853515625 0.4824218765625 0.97216796875 0.45703125 0.95458984375
13 0.57421875 0.96044921875 0.5566406234375 0.97509765625 0.5576171875 1 0.6015625 0.99560546875 0.5927734375 0.970703125 0.57421875 0.96044921875
13 0.53125 0.97509765625 0.5205078125 0.9619140640625 0.51171875 0.96337890625 0.4873046875 0.970703125 0.4824218765625 0.99853515625 0.5302734375 1 0.53125 0.97509765625
13 0.4248046875 1 0.4316406234375 0.98974609375 0.4316406234375 0.96923828125 0.40625 0.94873046875 0.3886718765625 0.96337890625 0.3886718765625 0.99267578125 0.3935546875 1 0.4248046875 1
13 0.3837890625 1 0.38671875 0.96630859375 0.3574218765625 0.94580078125 0.3378906234375 0.96337890625 0.3359375 0.98974609375 0.3427734375 1 0.3837890625 1
13 0.30859375 0.94580078125 0.2871093765625 0.97216796875 0.2910156234375 0.99853515625 0.3271484375 1 0.3339843765625 0.96630859375 0.30859375 0.94580078125
13 0.2783203125 1 0.28515625 0.98681640625 0.2871093765625 0.96337890625 0.2636718765625 0.94287109375 0.2441406234375 0.96337890625 0.2421875 0.98681640625 0.2490234375 1 0.2783203125 1
13 0.2353515625 1 0.2421875 0.96337890625 0.2128906234375 0.94873046875 0.1933593765625 0.96923828125 0.1933593765625 0.99267578125 0.1982421875 1 0.2353515625 1
13 0.1806640625 1 0.19140625 0.98388671875 0.19140625 0.96337890625 0.16796875 0.94580078125 0.1484375 0.96630859375 0.1552734375 1 0.1806640625 1
13 0.1376953125 1 0.1425781234375 0.99267578125 0.1464843765625 0.96337890625 0.12304687656249999 0.95166015625 0.10546875 0.96630859375 0.1044921875 1 0.1376953125 1
13 0.06640625 0.95751953125 0.044921876562500004 0.97509765625 0.0419921875 1 0.09765625 0.99853515625 0.0986328125 0.9677734359375 0.06640625 0.95751953125
13 0.9990234375 0.8505859359375 1 0.78466796875 0.98046875 0.78173828125 0.9609375 0.80224609375 0.9609375 0.82861328125 0.9794921875 0.8505859359375 0.9990234375 0.8505859359375
13 0.9453125 0.75537109375 0.9599609375 0.7802734359375 0.9853515625 0.77734375 0.9980468765625 0.74365234375 0.9941406234375 0.72021484375 0.9697265625 0.7041015640625 0.95703125 0.70556640625 0.9433593765625 0.73193359375 0.9453125 0.75537109375
13 0.9482421875 0.7158203140625 0.9589843765625 0.69677734375 0.95703125 0.66455078125 0.9423828125 0.6484375 0.921875 0.64990234375 0.9121093765625 0.70556640625 0.9267578125 0.7216796859375 0.9482421875 0.7158203140625
13 1 0.65283203125 0.98828125 0.64697265625 0.9638671875 0.66015625 0.9609375 0.68505859375 0.9697265625 0.7041015640625 0.9951171875 0.7158203140625 1 0.71142578125 1 0.65283203125
13 0.94140625 0.63818359375 0.9541015625 0.6572265640625 0.9814453125 0.654296875 0.9941406234375 0.62939453125 0.9902343765625 0.59716796875 0.9775390625 0.5810546859375 0.9511718765625 0.58251953125 0.94140625 0.60009765625 0.94140625 0.63818359375
13 0.8808593765625 0.62060546875 0.9111328125 0.6484375 0.9287109375 0.642578125 0.9394531234375 0.62646484375 0.9394531234375 0.59716796875 0.9228515625 0.578125 0.8984375 0.57958984375 0.8808593765625 0.59716796875 0.8808593765625 0.62060546875
13 0.85546875 0.67919921875 0.8720703125 0.701171875 0.9013671875 0.70703125 0.9160156234375 0.69091796875 0.9199218765625 0.65869140625 0.9150390625 0.6484375 0.8828125 0.63232421875 0.8574218765625 0.65576171875 0.85546875 0.67919921875
13 0.8339843765625 0.76123046875 0.8623046875 0.7861328140625 0.8935546875 0.771484375 0.90234375 0.74658203125 0.8964843765625 0.72021484375 0.8837890625 0.70703125 0.8574218765625 0.70263671875 0.83203125 0.72900390625 0.8339843765625 0.76123046875
13 0.8964843765625 0.78759765625 0.9150390625 0.8125 0.9365234375 0.806640625 0.9472656234375 0.79052734375 0.9453125 0.75537109375 0.9306640625 0.7333984359375 0.91015625 0.73486328125 0.8964843765625 0.76708984375 0.8964843765625 0.78759765625
13 0.796875 0.80517578125 0.8115234375 0.8330078140625 0.8408203125 0.8388671859375 0.8535156234375 0.81689453125 0.8535156234375 0.79345703125 0.8330078125 0.7626953140625 0.81640625 0.76123046875 0.7988281234375 0.77294921875 0.796875 0.80517578125
13 0.85546875 0.79931640625 0.85546875 0.83447265625 0.8740234375 0.859375 0.8974609375 0.8505859359375 0.90625 0.82568359375 0.9003906234375 0.79638671875 0.8847656234375 0.78173828125 0.8662109375 0.7861328140625 0.85546875 0.79931640625
13 0.7441406234375 0.80810546875 0.7587890625 0.82421875 0.7880859375 0.8154296859375 0.7949218765625 0.80517578125 0.79296875 0.77880859375 0.7802734375 0.7626953140625 0.76171875 0.75830078125 0.7421875 0.77587890625 0.7441406234375 0.80810546875
13 0.7998046875 0.7685546859375 0.8222656234375 0.74951171875 0.8173828125 0.724609375 0.7919921875 0.701171875 0.78125 0.70263671875 0.7636718765625 0.72607421875 0.7705078125 0.7568359359375 0.7998046875 0.7685546859375
13 0.7910156234375 0.69384765625 0.8134765625 0.7216796859375 0.8349609375 0.7216796859375 0.8496093765625 0.70556640625 0.8535156234375 0.66748046875 0.8466796875 0.654296875 0.8203125 0.64111328125 0.79296875 0.66162109375 0.7910156234375 0.69384765625
13 0.8222656234375 0.63232421875 0.8349609375 0.6484375 0.8583984375 0.6513671859375 0.875 0.63525390625 0.87890625 0.60595703125 0.8701171875 0.583984375 0.84765625 0.57958984375 0.82421875 0.59716796875 0.8222656234375 0.63232421875
13 0.7578125 0.63818359375 0.7802734375 0.6572265640625 0.8115234375 0.6484375 0.8203125 0.62939453125 0.81640625 0.59423828125 0.8037109375 0.5810546859375 0.7753906234375 0.58251953125 0.7558593765625 0.60595703125 0.7578125 0.63818359375
13 0.6933593765625 0.62646484375 0.7099609375 0.6513671859375 0.7333984375 0.654296875 0.7519531234375 0.63818359375 0.75390625 0.60302734375 0.7412109375 0.5810546859375 0.7207031234375 0.57666015625 0.6972656234375 0.59423828125 0.6933593765625 0.62646484375
13 0.7431640625 0.7099609359375 0.7705078125 0.712890625 0.7871093765625 0.68505859375 0.78515625 0.66748046875 0.75 0.64111328125 0.7265625 0.65869140625 0.7265625 0.68505859375 0.7431640625 0.7099609359375
13 0.6640625 0.68798828125 0.6826171875 0.7158203140625 0.7119140625 0.7158203140625 0.7246093765625 0.69384765625 0.72265625 0.65869140625 0.6962890625 0.63671875 0.6875 0.63818359375 0.6621093765625 0.66162109375 0.6640625 0.68798828125
13 0.703125 0.75537109375 0.7216796875 0.7744140640625 0.7431640625 0.7744140640625 0.7597656234375 0.75244140625 0.7636718765625 0.72607421875 0.7587890625 0.7158203140625 0.7246093765625 0.69970703125 0.703125 0.72021484375 0.703125 0.75537109375
13 0.6796875 0.81396484375 0.6943359375 0.8359375 0.7119140625 0.8388671859375 0.7314453125 0.8271484359375 0.73828125 0.79931640625 0.7275390625 0.77734375 0.7050781234375 0.76708984375 0.6816406234375 0.78466796875 0.6796875 0.81396484375
13 0.6386718765625 0.75244140625 0.6611328125 0.7802734359375 0.6806640625 0.783203125 0.6972656234375 0.76123046875 0.69921875 0.73193359375 0.6669921875 0.701171875 0.6582031234375 0.70263671875 0.6386718765625 0.72021484375 0.6386718765625 0.75244140625
13 0.6035156234375 0.81103515625 0.6220703125 0.8388671859375 0.6533203125 0.8359375 0.6640625 0.81396484375 0.66015625 0.78173828125 0.6396484375 0.7626953140625 0.6230468765625 0.76416015625 0.6035156234375 0.78466796875 0.6035156234375 0.81103515625
13 0.5390625 0.81396484375 0.5556640625 0.8388671859375 0.5751953125 0.8388671859375 0.59375 0.81689453125 0.59375 0.78759765625 0.5771484375 0.7685546859375 0.55859375 0.76708984375 0.5410156234375 0.78759765625 0.5390625 0.81396484375
13 0.5644531234375 0.72314453125 0.5644531234375 0.75537109375 0.5712890625 0.765625 0.6005859375 0.7802734359375 0.62109375 0.76123046875 0.6230468765625 0.73193359375 0.6142578125 0.7158203140625 0.6044921875 0.70703125 0.5800781234375 0.70849609375 0.5644531234375 0.72314453125
13 0.6152343765625 0.64111328125 0.6025390625 0.6484375 0.5957031234375 0.66455078125 0.5957031234375 0.68798828125 0.6044921875 0.70703125 0.6142578125 0.7158203140625 0.6416015625 0.7158203140625 0.6582031234375 0.69970703125 0.6572265625 0.6630859359375 0.6259765625 0.6396484359375 0.6152343765625 0.64111328125
13 0.62890625 0.64404296875 0.6552734375 0.66015625 0.6787109375 0.6484375 0.69140625 0.62353515625 0.6894531234375 0.59423828125 0.6748046875 0.5810546859375 0.6425781234375 0.57958984375 0.625 0.60302734375 0.62890625 0.64404296875
13 0.55859375 0.59716796875 0.5605468765625 0.62353515625 0.5849609375 0.6484375 0.6162109375 0.6396484359375 0.625 0.62060546875 0.62109375 0.59716796875 0.58984375 0.57373046875 0.5644531234375 0.58251953125 0.55859375 0.59716796875
13 0.4980468765625 0.60302734375 0.4941406234375 0.63818359375 0.5087890625 0.6572265640625 0.5263671875 0.66015625 0.5439453125 0.6513671859375 0.5566406234375 0.63232421875 0.55859375 0.60888671875 0.5498046875 0.583984375 0.5214843765625 0.57958984375 0.4980468765625 0.60302734375
13 0.53125 0.68505859375 0.5400390625 0.6982421859375 0.5693359375 0.7099609359375 0.5917968765625 0.68798828125 0.5957031234375 0.66162109375 0.5908203125 0.6484375 0.5566406234375 0.63525390625 0.5332031234375 0.65869140625 0.53125 0.68505859375
13 0.5048828125 0.7158203140625 0.4941406234375 0.74658203125 0.49609375 0.76708984375 0.5146484375 0.7861328140625 0.5439453125 0.7802734359375 0.5625 0.74951171875 0.55859375 0.71435546875 0.5517578125 0.7041015640625 0.5292968765625 0.69970703125 0.5048828125 0.7158203140625
13 0.45703125 0.66748046875 0.45703125 0.68505859375 0.4716796875 0.7099609359375 0.4931640625 0.7216796859375 0.51953125 0.69677734375 0.5214843765625 0.67041015625 0.4902343765625 0.64111328125 0.4658203125 0.6513671859375 0.45703125 0.66748046875
13 0.4316406234375 0.60009765625 0.4316406234375 0.62939453125 0.4462890625 0.6455078140625 0.4677734375 0.6513671859375 0.4892578125 0.6396484359375 0.4941406234375 0.62646484375 0.4902343765625 0.58837890625 0.4775390625 0.578125 0.4511718765625 0.57958984375 0.4316406234375 0.60009765625
13 0.3652343765625 0.63232421875 0.3857421875 0.6572265640625 0.4208984375 0.6455078140625 0.4316406234375 0.62060546875 0.4296875 0.60009765625 0.4111328125 0.578125 0.3847656234375 0.57958984375 0.3671875 0.59716796875 0.3652343765625 0.63232421875
13 0.39453125 0.65869140625 0.3964843765625 0.68212890625 0.4150390625 0.701171875 0.4384765625 0.6982421859375 0.4550781234375 0.67626953125 0.45703125 0.65283203125 0.4277343765625 0.63232421875 0.4208984375 0.6455078140625 0.39453125 0.65869140625
13 0.4423828125 0.771484375 0.4794921875 0.759765625 0.484375 0.72607421875 0.4580078125 0.6953125 0.44140625 0.69677734375 0.4238281234375 0.70849609375 0.421875 0.75244140625 0.4423828125 0.771484375
13 0.4580078125 0.771484375 0.44921875 0.78759765625 0.44921875 0.81689453125 0.4677734375 0.841796875 0.4892578125 0.8447265640625 0.5078125 0.82568359375 0.51171875 0.79931640625 0.4931640625 0.765625 0.4746093765625 0.76416015625 0.4580078125 0.771484375
13 0.3847656234375 0.79345703125 0.3847656234375 0.81103515625 0.3974609375 0.8271484359375 0.4189453125 0.8271484359375 0.44140625 0.79638671875 0.4365234375 0.7685546859375 0.4121093765625 0.76123046875 0.3955078125 0.771484375 0.3847656234375 0.79345703125
13 0.35546875 0.74365234375 0.3779296875 0.7685546859375 0.4013671875 0.7685546859375 0.41796875 0.74951171875 0.4199218765625 0.71728515625 0.4072265625 0.6953125 0.38671875 0.69091796875 0.3613281234375 0.70849609375 0.35546875 0.74365234375
13 0.3564453125 0.7041015640625 0.3837890625 0.6923828140625 0.390625 0.65869140625 0.3642578125 0.630859375 0.35546875 0.63232421875 0.3300781234375 0.64990234375 0.3339843765625 0.68212890625 0.3564453125 0.7041015640625
13 0.3212890625 0.7568359359375 0.3447265625 0.748046875 0.3535156234375 0.72314453125 0.3535156234375 0.70849609375 0.3222656234375 0.67333984375 0.29296875 0.70556640625 0.30078125 0.74365234375 0.3212890625 0.7568359359375
13 0.2509765625 0.771484375 0.2744140625 0.7685546859375 0.2910156234375 0.74365234375 0.2910156234375 0.70556640625 0.2636718765625 0.68505859375 0.2363281234375 0.71728515625 0.2363281234375 0.74951171875 0.2509765625 0.771484375
13 0.2822265625 0.6953125 0.3037109375 0.6953125 0.3203125 0.67041015625 0.3222656234375 0.64990234375 0.2988281234375 0.63232421875 0.26953125 0.65283203125 0.26953125 0.67333984375 0.2822265625 0.6953125
13 0.3027343765625 0.60009765625 0.3027343765625 0.62353515625 0.3173828125 0.6455078140625 0.3447265625 0.6396484359375 0.3613281234375 0.62060546875 0.3613281234375 0.58837890625 0.3359375 0.57666015625 0.3115234375 0.5810546859375 0.3027343765625 0.60009765625
13 0.2421875 0.62939453125 0.2626953125 0.6513671859375 0.2880859375 0.6455078140625 0.30078125 0.62646484375 0.30078125 0.60009765625 0.2880859375 0.5810546859375 0.2558593765625 0.57666015625 0.2402343765625 0.59716796875 0.2421875 0.62939453125
13 0.1640625 0.62646484375 0.1767578125 0.6484375 0.2041015625 0.6513671859375 0.2265625 0.62646484375 0.2265625 0.60009765625 0.2197265625 0.583984375 0.1816406234375 0.57958984375 0.1640625 0.60009765625 0.1640625 0.62646484375
13 0.203125 0.68212890625 0.2177734375 0.70703125 0.2412109375 0.70703125 0.2597656234375 0.68505859375 0.2636718765625 0.65869140625 0.2412109375 0.630859375 0.2285156234375 0.62939453125 0.2050781234375 0.65283203125 0.203125 0.68212890625
13 0.1328125 0.69091796875 0.1494140625 0.70703125 0.1669921875 0.70703125 0.18359375 0.69091796875 0.1894531234375 0.66162109375 0.1669921875 0.63671875 0.15625 0.63818359375 0.1347656234375 0.66162109375 0.1328125 0.69091796875
13 0.09570312343750001 0.62646484375 0.1103515625 0.6484375 0.1357421875 0.6572265640625 0.15625 0.63525390625 0.1582031234375 0.60302734375 0.1435546875 0.5810546859375 0.12109375 0.57958984375 0.09765625 0.59716796875 0.09570312343750001 0.62646484375
13 0.0292968765625 0.62353515625 0.0419921875 0.6455078140625 0.0693359375 0.6572265640625 0.08984375 0.63818359375 0.09375 0.60302734375 0.0791015625 0.5810546859375 0.0527343765625 0.57958984375 0.03125 0.60009765625 0.0292968765625 0.62353515625
13 0.06640625 0.69970703125 0.0810546875 0.71875 0.0966796875 0.7216796859375 0.12109375 0.69970703125 0.125 0.67041015625 0.1083984375 0.6455078140625 0.08789062343750001 0.64404296875 0.06835937656249999 0.66162109375 0.06640625 0.69970703125
13 0.0546875 0.69384765625 0.0546875 0.65869140625 0.0292968765625 0.64111328125 0 0.65869140625 0.0009765625 0.7099609359375 0.0341796875 0.7158203140625 0.0546875 0.69384765625
13 0.1123046875 0.712890625 0.0859375 0.72607421875 0.08984375 0.75537109375 0.1123046875 0.7802734359375 0.1376953125 0.77734375 0.1582031234375 0.74658203125 0.1582031234375 0.72021484375 0.1494140625 0.70703125 0.12304687656249999 0.69677734375 0.1123046875 0.712890625
13 0.1660156234375 0.73193359375 0.1826171875 0.75390625 0.2041015625 0.75390625 0.22265625 0.73193359375 0.22265625 0.70849609375 0.2021484375 0.6865234359375 0.1875 0.68798828125 0.1660156234375 0.71142578125 0.1660156234375 0.73193359375
13 0.2011718765625 0.79931640625 0.2158203125 0.8212890640625 0.2314453125 0.8212890640625 0.2441406234375 0.80810546875 0.2480468765625 0.77294921875 0.2314453125 0.7421875 0.21875 0.74072265625 0.19921875 0.76123046875 0.2011718765625 0.79931640625
13 0.1591796875 0.7509765640625 0.1484375 0.76708984375 0.1464843765625 0.79052734375 0.1630859375 0.8212890640625 0.1806640625 0.82421875 0.1953125 0.81103515625 0.19921875 0.77880859375 0.1923828125 0.7626953140625 0.1699218765625 0.74951171875 0.1591796875 0.7509765640625
13 0.03515625 0.81396484375 0.0537109375 0.8359375 0.0830078125 0.8271484359375 0.1015625 0.79345703125 0.09765625 0.77001953125 0.0869140625 0.75390625 0.0625 0.74951171875 0.033203123437499996 0.78173828125 0.03515625 0.81396484375
13 0.09570312343750001 0.83447265625 0.1025390625 0.8505859359375 0.1220703125 0.8564453140625 0.1425781234375 0.83447265625 0.1484375 0.79931640625 0.1396484375 0.7802734359375 0.11523437656249999 0.78173828125 0.09960937656249999 0.80224609375 0.09570312343750001 0.83447265625
13 0.0009765625 0.7099609359375 0 0.75830078125 0.0166015625 0.771484375 0.0419921875 0.765625 0.0566406234375 0.74365234375 0.0566406234375 0.71728515625 0.046875 0.70556640625 0.0341796875 0.7158203140625 0.0009765625 0.7099609359375
13 0 0.88134765625 0.0107421875 0.8828125 0.0390625 0.85498046875 0.041015623437499996 0.82861328125 0.0244140625 0.7978515640625 0 0.79345703125 0 0.88134765625
13 0.3222656234375 0.80810546875 0.3369140625 0.8271484359375 0.3564453125 0.8271484359375 0.3808593765625 0.79931640625 0.3828125 0.78173828125 0.3583984375 0.7509765640625 0.33984375 0.75244140625 0.3222656234375 0.77587890625 0.3222656234375 0.80810546875
13 1 0.45361328125 0.984375 0.44775390625 0.9667968765625 0.46826171875 0.9667968765625 0.49462890625 0.9794921875 0.5107421859375 0.9951171875 0.5107421859375 1 0.50634765625 1 0.45361328125
13 0.9482421875 0.466796875 0.9677734375 0.4638671859375 0.98046875 0.44189453125 0.98046875 0.42431640625 0.9609375 0.40380859375 0.9384765625 0.4169921859375 0.9316406234375 0.43603515625 0.9482421875 0.466796875
13 0.8964843765625 0.48876953125 0.9150390625 0.5107421859375 0.9345703125 0.5048828140625 0.9433593765625 0.48583984375 0.9433593765625 0.46240234375 0.9267578125 0.4404296859375 0.9121093765625 0.44189453125 0.9003906234375 0.45361328125 0.8964843765625 0.48876953125
13 0.8740234375 0.408203125 0.8916015625 0.4111328140625 0.91015625 0.39208984375 0.9121093765625 0.36865234375 0.8847656234375 0.34228515625 0.8652343765625 0.35986328125 0.86328125 0.39208984375 0.8740234375 0.408203125
13 0.8925781234375 0.33642578125 0.9033203125 0.35546875 0.9189453125 0.361328125 0.9355468765625 0.34814453125 0.9394531234375 0.31298828125 0.9208984375 0.291015625 0.91015625 0.29248046875 0.8925781234375 0.31298828125 0.8925781234375 0.33642578125
13 0.86328125 0.28369140625 0.8759765625 0.3056640640625 0.8935546875 0.30859375 0.91015625 0.28662109375 0.91015625 0.25732421875 0.9033203125 0.2412109359375 0.87890625 0.23974609375 0.8671875 0.25146484375 0.86328125 0.28369140625
13 0.8105468765625 0.28076171875 0.8212890625 0.3056640640625 0.8388671875 0.3115234359375 0.85546875 0.29541015625 0.8613281234375 0.26025390625 0.8544921875 0.244140625 0.828125 0.23974609375 0.81640625 0.25146484375 0.8105468765625 0.28076171875
13 0.7636718765625 0.28662109375 0.7763671875 0.3115234359375 0.7919921875 0.314453125 0.8066406234375 0.30126953125 0.8105468765625 0.26318359375 0.8017578125 0.244140625 0.78125 0.23974609375 0.7675781234375 0.25439453125 0.7636718765625 0.28662109375
13 0.7128906234375 0.28662109375 0.7255859375 0.3115234359375 0.7431640625 0.314453125 0.7597656234375 0.29541015625 0.76171875 0.26318359375 0.7470703125 0.2353515640625 0.734375 0.23681640625 0.7167968765625 0.25732421875 0.7128906234375 0.28662109375
13 0.66796875 0.29541015625 0.6826171875 0.3115234359375 0.7080078125 0.2998046859375 0.7128906234375 0.28955078125 0.7109375 0.25439453125 0.7041015625 0.244140625 0.67578125 0.24560546875 0.6660156234375 0.26318359375 0.66796875 0.29541015625
13 0.6484375 0.51220703125 0.6572265625 0.53125 0.6748046875 0.537109375 0.6933593765625 0.51806640625 0.6972656234375 0.47705078125 0.6865234375 0.4609375 0.6699218765625 0.45947265625 0.6542968765625 0.47412109375 0.6484375 0.51220703125
13 0.68359375 0.45068359375 0.6943359375 0.4697265640625 0.7099609375 0.478515625 0.7265625 0.46240234375 0.7285156234375 0.43310546875 0.7138671875 0.4140625 0.7011718765625 0.41552734375 0.6875 0.42724609375 0.68359375 0.45068359375
13 0.6708984375 0.419921875 0.6904296875 0.4228515640625 0.70703125 0.40380859375 0.70703125 0.37451171875 0.6816406234375 0.35400390625 0.66015625 0.37158203125 0.6582031234375 0.39794921875 0.6708984375 0.419921875
13 0.6855468765625 0.33349609375 0.6894531234375 0.35693359375 0.7001953125 0.3701171859375 0.7236328125 0.3671875 0.734375 0.34521484375 0.73046875 0.31591796875 0.7089843765625 0.30126953125 0.6943359375 0.3115234359375 0.6855468765625 0.33349609375
13 0.7363281234375 0.35400390625 0.7431640625 0.3671875 0.7626953125 0.3759765640625 0.7832031234375 0.35693359375 0.78515625 0.32763671875 0.7744140625 0.30859375 0.7597656234375 0.30126953125 0.73828125 0.32177734375 0.7363281234375 0.35400390625
13 0.859375 0.40087890625 0.8613281234375 0.36865234375 0.8339843765625 0.34814453125 0.8125 0.38330078125 0.8232421875 0.4140625 0.8427734375 0.419921875 0.859375 0.40087890625
13 0.8359375 0.33056640625 0.8447265625 0.3525390640625 0.8662109375 0.3583984359375 0.8808593765625 0.34228515625 0.8828125 0.31591796875 0.8681640625 0.296875 0.8574218765625 0.29541015625 0.8378906234375 0.31591796875 0.8359375 0.33056640625
13 0.7871093765625 0.34521484375 0.8037109375 0.3701171859375 0.8154296875 0.3701171859375 0.8300781234375 0.35400390625 0.8339843765625 0.33056640625 0.8291015625 0.3115234359375 0.80859375 0.30126953125 0.7890625 0.31884765625 0.7871093765625 0.34521484375
13 0.8613281234375 0.50341796875 0.8681640625 0.5166015640625 0.8818359375 0.51953125 0.8964843765625 0.50927734375 0.8984375 0.49169921875 0.89453125 0.47119140625 0.87890625 0.46240234375 0.8652343765625 0.47119140625 0.8613281234375 0.50341796875
13 0.9160156234375 0.39501953125 0.9306640625 0.4169921859375 0.9482421875 0.4169921859375 0.9628906234375 0.39501953125 0.9628906234375 0.37158203125 0.9521484375 0.35546875 0.9355468765625 0.35107421875 0.9199218765625 0.36572265625 0.9160156234375 0.39501953125
13 0.94140625 0.33935546875 0.9599609375 0.361328125 0.9736328125 0.361328125 0.9863281234375 0.34521484375 0.98828125 0.31884765625 0.9833984375 0.3056640640625 0.96484375 0.29248046875 0.9433593765625 0.31005859375 0.94140625 0.33935546875
13 0.9199218765625 0.28662109375 0.9365234375 0.3056640640625 0.9521484375 0.3056640640625 0.96875 0.27197265625 0.9443359375 0.267578125 0.9433593765625 0.24267578125 0.9296875 0.23974609375 0.91796875 0.26611328125 0.9199218765625 0.28662109375
13 1 0.36572265625 0.984375 0.35400390625 0.9697265625 0.3642578140625 0.9628906234375 0.38330078125 0.9628906234375 0.40087890625 0.9814453125 0.419921875 1 0.40966796875 1 0.36572265625
13 0.7939453125 0.4580078140625 0.8154296875 0.466796875 0.8339843765625 0.43603515625 0.8271484375 0.4169921859375 0.80859375 0.40380859375 0.7871093765625 0.43017578125 0.7871093765625 0.44482421875 0.7939453125 0.4580078140625
13 0.76171875 0.40087890625 0.7705078125 0.419921875 0.7919921875 0.42578125 0.8066406234375 0.40673828125 0.80859375 0.38623046875 0.8017578125 0.3671875 0.78125 0.35986328125 0.76171875 0.38037109375 0.76171875 0.40087890625
13 0.8183593765625 0.49462890625 0.8310546875 0.513671875 0.8447265625 0.513671875 0.8574218765625 0.49462890625 0.859375 0.47119140625 0.8525390625 0.4580078140625 0.8359375 0.45068359375 0.8203125 0.46533203125 0.8183593765625 0.49462890625
13 0.8417968765625 0.43896484375 0.8564453125 0.4638671859375 0.8720703125 0.466796875 0.8886718765625 0.44775390625 0.890625 0.42431640625 0.8857421875 0.4111328140625 0.86328125 0.39794921875 0.84375 0.42138671875 0.8417968765625 0.43896484375
13 0.7109375 0.51513671875 0.7216796875 0.53125 0.7431640625 0.53125 0.7578125 0.50927734375 0.7578125 0.48583984375 0.7412109375 0.4638671859375 0.7265625 0.46533203125 0.7128906234375 0.47998046875 0.7109375 0.51513671875
13 0.7714843765625 0.50634765625 0.7861328125 0.5283203140625 0.8037109375 0.5283203140625 0.81640625 0.50341796875 0.81640625 0.48291015625 0.8017578125 0.4609375 0.78515625 0.46240234375 0.7714843765625 0.48291015625 0.7714843765625 0.50634765625
13 0.78515625 0.45947265625 0.7871093765625 0.43603515625 0.7558593765625 0.40966796875 0.73828125 0.43017578125 0.73828125 0.45654296875 0.7646484375 0.4814453140625 0.78515625 0.45947265625
13 0.625 0.44482421875 0.6396484375 0.466796875 0.6552734375 0.4697265640625 0.671875 0.45361328125 0.6738281234375 0.43017578125 0.6572265625 0.40234375 0.64453125 0.40380859375 0.62890625 0.41552734375 0.625 0.44482421875
13 0.6074218765625 0.38037109375 0.6201171875 0.40234375 0.6416015625 0.4052734359375 0.6542968765625 0.38916015625 0.6542968765625 0.36279296875 0.6416015625 0.34375 0.6269531234375 0.34228515625 0.609375 0.35693359375 0.6074218765625 0.38037109375
13 0.68359375 0.34814453125 0.6855468765625 0.31884765625 0.6621093765625 0.29833984375 0.64453125 0.31591796875 0.6425781234375 0.34228515625 0.6650390625 0.3642578140625 0.68359375 0.34814453125
13 0.6152343765625 0.29248046875 0.6298828125 0.3115234359375 0.6513671875 0.3115234359375 0.6640625 0.28662109375 0.6621093765625 0.25439453125 0.6474609375 0.23828125 0.6308593765625 0.23974609375 0.6152343765625 0.26025390625 0.6152343765625 0.29248046875
13 0.5410156234375 0.33056640625 0.5556640625 0.3525390640625 0.5693359375 0.3525390640625 0.58203125 0.33935546875 0.5859375 0.30712890625 0.5712890625 0.291015625 0.5605468765625 0.29248046875 0.5449218765625 0.30419921875 0.5410156234375 0.33056640625
13 0.5859375 0.33056640625 0.5966796875 0.349609375 0.6123046875 0.3525390640625 0.6269531234375 0.33642578125 0.62890625 0.31298828125 0.6142578125 0.2939453140625 0.6035156234375 0.29541015625 0.5878906234375 0.31005859375 0.5859375 0.33056640625
13 0.5703125 0.28662109375 0.5869140625 0.302734375 0.6005859375 0.296875 0.609375 0.28369140625 0.6113281234375 0.26025390625 0.6005859375 0.244140625 0.578125 0.24267578125 0.5683593765625 0.25732421875 0.5703125 0.28662109375
13 0.5214843765625 0.28076171875 0.5361328125 0.2998046859375 0.5498046875 0.2998046859375 0.56640625 0.28076171875 0.56640625 0.25439453125 0.5517578125 0.23828125 0.53515625 0.23974609375 0.5234375 0.25439453125 0.5214843765625 0.28076171875
13 0.47265625 0.27490234375 0.4892578125 0.296875 0.5048828125 0.296875 0.5175781234375 0.28076171875 0.5175781234375 0.25146484375 0.5048828125 0.23828125 0.484375 0.23974609375 0.4746093765625 0.25146484375 0.47265625 0.27490234375
13 0.42578125 0.28076171875 0.4365234375 0.2998046859375 0.4541015625 0.302734375 0.4707031234375 0.28369140625 0.4707031234375 0.25146484375 0.4599609375 0.23828125 0.44140625 0.23681640625 0.4277343765625 0.24853515625 0.42578125 0.28076171875
13 0.37109375 0.28369140625 0.3896484375 0.30859375 0.4072265625 0.30859375 0.42578125 0.28662109375 0.4238281234375 0.25439453125 0.4091796875 0.23828125 0.39453125 0.23681640625 0.3769531234375 0.24853515625 0.37109375 0.28369140625
13 0.3183593765625 0.28076171875 0.3271484375 0.2998046859375 0.3486328125 0.3056640640625 0.3671875 0.28662109375 0.3691406234375 0.26025390625 0.3623046875 0.244140625 0.3378906234375 0.23681640625 0.3203125 0.25146484375 0.3183593765625 0.28076171875
13 0.2714843765625 0.28662109375 0.2880859375 0.302734375 0.3037109375 0.2998046859375 0.31640625 0.27783203125 0.31640625 0.25732421875 0.3056640625 0.2412109359375 0.28125 0.23974609375 0.26953125 0.26025390625 0.2714843765625 0.28662109375
13 0.22265625 0.28662109375 0.2373046875 0.302734375 0.2587890625 0.296875 0.2675781234375 0.28076171875 0.2675781234375 0.25439453125 0.2548828125 0.2412109359375 0.2324218765625 0.24267578125 0.22265625 0.25732421875 0.22265625 0.28662109375
13 0.17578125 0.28955078125 0.1884765625 0.2998046859375 0.2080078125 0.296875 0.2207031234375 0.27490234375 0.21875 0.25732421875 0.2060546875 0.2412109359375 0.1855468765625 0.23974609375 0.171875 0.26025390625 0.17578125 0.28955078125
13 0.125 0.28955078125 0.1357421875 0.3056640640625 0.1572265625 0.3056640640625 0.171875 0.28369140625 0.1699218765625 0.25439453125 0.1591796875 0.2412109359375 0.13671875 0.24267578125 0.125 0.26025390625 0.125 0.28955078125
13 0.07226562343750001 0.28662109375 0.0869140625 0.3056640640625 0.1103515625 0.3056640640625 0.12304687656249999 0.28662109375 0.12304687656249999 0.26025390625 0.1181640625 0.2470703140625 0.09179687656249999 0.23681640625 0.07421875 0.25732421875 0.07226562343750001 0.28662109375
13 0.0253906234375 0.28662109375 0.0439453125 0.3056640640625 0.0595703125 0.302734375 0.07226562343750001 0.28369140625 0.07226562343750001 0.25732421875 0.0615234375 0.2412109359375 0.041015623437499996 0.23681640625 0.0253906234375 0.26025390625 0.0253906234375 0.28662109375
13 0.59375 0.48876953125 0.6064453125 0.5048828140625 0.6201171875 0.5078125 0.6386718765625 0.48876953125 0.6386718765625 0.46826171875 0.6259765625 0.44921875 0.61328125 0.44775390625 0.5957031234375 0.46240234375 0.59375 0.48876953125
13 0.5966796875 0.44921875 0.6103515625 0.44921875 0.6230468765625 0.43603515625 0.625 0.40673828125 0.6015625 0.38916015625 0.5839843765625 0.40380859375 0.58203125 0.43017578125 0.5966796875 0.44921875
13 0.5771484375 0.396484375 0.5927734375 0.396484375 0.60546875 0.38330078125 0.6074218765625 0.36279296875 0.5839843765625 0.33935546875 0.56640625 0.35400390625 0.5644531234375 0.38037109375 0.5771484375 0.396484375
13 0.5175781234375 0.38330078125 0.5302734375 0.40234375 0.5517578125 0.40234375 0.5625 0.38037109375 0.5605468765625 0.35693359375 0.5458984375 0.3408203140625 0.53515625 0.34228515625 0.5175781234375 0.35693359375 0.5175781234375 0.38330078125
13 0.5576171875 0.443359375 0.5712890625 0.4404296859375 0.58203125 0.42138671875 0.58203125 0.40380859375 0.5605468765625 0.38916015625 0.5410156234375 0.40673828125 0.5410156234375 0.43017578125 0.5576171875 0.443359375
13 0.5654296875 0.4990234359375 0.5869140625 0.49609375 0.59375 0.45654296875 0.5810546875 0.4404296859375 0.5644531234375 0.44189453125 0.55078125 0.45361328125 0.55078125 0.47705078125 0.5654296875 0.4990234359375
13 0.5175781234375 0.50634765625 0.5214843765625 0.52685546875 0.5322265625 0.5400390640625 0.5458984375 0.537109375 0.55859375 0.51513671875 0.5546875 0.48583984375 0.5410156234375 0.47412109375 0.5263671875 0.478515625 0.5175781234375 0.50634765625
13 0.5214843765625 0.48876953125 0.51953125 0.46240234375 0.4980468765625 0.45068359375 0.4765625 0.48583984375 0.4892578125 0.5166015640625 0.5107421875 0.513671875 0.5214843765625 0.48876953125
13 0.5107421875 0.455078125 0.5302734375 0.44921875 0.5410156234375 0.42724609375 0.5361328125 0.4052734359375 0.515625 0.39501953125 0.4941406234375 0.42138671875 0.4980468765625 0.44189453125 0.5107421875 0.455078125
13 0.46875 0.38916015625 0.4814453125 0.408203125 0.4990234375 0.408203125 0.515625 0.38916015625 0.515625 0.35693359375 0.5029296875 0.34375 0.48828125 0.34521484375 0.4707031234375 0.35986328125 0.46875 0.38916015625
13 0.4980468765625 0.33349609375 0.5087890625 0.349609375 0.5244140625 0.349609375 0.5390625 0.33349609375 0.5410156234375 0.31005859375 0.5302734375 0.2939453140625 0.5136718765625 0.28955078125 0.5 0.30419921875 0.4980468765625 0.33349609375
13 0.4619140625 0.349609375 0.4775390625 0.3525390640625 0.49609375 0.33349609375 0.49609375 0.30126953125 0.4707031234375 0.28955078125 0.453125 0.30712890625 0.4511718765625 0.33056640625 0.4619140625 0.349609375
13 0.3652343765625 0.50634765625 0.3779296875 0.525390625 0.4013671875 0.5224609359375 0.4121093765625 0.50634765625 0.4121093765625 0.47705078125 0.3955078125 0.4580078140625 0.3828125 0.45947265625 0.3671875 0.47412109375 0.3652343765625 0.50634765625
13 0.4306640625 0.513671875 0.4521484375 0.5078125 0.4609375 0.48876953125 0.4589843765625 0.46533203125 0.44140625 0.45068359375 0.4199218765625 0.47119140625 0.4199218765625 0.50048828125 0.4306640625 0.513671875
13 0.4599609375 0.4638671859375 0.4794921875 0.4697265640625 0.4941406234375 0.44775390625 0.4941406234375 0.41259765625 0.46875 0.40087890625 0.4511718765625 0.42431640625 0.44921875 0.43896484375 0.4599609375 0.4638671859375
13 0.4199218765625 0.38330078125 0.421875 0.40673828125 0.4345703125 0.4228515640625 0.4521484375 0.4228515640625 0.46875 0.39794921875 0.4667968765625 0.36865234375 0.4472656234375 0.35400390625 0.4287109375 0.3642578140625 0.4199218765625 0.38330078125
13 0.40234375 0.33349609375 0.4130859375 0.3583984359375 0.4326171875 0.3642578140625 0.44921875 0.34814453125 0.4511718765625 0.32470703125 0.4462890625 0.3056640640625 0.42578125 0.29541015625 0.4042968765625 0.31298828125 0.40234375 0.33349609375
13 0.34375 0.33349609375 0.3525390625 0.3525390640625 0.3759765625 0.3583984359375 0.3925781234375 0.33935546875 0.3925781234375 0.31298828125 0.3759765625 0.2939453140625 0.3613281234375 0.29541015625 0.3457031234375 0.31005859375 0.34375 0.33349609375
13 0.390625 0.44775390625 0.4072265625 0.466796875 0.4189453125 0.466796875 0.43359375 0.44775390625 0.4355468765625 0.42724609375 0.4189453125 0.4052734359375 0.4121093765625 0.40673828125 0.3925781234375 0.41552734375 0.390625 0.44775390625
13 0.3837890625 0.4052734359375 0.4013671875 0.4111328140625 0.4160156234375 0.40087890625 0.4199218765625 0.36865234375 0.39453125 0.33935546875 0.375 0.35986328125 0.375 0.38916015625 0.3837890625 0.4052734359375
13 0.31640625 0.38623046875 0.3251953125 0.408203125 0.3447265625 0.4140625 0.3652343765625 0.39501953125 0.3671875 0.36865234375 0.3466796875 0.3466796859375 0.3359375 0.34814453125 0.3183593765625 0.36279296875 0.31640625 0.38623046875
13 0.33984375 0.43896484375 0.3466796875 0.4609375 0.3662109375 0.4697265640625 0.38671875 0.45068359375 0.3886718765625 0.42431640625 0.3701171875 0.40234375 0.359375 0.40380859375 0.33984375 0.41845703125 0.33984375 0.43896484375
13 0.296875 0.45361328125 0.3095703125 0.4755859359375 0.3251953125 0.4755859359375 0.33984375 0.45361328125 0.3378906234375 0.42431640625 0.3212890625 0.4052734359375 0.3125 0.40673828125 0.296875 0.42138671875 0.296875 0.45361328125
13 0.3291015625 0.5224609359375 0.3466796875 0.5224609359375 0.36328125 0.50048828125 0.3613281234375 0.47412109375 0.33984375 0.46533203125 0.3183593765625 0.48291015625 0.3183593765625 0.50341796875 0.3291015625 0.5224609359375
13 0.265625 0.38623046875 0.2802734375 0.4111328140625 0.2998046875 0.4169921859375 0.3144531234375 0.40087890625 0.31640625 0.37451171875 0.3115234375 0.3583984359375 0.28515625 0.35107421875 0.2675781234375 0.36279296875 0.265625 0.38623046875
13 0.2988281234375 0.33056640625 0.3134765625 0.3525390640625 0.3330078125 0.349609375 0.3417968765625 0.32763671875 0.33984375 0.31005859375 0.3212890625 0.2939453140625 0.3105468765625 0.29541015625 0.30078125 0.30419921875 0.2988281234375 0.33056640625
13 0.2626953125 0.35546875 0.2861328125 0.349609375 0.296875 0.33056640625 0.2900390625 0.302734375 0.26953125 0.29248046875 0.25 0.31298828125 0.25 0.33642578125 0.2626953125 0.35546875
13 0.24609375 0.33935546875 0.2480468765625 0.31005859375 0.2207031234375 0.29541015625 0.203125 0.31005859375 0.203125 0.34228515625 0.2275390625 0.3583984359375 0.24609375 0.33935546875
13 0.1542968765625 0.34521484375 0.1669921875 0.361328125 0.1923828125 0.35546875 0.2011718765625 0.33642578125 0.19921875 0.31005859375 0.1806640625 0.2939453140625 0.16796875 0.29541015625 0.1503906234375 0.31884765625 0.1542968765625 0.34521484375
13 0.21875 0.37744140625 0.22265625 0.39794921875 0.2353515625 0.408203125 0.2509765625 0.408203125 0.265625 0.38623046875 0.265625 0.35986328125 0.2441406234375 0.34521484375 0.2236328125 0.3583984359375 0.21875 0.37744140625
13 0.24609375 0.42724609375 0.2480468765625 0.45654296875 0.2587890625 0.4697265640625 0.2841796875 0.4638671859375 0.2949218765625 0.43896484375 0.2900390625 0.4169921859375 0.26953125 0.40380859375 0.2548828125 0.408203125 0.24609375 0.42724609375
13 0.2636718765625 0.48583984375 0.2675781234375 0.51513671875 0.2802734375 0.53125 0.3037109375 0.525390625 0.3144531234375 0.50341796875 0.3125 0.47705078125 0.29296875 0.45654296875 0.2705078125 0.4697265640625 0.2636718765625 0.48583984375
13 0.2353515625 0.513671875 0.2490234375 0.513671875 0.26171875 0.50048828125 0.2636718765625 0.47412109375 0.2363281234375 0.45361328125 0.2207031234375 0.46533203125 0.2207031234375 0.49462890625 0.2353515625 0.513671875
13 0.171875 0.50048828125 0.1787109375 0.513671875 0.1982421875 0.5224609359375 0.2167968765625 0.50634765625 0.21875 0.47705078125 0.2099609375 0.4609375 0.1894531234375 0.45947265625 0.1738281234375 0.47412109375 0.171875 0.50048828125
13 0.2197265625 0.4580078140625 0.2412109375 0.44921875 0.24609375 0.43310546875 0.2421875 0.41259765625 0.21484375 0.39794921875 0.19921875 0.41845703125 0.203125 0.44189453125 0.2197265625 0.4580078140625
13 0.1738281234375 0.38037109375 0.1777343765625 0.39794921875 0.1884765625 0.408203125 0.2080078125 0.4052734359375 0.21875 0.38916015625 0.2167968765625 0.36279296875 0.1972656234375 0.35107421875 0.1787109375 0.3642578140625 0.1738281234375 0.38037109375
13 0.1396484375 0.40234375 0.1552734375 0.40234375 0.1699218765625 0.38037109375 0.1699218765625 0.36572265625 0.1484375 0.34521484375 0.12890625 0.36279296875 0.12890625 0.38623046875 0.1396484375 0.40234375
13 0.10351562343750001 0.33935546875 0.1201171875 0.3583984359375 0.1337890625 0.3583984359375 0.1484375 0.34228515625 0.1503906234375 0.32177734375 0.1474609375 0.3115234359375 0.12109375 0.29833984375 0.10351562343750001 0.31591796875 0.10351562343750001 0.33935546875
13 0.1630859375 0.4580078140625 0.1806640625 0.4638671859375 0.1972656234375 0.44482421875 0.1972656234375 0.41552734375 0.1699218765625 0.40087890625 0.1582031234375 0.41259765625 0.15625 0.44482421875 0.1630859375 0.4580078140625
13 0.0908203125 0.4111328140625 0.1103515625 0.4111328140625 0.125 0.39501953125 0.1269531234375 0.36572265625 0.09960937656249999 0.34521484375 0.078125 0.36572265625 0.07617187656249999 0.38916015625 0.0908203125 0.4111328140625
13 0.1494140625 0.4521484359375 0.1542968765625 0.41259765625 0.125 0.39794921875 0.109375 0.41552734375 0.11328125 0.45068359375 0.1220703125 0.4609375 0.1494140625 0.4521484359375
13 0.1308593765625 0.49462890625 0.1376953125 0.5078125 0.1552734375 0.513671875 0.171875 0.49462890625 0.171875 0.47412109375 0.1630859375 0.4580078140625 0.1503906234375 0.45361328125 0.1328125 0.46533203125 0.1308593765625 0.49462890625
13 0.08203125 0.49755859375 0.0947265625 0.5166015640625 0.1103515625 0.5166015640625 0.12890625 0.49755859375 0.12890625 0.47412109375 0.1142578125 0.455078125 0.09960937656249999 0.45361328125 0.08398437656249999 0.46826171875 0.08203125 0.49755859375
13 0.0810546875 0.4638671859375 0.0966796875 0.455078125 0.10546875 0.43896484375 0.10546875 0.41845703125 0.07226562343750001 0.40087890625 0.05859375 0.41552734375 0.05859375 0.44189453125 0.0810546875 0.4638671859375
13 0.03125 0.39208984375 0.0439453125 0.4111328140625 0.0576171875 0.4140625 0.07421875 0.39501953125 0.07617187656249999 0.37158203125 0.0732421875 0.361328125 0.05078125 0.34814453125 0.03515625 0.36279296875 0.03125 0.39208984375
13 0.0673828125 0.3583984359375 0.0849609375 0.3583984359375 0.09960937656249999 0.34228515625 0.1015625 0.31591796875 0.0703125 0.29541015625 0.0546875 0.30712890625 0.0527343765625 0.33642578125 0.0673828125 0.3583984359375
13 0.0166015625 0.3583984359375 0.0322265625 0.361328125 0.048828123437499996 0.34814453125 0.05078125 0.31005859375 0.021484376562499997 0.29541015625 0.0058593765625 0.30712890625 0.0019531234375000002 0.33349609375 0.0166015625 0.3583984359375
13 0.033203123437499996 0.49169921875 0.0498046875 0.513671875 0.0654296875 0.5107421859375 0.078125 0.49462890625 0.08007812343750001 0.47412109375 0.0634765625 0.4521484359375 0.048828123437499996 0.45361328125 0.03515625 0.46533203125 0.033203123437499996 0.49169921875
13 0.0019531234375000002 0.43603515625 0.0146484375 0.4580078140625 0.0341796875 0.4638671859375 0.0546875 0.44482421875 0.0566406234375 0.42724609375 0.0322265625 0.396484375 0.0234375 0.39794921875 0.0019531234375000002 0.41845703125 0.0019531234375000002 0.43603515625
13 0.9121093765625 0.12548828125 0.9248046875 0.1591796859375 0.9404296875 0.1650390640625 0.9619140625 0.1533203140625 0.97265625 0.12548828125 0.9638671875 0.08886718593750001 0.9355468765625 0.07568359375 0.9199218765625 0.09033203125 0.9121093765625 0.12548828125
13 0.93359375 0.05517578125 0.9462890625 0.080078125 0.9677734375 0.0859375 0.9902343765625 0.05810546875 0.9902343765625 0.02880859375 0.9833984375 0.0126953140625 0.95703125 0.00244140625 0.9355468765625 0.02294921875 0.93359375 0.05517578125
13 0.87890625 0.05224609375 0.8876953125 0.07421875 0.9111328125 0.08300781406249999 0.9277343765625 0.06396484375 0.93359375 0.03759765625 0.9287109375 0.015625 0.9003906234375 0.00244140625 0.8808593765625 0.02294921875 0.87890625 0.05224609375
13 0.8134765625 0.14453125 0.8271484375 0.1416015640625 0.84375 0.11962890625 0.84375 0.09619140625 0.8183593765625 0.07568359375 0.7910156234375 0.10791015625 0.79296875 0.12841796875 0.8134765625 0.14453125
13 0.8515625 0.13134765625 0.8720703125 0.162109375 0.8876953125 0.162109375 0.90625 0.14599609375 0.9121093765625 0.10498046875 0.8994140625 0.08300781406249999 0.8769531234375 0.07568359375 0.8574218765625 0.09326171875 0.8515625 0.13134765625
13 0.8203125 0.06689453125 0.8369140625 0.091796875 0.8603515625 0.08886718593750001 0.8769531234375 0.06396484375 0.875 0.02880859375 0.8505859375 0.00390625 0.8417968765625 0.00537109375 0.8222656234375 0.02587890625 0.8203125 0.06689453125
13 0.7578125 0.06982421875 0.7724609375 0.09765625 0.7939453125 0.103515625 0.8144531234375 0.08447265625 0.8183593765625 0.04052734375 0.7958984375 0.0068359359375 0.77734375 0.00830078125 0.7597656234375 0.03759765625 0.7578125 0.06982421875
13 0.7285156234375 0.12841796875 0.7412109375 0.162109375 0.7607421875 0.16796875 0.77734375 0.15185546875 0.7832031234375 0.11962890625 0.7705078125 0.09472656406249999 0.7519531234375 0.08447265625 0.7324218765625 0.10205078125 0.7285156234375 0.12841796875
13 0.6894531234375 0.06689453125 0.7021484375 0.09765625 0.7275390625 0.103515625 0.7441406234375 0.08447265625 0.7480468765625 0.04638671875 0.7314453125 0.015625 0.7109375 0.01416015625 0.6933593765625 0.03173828125 0.6894531234375 0.06689453125
13 0.62890625 0.07568359375 0.6435546875 0.10058593593750001 0.6708984375 0.103515625 0.6875 0.08154296875 0.6875 0.04638671875 0.6826171875 0.033203125 0.6542968765625 0.01708984375 0.6328125 0.03759765625 0.62890625 0.07568359375
13 0.6728515625 0.1591796859375 0.6962890625 0.1650390640625 0.71484375 0.14013671875 0.7167968765625 0.11083984375 0.6875 0.08447265625 0.6640625 0.11083984375 0.6621093765625 0.13134765625 0.6728515625 0.1591796859375
13 0.7167968765625 0.10791015625 0.7167968765625 0.13720703125 0.70703125 0.16650390625 0.7197265625 0.1796875 0.7470703125 0.1767578140625 0.7519531234375 0.16943359375 0.7324218765625 0.14599609375 0.73046875 0.10498046875 0.72265625 0.10498046875 0.7167968765625 0.10791015625
13 0.6074218765625 0.14892578125 0.6220703125 0.1767578140625 0.6474609375 0.1796875 0.66015625 0.15478515625 0.6582031234375 0.11669921875 0.6513671875 0.103515625 0.625 0.09033203125 0.6113281234375 0.10498046875 0.6074218765625 0.14892578125
13 0.55078125 0.15185546875 0.5673828125 0.1767578140625 0.5869140625 0.1767578140625 0.60546875 0.15185546875 0.60546875 0.11669921875 0.5888671875 0.09765625 0.5703125 0.09619140625 0.5527343765625 0.11962890625 0.55078125 0.15185546875
13 0.515625 0.04638671875 0.515625 0.08154296875 0.5302734375 0.11230468593750001 0.5478515625 0.11816406406249999 0.5683593765625 0.09912109375 0.57421875 0.07861328125 0.5722656234375 0.05224609375 0.5634765625 0.036132814062500004 0.5332031234375 0.02294921875 0.515625 0.04638671875
13 0.57421875 0.07568359375 0.5849609375 0.09472656406249999 0.6103515625 0.103515625 0.6269531234375 0.08447265625 0.6269531234375 0.03759765625 0.6025390625 0.0126953140625 0.59375 0.01416015625 0.57421875 0.03759765625 0.57421875 0.07568359375
13 0.66015625 0 0.6621093765625 0.01708984375 0.6748046875 0.0302734359375 0.6943359375 0.0302734359375 0.7128906234375 0.00830078125 0.7119140625 0 0.66015625 0
13 0.6035156234375 0 0.6035156234375 0.01416015625 0.6220703125 0.033203125 0.6455078125 0.02734375 0.65625 0.00537109375 0.6533203125 0 0.6035156234375 0
13 0.4472656234375 0.08447265625 0.4619140625 0.109375 0.4814453125 0.11230468593750001 0.4980468765625 0.09033203125 0.5 0.05224609375 0.4853515625 0.0302734359375 0.4667968765625 0.02587890625 0.44921875 0.04345703125 0.4472656234375 0.08447265625
13 0.4785156234375 0 0.4824218765625 0.02587890625 0.5029296875 0.044921875 0.5166015625 0.041992185937499996 0.53515625 0.01708984375 0.5341796875 0 0.4785156234375 0
13 0.48046875 0.14892578125 0.4892578125 0.1708984359375 0.5146484375 0.1767578140625 0.5332031234375 0.15185546875 0.5332031234375 0.11962890625 0.5166015625 0.09472656406249999 0.5 0.09033203125 0.4824218765625 0.11376953125 0.48046875 0.14892578125
13 0.42578125 0.15771484375 0.4404296875 0.1767578140625 0.4599609375 0.1767578140625 0.4746093765625 0.16064453125 0.4785156234375 0.12548828125 0.4736328125 0.11230468593750001 0.4433593765625 0.09326171875 0.4238281234375 0.11962890625 0.42578125 0.15771484375
13 0.3808593765625 0.08740234375 0.4013671875 0.11816406406249999 0.4228515625 0.11816406406249999 0.4394531234375 0.09619140625 0.44140625 0.06396484375 0.4306640625 0.036132814062500004 0.40625 0.02294921875 0.3828125 0.04345703125 0.3808593765625 0.08740234375
13 0.4140625 0 0.4140625 0.01708984375 0.4423828125 0.041992185937499996 0.4599609375 0.033203125 0.47265625 0.00830078125 0.4697265625 0 0.4140625 0
13 0.3203125 0.08447265625 0.3330078125 0.109375 0.3583984375 0.115234375 0.3769531234375 0.09326171875 0.3769531234375 0.05224609375 0.3681640625 0.033203125 0.34765625 0.02880859375 0.32421875 0.04638671875 0.3203125 0.08447265625
13 0.3574218765625 0 0.3613281234375 0.02001953125 0.3740234375 0.033203125 0.3916015625 0.033203125 0.41015625 0.01123046875 0.4072265625 0 0.3574218765625 0
13 0.26171875 0.07275390625 0.2744140625 0.103515625 0.2998046875 0.11230468593750001 0.3144531234375 0.09619140625 0.3203125 0.05517578125 0.2958984375 0.021484375 0.28515625 0.02294921875 0.265625 0.04052734375 0.26171875 0.07275390625
13 0.2949218765625 0 0.2988281234375 0.02294921875 0.3173828125 0.041992185937499996 0.3408203125 0.036132814062500004 0.35546875 0.00244140625 0.2949218765625 0
13 0.3681640625 0.1650390640625 0.3896484375 0.1708984359375 0.40625 0.15185546875 0.4082031234375 0.11962890625 0.37890625 0.09326171875 0.3574218765625 0.11669921875 0.35546875 0.13427734375 0.3681640625 0.1650390640625
13 0.3134765625 0.173828125 0.3330078125 0.16796875 0.34375 0.14892578125 0.3417968765625 0.11669921875 0.3183593765625 0.09326171875 0.2890625 0.11962890625 0.2910156234375 0.15185546875 0.3134765625 0.173828125
13 0.2285156234375 0.13427734375 0.2451171875 0.162109375 0.2685546875 0.16796875 0.28515625 0.14892578125 0.2871093765625 0.11376953125 0.2607421875 0.080078125 0.25390625 0.08154296875 0.2285156234375 0.10498046875 0.2285156234375 0.13427734375
13 0.1621093765625 0.13720703125 0.1806640625 0.1650390640625 0.2060546875 0.1650390640625 0.22265625 0.13427734375 0.22265625 0.11083984375 0.2021484375 0.080078125 0.18359375 0.08154296875 0.1640625 0.10205078125 0.1621093765625 0.13720703125
13 0.1572265625 0.14453125 0.1640625 0.09912109375 0.1269531234375 0.06982421875 0.109375 0.10205078125 0.11523437656249999 0.13720703125 0.1318359375 0.1533203140625 0.1572265625 0.14453125
13 0.0888671875 0.10058593593750001 0.1142578125 0.09472656406249999 0.125 0.07275390625 0.12304687656249999 0.03759765625 0.08398437656249999 0.02001953125 0.06835937656249999 0.04638671875 0.07226562343750001 0.08154296875 0.0888671875 0.10058593593750001
13 0.1308593765625 0.05810546875 0.1455078125 0.08886718593750001 0.1669921875 0.09472656406249999 0.1875 0.07275390625 0.1894531234375 0.04931640625 0.1650390625 0.00390625 0.1503906234375 0.00537109375 0.1347656234375 0.02587890625 0.1308593765625 0.05810546875
13 0.19921875 0.06982421875 0.2197265625 0.09765625 0.2373046875 0.09765625 0.2558593765625 0.07275390625 0.2558593765625 0.04052734375 0.2353515625 0.0126953140625 0.2207031234375 0.01416015625 0.203125 0.03173828125 0.19921875 0.06982421875
13 0.2041015625 0.0302734359375 0.2246093765625 0.00244140625 0.16796875 0 0.1865234375 0.0302734359375 0.2041015625 0.0302734359375
13 0.02734375 0 0.03125 0.02001953125 0.0478515625 0.036132814062500004 0.0693359375 0.036132814062500004 0.08789062343750001 0.00830078125 0.0869140625 0 0.02734375 0
13 0.08984375 0 0.1025390625 0.02734375 0.1162109375 0.033203125 0.1337890625 0.02734375 0.14453125 0.00537109375 0.1396484375 0 0.08984375 0
13 0.037109376562500004 0.14013671875 0.0576171875 0.1708984359375 0.0791015625 0.1708984359375 0.09375 0.15478515625 0.09765625 0.11669921875 0.0712890625 0.08300781406249999 0.0625 0.08447265625 0.037109376562500004 0.11083984375 0.037109376562500004 0.14013671875
13 0 0.07568359375 0.0166015625 0.103515625 0.0380859375 0.10644531406249999 0.0546875 0.08447265625 0.0566406234375 0.05224609375 0.0517578125 0.036132814062500004 0.0234375 0.02001953125 0 0.04638671875 0 0.07568359375
13 0.03515625 0.16943359375 0.03515625 0.12548828125 0.017578123437500003 0.11083984375 0 0.11669921875 0.0009765625 0.19140625 0.0166015625 0.19140625 0.03515625 0.16943359375