13 1 0.0585515984375 0.65786300625 0.0156282265625 0.610301475 0.0717738734375 0.6036535109375001 0.115232940625 0.6076161250000001 0.1363813109375 0.63176396875 0.17476655937500002 0.6733077875 0.2103682859375 0.7155824515625 0.2293335078125 0.8643752062500001 0.21415048906249998 0.9285851062500001 0.18267862031249998 0.9730523 0.151734340625 1 0.11648659218749999 1 0.0585515984375
13 1 0.3289627890625 0.9888356999999999 0.2796110265625 0.9303887218750001 0.232094890625 0.8667219359375 0.216406421875 0.798090134375 0.21978625468750002 0.7120455890625 0.23677040625 0.6516105750000001 0.25886681093749997 0.6073814078125 0.2878725234375 0.53722085625 0.367808559375 0.533871725 0.40576929375 0.5488539109375 0.4440130375 0.57679340625 0.46220202187500004 0.756569696875 0.47246901875 0.8202700140625 0.46651588750000006 0.9136263046875 0.43271936718750004 0.9670378953125001 0.3930343578125 1 0.33357085937500003 1 0.3289627890625
13 0.61686891875 0.23197145625 0.6035361499999999 0.1909785453125 0.5471978765625 0.1476569125 0.489414678125 0.12678748125 0.42948924999999993 0.12336514531250001 0.3700063390625 0.1377072828125 0.2815815359375 0.17407710468749998 0.20041817812499998 0.22609696562499998 0.13733134687499998 0.2911592046875 0.11915423124999999 0.3430416328125 0.1273007203125 0.3942206078125 0.15170335625 0.4198464875 0.1716673234375 0.42820113437499996 0.23183077812500003 0.4296848984375 0.31222975937499997 0.41594314062500004 0.41283073281249993 0.4086174640625 0.4748984 0.39459269375 0.5494640875 0.353569496875 0.598198984375 0.29855181875 0.61686891875 0.23197145625
13 0.27472180625 0 0.293771159375 0.0427478 0.35221813750000003 0.090263934375 0.400138365625 0.10598676250000001 0.4595877421875 0.113286228125 0.48849610625000006 0.11290014374999999 0.5592701453125 0.0920732125 0.6173751937499999 0.05690007500000001 0.6538668609375 0.0161214578125 0.52527179375 0 0.27472180625 0
13 0.20049869843749998 0.022440315625000002 0.141491840625 0.0329053171875 0.10010221875 0.0494690296875 0.0502274875 0.0817171390625 0.021885621875 0.323227378125 0.073580734375 0.329574740625 0.1109574421875 0.3243250609375 0.1630079390625 0.2529882484375 0.2239525359375 0.20537310937500003 0.3152168890625 0.1565612875 0.397282053125 0.12924956406250002 0.4034204328125 0.11130923125 0.3371856546875 0.08448259531249999 0.2759326625 0.02776685625 0.20049869843749998 0.022440315625000002
13 0.31199173281250003 0.417881709375 0.229007996875 0.4313060984375 0.1895225859375 0.43236127656249995 0.15639681562500002 0.4243583609375 0.12471596562500001 0.3939032390625 0.11750481406249999 0.3457907984375 0.1092912609375 0.3378950265625 0.057800642187499994 0.35125069999999997 0.014523578125 0.37250214531250003 0.006651953125 0.44729564687499995 0.041410376562500004 0.46337020000000007 0.0871883671875 0.49654012812500004 0.1575734875 0.575038971875 0.16884785 0.5793749781249999 0.21261772968749998 0.5434256000000001 0.289496615625 0.5262999390624999 0.321770878125 0.47713231875 0.3300682578125 0.4309240859375 0.3249155125 0.41946854843750003 0.31199173281250003 0.417881709375
13 0 0.8582581875 0.01563980625 0.8655712546875 0.09083574531250001 0.8728363640625 0.118111459375 0.8643786406249999 0.173393728125 0.8308267031250001 0.2030496984375 0.8029833156249999 0.21389830468749998 0.778734053125 0.21563154999999998 0.7218808828125 0.1849866328125 0.6295674921875001 0.16155286875 0.5853665421875001 0.13716699999999998 0.548919859375 0.086950340625 0.49847869375 0.01393016875 0.452124884375 0.004764509375 0.4519833796875 0 0.4918891875 0 0.8582581875
13 0.65350794375 0.702837015625 0.6385089921875 0.675414071875 0.607066171875 0.6430203859375 0.55635669375 0.6072771578125 0.4370489453125 0.5532721546875 0.3733821609375 0.5375836859375 0.261285565625 0.5316911265625001 0.20790750624999998 0.54973453125 0.17163710000000001 0.599395384375 0.2072302671875 0.683461275 0.220495971875 0.7677373890625 0.2634679484375 0.7917077156250001 0.316319659375 0.8100038421875 0.4091328359375 0.8233676624999999 0.49915675937500004 0.8167110750000001 0.6134291203125 0.7835149328125001 0.6404835734375001 0.76617498125 0.6534408828125 0.7461202203124999 0.65350794375 0.702837015625
13 0.832130946875 0.8507078921875 0.79293385625 0.8173621015625001 0.72576374375 0.7874689296875 0.6414189109375 0.769241515625 0.593907675 0.7929247593750001 0.49092644218750003 0.8196361078125 0.4063100546875 0.8249888625 0.34403789375 0.81931059375 0.330145246875 0.8362988203124999 0.3287003234375 0.8587510203125 0.3373563984375 0.8844112624999999 0.3549568703125 0.9013307718749999 0.4401867421875 0.955087125 0.549427025 0.9842424859375001 0.6344859328125 0.996654196875 0.716279540625 0.9929226390625001 0.8063369953124999 0.9646244515625 0.8458727046875 0.9311068718750001 0.8553266859375 0.8968474078125 0.832130946875 0.8507078921875
13 0.8696351625000001 0.4597865125 0.8583608 0.45545050624999994 0.825439525 0.4671506234375 0.7774857671875 0.4730693953125 0.6127419578125 0.4685837390625 0.5732062484375 0.5021013234375 0.5508284875 0.534773946875 0.5345220515625 0.5927894421875 0.5953325234375 0.6317407109375 0.6342915875 0.6670250703125 0.662878096875 0.7226815578125 0.7042341859375 0.727759446875 0.7364413843750001 0.7218750296875001 0.7919616781250001 0.686384521875 0.8430768375 0.6119811765625001 0.8702151171875 0.54053721875 0.8764037953124999 0.49013448437499996 0.8696351625000001 0.4597865125
13 0.5615228984375 0.4583592484375 0.543922425 0.4414397359375 0.5312702046875 0.4162727265625 0.530163903125 0.371861553125 0.431400075 0.406961903125 0.3411381234375 0.41555705937500004 0.331717675 0.4281749203125 0.3288445953125 0.46225852187500005 0.35251638750000003 0.5045209046875 0.3898427984375 0.531733628125 0.42790005468750003 0.5423098484375 0.48289400000000005 0.5431588796875 0.5261542984375 0.532728234375 0.5555554796875 0.5176442140625 0.5951079546875 0.4733058328125 0.5920639140625 0.4660447953125 0.5615228984375 0.4583592484375
13 0.8211248343750001 0.6732390703125 0.8290668312499999 0.7047150109375 0.8607476796875 0.735170128125 0.920401553125 0.7621726328125 0.9711613265624999 0.765453459375 0.9983130640625 0.5336360531250001 0.9694046984375 0.5340221374999999 0.9367214484374999 0.5437836890625001 0.876507696875 0.574762325 0.8426007859375 0.6158583109375 0.8211248343750001 0.6732390703125
13 0.867419025 0.979995553125 0.9097272203125 0.9773191750000001 0.9438218609375 0.9667470281250001 0.96949514375 0.779023425 0.963866346875 0.7714450203125 0.8875138093749999 0.752231146875 0.8386750093750001 0.722620984375 0.774770196875 0.7088710796875 0.7279730390625 0.7267386234375001 0.66216401875 0.7284972562500001 0.6468264484375 0.7679376859375 0.7534819749999999 0.7967756796875001 0.8027968281250001 0.8225087046875 0.83002224375 0.846513390625 0.8499526796874999 0.8765096359375001 0.8569593375 0.9049190421875 0.8519943203125001 0.9239873421875 0.8188014875 0.9592676265625 0.8190227484375001 0.9681498609375 0.8425235734375001 0.9690676046875 0.867419025 0.979995553125
13 0.45986238593750006 0.9978427375000001 0.437823246875 0.9636519890624999 0.374444784375 0.9135625515625 0.3272386359375 0.8920240234374999 0.24830134375 0.872492778125 0.183682453125 0.8645585765625 0.1406601796875 0.8730506546875001 0.10442330468750001 0.9010699046875 0.091891753125 0.9497099359375 0.45986238593750006 0.9978427375000001