13 0 0.91132460625 0.3087334734375 0.9721799000000001 0.3600956703125 0.919488746875 0.369758990625 0.8765992828125 0.3672812640625 0.8552260109375001 0.34586986406250003 0.8152497984375 0.3069106953125 0.776836846875 0.26606195781249997 0.754968890625 0.11657253906250001 0.7597356671875 0.050323684375 0.786651815625 0.003806246875 0.814418840625 0 0.8187363734374999 0 0.91132460625
13 0 0.688578328125 0.0519715671875 0.73723010625 0.1143888921875 0.7573215296875 0.18308927656250001 0.7587374421875 0.270108975 0.7477968265625 0.33193813906249997 0.72996998125 0.37808290312500004 0.704120196875 0.453648603125 0.6292730343749999 0.4596375828125 0.59163839375 0.4473596421875 0.552442703125 0.42075700625 0.5323490671875 0.24213482968750002 0.5095665203124999 0.1781744140625 0.511061640625 0.08268800937500001 0.538263628125 0.026638240624999997 0.5741261625 0 0.6151443578125 0 0.688578328125
13 0.3647190421875 0.759223275 0.3751598125 0.8010463765625 0.428338884375 0.848192440625 0.48452554687499994 0.8730417875 0.5440662703125 0.8806359718750001 0.6044047406249999 0.8704780890625001 0.6951511765625 0.8403650640624999 0.7797455453125 0.7941335921875 0.8472172140625001 0.73363055625 0.8689691859374999 0.6831424828125 0.8644126062499999 0.63151990625 0.8418569843749999 0.6042542078124999 0.8225244390625001 0.594527296875 0.7626110421875001 0.58885035625 0.68144933125 0.5969502906249999 0.580582403125 0.597240553125 0.5176876125 0.6069015375 0.4404419296875 0.6426233640625 0.38798790781250003 0.6941074484375 0.3647190421875 0.759223275
13 0.684569459375 1 0.6738301765625 0.970524153125 0.6188401296875 0.9190467109375 0.5721334031249999 0.9000194359375 0.5133380265625 0.8885907718749999 0.48447315 0.8869593703125 0.4124187 0.9027986218749999 0.3520016375 0.933832875 0.312754290625 0.9719666281249999 0.45504119374999996 1 0.684569459375 1
13 0.765458853125 0.9972885281250001 0.8250519734375 0.9909651296875 0.8674961984375 0.9773289578125001 0.9194989515625 0.9486384890625 0.9646186812499999 0.7096935859375 0.9134922640625 0.6997556171875 0.8758404046875 0.702385240625 0.8189404953125001 0.769917421875 0.75482289375 0.813165290625 0.6603759140625 0.8554919312499999 0.5766054890625 0.8770125484375001 0.5692306078125 0.8944809875 0.6334327078124999 0.9258625796875 0.690580203125 0.9867129546875001 0.765458853125 0.9972885281250001
13 0.68182200625 0.5950330484374999 0.7655400359375 0.5874300125 0.8050028687499999 0.58913176875 0.8374896906249999 0.5994259265624999 0.8669689265624999 0.6320168046875 0.8708063562499999 0.680515071875 0.878449121875 0.6889645578125 0.9307459546875 0.679233221875 0.9754000250000001 0.6610524 0.98846980625 0.5869901875 0.95491735625 0.568530165625 0.911564696875 0.532247728125 0.8468268328124999 0.44903028437500003 0.8358823984375 0.44391838281249996 0.7897114375000001 0.4767269578125 0.7118251984375 0.4884481 0.6761997953125001 0.5352446109375 0.6646993046875 0.5807614875 0.6690404015625 0.5925485562499999 0.68182200625 0.5950330484374999
13 1 0.1676508828125 0.9341753 0.156613703125 0.9063760484375001 0.163148165625 0.8488879796875001 0.1927620765625 0.81736199375 0.2184689421875 0.8048482703125 0.241902375 0.7991533703125 0.2984961484375 0.82328418125 0.39272235 0.843577559375 0.438450284375 0.865361634375 0.47650925781250003 0.9119373703125 0.5303304890625 0.981546190625 0.5816650109375 0.9906796515625 0.5824455359375 1 0.5336260734375 1 0.1676508828125
13 0.3610151890625 0.2869489125 0.37406467499999996 0.315351328125 0.40317123437499996 0.3498594453125 0.451263865625 0.3890529203125 0.5665137859375 0.45124885625 0.6289311109375 0.47134027968750003 0.7403436 0.48503795 0.7948502765625001 0.4707619625 0.834496496875 0.42375217656249997 0.8048541734375 0.3374082125 0.7974995859375 0.252412021875 0.7563043734375 0.2255025109375 0.7048576796875 0.2035642046875 0.6132028046875 0.18375861875 0.5229338343750001 0.1841192390625 0.40662418906250003 0.20926327968749997 0.378426065625 0.22467376875 0.3641013703125 0.243775821875 0.3610151890625 0.2869489125
13 0.29014843125 0 0.22681978906250003 0.015138360937500001 0.1850423203125 0.045816421875 0.17322154843749998 0.07933295625 0.193142253125 0.12697813125 0.2299177765625 0.16297694375 0.29483902500000003 0.1974828484375 0.3777069171875 0.22154945937499998 0.4267544765625 0.20123812187499998 0.5313481437500001 0.18177545 0.6161317984375 0.182338275 0.6778561703125 0.1923465984375 0.692900015625 0.17636885468750002 0.6959076046875 0.15407214062500002 0.689062584375 0.12787058906249998 0.67268523125 0.10976454843750001 0.5914128296875 0.05019380624999999 0.484472425 0.01348925 0.4226152640625 0 0.29014843125 0
13 0.1284600984375 0.514331084375 0.1394045328125 0.5194429875 0.1730617734375 0.51006784375 0.2213115890625 0.507508575 0.3853411890625 0.52347525 0.42711865937500004 0.4927971859375 0.4517210359375 0.4617651453125 0.4720347078125 0.4050284515625 0.41408947031250004 0.36193014218749997 0.37768661875 0.3240140875 0.353052146875 0.26649908125 0.3121510140625 0.25854870625 0.2796117953125 0.26217212968750003 0.2217510515625 0.293703284375 0.1655702921875 0.36435977343750003 0.1335144421875 0.43373662656249995 0.12382492187500001 0.48358488125 0.1284600984375 0.514331084375
13 0.43572225624999994 0.537247696875 0.4520996109375 0.555353740625 0.46296545 0.58134201875 0.4609710890625 0.6257221796875 0.561942809375 0.5975967484375 0.6525844546874999 0.5953188859375 0.662862134375 0.5833888984375 0.668105765625 0.5495887390624999 0.6474397125 0.5057780453125 0.612102490625 0.4760278515625 0.5748757 0.4628226546875 0.5200749421875 0.4581395078125 0.47619241875 0.46552705781250003 0.44581064843749996 0.47852341093749995 0.40326163125000003 0.5199947468749999 0.4057917546875 0.5274504375 0.43572225624999994 0.537247696875
13 0.19174195624999998 0.3047823953125 0.18601495625 0.2728291234375 0.1565357234375 0.2402382484375 0.0989107625 0.20914027656249998 0.048503496875 0.20232662031249998 0.005247134375 0.43168532031250006 0.0341120125 0.433316721875 0.067396578125 0.4258588171875 0.12962461249999999 0.3991559421875 0.16631564062499998 0.3605252921875 0.19174195624999998 0.3047823953125
13 0.1044121015625 0 0.08981789375 0.003430496875 0.0511122125 0.1889059359375 0.0561986546875 0.196858525 0.131024909375 0.2213516796875 0.177679240625 0.254296534375 0.2404692390625 0.27247071875 0.28839877812500003 0.2579111046875 0.35417016874999996 0.2607473609375 0.3722216015625 0.2224729015625 0.26783752031249997 0.1862652421875 0.220437840625 0.1571548703125 0.1949532265625 0.1313095109375 0.17716377187500001 0.09999605781250001 0.172155921875 0.0711670953125 0.17843898125 0.052491587500000006 0.21401198593749998 0.0196126578125 0.21441085937499998 0.0107366265625 0.1910312984375 0.0081817828125 0.17544679999999999 0 0.1044121015625 0
13 0.5747675953125 0.006169840625 0.5943680203125 0.041814675 0.654098034375 0.09620315625 0.699686740625 0.1209821515625 0.7770693140625 0.14597220625000001 0.840977334375 0.1583946671875 0.884487184375 0.15292435625 0.9225903125 0.12750111718749998 0.9384842953125 0.079853728125 0.5747675953125 0.006169840625