19 0.384871003125 0.5960689640625 0.4168525140625 0.5392411109374999 0.40938262031250006 0.49820300156249997 0.38046926718749996 0.4901785078125 0.3555076828125 0.47322367343750005 0.306395309375 0.49926182656250007 0.29724733125 0.516073471875 0.2943215453125 0.5381302781249999 0.30237725000000004 0.5817058109375 0.3197265671875 0.600418075 0.345492415625 0.60783289375 0.384871003125 0.5960689640625
19 0.4040570984375 0.6878555140625 0.43040875625 0.69780775625 0.44753635625 0.6938535390625 0.46041764843750005 0.6801889906249999 0.47307722031250005 0.6438579609375 0.4809774953125 0.5912533671875 0.47555630468750004 0.541724275 0.4563039203125 0.52345136875 0.44173801562500004 0.525477840625 0.41414518281249996 0.5492204828125 0.3929962609375 0.6008747671875 0.3845101765625 0.6509419390625 0.39285715312499997 0.6784142234375 0.4040570984375 0.6878555140625
19 0.29821681875 0.7069453343750001 0.325885734375 0.713920796875 0.3670217515625 0.709769134375 0.3785857875 0.699081365625 0.3878794 0.6742180953125 0.36869657031249997 0.6171754609375 0.3247043203125 0.6046142031249999 0.2998155546875 0.5836335578125 0.265633175 0.58751618125 0.2475556765625 0.6090620375 0.2426540046875 0.6355840125000001 0.249097915625 0.6634956546875 0.2688632921875 0.6883317953125 0.29821681875 0.7069453343750001
19 0.2729509046875 0.5671180828125 0.27499634375 0.523883184375 0.2520834625 0.49843736875 0.2156306609375 0.48814449375 0.192135234375 0.49490517343749996 0.16907998125 0.5122549000000001 0.1605178140625 0.531603965625 0.1603754421875 0.57439950625 0.1875346296875 0.6095556515625 0.20890853593749997 0.615311765625 0.24126066562499998 0.6078426875 0.2729509046875 0.5671180828125
19 0.32154049375 0.43028494375 0.3041911765625 0.41157268125 0.28252599843750004 0.421919815625 0.24226706406249998 0.4125056546875 0.2219919609375 0.41585019843750004 0.20442745156250003 0.4439592859375 0.20399054218749998 0.4681141578125 0.2057479734375 0.47572642343749993 0.2282206796875 0.4905831921875 0.294976909375 0.501897971875 0.3246184453125 0.46966434843749993 0.32154049375 0.43028494375
19 0.3246184453125 0.46966434843749993 0.32154049375 0.43028494375 0.28867210781249997 0.396446871875 0.2365546 0.3790798109375 0.19475995468750001 0.384719865625 0.17873115781249999 0.3977747375 0.17207205625 0.416684446875 0.1864227703125 0.4614793296875 0.21255597499999998 0.48350900625 0.26277041562500003 0.5013154265625 0.294976909375 0.501897971875 0.3246184453125 0.46966434843749993
19 0.3258563546875 0.401225546875 0.33932345625 0.3900984203125 0.35315465 0.358842234375 0.347733459375 0.30931314374999996 0.318816840625 0.26654473125 0.30564101250000003 0.2615686109375 0.28595171875 0.26745057656250004 0.2653853421875 0.2868983671875 0.2585806046875 0.3138597015625 0.2678079296875 0.3625100765625 0.2768863515625 0.384468159375 0.2999448703125 0.40186235156250005 0.3258563546875 0.401225546875
19 0.38836301406249996 0.36808607968749996 0.368892175 0.361890609375 0.3549120796875 0.3664545015625 0.3391050015625 0.40217585624999996 0.35023539375 0.45038687499999996 0.3842754 0.48929979218749997 0.4177991515625 0.4869055578125 0.4295816421875 0.464140353125 0.42987291406250006 0.44803710625 0.41376477031250003 0.3956299578125 0.38836301406249996 0.36808607968749996
19 0.5276672828125 0.4896035046875 0.51858233125 0.39815758749999997 0.4925947640625 0.3680762875 0.45804502812500003 0.357344053125 0.44406493437499994 0.36190794375 0.4275264109375 0.4031435015625 0.43734280937500003 0.4890752171875 0.45447367187500004 0.519864915625 0.4756291234375 0.5376984640625 0.5028578640625 0.53408488125 0.5163249671875 0.5229577546875 0.5276672828125 0.4896035046875
19 0.3246184453125 0.46966434843749993 0.32154049375 0.43028494375 0.291160984375 0.3985449375 0.24284960937500003 0.380299159375 0.1966630203125 0.3842805078125 0.17873115781249999 0.3977747375 0.17207205625 0.416684446875 0.1858369609375 0.4589419078125 0.21255597499999998 0.48350900625 0.281069634375 0.5024360531250001 0.3058094984375 0.4967244046875 0.3246184453125 0.46966434843749993
19 0.37555127499999996 0.34298090000000003 0.40358754531249996 0.3645712203125 0.4422346859375 0.35832149062499996 0.4600176484375 0.318134965625 0.4592829375 0.2889052515625 0.44742110156250003 0.246208434375 0.4357081640625 0.230203909375 0.3889325015625 0.1969039171875 0.3566531890625 0.200347184375 0.3425274578125 0.2129627 0.3325023984375 0.2433401703125 0.33382291875000003 0.27510730781250003 0.3471476484375 0.306775721875 0.37555127499999996 0.34298090000000003