19 0.395436453125 0.470275446875 0.41687711250000004 0.4564390546875 0.41521904843749996 0.44968063125 0.3970374296875 0.426185921875 0.4006031265625 0.394706165625 0.37783362343750004 0.38318673125 0.307821921875 0.39076749843749997 0.2791927828125 0.41671545625000006 0.2887322921875 0.44946420312499996 0.3354182671875 0.46950925625 0.395436453125 0.470275446875
19 0.388236015625 0.3826415640625 0.4171718125 0.362544953125 0.4221911359375 0.3339227234375 0.363160615625 0.27736431875 0.3431961484375 0.2696094875 0.3095928140625 0.2752821734375 0.2815995515625 0.2884840703125 0.2705612828125 0.301775296875 0.2806118859375 0.34427628593750004 0.323118853125 0.3840984046875 0.388236015625 0.3826415640625
19 0.363410184375 0.232367715625 0.356426140625 0.2483801765625 0.36305839687499997 0.27541387031250003 0.42677902031250003 0.32194745 0.47889319375 0.3211720671875 0.5079312093749999 0.3030259046875 0.5161644421875 0.2859700734375 0.51108803125 0.2637443546875 0.4942578203125 0.24115672500000002 0.4446645921875 0.2153966171875 0.3975471765625 0.21199852031250002 0.37704905 0.21894019843749998 0.363410184375 0.232367715625
19 0.4898969390625 0.23258414374999997 0.5233184015625 0.1985618109375 0.52155811875 0.1898529390625 0.5059770968749999 0.1662219390625 0.4832075953125 0.154702503125 0.44139359375 0.152982271875 0.419646278125 0.16096731875 0.413275546875 0.18868247031250002 0.42209952656249994 0.207778078125 0.482095146875 0.23299301875 0.4898969390625 0.23258414374999997
19 0.37184785468750003 0.21921278125 0.42480234375 0.209592234375 0.4151606140625 0.174893040625 0.423393846875 0.157837209375 0.38979051249999996 0.1635098953125 0.36845207343749997 0.1792967359375 0.3617746859375 0.2011605421875 0.37184785468750003 0.21921278125
19 0.43682962343750004 0.3644484390625 0.403203725 0.394569875 0.39621968125 0.4105823359375 0.40274971875 0.43566558125 0.41386764062500003 0.448773553125 0.45004900625 0.4674133234375 0.49935814375 0.4628733359375 0.5474406593750001 0.43492796875 0.5810665578124999 0.4048065328125 0.5904467624999999 0.3847568828125 0.5879709484375 0.3623948734375 0.5659395421875 0.3400798265625 0.531825115625 0.33600027187500003 0.4877171734375 0.3402676765625 0.43682962343750004 0.3644484390625
19 0.604641853125 0.33218410781249996 0.58885639375 0.3046522109375 0.5555822828125 0.2917274921875 0.5269757078125 0.2932267 0.5034455437500001 0.316951625 0.5083175171875001 0.33527644687499997 0.5685401406249999 0.339943534375 0.590673765625 0.3642090296875 0.6042104125 0.3488310640625 0.604641853125 0.33218410781249996
19 0.43488746875000006 0.3273899203125 0.426245359375 0.3366439578125 0.42466695000000004 0.3562847328125 0.43422902499999994 0.3645847296875 0.4522287734375 0.3597297921875 0.49791512656250003 0.33582161250000003 0.5000046296875 0.3259330796875 0.48929558437500004 0.3206269015625 0.43488746875000006 0.3273899203125
19 0.57139030625 0.294810640625 0.6009168500000001 0.3108654671875 0.6268206078125 0.3075521046875 0.65555196875 0.2835545953125 0.6627630140625 0.24699428124999998 0.629818125 0.21547215937500003 0.5715827874999999 0.19896609062499998 0.517072453125 0.2037786609375 0.491350565625 0.23544167031250002 0.5172091937500001 0.28102580625 0.5372758796875 0.29073108593749997 0.57139030625 0.294810640625
19 0.49153378593749997 0.48773096093749996 0.5147121625 0.5070521890624999 0.5671329921875 0.5121281515625 0.610627621875 0.4961580578125 0.640914828125 0.4769685234375 0.6568476359375001 0.4575533703125 0.65977745625 0.43881967343749995 0.648148440625 0.41595945937499995 0.6162257359375001 0.4039418203125 0.5850185640625 0.40557731874999997 0.5551402328124999 0.4325686453125 0.493009978125 0.4661397375 0.49153378593749997 0.48773096093749996
19 0.61242108125 0.3562239828125 0.6139543609375 0.3854807078125 0.6321359796875 0.40897541562499995 0.6611514281249999 0.4152780015625 0.7082914109375 0.39422735000000003 0.7267451625 0.34827670624999996 0.7236560375 0.31421200625 0.716387903125 0.2999243734375 0.6882127671875 0.2847766234375 0.654404996875 0.2865484140625 0.6305681765625 0.30442199375 0.613897271875 0.334632759375 0.61242108125 0.3562239828125