19 0.39231720000000003 0.48511715781250003 0.411623546875 0.46843145625 0.409041028125 0.4619695640625 0.3877665203125 0.4412338953125 0.38691638125 0.40956425 0.3627652734375 0.4013258234375 0.294489959375 0.4185765609375 0.2697506953125 0.4482564 0.2837551125 0.4793587953125 0.3327764734375 0.49271133906250003 0.39231720000000003 0.48511715781250003
19 0.3729905578125 0.399338228125 0.3988478453125 0.3754101109375 0.3998348765625 0.3463678765625 0.333507428125 0.29857535468749996 0.312657990625 0.29367451093749997 0.2801711671875 0.303968671875 0.25428768125 0.320937996875 0.24520661875 0.3356361046875 0.2610744046875 0.37632470156250003 0.3087098640625 0.4098434484375 0.3729905578125 0.399338228125
19 0.3274922515625 0.253981921875 0.32280467968750004 0.2708105421875 0.3331347546875 0.2966581140625 0.4027114765625 0.3338706359375 0.45421056562500006 0.3258499078125 0.4804405265625 0.30383903125 0.48621992187499996 0.28580334218750003 0.47809969218750004 0.2645004234375 0.45828968124999997 0.2444749265625 0.4055939765625 0.2258675578125 0.35846218125 0.22906000781250002 0.3391296359375 0.23878691718749998 0.3274922515625 0.253981921875
19 0.45277816875 0.236592690625 0.48113938125000005 0.1982500921875 0.47818418906250004 0.189870959375 0.4594660015625 0.16863839375 0.43531489375000004 0.160399965625 0.3936684140625 0.164515859375 0.3732440453125 0.1754498375 0.3707925171875 0.20378190156249998 0.3821882171875 0.22146361250000002 0.44510920625 0.2380833859375 0.45277816875 0.236592690625
19 0.33401699375 0.23978071406249998 0.38511721250000003 0.22288395468750002 0.370740121875 0.18986431875 0.37651951562499997 0.17182862968749998 0.34403269375 0.182122790625 0.32509902031250004 0.20072573125 0.3215294703125 0.2233060734375 0.33401699375 0.23978071406249998
19 0.41857926250000005 0.374559234375 0.3894727015625 0.4090673515625 0.3847851296875 0.425895971875 0.39474253125000003 0.4498263015625 0.40757653125 0.4612593921875 0.4459999375 0.474682290625 0.4941973578125 0.46332397968750005 0.53792269375 0.42895878125 0.5670292531250001 0.39445066406249996 0.5735277984375 0.3732906640625 0.5679638890625001 0.351490846875 0.5430412375 0.332459146875 0.5086910453125 0.3331671046875 0.46560626562499996 0.34353161875 0.41857926250000005 0.374559234375
19 0.580268028125 0.31925395 0.5608044921875 0.2941869015625 0.5260554296875 0.286018828125 0.49793590156249995 0.2914847109375 0.47793660156250006 0.3182535125 0.48531148437500005 0.33572195 0.5455975578125 0.3319622484375 0.570892884375 0.35291118906249996 0.5821575953125 0.33579894375 0.580268028125 0.31925395
19 0.411498459375 0.33813166250000004 0.40422836875 0.348498390625 0.4053987859375 0.36816769374999997 0.416022940625 0.3750561328125 0.4331718390625 0.3677433625 0.4750862015625 0.33770954375 0.47577915312499997 0.32762644218750003 0.4644358484375 0.3238623140625 0.411498459375 0.33813166250000004
19 0.5421387015625 0.28687191875 0.57361229375 0.2986612015625 0.598802828125 0.2917749765625 0.62391476875 0.264012378125 0.6259674265624999 0.2268042828125 0.588956121875 0.2001739734375 0.528990325 0.1919333328125 0.47568026249999995 0.204285440625 0.4546153390625 0.239220103125 0.486566396875 0.280761790625 0.507788509375 0.2875798765625 0.5421387015625 0.28687191875
19 0.4899086578125 0.48902863124999996 0.515550459375 0.5049360203125 0.5681675703125 0.5026670156249999 0.60901630625 0.4807990578125 0.6363380921874999 0.4575811109375 0.6494137765625 0.4361374859375 0.6497078562499999 0.4171783515625 0.6350104875 0.396159059375 0.6017259203124999 0.38870115625 0.571050071875 0.3946639375 0.54521898125 0.4255508453125 0.4883655671875 0.46744208593750003 0.4899086578125 0.48902863124999996
19 0.5913172531249999 0.3419772109375 0.5969073593750001 0.37073581875 0.6181818671875 0.3914714875 0.647792090625 0.3936745671875 0.691543625 0.3662681609375 0.70342269375 0.3181964390625 0.695622740625 0.28489317812500004 0.6864368859375001 0.27175612031249996 0.6564277890625 0.2606770078125 0.62319561875 0.26713668749999997 0.6020782984374999 0.28815376718749997 0.5897741609375 0.320390665625 0.5913172531249999 0.3419772109375