6 0.7378386859375 1 0.73998885 0.995101553125 0.7002673203125 0.9336999765625 0.5297129875000001 0.821462065625 0.1980685109375 0.6904964812500001 0.18236934375 0.701866790625 0.176601303125 0.7453862078125 0.186263696875 0.7694021140625 0.24034222343749997 0.8123647953124999 0.63605503125 1 0.7378386859375 1
6 0.7523957046875 0.8757001140625 0.7672886812499999 0.8399301906250001 0.7176375140625 0.7799769375000001 0.41779371718749997 0.621671828125 0.2696508546875 0.5670040046875 0.206917296875 0.5221255796875 0.1617640125 0.5228092921874999 0.1269442015625 0.5510432046875 0.12245225468750001 0.6247959937500001 0.209340315625 0.6961167484375 0.7068400703125 0.8809827359375 0.7523957046875 0.8757001140625
6 0.8189427140625 0.6753042640625 0.8837541015625 0.6740233578125 0.9169630203124999 0.630587646875 0.8923386140625 0.5983115671875 0.8039086937500001 0.5558191156250001 0.3181521328125 0.41600458125 0.27729258749999997 0.41242983437499997 0.23247558437500002 0.43167941093750006 0.2061771796875 0.474561184375 0.212485646875 0.5145030546875 0.2624716125 0.5594247343750001 0.4151093890625 0.6075346453125 0.8189427140625 0.6753042640625
6 0.9308471468749999 0.539120121875 0.980092996875 0.5364774078125001 0.9303096906249999 0.5228537109375 0.8701253515625 0.47124714687499997 0.3486737546875 0.2912368125 0.29258494687500003 0.30486612343749997 0.2684334140625 0.3456186671875 0.2708504953125 0.3852200859375 0.2932604828125 0.4091927328125 0.698303828125 0.530360496875 0.8696598953124999 0.5662057109374999 0.9308471468749999 0.539120121875
6 0.794777828125 0.4136798671875 0.833489021875 0.385786403125 0.8410691312499999 0.355169328125 0.8045693921874999 0.3241713453125 0.4116025546875 0.19942602812500002 0.3194824328125 0.15429367031250002 0.2762058015625 0.111117509375 0.24232431718749997 0.117421484375 0.208645496875 0.15502344375 0.2160949515625 0.20433336093749999 0.2604450171875 0.2464449046875 0.6303998203125001 0.387713378125 0.794777828125 0.4136798671875
6 0.9000434437499999 0.35337774375 0.949691646875 0.3461361203125 0.9659267843749999 0.3174347859375 0.931841159375 0.2588433421875 0.84656399375 0.2027243875 0.47003347656249994 0.04697828125 0.3490642390625 0.0178583984375 0.3126335359375 0.030890514062500003 0.293781621875 0.05588732656249999 0.2891545671875 0.108774796875 0.3105586703125 0.14424471875 0.4534019140625 0.2146682765625 0.9000434437499999 0.35337774375
6 0.3335627546875 0 0.33933577812500004 0.017007268750000002 0.4227993875 0.02662644375 0.6234098875 0.1090551484375 0.828380196875 0.16406061875 0.9184855921875 0.164992653125 0.9484066484375001 0.1143181234375 0.918749871875 0.0723335453125 0.7410192609374999 0.0197112390625 0.4916645734375 0 0.3335627546875 0
6 0 0.9055303859375 0.056582265624999996 0.9631158937500001 0.1402470515625 0.9704356140625 0.14514431875 0.9592787906250001 0.08542692187499999 0.84631110625 0 0.740062440625 0 0.9055303859375
6 0.0191983984375 0.6621035656250001 0.039596621875 0.70907076875 0.1110497953125 0.6991027203125 0.0191983984375 0.6621035656250001
6 0 0.597700284375 0.1031979875 0.6543917171875 0.10983976875000001 0.645704575 0.03576536875 0.5511757859374999 0 0.5409944875 0 0.597700284375
6 0.205055475 0.9019598328124999 0.14406050312500002 0.7251613406249999 0.050533625000000006 0.729722603125 0.15816064218749998 0.9673687390625 0.1798980609375 0.954209653125 0.205055475 0.9019598328124999