6 0.332168609375 0 0.3540801734375 0.045126310937500004 0.509684859375 0.17731296093749999 0.82289661875 0.3477196421875 0.8398644578125 0.3383473328125 0.8508931875 0.29585525156250003 0.84422961875 0.27084080625 0.79579001875 0.2216078484375 0.44617276875 0 0.332168609375 0
6 0.295271940625 0.0963409984375 0.2761307171875 0.1300293015625 0.31810532812500003 0.195586628125 0.5964215953124999 0.3892535203125 0.7367978921875 0.4615679328125 0.7935945390625 0.5137571375000001 0.83849458125 0.518581321875 0.8764956984375001 0.494801328125 0.8899423671875001 0.4221457125 0.8123937703124999 0.34076758125 0.3411318 0.0966495890625 0.295271940625 0.0963409984375
6 0.20479885156250002 0.2871330890625 0.14031445625 0.280505925 0.10205958906249998 0.3195707234375 0.1225669859375 0.35460718281250003 0.205159234375 0.4075597984375 0.670255934375 0.605531009375 0.710375265625 0.6140586375 0.75720414375 0.6004143625 0.7885324984375 0.5610571921874999 0.7871387421875 0.520644234375 0.7429999406250001 0.4699656375 0.597363025 0.4036124640625 0.20479885156250002 0.2871330890625
6 0.07713186718750001 0.408664415625 0.0279310203125 0.40528587031249996 0.0756829390625 0.424875078125 0.129129415625 0.4834316 0.62475645 0.7256491296875 0.682088175 0.7189569140625001 0.7110261718750001 0.681451465625 0.71345330625 0.6418506625 0.694131890625 0.6153256125000001 0.3068743125 0.4456986484375 0.1411639390625 0.3892375671875 0.07713186718750001 0.408664415625
6 0.1968996234375 0.5497523359375001 0.15507761874999998 0.5727201765625 0.1438227265625 0.6021852546875001 0.1762727 0.6374003828125 0.5511077921875 0.8091064765624999 0.6370410140625 0.8651290453125 0.674733215625 0.913257471875 0.709130415625 0.9111296 0.7471407250000001 0.8779123359375 0.7457561640625 0.82806210625 0.7068687828125 0.7808595421875 0.3568878625 0.5955579140625 0.1968996234375 0.5497523359375001
6 0.0850696609375 0.596776325 0.034908996875 0.5979133765625 0.015297059375 0.624422209375 0.041988115625 0.6867309140625 0.1197904578125 0.7528242390625 0.47453369843750004 0.9532969640625 0.591052428125 0.9969422328125 0.6287997984375 0.9884470421874999 0.6505575375 0.9659340234375 0.6615954640624999 0.9140046640625 0.6446736 0.8761906249999999 0.5114775609375 0.7888837828125 0.0850696609375 0.596776325
6 0.600818334375 1 0.6006046484375 0.9989726203125 0.5189354453125 0.9792534890625 0.3298658 0.8729909265625 0.1331267890625 0.7934158609375 0.043806610937500004 0.7815096890625 0.007932909375 0.8281600375 0.032251996875 0.873445921875 0.20224478437500001 0.9473359015625 0.46064056249999996 1 0.600818334375 1
6 1 0.098868959375 0.9965521953125 0.0943751296875 0.9144030828125 0.076913796875 0.9081826453125 0.08739063281250001 0.9536876203125001 0.2067939921875 1 0.28148745000000003 1 0.098868959375
6 0.996973234375 0.39769970625 0.98245091875 0.34859667031249997 0.9103155468749999 0.3497824671875 0.996973234375 0.39769970625
6 1 0.4580671109375 0.912659928125 0.3951170953125 0.9050089578125 0.40293005624999995 0.96701105625 0.505781640625 1 0.5197099453125 1 0.4580671109375
6 0.841732634375 0.136981009375 0.8807266421875 0.319895090625 0.9741122624999999 0.3267658859375 0.8962492609374999 0.07777469375 0.8730701796875 0.0881865703125 0.841732634375 0.136981009375