16 0.590625 0.678125 0.625 0.7078125 0.6453125 0.715625 0.6859375 0.71875 0.715625 0.7125 0.725 0.690625 0.746875 0.6875 0.7625 0.675 0.7921875 0.6140625 0.79375 0.559375 0.771875 0.503125 0.7515625 0.484375 0.7078125 0.4609375 0.6484375 0.4609375 0.584375 0.4875 0.553125 0.5234375 0.5375 0.565625 0.5359375 0.5859375 0.5578125 0.61875 0.571875 0.6734375 0.590625 0.678125
16 0.2203125 0.5109375 0.2421875 0.515625 0.3109375 0.5125 0.3359375 0.4984375 0.38125 0.4453125 0.3875 0.4125 0.3828125 0.3484375 0.3578125 0.303125 0.3109375 0.2640625 0.271875 0.253125 0.2109375 0.2625 0.1609375 0.2984375 0.140625 0.3453125 0.1390625 0.3921875 0.15 0.4484375 0.1875 0.49375 0.2203125 0.5109375
16 0.165625 1 0.2 0.95 0.209375 0.915625 0.2078125 0.85 0.19375 0.8171875 0.16875 0.7859375 0.125 0.759375 0.0875 0.7515625 0.034375 0.7515625 0.0046875 0.7578125 0 0.759375 0 1 0.165625 1
16 0.4921875 0 0.465625 0.0265625 0.4390625 0.075 0.4359375 0.128125 0.45625 0.1390625 0.5765625 0.1328125 0.653125 0.11875 0.678125 0.1015625 0.6765625 0.071875 0.6671875 0.0453125 0.6265625 0 0.4921875 0
16 0.2859375 0 0.2375 0.0359375 0.225 0.0625 0.2234375 0.0828125 0.265625 0.10625 0.365625 0.125 0.4265625 0.1265625 0.4140625 0.0375 0.403125 0.021875 0.3640625 0 0.2859375 0
16 0.5375 1 0.5703125 0.9640625 0.603125 0.9140625 0.6109375 0.878125 0.6109375 0.8265625 0.6078125 0.778125 0.6 0.75625 0.565625 0.7171875 0.5015625 0.6828125 0.4609375 0.6734375 0.415625 0.675 0.35625 0.696875 0.325 0.7234375 0.3046875 0.75 0.2875 0.8046875 0.284375 0.8484375 0.2953125 0.9125 0.3203125 0.9609375 0.3609375 1 0.5375 1
16 0 0.6171875 0.05 0.6046875 0.0921875 0.578125 0.1203125 0.534375 0.1234375 0.509375 0.1203125 0.4671875 0.1078125 0.4296875 0.065625 0.3890625 0.0109375 0.371875 0 0.371875 0 0.6171875
16 0.24375 0.7890625 0.2875 0.7765625 0.30625 0.7375 0.303125 0.66875 0.31875 0.60625 0.3171875 0.59375 0.2984375 0.5765625 0.2296875 0.55 0.1703125 0.553125 0.1171875 0.584375 0.0953125 0.6109375 0.0859375 0.6359375 0.0859375 0.690625 0.1015625 0.7546875 0.2015625 0.7859375 0.24375 0.7890625
16 0.521875 0.565625 0.540625 0.5625 0.56875 0.509375 0.6015625 0.4796875 0.590625 0.4328125 0.5453125 0.36875 0.534375 0.3625 0.484375 0.35625 0.440625 0.3625 0.40625 0.3828125 0.3859375 0.40625 0.36875 0.4640625 0.3671875 0.5296875 0.371875 0.5421875 0.4703125 0.5390625 0.521875 0.565625
16 0.353125 0.6953125 0.4015625 0.675 0.4578125 0.665625 0.490625 0.6671875 0.5078125 0.684375 0.5328125 0.690625 0.5515625 0.7046875 0.5609375 0.7078125 0.5625 0.703125 0.5671875 0.6609375 0.55 0.6015625 0.496875 0.546875 0.475 0.5359375 0.4140625 0.5328125 0.3671875 0.553125 0.325 0.5953125 0.3140625 0.634375 0.3078125 0.6921875 0.315625 0.71875 0.33125 0.715625 0.353125 0.6953125
16 0.79375 0.94375 0.7546875 0.8859375 0.7078125 0.853125 0.646875 0.834375 0.625 0.8375 0.5984375 0.928125 0.546875 0.9984375 0.8046875 0.9984375 0.79375 0.94375