16 0.7200336218750001 0.2816225265625 0.7098298515625 0.264409925 0.6536170921875 0.22653048125000003 0.5996792656250001 0.2173721578125 0.5409322750000001 0.231205784375 0.5195377953125 0.248711109375 0.4902395640625 0.2887734671875 0.4819761609375 0.347570634375 0.4993643796875 0.41470646718750004 0.530602978125 0.45065387812499996 0.5702053328125001 0.47199818281250006 0.5901026953125 0.4763724296875 0.625640278125 0.4592769328125 0.6817526843749999 0.4529623171875 0.6890040625 0.435047165625 0.7231867203125 0.4051384015625 0.73375014375 0.38611087187500004 0.7424986390625 0.346316146875 0.7404411640624999 0.31604773124999996 0.7200837984375 0.30371955625 0.7200336218750001 0.2816225265625
16 0.3336031484375 0.5949536156249999 0.2852522984375 0.6134040374999999 0.24004621249999997 0.654386403125 0.22377870625 0.69154654375 0.224581609375 0.7531957515625 0.2532107125 0.8077106890625 0.29680257499999996 0.8343492484375 0.34300393281249997 0.8424202812500001 0.4002287171875 0.8394177109375001 0.45031923125000006 0.8085889390625001 0.4719060796875 0.77848780625 0.4795923734375 0.757478065625 0.4860659359375 0.6889622203125 0.47561961875 0.662248396875 0.42931790937500003 0.6099833046875001 0.3976945703125 0.5992275109375 0.3336031484375 0.5949536156249999
16 0.93464336875 1 0.948598028125 0.9007074359375 0.9038687 0.8597083156249999 0.8711329843750001 0.8456404781250001 0.8059291843749999 0.8380545359375 0.771478890625 0.8474135640625 0.7370536859375 0.8678211062500001 0.7046608671875 0.9074485484375 0.69170540625 0.9434963109375 0.6843118359375 0.996104303125 0.68457664375 1 0.93464336875 1
16 0.1364862953125 0.49309143750000006 0.147041384375 0.373079978125 0.1437711796875 0.2953054578125 0.130230275 0.2681567171875 0.10061423437499999 0.2655723109375 0.073005490625 0.2711592875 0.022480060937499997 0.305082646875 0.003778675 0.43814991875000003 0.0263858859375 0.4681507 0.070655209375 0.5011958921875 0.12282828593749999 0.5116840515625001 0.1364862953125 0.49309143750000006
16 0 0.6881610609375 0.0039207859375 0.6953603515625 0.0284851171875 0.7114354875 0.0483824796875 0.715809734375 0.07746325312499999 0.6772946703125 0.1099480890625 0.580877359375 0.11997624375 0.52075035625 0.0300408296875 0.5207336031249999 0.0130456859375 0.5293900796875 0 0.5465467562499999 0 0.6881610609375
16 1 0.532024803125 0.969331884375 0.49495679375 0.9243850984374999 0.45550496718750005 0.8898846296875 0.442766965625 0.8388239328125 0.4355908515625 0.79042290625 0.43194424218750005 0.7676735031249999 0.4366363 0.72420708125 0.465240315625 0.6812508390625001 0.5238952890624999 0.66631316875 0.56282018125 0.66155418125 0.6079091609375 0.6749528921875 0.6697507390624999 0.6969077296874999 0.7043934015625 0.7203847703124999 0.7282050078125 0.77214801875 0.75283626875 0.8150373296875 0.7620196796875 0.8799985843749999 0.7601044 0.9314440218750001 0.7420888953125 0.975780275 0.707295703125 1 0.5349634015625 1 0.532024803125
16 0.545250421875 1 0.5410407937499999 0.960190315625 0.5206081625000001 0.9147165953125 0.481198178125 0.8807764828125 0.4568763921875 0.8742025671875 0.41466454218750004 0.8714257906249999 0.37578982656250004 0.8785851499999999 0.3296888203125 0.9147081765625 0.305057559375 0.9664714234374999 0.303535353125 0.97730248125 0.465036590625 1 0.545250421875 1
16 0.5477653203124999 0.7102563484375 0.511893175 0.7746404921875001 0.5067243593749999 0.833872575 0.530276665625 0.890829725 0.55353625 0.916188625 0.576988203125 0.928951715625 0.6311434890625 0.9365627453125001 0.696757115625 0.9300055828125 0.741620303125 0.8353279359375 0.75058625625 0.7939859171875 0.7442967281249999 0.7489220249999999 0.708223878125 0.72491805 0.6397080328125 0.7184444875 0.5799908578124999 0.6942732296874999 0.5673950484375 0.694080859375 0.5477653203124999 0.7102563484375
16 0.36862221562499997 0.44682323437499993 0.35547438593749997 0.4954668046875 0.3555747375 0.5396608656249999 0.3709054828125 0.5765282843749999 0.3912879375 0.5999049734375 0.44614577187500004 0.62497115 0.51091465625 0.6356516796875 0.52394538125 0.6327494609375 0.5345506453125 0.5348350328125 0.5680307531250001 0.4874711203125 0.5675456609375 0.468468678125 0.5188519140625 0.43322381875 0.4940199484375 0.3965989453125 0.44607892656250003 0.4009062640625 0.376333596875 0.43686200937499997 0.36862221562499997 0.44682323437499993
16 0.7098716078125 0.47742629687499993 0.71427094375 0.46857745 0.7098465203125001 0.46637778125 0.668721959375 0.455864534375 0.60753275625 0.4646213640625 0.5459839 0.5096183265625001 0.53210843125 0.529758234375 0.5205329828124999 0.5896677796875001 0.5341240640625 0.6389135484375 0.5700296328125 0.6865618484375 0.6071897734375 0.7028293546875 0.6635698140625 0.717064475 0.6909611 0.713024790625 0.6900410921875 0.6971169359375 0.6729706828124999 0.67262786875 0.659597059375 0.62183480625 0.6581417843749999 0.5648274796874999 0.6642556953125001 0.532551765625 0.683667965625 0.517923571875 0.69333646875 0.4940367015625 0.7098716078125 0.47742629687499993
16 1 0.26972828125000003 0.9803135546874999 0.27086681874999996 0.91762723125 0.3015032203125 0.878610321875 0.34335541875 0.851561934375 0.4010903828125 0.8516121109375 0.4231874125 0.93765836875 0.46210397031249995 1 0.5228426374999999 1 0.26972828125000003