11 0.1092666515625 0.585136021875 0.15268760625 0.57763259375 0.162435703125 0.5595633171875 0.1271107546875 0.5058831734375 0.0977518109375 0.506300340625 0.0757899328125 0.5335085453125 0.087398696875 0.5732330421875 0.1092666515625 0.585136021875
11 0.17268245 0.4760006953125 0.150090671875 0.44059011562499995 0.09948538125 0.4545623515625 0.09189631718749999 0.48741331718750003 0.10380759375 0.5027060999999999 0.134912546875 0.5062920484375 0.17268245 0.4760006953125
11 0.2352929375 0.43821005937499996 0.2092091390625 0.39479325 0.18231173750000002 0.3855603953125 0.1440307421875 0.42560398906249997 0.1851048171875 0.48154123593750003 0.2125133109375 0.48102185000000003 0.2352929375 0.43821005937499996
11 0.225659503125 0.510069990625 0.20625309218750001 0.4885169875 0.157900759375 0.47815972812499996 0.137276015625 0.517172840625 0.1753691625 0.5553516187499999 0.2066785546875 0.5550366671875 0.225659503125 0.510069990625
11 0.24189298906249998 0.5735065234375 0.222282140625 0.5558544171875 0.16756736875 0.5549427437500001 0.1555621703125 0.57876114375 0.1631636734375 0.601651284375 0.21757178906250002 0.6084143015625 0.24189298906249998 0.5735065234375
11 0.279262309375 0.5881776999999999 0.3107761390625 0.5839618546875001 0.33725222499999996 0.5452553984375 0.301518403125 0.4993770484375 0.26836078125 0.49763933125 0.24690999531250002 0.5150952921874999 0.248766521875 0.554308696875 0.279262309375 0.5881776999999999
11 0.31785825624999997 0.5794435 0.330391134375 0.6201943296875 0.382537996875 0.6141261078125 0.3869416953125 0.5674175671875 0.3617861578125 0.543607459375 0.31785825624999997 0.5794435
11 0.4572683484375 0.6063077265625 0.43303277656250005 0.5649435828125 0.3846845890625 0.5731666921875 0.379352634375 0.60026853125 0.39475592812500004 0.6235675453125 0.4257586640625 0.6291039406250001 0.4572683484375 0.6063077265625
11 0.532845471875 0.7129483375000001 0.560151746875 0.7143793984375 0.5876583140625 0.6933291953125 0.5897026875 0.6543202296875 0.5486286140625001 0.59838298125 0.49515290937499995 0.62980703125 0.5023496828125 0.6790793328125 0.532845471875 0.7129483375000001
11 0.46883978906249996 0.478808909375 0.4337358671875 0.49554934062499995 0.419784365625 0.5378458921875 0.453980759375 0.5944006 0.48498764375 0.6185173640625 0.518451921875 0.6144037359375 0.5442124781250001 0.5893504171874999 0.545439103125 0.5659450374999999 0.5196578109375001 0.4980965140625 0.46883978906249996 0.478808909375
11 0.5884470359375 0.54766303125 0.5565243328125 0.559680671875 0.548420028125 0.583703509375 0.558487221875 0.61552399375 0.596784803125 0.6498018734375 0.639694665625 0.652050684375 0.66186098125 0.6209415828125 0.6634964796875 0.589734409375 0.628997575 0.557611415625 0.5884470359375 0.54766303125
11 0.6034248718749999 0.504442365625 0.5801175625 0.48268492656250006 0.5409041578125 0.48454144687499995 0.5215060390625 0.5001491812500001 0.541947078125 0.5579388062499999 0.6012782796875 0.5454017796875 0.6034248718749999 0.504442365625
11 0.6588717578125001 0.566022375 0.6676142546875 0.64177905625 0.7065210015625001 0.645773878125 0.7405944437499999 0.6113771906250001 0.7318602421875 0.5727812453125 0.6588717578125001 0.566022375
11 0.720067775 0.6298594875 0.711354309375 0.684165384375 0.7474970046875 0.722241940625 0.7865059703124999 0.7242863140625 0.83433476875 0.6886547125 0.8446920296875 0.6403023796875 0.8273382843749999 0.6169011453125 0.7672832625 0.6059305734375 0.720067775 0.6298594875
11 0.7495247890625001 0.6089115046875 0.8516719265624999 0.6377344734375 0.8752775953124999 0.61647983125 0.8754737406249999 0.5754181984375 0.8466217437499999 0.5475027546875 0.778253834375 0.5458755515625 0.7465397140625 0.5725726625 0.7495247890625001 0.6089115046875
11 0.6625433375 0.4586454984375 0.6580457156249999 0.5444652249999999 0.691105265625 0.566733759375 0.7360677953125 0.5671343390625 0.7802001359374999 0.5273974015625 0.7792635796875 0.47062996406249996 0.7470217796874999 0.43275784218749996 0.684505215625 0.43143729375 0.6625433375 0.4586454984375
11 0.7817251203125 0.460979940625 0.7799956984375 0.5312982984375 0.7901609609375 0.5425879671875 0.8409748359375 0.5432952046875 0.888190321875 0.5193662906250001 0.8985475812500001 0.47101395625000003 0.88304206875 0.449665390625 0.846392425 0.43992144375000003 0.7817251203125 0.460979940625
11 0.8804134109374999 0.630439625 0.9121482640625 0.6966443546875001 0.9378148953125001 0.710702221875 0.990063978125 0.7026835499999999 0.9953793484375 0.6012602375 0.929571053125 0.56945219375 0.906194978125 0.570416825 0.8921078046875 0.5938922 0.8804134109374999 0.630439625
11 1 0.46397286875 0.9483351234375 0.472645309375 0.9216545999999999 0.5152526625 0.9279231140625 0.5449182625 0.9792605218749999 0.5916143625 0.9956860046875 0.59540889375 1 0.4995059109375 1 0.46397286875
11 0.875780396875 0.569566853125 0.8752775953124999 0.61647983125 0.8848254015625001 0.6208918203125 0.914584925 0.5755121234375 0.8989771921875 0.5561140046874999 0.875780396875 0.569566853125
11 0.9506944468749999 0.464945734375 0.9014179984374999 0.453562140625 0.8955832406249999 0.5275769578125 0.9166292984375 0.53650315625 0.9506944468749999 0.464945734375
11 0.8847024484375 0.5299404296875 0.8477502937500001 0.54462819375 0.8654106953125 0.56217808125 0.8822450546875 0.5581708187500001 0.8847024484375 0.5299404296875
11 1 0.33732722656249997 0.9851560296875 0.3298454140625 0.9356792921875 0.340943084375 0.9134107578125 0.374002634375 0.912499084375 0.42871740625 0.9492550921875 0.455091275 1 0.45682641406249996 1 0.33732722656249997
11 0.8431697390625 0.258840553125 0.8280855375 0.2854312984375 0.8366235953125001 0.3650888765625 0.9047870687499999 0.3706169765625 0.944916290625 0.3326260515625 0.9530164484375 0.2900228453125 0.9343255671874999 0.25481670156249997 0.8881281203125001 0.24066076718749999 0.8431697390625 0.258840553125
11 1 0.2362524875 0.9411010265625 0.25614969374999996 0.9567170546874999 0.312708546875 1 0.29873040156249997 1 0.2362524875
11 1 0.307187790625 0.9846407875000001 0.3210172875 0.9927533859375 0.334155184375 1 0.3358292609375 1 0.307187790625
11 1 0.13358811718750002 0.9430224484374999 0.12618933593749998 0.8958069625 0.150118246875 0.888635065625 0.21232815624999998 0.9135861671875001 0.24003916093750002 0.9603969265625001 0.2424924078125 1 0.22693707500000002 1 0.13358811718750002
11 1 0.06268423749999999 0.9883772656250001 0.0444666484375 0.9396160578125 0.04191118125 0.88614035 0.0733352328125 0.8670530375000001 0.1016719890625 0.8810252703125 0.1522772796875 0.9978352906250001 0.1065701921875 1 0.08498292187499999 1 0.06268423749999999
11 0.86349196875 0.24425915312500002 0.8587608828125 0.20391719687499998 0.7786944296875 0.2202570484375 0.7618725140625 0.280005415625 0.7810744875 0.3054593171875 0.8231624546875 0.3047313453125 0.86349196875 0.24425915312500002
11 0.792854515625 0.19263996875 0.8646080812499999 0.1856434859375 0.8743520296874999 0.1489938421875 0.8444695515625 0.103422146875 0.8133645984375001 0.0998361984375 0.7641986640625 0.1236628953125 0.758355609375 0.160516975 0.792854515625 0.19263996875
11 0.9047165703125 0.0547507171875 0.9002962890624999 0.0271377859375 0.821660896875 0.0161713609375 0.8057548015625 0.0397853234375 0.8155194828125 0.09603752343750001 0.864280690625 0.098592990625 0.9047165703125 0.0547507171875
11 0.627458696875 0.10182811875 0.6606163171875 0.10356583593749999 0.6918193421875001 0.0866209640625 0.6943706640625 0.019279390625 0.647968778125 0.0090243484375 0.6124559828125 0.033566573437500004 0.606408490625 0.07432155 0.627458696875 0.10182811875
11 0.6966319140625 0.03211063125 0.6979773453125 0.081076275 0.734528915625 0.11135103906249999 0.7735378828125 0.1133954125 0.805456440625 0.08279740625000001 0.8016494671875 0.0434817828125 0.7803948265625 0.0198761109375 0.728039378125 0.011264864062500001 0.6966319140625 0.03211063125
11 0.6510809546874999 0.15489495 0.6583799484374999 0.20221680156250002 0.6933899453125 0.22458755468749997 0.7344515781250001 0.2247837 0.7641130296875 0.1999348171875 0.753526453125 0.1407058359375 0.7145133390625 0.1200810953125 0.6829995109375 0.124296940625 0.6510809546874999 0.15489495
11 0.7331268843750001 0.26871989531249996 0.7327097140625 0.2393609515625 0.654892071875 0.212790940625 0.6345739874999999 0.24595270781249998 0.6484440031250001 0.2985084484375 0.6970007734375 0.3049648078125 0.7331268843750001 0.26871989531249996
11 0.7254480421875 0.3592624125 0.777803490625 0.3678736640625 0.7937095859375 0.34425969843750004 0.7909330953125 0.3226003296875 0.7474996984375 0.2743626546875 0.7259425484375 0.275188696875 0.7040828875 0.3004464546875 0.7254480421875 0.3592624125
11 0.630689678125 0.32006974375 0.6241310953125 0.3705769625 0.6473361843750001 0.39428485156250004 0.684292484375 0.398177453125 0.7156999468749999 0.3773316875 0.7208274703125 0.3541307453125 0.6985423468749999 0.31286882031249996 0.65994225625 0.303022653125 0.630689678125 0.32006974375
11 0.8168124562499999 0.3699180359375 0.8019451375 0.4483489890625 0.8908438609375 0.45007426562499997 0.8923729953124999 0.4022371734375 0.8613661125000001 0.378120409375 0.8168124562499999 0.3699180359375
11 0.565327578125 0.4476832203125 0.575701425 0.4736523609375 0.6130707453124999 0.4883235375 0.6552609296874999 0.48564511875000005 0.6794757671875 0.43410742031250005 0.6718742640625 0.4112172796875 0.6139741265625 0.39644803125 0.5726099828125 0.4206836 0.565327578125 0.4476832203125
11 0.6826569859375 0.42938462499999996 0.780903225 0.4580031578125 0.8153855406250001 0.4158046796875 0.8096281203125001 0.3763868390625 0.7659985828125 0.36921079843750004 0.720422740625 0.38051290781249997 0.67485104375 0.410395384375 0.6826569859375 0.42938462499999996
11 0.53440218125 0.3287141671875 0.520655115625 0.367109821875 0.5429402375 0.4083717453125 0.5740451921874999 0.41195769374999996 0.613254446875 0.3915208 0.6252555015625 0.34912203124999996 0.611802653125 0.3259252359375 0.5693016656250001 0.31587463125 0.53440218125 0.3287141671875
11 0.5019891171875 0.4433858875 0.47859203125 0.4793200015625 0.518835915625 0.49511973437499995 0.5319738125 0.4870071359375 0.52560308125 0.4592919859375 0.5019891171875 0.4433858875
11 0.5289887375 0.45066829531249997 0.5351550328125 0.48228434375000007 0.5743684359375 0.48042782031250003 0.572516059375 0.459794784375 0.5604003484375 0.4484028984375 0.5289887375 0.45066829531249997
11 0.48853626875 0.42018909375 0.5118435765625 0.441946534375 0.561937775 0.4377265421875 0.5229163671875 0.3799410640625 0.48801688125 0.3927805984375 0.48853626875 0.42018909375
11 0.406310784375 0.4217472546875 0.4065235140625 0.4550070953125 0.42972860468749996 0.4787149828125 0.46493889218750006 0.47860447187500005 0.4905972296875 0.4555016015625 0.4939787375 0.42829754375 0.47148918125000006 0.3909365171875 0.44202801875000003 0.39330413124999997 0.406310784375 0.4217472546875
11 0.4378412 0.49185288125 0.41627990312499996 0.4740985578125 0.3687577625 0.503878815625 0.3665089515625 0.546788678125 0.380472890625 0.56023323125 0.42461352343750003 0.55765703125 0.4378412 0.49185288125
11 0.355786978125 0.34086720000000004 0.3590828578125 0.3899350640625 0.3823901640625 0.4116925046875 0.41575222343749996 0.409529325 0.4515716765625 0.3791357546875 0.45495318749999997 0.35193169687500003 0.42856273125 0.31436623125 0.3933524421875 0.31447674531250003 0.355786978125 0.34086720000000004
11 0.4454993046875 0.308408521875 0.45330939375 0.3459781328125 0.48216139062499996 0.373893575 0.51850023125 0.3709085 0.53881416875 0.31916636249999997 0.5321367796875001 0.29730255625 0.504724140625 0.2792415734375 0.475365196875 0.27965874375 0.4454993046875 0.308408521875
11 0.6103508578125 0.2603296703125 0.590535571875 0.2465784609375 0.547216834375 0.2521314421875 0.5294625109375 0.273692740625 0.5391208234375 0.3133150171875 0.6120070906249999 0.3220243390625 0.6103508578125 0.2603296703125
11 0.572551928125 0.16055844375 0.565891128125 0.2130161109375 0.58694133125 0.24052267968750002 0.6239998484375 0.242464834375 0.6500670625 0.21156016875 0.651285390625 0.150994053125 0.633727209375 0.131493715625 0.5945138062499999 0.13335023906250001 0.572551928125 0.16055844375
11 0.6069237328125 0.0831496765625 0.575920996875 0.07761328125 0.5504670953125 0.09681525625000001 0.5442151734375 0.1414711296875 0.5557175703125 0.1645657046875 0.6214070609375 0.1240027265625 0.6069237328125 0.0831496765625
11 0.5318742890625 0.041078296874999996 0.5525156171875001 0.07638665781250001 0.5948080234375 0.071757790625 0.62271516875 0.00574505625 0.5416182359375 0.0044286546875 0.5318742890625 0.041078296874999996
11 0.54851665 0.0967130375 0.53023464375 0.05370509999999999 0.47686115625000003 0.08317870468750001 0.47399073906250005 0.1006305203125 0.5020249859375 0.1441495484375 0.5425713796875 0.135517565625 0.54851665 0.0967130375
11 0.4559629328125 0.27668610781249997 0.5202255078125 0.2820097734375 0.5448533640625 0.24125065 0.5442317578125 0.215792603125 0.5131226578125 0.1936262859375 0.454506990625 0.192510175 0.435219384375 0.24332819687499999 0.4559629328125 0.27668610781249997
11 0.5573655125 0.1890996375 0.5362130875 0.16354351875 0.5092134671874999 0.1562611140625 0.4792412125 0.1683809703125 0.468262346875 0.19127525625 0.547310759375 0.2130202578125 0.5573655125 0.1890996375
11 0.450925059375 0 0.46206702499999996 0.029596632812500002 0.4911234578125 0.053611176562499994 0.5297194015625 0.044876975 0.540796340625 0.001451871875 0.5059220765625 0 0.450925059375 0
11 0.4016321546875 0.1564904296875 0.46292209531250006 0.1812163609375 0.488478215625 0.1600639390625 0.49165528593749996 0.13676077656250002 0.4729644046875 0.1015546375 0.43056563593749997 0.089553584375 0.398851515625 0.11625069531250001 0.4016321546875 0.1564904296875
11 0.4112987640625 0.233273446875 0.43583269687500004 0.23162550781250002 0.45963865625 0.1878896015625 0.4383840171875 0.16428393125000001 0.403480384375 0.1585430984375 0.384286703125 0.17024993593749999 0.37454275625 0.20689957812499998 0.4112987640625 0.233273446875
11 0.3554554390625 0.23523633593749999 0.3478663796875 0.26808730000000003 0.3761050640625 0.3077054328125 0.42486627187500003 0.3102609 0.4401590546875 0.298349625 0.447543678125 0.26939955625 0.43059881093749997 0.2381965296875 0.3864540296875 0.2221923640625 0.3554554390625 0.23523633593749999
11 0.2353868640625 0.399098875 0.23765226250000002 0.43051048437499995 0.2646560296875 0.456373259375 0.31577655937500004 0.4512291515625 0.32973220468750003 0.42751296875 0.326436328125 0.37844510468750003 0.29142633125 0.356074353125 0.26196516875000003 0.35844196875 0.2353868640625 0.399098875
11 0.3509951421875 0.488279375 0.39215899374999996 0.4865250703125 0.4081673078125 0.46096065937499997 0.40405368125 0.42749638125 0.35446228281250003 0.3848033984375 0.333522590625 0.3925071171875 0.32891445625000004 0.44311655468750005 0.3509951421875 0.488279375
11 0.2492154109375 0.2658509296875 0.22869288906250002 0.3029135953125 0.2274704109375 0.34489934375 0.2600147203125 0.35833974999999996 0.31739547031250004 0.3457005046875 0.333506003125 0.3181856453125 0.3218972375 0.27846114843750003 0.2850390109375 0.25403772812500003 0.2492154109375 0.2658509296875
11 0.3040324015625 0.2648121578125 0.3429391484375 0.268806978125 0.37433831875 0.21080047500000001 0.3336814140625 0.18422216875 0.29077155 0.1819733578125 0.26932076562499996 0.199429321875 0.2681963609375 0.2208842546875 0.3040324015625 0.2648121578125
11 0.3541997890625 0.1285791375 0.3298827359375 0.182067284375 0.3717704109375 0.20382057812499998 0.398553153125 0.1592627765625 0.3955722265625 0.1415043046875 0.3541997890625 0.1285791375
11 0.41598838281250006 0.08781171875 0.3869236546875 0.0266364390625 0.35150892968749997 0.030647846875000002 0.3314975 0.057958270312500004 0.35645689375 0.122830009375 0.381812721875 0.12415885156249999 0.41598838281250006 0.08781171875
11 0.399652678125 0.0263256359375 0.420711175 0.09099294062499999 0.4713206125 0.095601071875 0.48127314375 0.0736309 0.43865749843749996 0.0097896390625 0.399652678125 0.0263256359375
11 0.28399194375 0.162060003125 0.3212549 0.1601012578125 0.3497836546875 0.1195465734375 0.323904290625 0.0722288671875 0.273805946875 0.057868492187499995 0.25245738125 0.07337400625 0.25123075625 0.09677938593749999 0.28399194375 0.162060003125
11 0.222011353125 0.2624694203125 0.2413114 0.2673925046875 0.2727188640625 0.24654673749999997 0.26993407812500003 0.1877266328125 0.24272587343750002 0.16576475468750002 0.1985935328125 0.2055016921875 0.1992151375 0.2309597390625 0.222011353125 0.2624694203125
11 0.320098771875 0.4993729 0.32307969999999997 0.5171313718749999 0.356548125 0.5315981125 0.36701174999999997 0.49987570000000003 0.3394968890625 0.4837651671875 0.320098771875 0.4993729
11 0.3142681609375 0.5919680859375 0.2641698171875 0.5776077109375 0.272184340625 0.6112764234375 0.3220741015625 0.610957328125 0.3142681609375 0.5919680859375
11 0.33323252187499997 0.47267993593749996 0.32450246875 0.45266435937500005 0.2420683984375 0.4395430484375 0.23981544062500001 0.46387254375 0.262713875 0.493431775 0.323484428125 0.4907492109375 0.33323252187499997 0.47267993593749996
11 0.23775862656250002 0.44714040468749994 0.2197998640625 0.4726025984375 0.2307911703125 0.5054494171874999 0.261380884375 0.5002072375 0.23775862656250002 0.44714040468749994
11 0.2217668984375 0.5470262906250001 0.2354241859375 0.566322190625 0.255852784375 0.568370709375 0.24865600781250002 0.5190984078125 0.228840721875 0.5053471984375 0.2217668984375 0.5470262906250001
11 0.23712043437500002 0.34736088593750003 0.2080722921875 0.3605070765625 0.22604764375 0.40936635781249997 0.25478083281249997 0.3649107734375 0.23712043437500002 0.34736088593750003
11 0.1807701640625 0.377656384375 0.200172428125 0.38062901718750003 0.224493628125 0.3457212390625 0.2282798671875 0.29213502187499996 0.17376953281250002 0.28732245 0.153962540625 0.31073197656249996 0.1505810328125 0.337936034375 0.1807701640625 0.377656384375
11 0.16606580937499998 0.2663827578125 0.16976641718750002 0.2890684625 0.2262272 0.29398325000000003 0.23371819062500002 0.2816631015625 0.1960339203125 0.23568253281249998 0.16606580937499998 0.2663827578125
11 0.18138762343749998 0.3845340625 0.14750203125 0.340708378125 0.104085221875 0.3667921765625 0.1000904015625 0.405698925 0.11785301875000001 0.4212983640625 0.13920573125 0.4243732171875 0.18138762343749998 0.3845340625
11 0.1343516921875 0.29307986874999997 0.1630931765625 0.285785021875 0.1831004578125 0.23989423125 0.16759494531250002 0.2185456671875 0.11759881875 0.20223484218749999 0.0941975875 0.21958858593750002 0.0888656265625 0.246690425 0.1343516921875 0.29307986874999997
11 0.105099115625 0.3101269578125 0.128304203125 0.3338348484375 0.1487328015625 0.3358833671875 0.1563218625 0.3030324015625 0.10765872812499999 0.27994611875 0.105099115625 0.3101269578125
11 0.1780502765625 0.149662515625 0.1893565328125 0.21381872500000002 0.24005574687500003 0.16073530625000002 0.24508104999999997 0.1394848125 0.22156930468749997 0.12162826874999999 0.1780502765625 0.149662515625
11 0.32394990625000003 0.27661291875 0.3360780578125 0.343745909375 0.3504508734375 0.34938866874999996 0.37241275156250003 0.32218046562499997 0.34673782656249996 0.2709618625 0.32394990625000003 0.27661291875
11 0.200523246875 0.11270206875 0.23162820156250002 0.1162880140625 0.24897365468750002 0.10252851249999999 0.2517335578125 0.0498664078125 0.2285284671875 0.0261585203125 0.2051230875 0.024931896875 0.1873687625 0.0464931921875 0.200523246875 0.11270206875
11 0.2448766125 0.14338570781249999 0.24262365468749997 0.1677152046875 0.27455465156250003 0.1928583015625 0.3017545625 0.17765944218750002 0.2600671765625 0.13342488125000002 0.2448766125 0.14338570781249999
11 0.33200859375 0.048206028125 0.310345078125 0.032402151562499995 0.26127721406250004 0.03569803125 0.2482415328125 0.041860178125 0.2539948078125 0.0626976484375 0.32790740625 0.0704828578125 0.33200859375 0.048206028125
11 0.345820615625 0 0.3386776890625 0.0329090984375 0.39462322968749997 0.028995760937499997 0.4123888171875 0 0.345820615625 0
11 0.2816955375 0 0.27698301875000003 0.03456533125 0.33508759375 0.045433684375 0.34498818125 0 0.2816955375 0
11 0.21485789687499998 0 0.220211434375 0.01692151875 0.24197716875 0.030774945312500003 0.270718653125 0.0234801 0.2764481828125 0 0.21485789687499998 0
11 0.1428660390625 0 0.1421935015625 0.012832771875000001 0.15934280781250001 0.040134901562500006 0.18449419843749998 0.045364640625 0.218260984375 0.016819300000000002 0.2126328578125 0 0.1428660390625 0
11 0.1859377015625 0.07379946875 0.1639675296875 0.0638469359375 0.1535039046875 0.09556935 0.1894338703125 0.10038606718750001 0.1859377015625 0.07379946875
11 0.2049393828125 0.12173463281250001 0.1855329734375 0.1001816296875 0.13318167187500002 0.11015075 0.1315461734375 0.14135792187500001 0.15670171093750002 0.1651680296875 0.1702526296875 0.1678340078125 0.2049393828125 0.12173463281250001