11 0.2587890625 0.3671875 0.21484375 0.4072265625 0.2128906265625 0.4794921875 0.2646484375 0.53125 0.3300781265625 0.5595703125 0.4033203125 0.5390625 0.4541015625 0.5390625 0.4746093734375 0.5029296875 0.4707031265625 0.4423828125 0.4384765625 0.4003906265625 0.3818359375 0.375 0.3212890625 0.36328125 0.2587890625 0.3671875
11 0.296875 0.6005859375 0.2890625 0.6494140625 0.3017578125 0.6796875 0.5332031265625 0.7236328125 0.5625 0.6845703125 0.5683593734375 0.6298828125 0.55078125 0.5908203125 0.5166015625 0.5625 0.4501953125 0.5449218734375 0.3701171875 0.546875 0.3349609375 0.5605468734375 0.296875 0.6005859375
11 0.1083984375 0.640625 0.2714843734375 0.6689453125 0.2832031265625 0.6630859375 0.2988281265625 0.5869140625 0.2353515625 0.5097656265625 0.2099609375 0.4941406265625 0.1630859375 0.4902343734375 0.1015625 0.5244140625 0.0859375 0.5947265625 0.1083984375 0.640625
11 0.6064453125 0.73828125 0.7275390625 0.7636718734375 0.8535156265625 0.7744140625 0.8847656265625 0.7275390625 0.8984375 0.6455078125 0.8427734375 0.5722656265625 0.7861328125 0.5546875 0.6865234375 0.5546875 0.6035156265625 0.5986328125 0.5917968734375 0.6787109375 0.6064453125 0.73828125
11 0.74609375 0.4853515625 0.7958984375 0.55078125 0.875 0.5576171875 0.9277343734375 0.5322265625 0.9433593734375 0.4912109375 0.9375 0.4365234375 0.8681640625 0.3339843734375 0.8310546875 0.3261718734375 0.7724609375 0.33984375 0.7324218734375 0.3994140625 0.74609375 0.4853515625
11 0.59765625 0.4033203125 0.625 0.4130859375 0.6484375 0.3974609375 0.7109375 0.2880859375 0.6689453125 0.23046875 0.6201171875 0.2109375 0.5703125 0.2431640625 0.5527343734375 0.2783203125 0.55078125 0.3349609375 0.59765625 0.4033203125
11 0.65625 0.1396484375 0.6503906265625 0.1845703125 0.66796875 0.2197265625 0.7177734375 0.2714843734375 0.78515625 0.2783203125 0.8154296875 0.2675781265625 0.8671875 0.2255859375 0.8808593734375 0.1318359375 0.8691406265625 0.1025390625 0.8193359375 0.0566406265625 0.7529296875 0.04296875 0.6933593734375 0.0732421875 0.65625 0.1396484375
11 0.5859375 0.5400390625 0.6083984375 0.5703125 0.63671875 0.5712890625 0.6806640625 0.5527343734375 0.7734375 0.5478515625 0.7275390625 0.4628906265625 0.6591796875 0.4453125 0.6494140625 0.4316406265625 0.5957031265625 0.4658203125 0.5839843734375 0.4990234375 0.5859375 0.5400390625
11 0.5292968734375 0.5576171875 0.5537109375 0.55078125 0.5683593734375 0.5322265625 0.5839843734375 0.4541015625 0.5517578125 0.4296875 0.4814453125 0.4277343734375 0.4765625 0.5185546875 0.5009765625 0.55078125 0.5292968734375 0.5576171875
11 0.2822265625 0.35546875 0.4238281265625 0.3818359375 0.4433593734375 0.3603515625 0.4453125 0.3330078125 0.421875 0.2900390625 0.3798828125 0.2558593734375 0.2861328125 0.23828125 0.23828125 0.2724609375 0.2392578125 0.3359375 0.2822265625 0.35546875
11 0.16796875 0.4833984375 0.21484375 0.4892578125 0.21484375 0.4091796875 0.25390625 0.3642578125 0.2470703125 0.3515625 0.23046875 0.3525390625 0.2216796875 0.3261718734375 0.1816406265625 0.3447265625 0.1582031265625 0.4306640625 0.16796875 0.4833984375
11 0.2753906265625 0.2119140625 0.2880859375 0.23046875 0.3427734375 0.25 0.3828125 0.2490234375 0.421875 0.1884765625 0.4667968734375 0.1552734375 0.4541015625 0.125 0.3994140625 0.09570312656249999 0.3212890625 0.109375 0.2871093734375 0.1376953125 0.2753906265625 0.1728515625 0.2753906265625 0.2119140625
11 0.4638671875 0.34765625 0.51171875 0.3525390625 0.5390625 0.3369140625 0.5527343734375 0.2021484375 0.5283203125 0.1738281265625 0.4853515625 0.1660156265625 0.4355468734375 0.1943359375 0.4140625 0.2314453125 0.4121093734375 0.2626953125 0.4638671875 0.34765625