11 0.26449160625 0.1796181828125 0.31993435 0.22261782343749997 0.344059409375 0.228771678125 0.37279674375 0.2028964640625 0.3679592921875 0.14592458749999998 0.34506085937500003 0.1163653546875 0.2968107453125 0.10405764375 0.2668426359375 0.134757871875 0.26449160625 0.1796181828125
11 0.3239084359375 0.0908092359375 0.37863565 0.1474620125 0.39516335156250004 0.14930609687500002 0.43560337968749996 0.12404419375 0.43045927187500005 0.0729236640625 0.3903134578125 0.0365931171875 0.3374469171875 0.037734109375000005 0.321847478125 0.055496728125000006 0.3239084359375 0.0908092359375
11 0.4343726078125 0.12886920625 0.38849425625 0.164603028125 0.3850105296875 0.193757534375 0.40965497187500005 0.22731988125 0.45482608593749996 0.24239993593750003 0.4914715828125 0.233563515625 0.513024584375 0.21415710312499997 0.52338184375 0.16580477031250002 0.4984307453125 0.138093765625 0.4343726078125 0.12886920625
11 0.5257494640625 0.1952659328125 0.5417660703125 0.20686225937499997 0.5895009453125 0.21034183906249998 0.6182382828125 0.1844666234375 0.616892853125 0.135500978125 0.5741832796875 0.1107709015625 0.5288118749999999 0.118172115625 0.51650001875 0.1478418609375 0.5257494640625 0.1952659328125
11 0.622548053125 0.1768692671875 0.647499153125 0.20458027343750002 0.6795282234375 0.2091925515625 0.7139124703124999 0.187524890625 0.7241675109375 0.1411230046875 0.6980837109375 0.097706196875 0.669542515625 0.082519778125 0.6273606234375 0.12235893281250002 0.622548053125 0.1768692671875
11 0.7158629171875 0.1876271078125 0.689484903125 0.20580274843750002 0.6866144859375 0.223254565625 0.7002717703125 0.24255046249999998 0.7494460015625 0.25588450625000003 0.7813687046875 0.24386686562499998 0.789571078125 0.1993132109375 0.766570425 0.1717044265625 0.7259176671875001 0.16370648906250002 0.7158629171875 0.1876271078125
11 0.3943388234375 0 0.3933924609375 0.033820771875 0.4370302921875 0.07815754999999999 0.4594093390625 0.08030828906250001 0.4937935859375 0.0586406265625 0.5124637328125 0.0009449265624999999 0.49689619687500003 0 0.3943388234375 0
11 0.5155676125 0.10965479062500001 0.537844440625 0.113755978125 0.5703846015625 0.1086160171875 0.5968606890625 0.0699095609375 0.5993139359375 0.0230988015625 0.5817557546875001 0.0035984640625 0.52324230625 0.0005319046875 0.5072339890625 0.026096317187500002 0.4957440328125 0.0587428453125 0.4998576609375 0.09220712187499999 0.5155676125 0.10965479062500001
11 0.6175061640624999 0.12379828906250001 0.6560979640625 0.09648371875 0.6731326109375 0.0699951921875 0.6748703296875 0.0368375703125 0.6558727906249999 0.0074827734375 0.6090620312499999 0.0050295265625 0.5996205921875 0.01724745625 0.5990155734375 0.06611088281250001 0.5812653937500001 0.106252546875 0.6175061640624999 0.12379828906250001
11 0.6793928296875 0.0625000546875 0.719432278125 0.08220068124999999 0.7820469125 0.06299041562499999 0.7972291828125 0.0158688515625 0.6753772734375 0.0085049609375 0.6793928296875 0.0625000546875
11 0.7101994234375 0.1090980828125 0.7302274390625 0.1561091328125 0.773448103125 0.1710869671875 0.80968058125 0.151471971875 0.8173718593749999 0.11667055781249999 0.800529209375 0.08351708125 0.7663411078125 0.0641231125 0.720254171875 0.0851774625 0.7101994234375 0.1090980828125
11 0.44032617187499995 0.1272254125 0.5032557578125 0.1393245375 0.508485496875 0.11417314687499999 0.48969239687500005 0.08091745312500001 0.437545534375 0.0869856765625 0.44032617187499995 0.1272254125
11 0.271663503125 0.11740827499999999 0.3195986671875 0.0984065921875 0.317844359375 0.057242739062500006 0.29833573125 0.0376401859375 0.259735640625 0.0277940203125 0.22997196875 0.0545933484375 0.2431223078125 0.10222185624999999 0.271663503125 0.11740827499999999
11 0.2044282890625 0.131486875 0.2330634109375 0.1075621078125 0.22843039687500002 0.0466893359375 0.172169903125 0.0192932796875 0.11879226875 0.030186515625 0.10463218437499999 0.0578035953125 0.1142905 0.0974258734375 0.2044282890625 0.131486875
11 0.026013982812500003 0 0.024144415625000002 0.026204134375 0.0342116078125 0.0580246203125 0.09981131875 0.0751531921875 0.1096574859375 0.0365531015625 0.1341872703125 0.01632479375 0.1266104984375 0 0.026013982812500003 0
11 0.1730415625 0.24523448281250002 0.197673565625 0.2230557265625 0.199505209375 0.15078692031250002 0.1632602921875 0.1146608109375 0.12620177500000002 0.11271865625 0.100747875 0.13192063125 0.08721354375 0.20357612500000002 0.1730415625 0.24523448281250002
11 0.170477803125 0.2568349546875 0.128483759375 0.218451740625 0.07561721875 0.21959273281249997 0.041339337500000004 0.257890315625 0.0413476328125 0.2950510515625 0.0537741453125 0.3191719625 0.0884733421875 0.3288136921875 0.129633046875 0.30847901875 0.15827645937499998 0.3217149890625 0.1817799109375 0.30241079531250004 0.170477803125 0.2568349546875
11 0.1989167765625 0.2739718203125 0.2143200734375 0.297270834375 0.23084777500000003 0.2991149171875 0.31614811249999997 0.27620404375 0.3187035796875 0.22744283593749998 0.29775559375 0.19798581875000001 0.251149271875 0.19163167812499998 0.2073235875 0.22551726875 0.1989167765625 0.2739718203125
11 0.349007371875 0.3209538421875 0.3826885265625 0.36868042343749996 0.426215846875 0.3778069125 0.46624699999999997 0.3603468015625 0.48286448125000003 0.30449933125 0.4475395328125 0.2508191875 0.403088096875 0.24066636562500002 0.363265528125 0.27280594687500004 0.349007371875 0.3209538421875
11 0.4815273453125 0.2926944234375 0.4769192109375 0.3433038609375 0.490470128125 0.3459698390625 0.52516103125 0.31845083281250003 0.5283381046875 0.295147671875 0.5187820046875 0.2535749453125 0.4834653515625 0.2370555375 0.44866808437500005 0.247944625 0.4815273453125 0.2926944234375
11 0.5170359953125 0.24957182968749997 0.5280314500000001 0.30099901562500003 0.5375792515625 0.30541100625 0.5757621765625001 0.2858982296875 0.5831468 0.2569481609375 0.5624032531250001 0.22359025 0.5222615875 0.20584007187500003 0.4960921546875 0.2386951828125 0.5170359953125 0.24957182968749997
11 0.6106533671875 0.2358979578125 0.5820223953125 0.2784030921875 0.5828484390625001 0.2999602421875 0.611802653125 0.3259252359375 0.6439339421875 0.3285870671875 0.6803708515625 0.305071175 0.6915541562499999 0.2782759921875 0.6893909765624999 0.24491393437500003 0.6680341171874999 0.22325871249999998 0.6106533671875 0.2358979578125
11 0.6221806453125 0.37047474375 0.6319370359375001 0.38956620468750003 0.6924050796875 0.4113153515625 0.7145755406250001 0.39878661875 0.7286292624999999 0.3545396203125 0.7098361625 0.321283925 0.6791400828125 0.30989618750000003 0.6239183625 0.337317121875 0.6221806453125 0.37047474375
11 0.4816461484375 0.3650654484375 0.4992126265625 0.42172652031249996 0.5467430625 0.42910699843750005 0.597655009375 0.40928341718750005 0.617973096875 0.3761216515625 0.6162187890624999 0.3349578 0.5834658968750001 0.30683791875 0.5159240296875 0.32676786406249997 0.4816461484375 0.3650654484375
11 0.65925160625 0.4281580015625 0.63890653125 0.45581130156249994 0.6612227875000001 0.5211620625 0.6864805453125 0.5430217234375 0.7050609125 0.543017575 0.74098673125 0.529253925 0.7501090718750001 0.467146234375 0.7220748265625 0.42362720625000005 0.691072090625 0.41809081406250004 0.65925160625 0.4281580015625
11 0.5708805609375001 0.49100195781249995 0.5766338328125 0.5118394312500001 0.6243687078125 0.5153190125 0.64233161875 0.5084371875 0.6482768859375 0.4696326578125 0.611205928125 0.41194939843749995 0.5345292796875001 0.438245928125 0.5337115296875 0.453849515625 0.5708805609375001 0.49100195781249995
11 0.5345541593750001 0.5497281375 0.5293244234375 0.5748795296875 0.5431902921875 0.6088549000000001 0.55715423125 0.6222994546875 0.5929819765625 0.62906661875 0.647590384375 0.6133483734375 0.6869957859375 0.5518498484375 0.6491070765625 0.5097701781249999 0.58012585625 0.5198456609375001 0.5345541593750001 0.5497281375
11 0.5307347484375 0.4546714109375 0.4876204484375 0.45632349687499996 0.46401477968749993 0.4775781375 0.45786506875 0.5202835640625 0.4797330234375 0.5321865453125 0.503351134375 0.5666730078125 0.5218292859375 0.568619309375 0.536811265625 0.5439790125 0.5733503953125 0.518512671875 0.5742703640625 0.5009586374999999 0.5307347484375 0.4546714109375
11 0.6065853546875 0.40681773125 0.6414972796875 0.44971930000000004 0.67659705625 0.4143985 0.6588344375 0.39879905937500004 0.61623123125 0.39069890625000003 0.6065853546875 0.40681773125
11 0.4730224609375 0.3616797921875 0.388850675 0.3817161015625 0.3878284875 0.40122058593750004 0.403334003125 0.42256915 0.458257359375 0.438160296875 0.48699469375 0.41228508281250004 0.4730224609375 0.3616797921875
11 0.3979205625 0.5445232796874999 0.4502677140625 0.5159737921875001 0.46442365468749996 0.4697763453125 0.4513796796875 0.43877775625000004 0.3937861984375 0.4181571625 0.33877721250000004 0.4788379375 0.3597293453125 0.5268753203125 0.3979205625 0.5445232796874999
11 0.460535196875 0.5253130125000001 0.4150615734375 0.5346646734375 0.3941301765625 0.5795291312499999 0.400611421875 0.6424545703125 0.4410597421875 0.654353403125 0.48283690312500005 0.640896409375 0.5009226359375 0.6245095640625 0.4965839703125 0.6025007546875 0.49164430000000003 0.547479328125 0.460535196875 0.5253130125000001
11 0.5817945296875 0.637281434375 0.55593175625 0.6642852015625 0.5543984765625 0.6935419265625 0.5714455625 0.7227945046875 0.6245206890625 0.7363329828125 0.651311725 0.72893591875 0.6814842703124999 0.69433479375 0.6763401625000001 0.6432142640625 0.63722483125 0.6245399703125 0.5817945296875 0.637281434375
11 0.54032816875 0.6634674515625 0.5710159531250001 0.63769445625 0.5448340828125 0.6148084625 0.524499409375 0.5736487593749999 0.5048927078125 0.5745770203125 0.492691365625 0.6394570546875 0.5043982015624999 0.6586507359375 0.54032816875 0.6634674515625
11 0.3936439625 0.7007635828125001 0.3887291734375 0.7572243640625 0.44067575000000003 0.77363740625 0.46941723281250003 0.7663425609375001 0.5156022390625 0.7247573921875 0.517442175 0.6896493234375 0.4948503984375 0.6542387421875 0.4282285 0.6566146546875 0.3936439625 0.7007635828125001
11 0.661063965625 0.7294470125 0.5791492828125 0.7437341953125001 0.6063616359374999 0.784276440625 0.6104752640625 0.81774071875 0.6202275046875 0.8182518125 0.659432615625 0.7792345515625 0.661063965625 0.7294470125
11 0.5702189390625 0.746199884375 0.5190984078125 0.7513439921875 0.4708607359375 0.7947773890625001 0.47569818750000004 0.8517492640625001 0.5288796796875 0.8819176625 0.5654229546875 0.875031690625 0.5950844078124999 0.8501828093749999 0.6104752640625 0.81774071875 0.6046156265625 0.7802733265625 0.5702189390625 0.746199884375
11 0.6704209546875 1 0.696328165625 0.9708812859375 0.70329561875 0.9125722734374999 0.6842980828125 0.8832174765625 0.63604796875 0.87090976875 0.5961231812500001 0.9049998 0.5808428390625 0.9726521781249999 0.6126964703125 1 0.6704209546875 1
11 0.39533751875 0.929681565625 0.42008418125 0.961293465625 0.48106331718749995 0.973290371875 0.5157542203125 0.9457713640625001 0.5186163421875001 0.8911588109374999 0.47261918593749996 0.8545216078125 0.44130979375 0.8548365562500001 0.41811299843749994 0.8682894062500001 0.39533751875 0.929681565625
11 0.33628394687499996 0.8063046703125 0.2956394828125 0.8354674703124999 0.2598283234375 0.903021775 0.3097263765625 0.9398634156250001 0.35140546875 0.9469372375 0.389895046875 0.921573115625 0.41370100781249997 0.8778372093750001 0.4080458078125 0.8364689203125 0.3715964546875 0.80424370625 0.33628394687499996 0.8063046703125
11 0.33955909375000004 0.7624706906250001 0.3239513578125 0.743072575 0.2557878859375 0.7375444718749999 0.2199684328125 0.7679380421875 0.2506728078125 0.81648651875 0.25057888125 0.8555977046875001 0.2640275828125 0.86021413125 0.2798356078125 0.8571309843750001 0.303846003125 0.8094941812500001 0.3379235953125 0.7936778640625 0.33955909375000004 0.7624706906250001
11 0.477632046875 0.777530009375 0.3894488515625 0.762151596875 0.37815918437499996 0.7723168578124999 0.3786785703125 0.799725353125 0.428478553125 0.857097809375 0.4664570375 0.8414859296874999 0.477632046875 0.777530009375
11 0.2809061015625 0.594131265625 0.23790646093749998 0.6495740078125001 0.22826473125 0.684273203125 0.250345415625 0.7294360234374999 0.2936683015625 0.7424634078125 0.308347771875 0.7422548250000001 0.3602819046875 0.7029267609375001 0.370332509375 0.6604257734375001 0.34065446875 0.6109531828125 0.2809061015625 0.594131265625
11 0.2085558109375 0.6871519125 0.2225156046875 0.6820160984375 0.254941109375 0.62308548125 0.228448434375 0.5874704640624999 0.171169903125 0.598159259375 0.145409346875 0.6232125796875 0.1652329265625 0.6741245265625 0.2085558109375 0.6871519125
11 0.3710480390625 0.646772634375 0.3684925734375 0.6955338421875 0.329083025 0.738452 0.3462323328125 0.765754128125 0.36655871093750003 0.7697530968749999 0.386778728125 0.7571221453125 0.3938484 0.6968626859375 0.41724548749999996 0.6609285734375 0.3975324203125 0.645226915625 0.3710480390625 0.646772634375
11 0.33560013906249997 0.5021410984375 0.31249726875 0.4764827625 0.231510846875 0.510376646875 0.24928176093749999 0.5631368218749999 0.2966077609375 0.5744181984375001 0.33776331875 0.53550315625 0.33560013906249997 0.5021410984375
11 0.2898364453125 0.5916655765625001 0.3515352609375 0.6085897124999999 0.3902292796875 0.5793246937500001 0.3936107875 0.5521206359375 0.3468981015625 0.5291365703124999 0.2898364453125 0.5916655765625001
11 0.6364029359375001 0.6215631890625 0.6840397375 0.6455735859375 0.6940903406250001 0.6030725984374999 0.6691392406250001 0.5753615937500001 0.6567251656249999 0.6069817890625 0.6364029359375001 0.6215631890625
11 0.519085965625 0.6956028875 0.5105769375 0.7460078875 0.51817429375 0.7503176578125 0.5547175703125 0.743431684375 0.5629240921875 0.7174583984375 0.5494670968750001 0.6756812359375 0.517949121875 0.6613167140625 0.506761671875 0.669531528125 0.519085965625 0.6956028875
11 0.3928994046875 0.5843541421875 0.3570799515625 0.6147477125 0.3750511546875 0.6450266234375001 0.40050920312500005 0.64440501875 0.3928994046875 0.5843541421875
11 0.171120140625 0.37519484375 0.1472078171875 0.402300828125 0.15224970625 0.45537180624999996 0.179151253125 0.48318502968750005 0.2475233078125 0.503392603125 0.28786111718749996 0.4800811484375 0.293499734375 0.4471279640625 0.2835347578125 0.41335703125 0.23363670625 0.376515390625 0.171120140625 0.37519484375
11 0.24398567187500003 0.291002321875 0.2201755640625 0.31615785937499996 0.223778096875 0.359374378125 0.2565309921875 0.3874942578125 0.2962596375 0.394465859375 0.32305067187500003 0.3870687921875 0.3448081140625 0.3637614859375 0.34561756875 0.3109971640625 0.2992115375 0.28216175468750004 0.24398567187500003 0.291002321875
11 0.219660325 0.307329734375 0.1824995875 0.3073380265625 0.1589961375 0.32664221875 0.1516115109375 0.3555922875 0.1660906921875 0.37786496718749996 0.22521745312500002 0.3692288375 0.219660325 0.307329734375
11 0.054097390625 0.387642090625 0.0744362109375 0.44738216406250003 0.12022478437499999 0.46933989531250003 0.14465235 0.45106203593750005 0.154592440625 0.373350759375 0.1339511109375 0.33804239687500004 0.0953510203125 0.32819623125 0.0578877734375 0.3526362390625 0.054097390625 0.387642090625
11 0.08092574531249999 0.5474683390624999 0.09982106562500001 0.5787735828125 0.1603913296875 0.5985722828125 0.21890063125 0.583058475 0.23428734062499998 0.5320360156249999 0.215392021875 0.5007307703125 0.150098965625 0.477750853125 0.0969299140625 0.503323559375 0.08092574531249999 0.5474683390624999
11 0.0966979 0.8436215328125 0.128019734375 0.8990476875000001 0.18704842187499998 0.910942375 0.2335442328125 0.88208623125 0.24975283906249998 0.8340405546874999 0.222331903125 0.7788188359375 0.17028311093749998 0.7643562421875 0.11690962187500001 0.7938298453125 0.0966979 0.8436215328125
11 0 0.77456748125 0.0370434578125 0.78768843125 0.0657849453125 0.7803935828124999 0.09144328125 0.7572907140625 0.1016983234375 0.7108888296875 0.0792087640625 0.6735278015625 0.030958649999999997 0.6612200921875 0 0.6971811015625 0 0.77456748125
11 0 0.8742954031249999 0.0038043546875 0.880803003125 0.08839330937499999 0.8901256359374999 0.1045079890625 0.88119114375 0.09751565 0.828017946875 0.110853840625 0.7974240859374999 0.098840346875 0.78408175 0.0242122171875 0.789949684375 0 0.8104942656249999 0 0.8742954031249999
11 0.10826519999999999 0.6975423468749999 0.098427325 0.773303175 0.117114059375 0.7899289484375001 0.1545773046875 0.7654889421875 0.20836796093749999 0.7653742828125 0.21431323125 0.7265697531249999 0.1954179140625 0.6952645078125 0.135260671875 0.6862443859375 0.10826519999999999 0.6975423468749999
11 0 0.6362377265625 0.026746950000000002 0.6482866328125 0.0510722984375 0.6319592218750001 0.054964900000000004 0.5950029234375 0.034221353125 0.5616450109375 0 0.537436775 0 0.6362377265625
11 0.1444852328125 0.622186246875 0.1186307515625 0.68635075 0.147785259375 0.689834478125 0.1717017328125 0.6813088609375 0.1444852328125 0.622186246875
11 0 0.5311944234375 0.0437691578125 0.5660570015624999 0.071999546875 0.568514396875 0.08216066562499999 0.5612236968750001 0.0800997046875 0.5259111890625 0.1055494578125 0.488128846875 0.1023640921875 0.474271271875 0.059654518749999996 0.449541196875 0.00206933125 0.4660813375 0 0.49658125625 0 0.5311944234375
11 0.0151533203125 0.21642395468750003 0.009322709375 0.3090191390625 0.0307776390625 0.3101435453125 0.056627975 0.22739867343750003 0.0151533203125 0.21642395468750003
11 0.0537907359375 0.3934934359375 0.05008598125 0.3522273640625 0.02338886875 0.320513246875 0.0087093984375 0.32072182968749996 0.00525055 0.46135854531250003 0.03943035625 0.44359177968749997 0.0537907359375 0.3934934359375
11 0.0853653125 0.20152345781249997 0.100747875 0.13192063125 0.12322499375 0.113540553125 0.115010178125 0.10235310156249999 0.0876016828125 0.102872490625 0.059788460937499996 0.1297740390625 0.0559980765625 0.16477988906250002 0.0853653125 0.20152345781249997
11 0.014229206250000001 0.2153976203125 0.054984184375 0.221445109375 0.0659630484375 0.1985508234375 0.0592856609375 0.1766870171875 0.018219879687500003 0.1579105046875 0.014229206250000001 0.2153976203125
11 0.2150952859375 0 0.209948096875 0.026162665624999998 0.232637946875 0.041042428125 0.2825235609375 0.0221429640625 0.28559579375 0 0.2150952859375 0
11 0.3258716609375 0 0.313526296875 0.027679359375 0.328312134375 0.0441006953125 0.388465228125 0.034540451562500005 0.3928194640625 0 0.3258716609375 0