11 0.553107065625 0.5120563140625001 0.49727415781250006 0.5351047921875 0.46762472656250004 0.5703466546875 0.47418420625 0.5847652375 0.510435459375 0.599316028125 0.5250588375 0.6237060390625 0.5406569343750001 0.621548565625 0.6030311765625 0.5977583546874999 0.6201034484375 0.56588653125 0.598415084375 0.5251913640625 0.553107065625 0.5120563140625001
11 0.33859628750000004 0.4057503765625 0.31498873125000004 0.44341737031250006 0.3532862046875 0.48572821250000003 0.3986063203125 0.508970140625 0.4509309328125 0.4979828390625 0.47053678281250005 0.4805973234375 0.473533525 0.46159613593750004 0.4493297296875 0.42157497499999996 0.3863894921875 0.3929442265625 0.33859628750000004 0.4057503765625
11 0.379312409375 0.3665321921875 0.36323905 0.392070284375 0.40048316875 0.3952339078125 0.46343550312500004 0.4339715359375 0.4765181703125 0.43248806875 0.49310308281250004 0.41388998906249996 0.49559431875 0.3930022265625 0.47594007656250004 0.36996023125 0.43616842812499995 0.3573637390625 0.379312409375 0.3665321921875
11 0.3048544171875 0.3854721390625 0.279176446875 0.375165328125 0.23238215625 0.3816377484375 0.2037316375 0.41054588125 0.200759090625 0.449760825 0.2279717265625 0.48088767343749994 0.23853896093750002 0.480078215625 0.2692115015625 0.458716378125 0.30795399218749997 0.4523794078125 0.326530684375 0.41606042812500005 0.3048544171875 0.3854721390625
11 0.284207309375 0.3738173125 0.3330659671875 0.4102652578125 0.3511673984375 0.3973268984375 0.33856604218749997 0.38048318281250004 0.3184244421875 0.37071493125 0.284207309375 0.3738173125
11 0.35770268125000004 0.3915317265625 0.3737820875 0.37104707187499997 0.3652005859375 0.34908219375 0.3349972578125 0.3420099734375 0.298782296875 0.35777981406250003 0.295274 0.36984098906249996 0.321445378125 0.37192749687500004 0.35770268125000004 0.3915317265625
11 0.165373675 0.3177006546875 0.17951574374999998 0.3604178453125 0.22129126875 0.3654003171875 0.2449351171875 0.3580539546875 0.2720691171875 0.3234861 0.2604545796875 0.29020177812500003 0.22672480625000002 0.2800304171875 0.1819525390625 0.294049134375 0.165373675 0.3177006546875
11 0.0441395390625 0.3582733375 0.057240349999999995 0.37195018750000003 0.12569276093749998 0.380905740625 0.159380190625 0.35570303124999997 0.1628461453125 0.308267784375 0.12709435 0.290550128125 0.0873408484375 0.2931139515625 0.0456197640625 0.333612428125 0.0441395390625 0.3582733375
11 0.2090649484375 0.6618698000000001 0.190397521875 0.6223871984375 0.1244302984375 0.5874904437499999 0.0977534140625 0.5835173625000001 0.0449293453125 0.5976715296874999 0.016278828125 0.6265796625 0.0405431140625 0.7171352078125001 0.0707524921875 0.7292608671874999 0.11399009375 0.6944221125000001 0.20103129375 0.677165565625 0.2090649484375 0.6618698000000001
11 0.1168779546875 0.5844590281250001 0.16672342812500002 0.6044663671875 0.21759806093749998 0.64340716875 0.23414667968749997 0.59448845625 0.2074153546875 0.5450344265625 0.151540103125 0.5327088343749999 0.09671820625000001 0.559530459375 0.0856757125 0.5837205375 0.1168779546875 0.5844590281250001
11 0.264525428125 0.7481103984375 0.252405384375 0.7129395015625 0.227214771875 0.68935895 0.1668141625 0.680267946875 0.116505525 0.6937481046875 0.084828021875 0.7163902328125 0.059234735937500005 0.7768315640625 0.068851446875 0.8227833453125 0.085978159375 0.8363924703125001 0.12071894375 0.8503369781250001 0.167013778125 0.8470314218749999 0.2354056984375 0.8054525890625 0.264525428125 0.7481103984375
11 0.2660056515625 0.7234494875 0.3600634453125 0.6820705874999999 0.3625304875 0.6409690703125 0.3292820234375 0.6124705296874999 0.2608477609375 0.6186752921875 0.2150947265625 0.6541880546875001 0.2055627 0.6789844140625 0.2660056515625 0.7234494875
11 0.35905848281249997 0.683350878125 0.26500068906249996 0.7247297781250001 0.24950542343749998 0.812795709375 0.2686481125 0.8288976921875 0.3275080078125 0.81211521875 0.46332317968750003 0.7605584734375 0.47483488593749995 0.7079343390624999 0.4546751390625 0.6830057703125 0.41591450312499995 0.6741824249999999 0.35905848281249997 0.683350878125
11 0.179103578125 0.856935125 0.24550976875 0.8381306281249999 0.262612284375 0.8315259984375001 0.23792112968749998 0.8047785812500001 0.168024790625 0.8508045703124999 0.179103578125 0.856935125
11 0.44298196250000005 0.5840267453125 0.38615014062499997 0.613408953125 0.36857236250000003 0.6433942015625 0.3791758890625 0.6729053765625 0.4350390421875 0.6751240921874999 0.4728068140625 0.6953346046875 0.48638893593750004 0.6906842734375 0.5130355765625 0.6693901624999999 0.526081946875 0.6375860640625 0.5038880781249999 0.5950043218750001 0.44298196250000005 0.5840267453125
11 0.2919229765625 0.5132915703125 0.262766953125 0.5403131296875 0.251285490625 0.6182044578125 0.3232401484375 0.610045396875 0.36704374687499997 0.627627603125 0.3851330796875 0.6045823671874999 0.38862322968749996 0.577360875 0.3724470390625 0.5169905109374999 0.34273711875 0.5016979859374999 0.2919229765625 0.5132915703125
11 0.40123668281249997 0.6043114671875001 0.4610954921875 0.5811952640625 0.482693121875 0.5460888515625 0.45799591875 0.5142879953125 0.42527715625000007 0.5078897828125 0.3724470390625 0.5169905109374999 0.3871430046875 0.6020217859375 0.40123668281249997 0.6043114671875001
11 0.5727310640625001 0.509831115625 0.519864653125 0.48861121093750004 0.48363759531249995 0.494274175 0.4635322875 0.514826553125 0.4917438359375 0.5396196718749999 0.5349935375 0.5148877953125 0.5727310640625001 0.509831115625
11 0.4760671046875 0.47608244375000003 0.45143643750000007 0.4998694125 0.46704663281250003 0.5078188156250001 0.49671421093749996 0.4877372703125 0.4760671046875 0.47608244375000003
11 0.589231290625 0.42048489375000003 0.5705759640625 0.39110916875 0.527783378125 0.3773001109375 0.496093775 0.3898353609375 0.4936085875 0.41577656249999995 0.47300382343749997 0.43949580624999995 0.4876393 0.47399269374999997 0.5123062593750001 0.4805263578125 0.5284038140625 0.47520201875 0.5615796890625 0.443059296875 0.584218575 0.436993225 0.589231290625 0.42048489375000003
11 0.5354687984375001 0.4915071765625 0.599420046875 0.5239110734375 0.6260848343750001 0.5177772765624999 0.621511084375 0.4805843578125 0.6380839 0.4518794 0.5973012390625 0.435509759375 0.55705433125 0.44629388593749997 0.535950109375 0.4731799953125 0.5354687984375001 0.4915071765625
11 0.736330915625 0.54687561875 0.7549136578125 0.515610078125 0.7291812453125 0.45982232031250003 0.6924184390625 0.438331515625 0.648139578125 0.4441299296875 0.6210176781250001 0.4888046609375 0.6497710265625 0.5458049859375 0.736330915625 0.54687561875
11 0.7574895781250001 0.5654704578125 0.7071386000000001 0.5435765453125 0.6241172515625 0.5557119296875 0.610078015625 0.5989031953125 0.6493502046875 0.614666553125 0.6755639265625 0.65212713125 0.6987083203125 0.6479476328125 0.7293929593749999 0.6366926734375 0.742962984375 0.621935465625 0.76355565 0.58810934375 0.7574895781250001 0.5654704578125
11 0.5120366625 0.6757238921875001 0.53222060625 0.7208662140625 0.5820358359375 0.715606359375 0.674589209375 0.6786746156250001 0.6639614875000001 0.6289496859375 0.63676095 0.607929715625 0.60051574375 0.5984323625 0.5396519718749999 0.6228288562500001 0.5120366625 0.6757238921875001
11 0.46834799374999997 0.7541570203125 0.49451332499999995 0.7511900875 0.5327382109375 0.732859665625 0.483374046875 0.694525146875 0.47482278906250003 0.6978274609375 0.46834799374999997 0.7541570203125
11 0.75200765 0.610412846875 0.7293929593749999 0.6366926734375 0.6750705203125 0.660347434375 0.6811305421875 0.6779328812500001 0.7123206859375 0.6685644953125001 0.768647003125 0.6372957140625 0.75200765 0.610412846875
11 0.751868525 0.4941837578125 0.784093878125 0.5088022734375001 0.816800540625 0.505093609375 0.8550133265625 0.47665631093750005 0.8504516765625001 0.4495702671875 0.8111734359374999 0.428753471875 0.7548108265625 0.42970162187499994 0.7281702343750001 0.456049171875 0.751868525 0.4941837578125
11 0.8338183703125001 0.42774083906250004 0.8428327937500001 0.39095102812500004 0.831735859375 0.36966015625000004 0.7980060859375 0.359488796875 0.773862778125 0.3700020234375 0.7552739890625 0.39621412500000003 0.75279485 0.4272087640625 0.8338183703125001 0.42774083906250004
11 0.7447067546875 0.3970235828125 0.770342384375 0.371956321875 0.7627597953125 0.3436577140625 0.727020096875 0.3360469359375 0.6757125453125 0.3558608234375 0.663153534375 0.374391178125 0.673757059375 0.403902353125 0.7447067546875 0.3970235828125
11 0.6364766484375 0.3704180984375 0.6027771203125 0.38551393125 0.59627208125 0.4165762953125 0.6451186421874999 0.44291736249999997 0.6712779234374999 0.4348969921875 0.6606381015625 0.3750651875 0.6364766484375 0.3704180984375
11 0.6798352296875 0.43664811718749996 0.727159221875 0.452276025 0.7502794203125001 0.42788277187499996 0.7477397906250001 0.408343025 0.7029493765625 0.40720142656249997 0.6798352296875 0.43664811718749996
11 0.5484183875 0.378848059375 0.5912291203125 0.40781743437499995 0.6123272921875 0.3758778859375 0.5881537421874999 0.36112392031249996 0.5599784859375 0.3666514328125 0.5484183875 0.378848059375
11 0.6606260046875 0.364958309375 0.6817362734375 0.34312563906250004 0.674153684375 0.31482703125 0.6208059640625 0.3119343078125 0.59163179375 0.3237955515625 0.580601396875 0.3580925046875 0.6158476875 0.3739235875 0.6606260046875 0.364958309375
11 0.5312432828125 0.324811425 0.54838209375 0.34852742812500004 0.5755584359375 0.34933364375 0.5936417203125 0.32123496875 0.626336284375 0.3074194265625 0.61775478125 0.2854545484375 0.595603253125 0.278246878125 0.5528530093749999 0.299811890625 0.5312432828125 0.324811425
11 0.527783378125 0.3773001109375 0.55294374375 0.3756134703125 0.56449779375 0.3583634046875 0.5287459984375 0.3406457484375 0.49605143281249997 0.354461290625 0.527783378125 0.3773001109375
11 0.49605143281249997 0.354461290625 0.525725059375 0.3394331828125 0.5292212578125 0.3172651296875 0.4985124234375 0.308306334375 0.46581181093749996 0.3170684375 0.4517362796875 0.329939071875 0.454769315625 0.341258515625 0.49605143281249997 0.354461290625
11 0.68316810625 0.2780372203125 0.6650485296875 0.2758152625 0.62581263125 0.2903725375 0.626336284375 0.3074194265625 0.6882473625000001 0.3171167125 0.6977914859375 0.3024272296875 0.68316810625 0.2780372203125
11 0.7758424609375 0.3421742484375 0.78888883125 0.31037015 0.7722615765625 0.2935941609375 0.721435334375 0.29508086875 0.69378373125 0.3176552703125 0.6968349140625001 0.3441350296875 0.727020096875 0.3360469359375 0.7758424609375 0.3421742484375
11 0.84135256875 0.41561193750000003 0.8499159265625 0.42241650000000003 0.8977151796875 0.41466378906249995 0.9178144390625 0.3890579703125 0.9117483671875 0.36641908437500004 0.888585828125 0.355438265625 0.8609160765625001 0.36285235312499997 0.842315190625 0.3789575765625 0.84135256875 0.41561193750000003
11 0.9023131234375 0.47207046249999995 0.9163705078125 0.4440395125 0.906284584375 0.426521790625 0.87306031875 0.41823700312499995 0.8333189140625 0.4309077046875 0.8544836265625 0.45455598124999996 0.857528759375 0.4759823015625 0.9023131234375 0.47207046249999995
11 0.9159012953125 0.4724735703125 0.9601559578125001 0.446461403125 0.9551008984375 0.4275956640625 0.9228755468750001 0.41297714843750005 0.899737203125 0.42221008437499996 0.9163705078125 0.4440395125 0.9053340625 0.473283028125 0.9159012953125 0.4724735703125
11 0.8233721171875 0.5296190703125 0.883796921875 0.558923828125 0.9391545703125 0.5592559687499999 0.9612637546875 0.5310895703125 0.9400808953125 0.4922809765625 0.8821836203125001 0.4724090875 0.8404322921875 0.48764037031249996 0.8203269843750001 0.50819275 0.8233721171875 0.5296190703125
11 1 0.470954396875 0.961678525 0.4571745640625 0.9264624796875 0.466610675 0.9149023812499999 0.4788073 0.9541866703125 0.5046775359375 0.95776150625 0.5482041843750001 1 0.5445147234375 1 0.470954396875
11 0.43664368906249995 0.3339831203125 0.44516470156250004 0.30541361093749997 0.41142283125 0.2851353734375 0.36261861562500003 0.2941683765625 0.33748244375 0.31606877187500004 0.3440540203125 0.3405942328125 0.37275292968749996 0.352113609375 0.43664368906249995 0.3339831203125
11 0.4688871875 0.3637619515625 0.459306771875 0.348130803125 0.42507149218749996 0.33607286875 0.389349940625 0.3436224046875 0.37628542343750004 0.3602661875 0.379312409375 0.3665321921875 0.4281166265625 0.3574991890625 0.4688871875 0.3637619515625
11 0.294720103125 0.32752690625 0.3042642265625 0.3128374234375 0.2941662046875 0.2852128234375 0.273519096875 0.27355799687500004 0.2398074703125 0.2785469515625 0.2609600859375 0.2920883515625 0.2730801296875 0.3272592484375 0.294720103125 0.32752690625
11 0.267549809375 0.331774128125 0.24946652500000002 0.3598728046875 0.28872661875 0.365529284375 0.2927222734375 0.340194365625 0.267549809375 0.331774128125
11 0.33346259218749996 0.321189934375 0.3027658546875 0.3223380171875 0.29373328593750003 0.3439675140625 0.30531758125 0.35198464218750003 0.3188997015625 0.3473343109375 0.33600221874999997 0.34072968124999997 0.33346259218749996 0.321189934375
11 0.2816918765625 0.3744913203125 0.28369575468749997 0.36687729999999996 0.2298425265625 0.36209800312499996 0.212746059375 0.3737560703125 0.2152856875 0.3932958171875 0.23238215625 0.3816377484375 0.2816918765625 0.3744913203125
11 0.353803809375 0.49772166406249996 0.3452223046875 0.47575678593750004 0.308965003125 0.4561525546875 0.2621707125 0.4626249765625 0.2249749859375 0.49988886250000003 0.21343303281249998 0.5272458046875 0.2169836734375 0.5505586984375 0.22605858437499998 0.5643032734375 0.25274151875 0.5733297937499999 0.26879068125 0.5275779453125 0.28940754375 0.5139655796875 0.353803809375 0.49772166406249996
11 0.1148135875 0.5415386625 0.15657096718750002 0.53136081875 0.2018668859375 0.5343889921875 0.22848933124999998 0.492881125 0.21486486562499998 0.46215738437500004 0.163514971875 0.4465972015625 0.10314460781250001 0.4627733921875 0.084074509375 0.5073126734375 0.1148135875 0.5415386625
11 0 0.5658262484375001 0.0137512984375 0.6171467921875 0.02431853125 0.616337334375 0.039898482812500004 0.5990195453125 0.079134378125 0.5844622703125 0.11079373749999999 0.5466598265625 0.0830755953125 0.5136464046875 0.046324884375 0.5022624765625 0 0.52039241875 0 0.5658262484375001
11 0 0.5189430484375 0.048840315625000005 0.50158846875 0.049315576562500005 0.47820785 0.031196 0.4759858921875 0 0.48866914531249994 0 0.5189430484375
11 0.0503023921875 0.46176724374999994 0.052866215625000004 0.5015207453125 0.0820645828125 0.50987325625 0.10314460781250001 0.4627733921875 0.13835460625 0.4482838421875 0.13582707656249998 0.4388509734375 0.105118240625 0.42989217812499997 0.06738676406250001 0.4400022984375 0.0503023921875 0.46176724374999994
11 0.1348160640625 0.43507782500000003 0.1287378953125 0.4023320609375 0.09650044375 0.37760666875000004 0.05523042500000001 0.3745107703125 0.0260744015625 0.40153232968749997 0.0523062703125 0.45415322343750003 0.0945510078125 0.4307016359375 0.1348160640625 0.43507782500000003
11 0.14741136875 0.4468681015625 0.200759090625 0.449760825 0.1921594421875 0.41263563124999997 0.17354040625 0.41358053906250003 0.1413634453125 0.43938953124999997 0.14741136875 0.4468681015625
11 0.12255883593750001 0.3902577921875 0.13906329374999998 0.4386003265625 0.1738723546875 0.4088560015625 0.19680514843750002 0.4211672125 0.20789319375 0.3941733078125 0.15301664375 0.367422434375 0.12255883593750001 0.3902577921875
11 0 0.4857449421875 0.01006758125 0.482658246875 0.023649704687500002 0.4780079171875 0.0397351609375 0.46257669999999995 0.04223849375 0.451795815625 0.0356669171875 0.4272703546875 0.032645978125 0.4260577890625 0.02659200625 0.4135257796875 0.016012675 0.4042283609375 0.0054393921875 0.3999843796875 0 0.39945525625 0 0.4857449421875
11 0 0.38027202187500003 0.0094531953125 0.389809778125 0.010969712500000001 0.3954694984375 0.013990651562500001 0.39668206562499997 0.015001662499999999 0.4004552125 0.02255400625 0.403486628125 0.0260744015625 0.40153232968749997 0.043664278125 0.3816539578125 0.050705067187499994 0.377745359375 0.05371995625 0.3739044875 0.052203437500000005 0.36824476562499997 0.046161562499999996 0.36581963281249996 0.0390844796875 0.3394075984375 0.032037640625 0.33826275781250004 0.007388828125000001 0.3468894109375 0 0.35492465625 0 0.38027202187500003
11 0 0.33951525781249997 0.0119141859375 0.343654821875 0.04310433125 0.3342864359375 0.07426423125 0.29965085625 0.0722422078125 0.29210456093750004 0.0651893203125 0.28590628125 0.037501421875 0.2781600515625 0.031965053125 0.27762149375 0.021903325 0.28031752656250003 0.013346018749999999 0.2785664015625 0 0.281090775 0 0.33951525781249997
11 0.1089384765625 0.25800753906249996 0.10994948906249999 0.2617806875 0.10643514375 0.268788425 0.11098469687500001 0.2857675890625 0.11853704218750001 0.2887990046875 0.1351461515625 0.290414678125 0.163345603125 0.30510091875 0.1718968609375 0.30179860468749997 0.1819525390625 0.294049134375 0.19704512968750001 0.2900050875 0.19905505625 0.2874445046875 0.20660135156249998 0.28542248125 0.209616240625 0.2815816078125 0.20102264062500003 0.24950985312500001 0.1969906890625 0.2445241390625 0.17030170625000002 0.23044418125 0.1617443984375 0.22869305624999997 0.14162094375 0.2340851203125 0.13961101874999998 0.2366457015625 0.1295492921875 0.23934173281249999 0.11798314375 0.24648492187499998 0.1089384765625 0.25800753906249996