11 0.45492982499999995 0.4599846921875 0.49356513125 0.47526420625 0.552979125 0.4629694796875 0.590077575 0.425212359375 0.60733825 0.3655892640625 0.6105164578125 0.3040006921875 0.597949903125 0.2426525828125 0.55218449375 0.2047073046875 0.4803503296875 0.21283061874999998 0.436299515625 0.271288021875 0.4173608671875 0.34002237968750004 0.4478624421875 0.40969764218750004 0.45492982499999995 0.4599846921875
11 0.417130928125 0.5629267953125 0.4404187359375 0.525138315625 0.44858382968750005 0.456931925 0.435504990625 0.3779049375 0.41707336718750004 0.34499358281250003 0.37212342187499997 0.3128506546875 0.3226831984375 0.311909746875 0.2944712265625 0.3286947578125 0.2831645484375 0.5640036687500001 0.32592423125000003 0.5875789765625 0.38089498437499997 0.5857702984375 0.417130928125 0.5629267953125
11 0.4627812140625 0.16500565 0.42037175156249995 0.108837846875 0.34856894843749997 0.10315051718749998 0.3062431484375 0.13178069375 0.3008956234375 0.2972209140625 0.3083289109375 0.3080101546875 0.385934065625 0.31288201718750003 0.45349746875 0.23928621562500002 0.46543671406250003 0.2119681109375 0.4627812140625 0.16500565
11 0.48566670624999997 0.7909592171875001 0.4718037609375 0.6923192328125001 0.41673366562499997 0.6162352546875 0.3358039203125 0.6157752671875001 0.2788520109375 0.6385717343749999 0.2705614796875 0.7620207 0.27745638281249996 0.8882662921875 0.32822435781250003 0.91268843125 0.4113600421875 0.9148107078125 0.4761425 0.849495021875 0.48566670624999997 0.7909592171875001
11 0.7156385078125 0.84147620625 0.71821035 0.8036406859375 0.6965168546875 0.747519925 0.631953915625 0.7161611031249999 0.5487555109375 0.7416601140625 0.490894053125 0.8000861578125 0.4951334515625 0.8793692890625 0.5276161828125 0.9280567625 0.5704072265625 0.9378214296875 0.6237470453125 0.92440805 0.7156385078125 0.84147620625
11 0.7641220359374999 0.5338835703125 0.726861521875 0.5213693171875 0.6705002984374999 0.5273180515625 0.60932993125 0.5832506546875 0.6034648578125 0.611687409375 0.6221996671875 0.6327222375 0.7392085546875 0.6793919328125 0.7904208328125 0.6297896484375001 0.8029664453124999 0.578718490625 0.7641220359374999 0.5338835703125
11 0.8228461062499999 0.825423 0.9175864953125 0.8259143421875 0.9449673203125 0.8102323046875 0.9834876031249999 0.7545244828125 0.9877844625 0.6868617375 0.9495150578124999 0.6320844046875 0.8785904421874999 0.6045781406249999 0.8332902765625001 0.6050277078125 0.8009225671875001 0.627327565625 0.7565999328124999 0.6838508531249999 0.7592083953125 0.7515292796875 0.7740592875 0.7800130750000001 0.8228461062499999 0.825423
11 0.576308815625 0.6500195328125 0.5884885234375 0.6384461890625001 0.5471663546875 0.5900148578125 0.5126554249999999 0.5830311328125 0.47231078281250005 0.590673521875 0.4454579234375 0.6171291203125 0.448432290625 0.6453097328124999 0.4729224109375 0.6862450578125 0.49066927031249996 0.777436075 0.56841554375 0.7201600421875 0.576308815625 0.6500195328125
11 0.47836401562499997 0.47937290624999995 0.44984886093750004 0.5080344421875 0.44702087500000004 0.5370305203125 0.45718806718750005 0.5602556109375 0.47760084999999997 0.572179175 0.5571401234375 0.576779215625 0.5768315187499999 0.5414685 0.5689800296875 0.47156845468749997 0.47836401562499997 0.47937290624999995
11 0.7294071609375 0.25178994375 0.6889004578125 0.2091609625 0.6261775562499999 0.21896225 0.6128164765624999 0.26423105625 0.606413021875 0.40812416718750005 0.6304065375000001 0.42447529062499995 0.6577560015625 0.42260389375 0.6970447140625 0.3934143921875 0.7250475859375001 0.3470739765625 0.7294071609375 0.25178994375
11 0.6334017421875 0.2001960828125 0.6094552656250001 0.16312899218750002 0.521092234375 0.1518797734375 0.470230178125 0.1688895640625 0.47095156562499996 0.21612384687500003 0.5502503765625 0.2049791265625 0.6001715234375 0.23740955625 0.6117919078125 0.2288733 0.6085143578125 0.2125692140625 0.6334017421875 0.2001960828125
11 0.8649626984375001 0.40235832968749996 0.8863634265625 0.3441257078125 0.861951709375 0.268663771875 0.8291501140624999 0.23875814375 0.79270506875 0.23204624687500003 0.754022721875 0.23748269687499998 0.737415453125 0.2526367703125 0.725685309375 0.3095102796875 0.7322247281250001 0.349023775 0.7976188140625 0.379279625 0.8367507249999999 0.4191433390625 0.8649626984375001 0.40235832968749996
11 0.79371921875 0.3936339109375 0.75398094375 0.3775232484375 0.72276324375 0.3799382890625 0.6458324359375001 0.44301667812499995 0.6476567921874999 0.4910821078125 0.6669352453124999 0.5159851703125 0.8022920984375 0.510768240625 0.8269390171875 0.48265035 0.8286953921875 0.4390124796875 0.79371921875 0.3936339109375