11 0.6295597093749999 0.43248358124999997 0.5571819015624999 0.4367386625 0.5226082515625 0.45737622812499995 0.50512279375 0.4943492390625 0.5096967375 0.5479452015625 0.5231258000000001 0.5943796953125 0.5760213125 0.6549907375 0.6359789499999999 0.646564240625 0.6763706328125 0.6182058859375 0.6757433234375 0.5295396718750001 0.65737441875 0.46900702968749997 0.6295597093749999 0.43248358124999997
11 0.5664657484375 0.7273371859375 0.600098490625 0.7561398453125 0.6445831890625 0.7498879281249999 0.6878185343750001 0.6856281703125 0.6813261546875 0.6253987109375 0.634588478125 0.6507042984375 0.5724249015625 0.6574685015624999 0.5664657484375 0.7273371859375
11 0.56213753125 0.8088105765625 0.5242392921875 0.83386001875 0.5128123296875 0.8788570046874999 0.530653271875 0.9286160890625 0.5982376171875 0.9674395562500001 0.639988409375 0.9487517875 0.6605736734375001 0.8847168140624999 0.6490944109375001 0.8311051734375001 0.612696403125 0.803677309375 0.56213753125 0.8088105765625
11 0.5189700609375001 0.5998945453125 0.4059757890625 0.609857896875 0.37939475312500004 0.638247609375 0.35214462812499997 0.718011665625 0.36475822343750003 0.758643809375 0.40061258437499997 0.7822034390625 0.4400790375 0.7963799859375 0.5193778484375 0.7852352640625 0.55816995625 0.7314615625 0.563345 0.6419798812499999 0.5189700609375001 0.5998945453125
11 0.3059557515625 0.5016309859375 0.25288775625 0.5169784843749999 0.22824083437499998 0.545096378125 0.21988232187499998 0.576842040625 0.23521414062499998 0.636815359375 0.282945028125 0.660678171875 0.350639134375 0.6511643859375 0.3833570671875 0.596272034375 0.3658349890625 0.5277311 0.34460673750000004 0.51000518125 0.3059557515625 0.5016309859375
11 0.37467442812499996 0.527474959375 0.391349678125 0.6040241843749999 0.48500277656249996 0.5967790578125001 0.5049659953125001 0.5634024578125 0.49684267968749996 0.49156829531249996 0.46594384531250005 0.47520149062500006 0.41620043906250004 0.48613710625 0.37467442812499996 0.527474959375
11 0.3637178671875 0.3653122859375 0.34301758125 0.35835992499999997 0.2874718234375 0.3701110078125 0.2691552203125 0.4081869921875 0.2784442234375 0.45323101406250005 0.31508269375000003 0.4964036421875 0.36561020625 0.50508101875 0.40047135625 0.47947224843749997 0.4014436265625 0.41622138125 0.389357996875 0.38636279375 0.3637178671875 0.3653122859375
11 0.2072582046875 0.2975607203125 0.1054661125 0.23987700625000002 0.0783884703125 0.2436825203125 0.051551289062500005 0.2632327953125 0.0174272046875 0.329170525 0.0236948015625 0.366749903125 0.057839828125000006 0.4132314390625 0.146364921875 0.47475202968749997 0.1985860890625 0.467412821875 0.255632078125 0.4031844265625 0.25379204375 0.3620243171875 0.2072582046875 0.2975607203125
11 0.14385569375 0.120087171875 0.10901022187500001 0.138790621875 0.08845631875 0.1890149515625 0.096914175 0.2351619453125 0.14218298125 0.2485230203125 0.194581890625 0.284549865625 0.2117328046875 0.2732640234375 0.2014976328125 0.15833563281250002 0.1722924484375 0.1259522421875 0.14385569375 0.120087171875
11 0.36314802031250004 0.12970019531250002 0.3201008328125 0.11109608906249999 0.223332246875 0.1523085 0.20664657812499998 0.201989184375 0.21318599843750002 0.24150267812499998 0.2360451828125 0.270833303125 0.32882009375 0.285407109375 0.368924271875 0.262019959375 0.3925152625 0.2123549546875 0.3840574078125 0.1662079609375 0.36314802031250004 0.12970019531250002
11 0.4535758703125 0.20475960468749999 0.397758290625 0.214576575 0.3711302125 0.263682253125 0.3318415 0.29287175468750004 0.355453434375 0.35562601875 0.40013155312500004 0.3858348265625 0.5120698953125 0.3543243640625 0.53620453125 0.30852759375 0.53351766875 0.2753757765625 0.5076841140624999 0.2178645421875 0.4535758703125 0.20475960468749999
11 0.211717125 0.2801693453125 0.218831546875 0.30974042968750004 0.26317512656250003 0.3656364078125 0.33034126875 0.3453490671875 0.3128035109375 0.28371345625 0.2572891125 0.28165389687500003 0.2238968328125 0.268596 0.211717125 0.2801693453125
11 0.4272091953125 0.3820293125 0.40257795625000004 0.403241884375 0.40881419374999994 0.45463190468750003 0.4220341515625 0.4715109953125 0.4938369546875 0.4771983265625 0.5201461703125 0.44687449375000005 0.5219025453125 0.4032366234375 0.49435965781249996 0.3686472953125 0.4272091953125 0.3820293125
11 0.384104446875 0.1454919953125 0.4205965328125 0.1314879296875 0.437344921875 0.0541859578125 0.423069034375 0.0157597546875 0.4101052171875 0.0077201015625 0.25730995 0.029194076562499997 0.2627620765625 0.0609711015625 0.291664078125 0.10523101875 0.346059825 0.11336474999999999 0.384104446875 0.1454919953125
11 0.205925190625 0.1547549015625 0.283065103125 0.1212319203125 0.2566879046875 0.05985245 0.2335255359375 0.042398356250000005 0.17906706875 0.061885907812499995 0.1623814 0.11156659375 0.205925190625 0.1547549015625
11 0 0.108701075 0.0057335765625 0.1266788921875 0.036329231249999996 0.154922225 0.065037809375 0.162721415625 0.1344569296875 0.12338039999999999 0.148377334375 0.075074509375 0.137394675 0.046047068749999996 0.0136111671875 0.06344370625 0 0.0799615078125 0 0.108701075
11 0.639324271875 0.024813453125000003 0.5948395734374999 0.03106536875 0.5008205718750001 0.0778083078125 0.5191424359375 0.159056915625 0.5500099140625 0.189234365625 0.6464125968750001 0.18751976875 0.6804426015625 0.16301396875000002 0.7026431203125 0.1174890203125 0.6886860921875 0.06028096875 0.639324271875 0.024813453125000003
11 0.668299515625 0.2801012578125 0.6366949703125 0.20959484687500002 0.6160103640625 0.1957371625 0.568504259375 0.1945244328125 0.5339619703125 0.20135135312500002 0.5167953765625 0.219542515625 0.5394977625 0.3179263578125 0.571165025 0.36081148281250003 0.589643690625 0.37300687187500003 0.6189272734375 0.37086365 0.661540575 0.337262271875 0.6723768531250001 0.3091130171875 0.668299515625 0.2801012578125
11 0.776317321875 0.150525815625 0.7437561890625 0.13636494999999998 0.6984246625 0.150625159375 0.6618698562499999 0.1922505109375 0.6587700484375001 0.219312475 0.6773637359375 0.3024951984375 0.6955235375 0.3334724359375 0.76371425 0.34854284999999996 0.789704603125 0.337000865625 0.8183138375000001 0.266907396875 0.7994326484375 0.1886958765625 0.776317321875 0.150525815625
11 0.8481933671874999 0.3672410359375 0.794085121875 0.354136096875 0.764226534375 0.36622172656249996 0.7212316515625 0.4462262453125 0.7111167609375 0.52160978125 0.7284454171875 0.5536899875 0.7665057187500001 0.5789119109375 0.8361653015625 0.5553156609375 0.8669177578125 0.514505775 0.8769542484375 0.4736488484375 0.8688309328124999 0.401814684375 0.8481933671874999 0.3672410359375
11 0.81967295 0.276577984375 0.796322421875 0.3419877515625 0.8117639999999999 0.3536238140625 0.8473935796875001 0.3545333609375 0.8803833328125 0.3015751265625 0.8554279703125 0.22224495625000001 0.8251041375 0.19593574375 0.8088000515625 0.19921329062499998 0.81967295 0.276577984375
11 0.5453994546875001 0.39500354843749996 0.558028728125 0.42873037031249994 0.6386866515625 0.42725623749999997 0.6732446203125 0.41352399218749997 0.6714045828125 0.372363884375 0.6609342093749999 0.3610153234375 0.5586978140625 0.37735603125 0.5453994546875001 0.39500354843749996
11 0.43728746406249996 0.201131834375 0.50109765625 0.1990670140625 0.4875065328125 0.1023611484375 0.4715369890625 0.0799515296875 0.44912736718749996 0.095921071875 0.42302725625 0.1558003078125 0.43728746406249996 0.201131834375
11 0.46833018437499996 0 0.43331462500000006 0.00445823125 0.460345228125 0.0213686828125 0.4759959078125 0.0625601515625 0.49090952187500003 0.063422659375 0.5066622625 0 0.46833018437499996 0