11 0.703627725 0.30389720468750003 0.6924782609375 0.32330834375 0.6963105281249999 0.358377684375 0.7161205390625 0.37840318125 0.73578984375 0.3772327640625 0.7487861953125 0.34685099531249997 0.7443141093750001 0.3238441078125 0.7252142703125 0.3023541125 0.703627725 0.30389720468750003
11 0.8723931171875 0.6398467546875 0.8540715875 0.6633049093750001 0.85683970625 0.682663653125 0.87324178125 0.6953928609375 0.8938345296874999 0.6887371296875 0.905977790625 0.6744386312499999 0.9043463890625001 0.6455737546875 0.8853169031249999 0.63468171875 0.8723931171875 0.6398467546875
11 0.8576224437500001 0.655982425 0.871186046875 0.6387549328125 0.868134303125 0.6128190499999999 0.8319200046875 0.615879034375 0.8315638125 0.634518628125 0.8461190000000001 0.6582184671875 0.8576224437500001 0.655982425
11 0.827518271875 0.6034701046875 0.8458375874999999 0.6158266390625 0.8688444750000001 0.611354553125 0.878573596875 0.5948724078125001 0.8750953078125001 0.5769781640625 0.8613206453125001 0.562411784375 0.8435685812499999 0.563209528125 0.827518271875 0.6034701046875
11 0.88219701875 0.5623331890625 0.8670020140625001 0.55069580625 0.856989265625 0.5606008109375 0.8816979078125 0.5955915593750001 0.88219701875 0.5623331890625
11 0.8514530296875 0.5218833265625 0.8378894265625 0.5391108171875 0.8430716828125 0.5606532078125 0.8595463249999999 0.5481656828125 0.8514530296875 0.5218833265625
11 0.8368978421875 0.49818348593749995 0.8212037265625 0.5198044703125 0.8405168375000001 0.537273646875 0.8483287203125001 0.521164175 0.84485043125 0.50326993125 0.8368978421875 0.49818348593749995
11 0.7915216734375 0.53087989375 0.8038737812500001 0.58418995625 0.8292948062500001 0.5819015171874999 0.8409411703125 0.5650466984375 0.8373925281249999 0.536554496875 0.8187895859375001 0.5176208234375 0.798623384375 0.5162349203125001 0.7915216734375 0.53087989375
11 0.7827182078125 0.5060620328125001 0.800540625 0.515862246875 0.8273819921875001 0.5106448125 0.8366142171875 0.491606346875 0.8297279921875 0.4664158140625 0.8212785046875 0.4587730484375 0.780093009375 0.47208451562500003 0.7827182078125 0.5060620328125001
11 0.76653161875 0.4534973171875 0.78201025 0.4717118421875 0.8074312765625 0.46942340156249995 0.818580740625 0.45001226406250006 0.8121210609375 0.4167800921875 0.8002636390625 0.40184104062500003 0.77391916875 0.40961479531249995 0.76653161875 0.4534973171875
11 0.7330195125000001 0.3936887109375 0.725702315625 0.448169190625 0.757868859375 0.449875371875 0.7699417687500001 0.4249789171875 0.7683807203125 0.4067119984375 0.7330195125000001 0.3936887109375
11 0.7540388046875 0.378991340625 0.77391916875 0.40961479531249995 0.7892570937500001 0.40663340468750003 0.8170944718750001 0.3707139234375 0.8145396265624999 0.3473343625 0.797357028125 0.3254716953125 0.7728594453125 0.32227481875 0.7540388046875 0.378991340625
11 0.8084294999999999 0.40290666562500005 0.8295894984375 0.409405209375 0.846987584375 0.391432371875 0.8438654874999999 0.35489853125000004 0.8310142687500001 0.3348468390625 0.81304893125 0.3396654 0.818017915625 0.3652286078125 0.8084294999999999 0.40290666562500005
11 0.817092259375 0.4065286125 0.8092100234374999 0.412040125 0.81836746875 0.45403308124999997 0.8304403765625 0.4291366265625 0.817092259375 0.4065286125
11 0.82369264375 0.460956696875 0.8426495640624999 0.497065465625 0.8603312750000001 0.48566976406249995 0.8652321203125 0.4648203265625 0.8612569328124999 0.44436976093749997 0.8431508890625 0.42799240781250003 0.8302271031249999 0.43315744531249994 0.82369264375 0.460956696875
11 0.8388195093749999 0.426181434375 0.8554348578125 0.43488982500000006 0.8612569328124999 0.44436976093749997 0.862747628125 0.45203872343749996 0.8663688359374999 0.45531419375000004 0.8716236593750001 0.45163985 0.8780151984375 0.438459375 0.8770214015625 0.433346734375 0.8784417437500001 0.4304177390625 0.87645415 0.42019245468750005 0.8735431124999999 0.41545248749999997 0.860762246875 0.40599875 0.8410929421875 0.40716916718749996 0.8356248468749999 0.414864328125 0.8388195093749999 0.426181434375
11 0.8485419921874999 0.5171433578125 0.8514530296875 0.5218833265625 0.8601157890625 0.525505271875 0.86153613125 0.5225762765625 0.871122334375 0.5207129078125 0.8725426765625001 0.5177839140625 0.8763771578125 0.517038565625 0.8792178421875001 0.5111805765625 0.8811350828125001 0.5108079015625 0.8841890390625 0.5009290953125001 0.8802138515625 0.4804785296875 0.8669360875000001 0.4684684703125 0.8603312750000001 0.48566976406249995 0.843856634375 0.49815728750000005 0.8485419921874999 0.5171433578125
11 0.8802138515625 0.4804785296875 0.8836921406249999 0.49837277343749997 0.8916447296875001 0.50345921875 0.9040716171875 0.49573786093749994 0.9090428140625001 0.48548637812499995 0.9108897015625 0.47451574843750005 0.9059910703125 0.45955049687500005 0.8902991671875 0.445356790625 0.8816364078125 0.4417348453125 0.87446434375 0.44578186249999996 0.8694931453124999 0.45603334218749997 0.8685697015624999 0.4615186578125 0.8712674671875 0.47027944374999997 0.8802138515625 0.4804785296875
11 0.8602564953125 0.5467011859375 0.864587875 0.548512159375 0.874174078125 0.5466487890625 0.8755944203125001 0.5437197953124999 0.882766484375 0.5396727796875 0.8900814671875 0.5210069875000001 0.8875969749999999 0.508225384375 0.8839757671875 0.5049499140625 0.8744599171875 0.517411240625 0.8706254359375001 0.5181565875 0.86920509375 0.52108558125 0.8577016499999999 0.523321625 0.8599728703125 0.540124046875 0.8585525265625 0.543053040625 0.8602564953125 0.5467011859375
11 0.78734870625 0.263747321875 0.7849345671875 0.261563675 0.7715138828125 0.26417239062500003 0.7681763 0.26747406093750004 0.7705178734375 0.2948744390625 0.7677475421875 0.3113303859375 0.7699484078125 0.31753485000000004 0.7747766859375 0.32190214375 0.7862801296875 0.3196661015625 0.7949428890625 0.323288046875 0.8045994453124999 0.3320226359375 0.8084339265624999 0.33127728749999996 0.81766615 0.31223882187499996 0.81858959375 0.3067535078125 0.8166019999999999 0.2965282234375 0.8180223421875 0.29359922968749996 0.8170285453125 0.2884865875 0.807798534375 0.2717103640625 0.8017631875 0.266251246875 0.793100428125 0.2626293 0.78734870625 0.263747321875
11 0.8374058078125 0.32166636249999997 0.8364120109375 0.3165537203125 0.837832353125 0.31362472656249996 0.8353478609374999 0.300843121875 0.8239873375 0.288460390625 0.8175254437499999 0.291042909375 0.81766615 0.31223882187499996 0.809144096875 0.3298127890625 0.810848065625 0.333460934375 0.8132622046875 0.33564458125 0.8324346109375 0.33191784375 0.8374058078125 0.32166636249999997
11 0.8286549890625 0.5939639718749999 0.8285846359375 0.5833660140625 0.82162584375 0.5833922125 0.8192117046874999 0.581208565625 0.8077082624999999 0.5834446078125 0.8033768828125 0.5816336343749999 0.798405684375 0.5918851171874999 0.7974822406250001 0.59737043125 0.7986893109375 0.5984622546875 0.8102631078125 0.60682416875 0.8217665500000001 0.6045881265624999 0.8286549890625 0.5939639718749999
11 0.8011034499999999 0.6006459015625001 0.7934344875 0.602136596875 0.784131909375 0.61057710625 0.7856226046875 0.61824606875 0.7842022625 0.6211750625 0.7856929578125 0.6288440234375 0.7842726156250001 0.6317730187499999 0.78697038125 0.6405338046875 0.789171246875 0.6467382703125 0.8029459093750001 0.6613046484375 0.8106148718749999 0.659813953125 0.8130290109375 0.6619976015625 0.8168634921875 0.661252253125 0.818283834375 0.6583232578125 0.8254558984375 0.65427624375 0.8275864125 0.6498827515625 0.8294333 0.6389121203125 0.826451909375 0.6235741953125 0.8240377703125 0.6213905484375 0.8230439734375 0.61627790625 0.8121803468750001 0.6064514953125 0.8011034499999999 0.6006459015625001
11 0.804649878125 0.66495279375 0.8063538453125 0.6686009375 0.809548509375 0.67991804375 0.81558385625 0.6853771625 0.8199152359375 0.6871881359375 0.8352531609374999 0.6842067453125 0.83859074375 0.6809050765625 0.8444853859375 0.6651682796875 0.8410070968750001 0.647274034375 0.8320607109375 0.6370749499999999 0.8282262296875 0.637820296875 0.8270895140625001 0.6473264296875 0.8235386578125 0.6546489171875 0.820201075 0.657950584375 0.8067803906250001 0.6605593015625 0.804649878125 0.66495279375
11 0.7683652265625 0.657414821875 0.7662347140625 0.6618083140625 0.7677254078125 0.6694772765625 0.766305065625 0.67240626875 0.7677957609375 0.68007523125 0.7654519750000001 0.6884895421875 0.7666590453125 0.6895813656249999 0.7739014625 0.6961323078125 0.7820673234375 0.6971979312500001 0.7844814625 0.6993815796875 0.7998193875 0.6964001890625 0.8067078249999999 0.685776034375 0.806637471875 0.6751780765625 0.8080578140625001 0.67224908125 0.805643675 0.6700654359375 0.804649878125 0.66495279375 0.788957975 0.6507590875 0.7846265953125 0.6489481140625 0.7788748734375 0.6500661359375 0.7741169484375 0.6562968 0.7683652265625 0.657414821875
11 0.7487707015625 0.5975538171875 0.744509675 0.6063408015625 0.7373376109375 0.6103878171875 0.7318695156249999 0.618082978125 0.7328633124999999 0.62319561875 0.7314429703124999 0.6261246140625001 0.7346376328125 0.6374417203125 0.7368385 0.6436461859375 0.7501162640625 0.65565624375 0.7558679859375 0.654538221875 0.7645307453125 0.65816016875 0.7702824671874999 0.6570421484375 0.771702809375 0.654113153125 0.775537290625 0.6533678046875 0.7856929578125 0.6288440234375 0.78221466875 0.6109497796875 0.7785934609375 0.607674309375 0.7728417390625 0.60879233125 0.7641789796875 0.6051703828125 0.7526051828125 0.5968084703125001 0.7487707015625 0.5975538171875
11 0.7356314296875001 0.6425543609375 0.7337141890625001 0.6429270359375 0.7251921359375 0.660501003125 0.7232748953125 0.6608736765625001 0.7211443828124999 0.66526716875 0.7202209390625 0.670752484375 0.7214280078125 0.6718443078125 0.723628875 0.6780487734375 0.728457153125 0.6824160671875 0.7289540515625 0.6849723890625 0.7417349171875001 0.6944261265625 0.7589900828125 0.6910720609375 0.760410425 0.6881430671875 0.76424490625 0.68739771875 0.7672988625 0.6775189125 0.7658081671875 0.6698499499999999 0.767228509375 0.6669209546875 0.7645307453125 0.65816016875 0.7558679859375 0.654538221875 0.7501162640625 0.65565624375 0.7356314296875001 0.6425543609375
11 0.762125459375 0.5127177656249999 0.7410358125000001 0.5168171781249999 0.734360646875 0.5234205140625 0.728608925 0.5245385359375 0.7250580703125 0.531861021875 0.7194470546875 0.5541749578124999 0.721647921875 0.5603794234375 0.728677065625 0.57095118125 0.7409610328125 0.5778485984375 0.7447955140625 0.57710325 0.747209653125 0.5792868984374999 0.754878615625 0.577796203125 0.7572927546875 0.57997985 0.7687961984375 0.5777438078125 0.7754713640625 0.57114046875 0.7804425609375001 0.5608889890625 0.78271599375 0.541876721875 0.7803018546875 0.539693075 0.7783142609375 0.5294677921875001 0.775403225 0.524727825 0.762125459375 0.5127177656249999
11 0.785273053125 0.52944159375 0.781438571875 0.5301869406249999 0.7793080578125 0.5345804328125 0.7822894484375 0.5499183578125 0.7804425609375001 0.5608889890625 0.77213378125 0.5744421390625 0.7663820593749999 0.5755601593749999 0.7649617171875 0.5784891546875001 0.7592099953125 0.5796071765625 0.754878615625 0.577796203125 0.7515410328125001 0.5810978718750001 0.74990741875 0.5880476828125001 0.7516113859375 0.591695828125 0.7533153546875 0.595343971875 0.7641789796875 0.6051703828125 0.7728417390625 0.60879233125 0.7881796640625 0.605810940625 0.791517246875 0.602509271875 0.7969853421875001 0.5948141109375 0.79648844375 0.592257790625 0.80309325625 0.575056496875 0.802099459375 0.5699438546875 0.8035198015624999 0.5670148609375001 0.7995446140625 0.54656429375 0.797130475 0.544380646875 0.796136678125 0.5392680046875 0.785273053125 0.52944159375
11 0.739476978125 0.46273556875 0.7418911171875 0.464919215625 0.7478538984374999 0.495595065625 0.7455101125 0.504009375 0.7472140796875 0.5076575203125 0.7496282187500001 0.5098411671874999 0.7553799406249999 0.5087231453125 0.762125459375 0.5127177656249999 0.769794421875 0.5112270703124999 0.7731320046875 0.5079254015625 0.779026646875 0.49218860624999994 0.7764718015625001 0.46880904531249995 0.7740576625 0.46662539687500004 0.773063865625 0.46151275625 0.761703340625 0.4491300234375 0.7463654156249999 0.45211141406250005 0.7449450734374999 0.455040409375 0.73848318125 0.457622928125 0.739476978125 0.46273556875
11 0.7168966359375 0.45916601874999996 0.7169669890625 0.4697639765625 0.7119957921875 0.48001545625 0.70198304375 0.48992046250000004 0.6981485625 0.490665809375 0.69459770625 0.497988296875 0.697295471875 0.50674908125 0.7045378890625 0.513300021875 0.7261947875 0.5223548890624999 0.7319465093749999 0.52123686875 0.73336685 0.5183078734375 0.7405389140625 0.5142608562500001 0.7469304546875 0.50108038125 0.7454397593750001 0.49341141874999994 0.7468601015624999 0.490482425 0.742388015625 0.46747553750000004 0.7399738765625 0.465291890625 0.7389800796875 0.4601792484375 0.7286133515625 0.45290915781249996 0.71902715 0.4547725265625 0.7168966359375 0.45916601874999996
11 0.724570025 0.38604594531249997 0.711789159375 0.3765922078125 0.707954678125 0.3773375546875 0.69929191875 0.373715609375 0.6801195124999999 0.377442346875 0.6727341765625 0.3855101828125 0.668543503125 0.404895121875 0.6700341984375 0.41256408437500003 0.66861385625 0.4154930796875 0.6723054171875 0.42936650781249996 0.6807549046875 0.43700927187499994 0.681251803125 0.4395655921875 0.6916185296874999 0.44683568281249997 0.6954530109375 0.446090334375 0.69786715 0.4482739828125 0.7189567968749999 0.4441745703125 0.723714721875 0.43794390625 0.7275492015625 0.43719855937499996 0.73344384375 0.4214617625 0.732450046875 0.4163491203125 0.7338703890625 0.41342012656250005 0.7308889984375 0.39808220156249996 0.728474859375 0.3958985546875 0.724570025 0.38604594531249997
11 0.6973702515625 0.4457176609375 0.6853699093750001 0.4453973828125 0.6807549046875 0.43700927187499994 0.6771336953125 0.43373380156249997 0.6708850749999999 0.4322955015625 0.6694647328125 0.4352244953125 0.6656302515625 0.43596984375 0.65540423125 0.44989566718749996 0.6605864875 0.4714380578125 0.6622904562499999 0.4750862015625 0.665414765625 0.4758053515625 0.6714501140625 0.48126446874999995 0.6719470125 0.48382078906250003 0.6823137390625 0.4910908796875 0.6861482203125 0.49034553281250004 0.688562359375 0.492529178125 0.6981485625 0.490665809375 0.7100785515625 0.4803881296875 0.716470090625 0.46720765468750003 0.7168262828125 0.4485680625 0.7132050750000001 0.4452925921875 0.699784390625 0.447901309375 0.6973702515625 0.4457176609375
11 0.6513542640625001 0.49047652187499996 0.649933921875 0.49340551718750003 0.6514246171875 0.5010744796875 0.6505011734374999 0.5065597937499999 0.6412689484375 0.5255982593749999 0.6333867140625 0.531109771875 0.6360844796875 0.539870559375 0.6442503390625001 0.5409361828125 0.646664478125 0.5431198312500001 0.6586648203125 0.543440109375 0.6600851624999999 0.5405111140625001 0.665836884375 0.5393930921875 0.6739323921875 0.5298607609375 0.6817442734375 0.5137512906249999 0.67975668125 0.5035260078125 0.6811770234375001 0.5005970125 0.6787628828125001 0.498413365625 0.6743611515625 0.48600443593750003 0.6591661453125 0.47436705156250003 0.6495799421874999 0.47623042031249996 0.6513542640625001 0.49047652187499996
11 0.6661908640624999 0.5565681875 0.664770521875 0.5594971828124999 0.666758115625 0.5697224671875001 0.6611471 0.5920364015625 0.6628510671875001 0.5956845453125 0.6645550359375 0.599332690625 0.6773359015625 0.608786428125 0.6907565859375 0.6061777109375 0.6974317515624999 0.599574375 0.7095046593750001 0.5746779203125 0.708440509375 0.558967321875 0.7098608515625 0.5560383265625 0.7068794609375 0.5407004015625 0.7010573859375 0.5312204671874999 0.6901937609375 0.52139405625 0.6820279 0.5203284296875 0.66178913125 0.5441592578125001 0.663776725 0.5543845421875 0.6661908640624999 0.5565681875
11 0.715825846875 0.5508994875 0.71866653125 0.5450414984374999 0.720583771875 0.544668825 0.7259815140625 0.5263757078125 0.7218634078124999 0.520543915625 0.6958751296875 0.5096780765625 0.69062030625 0.5133524203125 0.6884897921875 0.5177459109375 0.6901937609375 0.52139405625 0.7010573859375 0.5312204671874999 0.710074125 0.5520175078125 0.715825846875 0.5508994875
11 0.7166767234375 0.570630903125 0.7193744890625 0.579391690625 0.7235629484375 0.5958214374999999 0.7259770875 0.5980050859375 0.7245567453125 0.6009340796875 0.7265443390625 0.6111593625 0.730165546875 0.6144348328125 0.742592434375 0.6067134750000001 0.74990741875 0.5880476828125001 0.7484167234375 0.5803787203125 0.7447955140625 0.57710325 0.7409610328125 0.5778485984375 0.7322982734375 0.574226653125 0.7226417171875 0.5654920640625 0.7188072359375 0.5662374109375 0.7166767234375 0.570630903125
11 0.7071608734375 0.5830922296875001 0.7045334624999999 0.5849294 0.6974317515624999 0.599574375 0.6907565859375 0.6061777109375 0.6830876234375001 0.60766840625 0.680957109375 0.6120618984374999 0.6831579765625 0.6182663640625 0.6967193671875 0.6368535609375 0.7024710890625 0.6357355390625 0.7068024687500001 0.6375465124999999 0.7082228109375001 0.6346175171875 0.7158917734375 0.633126821875 0.7192293546874999 0.629825153125 0.7270412375 0.613715684375 0.724983290625 0.59289244375 0.7225691515625 0.590708796875 0.7205815578125 0.5804835140625 0.7176705203125 0.575743546875 0.7116351734374999 0.570284428125 0.7097179328125 0.5706571015625 0.7071608734375 0.5830922296875001
11 0.699487484375 0.656212303125 0.6962202546875 0.670111928125 0.691959228125 0.6788989125 0.6931662984375 0.6799907359375 0.7142559453125 0.675891325 0.7175935265625 0.67258965625 0.730163334375 0.650249521875 0.731086778125 0.6447642078125 0.729099184375 0.6345389234375001 0.726188146875 0.6297989562499999 0.7206496984374999 0.626896159375 0.7158917734375 0.633126821875 0.7082228109375001 0.6346175171875 0.7068024687500001 0.6375465124999999 0.7029679875 0.6382918609375 0.7005538484375 0.6361082125 0.697216265625 0.63940988125 0.699487484375 0.656212303125
11 0.6494281703125 0.6341079515625 0.6475812828125 0.6450785828125001 0.6447405984375 0.650936571875 0.6469414640625 0.6571410375 0.6602895828124999 0.6797490515625 0.670656309375 0.6870191421875 0.68407699375 0.684410425 0.6854973359375001 0.68148143125 0.6926694 0.677434415625 0.699487484375 0.656212303125 0.6960091953124999 0.6383180578125 0.6843650453125 0.6193581874999999 0.666259003125 0.602980834375 0.662424521875 0.6037261828125 0.6600103828125 0.6015425343749999 0.65283831875 0.6055895515625 0.64594988125 0.61621370625 0.6494281703125 0.6341079515625
11 0.623011134375 0.6670984375 0.619460278125 0.674420925 0.6181102890625 0.6879478765625 0.6143461609374999 0.69929118125 0.6185346218750001 0.7157209296875 0.6202385890625 0.7193690734375 0.63543359375 0.7310064578125 0.6507715187499999 0.7280250671874999 0.657446684375 0.7214217296875 0.6638382234375 0.7082412546875 0.663767871875 0.6976432984375001 0.6651882140625001 0.694714303125 0.66320061875 0.68448901875 0.66078648125 0.6823053734375 0.6597926843749999 0.67719273125 0.65496440625 0.6728254375 0.6544675078125 0.670269115625 0.6441007796875 0.6629990265625 0.623011134375 0.6670984375
11 0.5747261406249999 0.6592401875 0.5714589109375 0.6731398125 0.5736597765625 0.679344278125 0.579268578125 0.69284503125 0.59254634375 0.704855090625 0.5968777234375 0.7066660640625 0.6122156484375 0.7036846734375 0.6185368343750001 0.679906240625 0.6175430375000001 0.6747935984375 0.6189633796875 0.671864603125 0.6164788875 0.6590830000000001 0.6109404390625001 0.656180203125 0.6071059578125 0.6569255515625 0.5858756046875 0.6398290484375 0.5820411234375 0.6405743953124999 0.5737323421875 0.6541275453125001 0.5747261406249999 0.6592401875
11 0.6389910890625 0.6162399046875 0.63657695 0.61405625625 0.626990746875 0.6159196265625 0.6202452296875001 0.61192500625 0.6164107484375 0.612670353125 0.6067541921874999 0.603935765625 0.5971679890625 0.605799134375 0.58907248125 0.615331465625 0.5855216249999999 0.622653953125 0.5865154218749999 0.62776659375 0.5850950796875 0.6306955890625 0.5863021500000001 0.6317874125 0.5889999140625 0.6405481984375 0.6003604390625 0.6529309296875 0.6090231984375001 0.6565528781250001 0.6128576796874999 0.6558075296875 0.6152718187499999 0.6579911765625 0.6229407796875 0.6565004812499999 0.62535491875 0.658684128125 0.6349411218750001 0.6568207593750001 0.6363614640625 0.6538917640624999 0.6421131859375 0.6527737421875 0.6494281703125 0.6341079515625 0.646943678125 0.6213263484375 0.6428255703125 0.61549455625 0.6389910890625 0.6162399046875
11 0.6603687890625001 0.547088253125 0.6567475796875 0.5438127828125 0.6384986171875 0.5420542046875 0.6354446609375 0.5519330124999999 0.6364384578125 0.5570456546875 0.6286265765625 0.573155125 0.61762003125 0.5779474875 0.6161996890625 0.5808764828124999 0.6046962453125 0.5831125265625 0.6086714328125 0.6035630921874999 0.613996609375 0.61048670625 0.626990746875 0.6159196265625 0.6442459125 0.6125655609375 0.6456662546875 0.6096365671874999 0.6495007359375 0.6088912203125 0.6523414203125 0.6030332296875 0.65759624375 0.5993588890625 0.6625674421875 0.58910740625 0.6629939874999999 0.5810657703125 0.665834671875 0.5752077812499999 0.664840875 0.570095140625 0.6662612171875 0.5671661453125 0.6632798265625001 0.5518282203125 0.6603687890625001 0.547088253125
11 0.5931246609375 0.5389359218750001 0.59170431875 0.5418649171875 0.592698115625 0.5469775578125 0.5894308875000001 0.560877184375 0.5851698609375 0.5696641687499999 0.586873828125 0.5733123124999999 0.60228210625 0.580928878125 0.623371753125 0.576829465625 0.6247920953125 0.5739004734375001 0.6286265765625 0.573155125 0.6364384578125 0.5570456546875 0.6353743078125 0.54133505625 0.6288420625 0.53331961875 0.6245106828125 0.53150864375 0.6168417203125001 0.5329993390625 0.6081789609375 0.52937739375 0.6009365437499999 0.522826453125 0.5927706828125 0.5217608265625 0.5911370687499999 0.5287106406250001 0.5931246609375 0.5389359218750001
11 0.62920268125 0.443050646875 0.6205399218750001 0.4394287 0.60328475625 0.44278276562499996 0.60115424375 0.44717625625 0.6012245953125 0.45777421250000006 0.5979573671875 0.47167383906250004 0.5875180734375001 0.48962048124999996 0.59220343125 0.50860655 0.594404296875 0.5148110140625 0.6100962015625 0.5290047203125 0.6187589609375 0.5326266656249999 0.636014125 0.5292726015625 0.6374344671875 0.52634360625 0.6412689484375 0.5255982593749999 0.6481573875 0.5149741046874999 0.6518511625000001 0.49303284375 0.6493666703125001 0.4802512375 0.6507870125 0.4773222453125 0.6483728734375 0.47513859687500004 0.6463852796875 0.46491331406249997 0.6400663062499999 0.4528770578125 0.62920268125 0.443050646875
11 0.5657886078125001 0.505782346875 0.550450684375 0.5087637375 0.546899828125 0.5160862234375 0.5479639781250001 0.531796821875 0.54419985 0.5431401265625 0.5437733046875 0.5511817625 0.53880210625 0.56143324375 0.5314167703125 0.569501078125 0.534611434375 0.580818184375 0.539936609375 0.5877418 0.550516609375 0.590991071875 0.55626833125 0.58987305 0.5586824703125 0.5920566968750001 0.57160625625 0.586891659375 0.5777845234375001 0.5777320015625 0.5830393468749999 0.5740576609375 0.5903543296875 0.55539186875 0.59220121875 0.5444212390625001 0.5907105234375 0.5367522765625 0.591633965625 0.531266959375 0.58531499375 0.5192307046875 0.5744513671875 0.5094042921875 0.5657886078125001 0.505782346875
11 0.56287093125 0.6084864453125001 0.5586099046874999 0.6172734296875 0.560313871875 0.6209215734375 0.5680531875 0.6300288359375 0.5781362890625 0.6307217875 0.5885755828125 0.612775146875 0.5952507484375 0.6061718078125 0.5990852296875 0.6054264609375 0.60547676875 0.592245984375 0.6039860734375 0.5845770234375001 0.5955365875 0.576934259375 0.586873828125 0.5733123124999999 0.5830393468749999 0.5740576609375 0.57160625625 0.586891659375 0.5644341921875 0.5909386765625 0.5623036796875 0.59533216875 0.56287093125 0.6084864453125001
11 0.5339012624999999 0.5822826812499999 0.5334043640624999 0.5797263625 0.5206234984375 0.5702726250000001 0.5033683328125 0.5736266890625 0.5012378187500001 0.57802018125 0.50890456875 0.6123441749999999 0.5106085359375 0.6159923187499999 0.523389403125 0.62544605625 0.5277207828125 0.6272570281250001 0.5334725031249999 0.6261390062500001 0.5358866421874999 0.6283226546875 0.5435556046875 0.626831959375 0.544975946875 0.6239029640625 0.552644909375 0.62241226875 0.5559824921875001 0.6191106015625001 0.5623740328125 0.605930125 0.5623036796875 0.59533216875 0.554351090625 0.5902457234375 0.54235075 0.5899254468749999 0.5339012624999999 0.5822826812499999
11 0.5036497453125001 0.616018515625 0.5003121625 0.619320184375 0.4981816484375 0.6237136765625 0.5017302906250001 0.652205878125 0.499883403125 0.6631765093750001 0.4956223765625 0.6719634937500001 0.4983201421875 0.680724278125 0.5050656609375 0.6847189 0.5165691046875 0.6824828578125001 0.5179894468749999 0.6795538624999999 0.5314101296875 0.6769451453124999 0.5347477125 0.6736434765625 0.537588396875 0.6677854875 0.5395056375 0.6674128140625 0.5439799375 0.6546050125 0.5395078515625 0.631598125 0.5315552625 0.62651168125 0.5277207828125 0.6272570281250001 0.5190580234375 0.6236350828125 0.5094014671875 0.61490049375 0.5036497453125001 0.616018515625
11 0.5434830390625 0.652048690625 0.5425595953125 0.6575340062499999 0.5326172 0.6780369687500001 0.5343211671875 0.6816851125000001 0.5458949640624999 0.6900470265624999 0.5497294453125 0.6893016796875 0.552143584375 0.6914853265625001 0.559812546875 0.68999463125 0.5664877125000001 0.68339129375 0.5714589109375 0.6731398125 0.5733057968749999 0.66216918125 0.5693306109375 0.641718615625 0.566916471875 0.63953496875 0.565922675 0.634422328125 0.55363870625 0.6275249109375001 0.544052503125 0.6293882796875 0.5405016484375 0.636710765625 0.5434830390625 0.652048690625
11 0.49576750937499997 0.6215300296875 0.47957870781249995 0.604780003125 0.464667328125 0.5997197578125 0.45124664374999995 0.6023284734375001 0.446275446875 0.6125799562500001 0.4468426984375 0.6257342328125 0.44407236718750004 0.6421901796875 0.43981134062500005 0.6509771640625 0.441515309375 0.6546253078125 0.44371617499999993 0.6608297734375 0.44854445312499996 0.6651970671874999 0.44953825 0.6703097078125 0.46040187499999996 0.68013611875 0.470981875 0.6833853921874999 0.484402559375 0.6807766765625 0.48582290156249996 0.6778476812500001 0.49157462343749997 0.6767296593750001 0.500806846875 0.6576911953125 0.499742696875 0.6419805968750001 0.5011630390625 0.6390516015625 0.4991754453125 0.6288263171875 0.49676130625 0.626642671875 0.49576750937499997 0.6215300296875
11 0.476247765625 0.5006376046875001 0.4658810375 0.49336751406249996 0.45629483593750003 0.495230884375 0.45388069687500004 0.4930472359375 0.4505431140625 0.4963489046875 0.4442219265625 0.5201273375000001 0.4399609 0.5289143203125 0.43719056875 0.5453702671875 0.43988833437499997 0.554131053125 0.44500023750000006 0.5650754859375 0.46019524218749996 0.5767128703125 0.4640297234375 0.575967521875 0.4664438625 0.5781511703125 0.474112825 0.576660475 0.4755331671875 0.5737314796875 0.4812848890625 0.5726134578125001 0.484622471875 0.569311790625 0.4905171140625 0.5535749937500001 0.48703882500000006 0.535680746875 0.4846246859375 0.5334971015625001 0.4806494984375 0.513046534375 0.478235359375 0.5108628890625 0.476247765625 0.5006376046875001
11 0.4566443875 0.5840353578124999 0.4547975 0.5950059890625 0.45600456874999995 0.5960978109374999 0.4776614671875 0.6051526765624999 0.49505733906250005 0.6229945265625 0.4988918203125 0.6222491796875 0.5038630171875 0.6119976968749999 0.5037926640625 0.6013997421874999 0.50521300625 0.598470746875 0.5027285140625 0.5856891421875 0.500314375 0.5835054953125 0.4988236796875 0.5758365328124999 0.49037419375 0.5681937687499999 0.484622471875 0.569311790625 0.47794730625000004 0.5759151265625 0.4587749 0.579641865625 0.4566443875 0.5840353578124999
11 0.4685677359375 0.6812017453125 0.46040187499999996 0.68013611875 0.45315945781250005 0.673585178125 0.4512422171875 0.6739578515625 0.4377489671875 0.7017833015625 0.4394529359375 0.7054314453125 0.44669535156249995 0.7119823875 0.4505298328125 0.7112370390625 0.452943971875 0.7134206859375001 0.46636465625 0.7108119687500001 0.46778499843750004 0.707882975 0.4754539609375 0.7063922796875 0.48546670937499997 0.696487275 0.489301190625 0.6957419265625 0.49569272968750006 0.6825614515625 0.49469893281250005 0.6774488078124999 0.48582290156249996 0.6778476812500001 0.484402559375 0.6807766765625 0.470981875 0.6833853921874999 0.4685677359375 0.6812017453125
11 0.410199640625 0.67265054375 0.40877929843749994 0.6755795375 0.41076689218749995 0.6858048203125 0.40657621875 0.7051897609375 0.40778328906250005 0.706281584375 0.41552260468749996 0.715388846875 0.4251088078125 0.713525478125 0.42652915 0.7105964828125 0.43561845468750005 0.70617679375 0.4453475765625 0.6896946484375001 0.444850678125 0.687138328125 0.4500351484375 0.6728660296875 0.44904135156249997 0.6677533875 0.44321927656250004 0.6582734515625 0.43959806874999996 0.65499798125 0.43384634687499996 0.656116003125 0.4324260046875 0.6590449984375 0.4094191171875 0.663517084375 0.410199640625 0.67265054375
11 0.49228258125 0.7110798515625001 0.4792884421875 0.7056469328125 0.464447415625 0.7111846421875 0.46302707343750005 0.7141136375 0.4534408703125 0.7159770062499999 0.44989001562500003 0.72329949375 0.44804312812499997 0.7342701234375 0.4497470953125 0.7379182671875 0.4543621015625 0.7463063812499999 0.45883418750000005 0.7693132671875 0.46174522500000004 0.774053234375 0.46969781250000003 0.7791396796875001 0.498456421875 0.7735495718750001 0.49987676406250003 0.7706205765624999 0.5037112453125 0.7698752296875 0.5134403671875 0.7533930843750001 0.5124465703125 0.7482804437499999 0.5138669124999999 0.7453514484375 0.509891725 0.7249008828125 0.50406965 0.715420946875 0.49611706250000004 0.710334503125 0.49228258125 0.7110798515625001
11 0.41971106406249997 0.73181859375 0.41743763125 0.7508308625 0.40607489374999994 0.77426281875 0.4092695578125 0.785579925 0.411967321875 0.7943407125 0.41778939687500005 0.803820646875 0.42382474531250003 0.8092797640624999 0.43248750312500006 0.8129017093750001 0.447825428125 0.8099203203125 0.45755455156249997 0.7934381765625 0.46032488281250006 0.7769822296875 0.454859 0.7488627 0.449036925 0.739382765625 0.4381733 0.7295563546875 0.43000743906250005 0.7284907281249999 0.4275933 0.72630708125 0.421841578125 0.7274251031250001 0.41971106406249997 0.73181859375
11 0.3381931625 0.742358253125 0.33634627500000003 0.753328884375 0.33904404062500004 0.7620896703125 0.34564663906250004 0.780703065625 0.3651730234375 0.7941514234375 0.39485507656249996 0.783076 0.40962575 0.7669403328125 0.41743763125 0.7508308625 0.41829072187499994 0.7347475890624999 0.41530933125 0.719409665625 0.40444570625000004 0.709583253125 0.39677674375 0.7110739484375 0.3953564015625 0.71400294375 0.3761839953125 0.7177296828124999 0.37376985625 0.715546034375 0.349342628125 0.722947115625 0.3381931625 0.742358253125
11 0.35360808125 0.642530753125 0.34785635937500003 0.6436487750000001 0.3397608515625 0.65318110625 0.3325887875 0.657228121875 0.3295348296875 0.6671069296875001 0.3332263921875 0.68098035625 0.3675212359375 0.714107734375 0.3776043375 0.7148006875 0.3800184765625 0.716984334375 0.3915219203125 0.7147482921874999 0.3929422625 0.711819296875 0.4020315671875 0.70739960625 0.40842310625 0.6942191296875 0.41026999374999995 0.6832485 0.40629480625000003 0.6627979328125 0.3978453203125 0.65515516875 0.393513940625 0.6533441953125 0.376258775 0.6566982593749999 0.36085049687500004 0.6490816953125 0.35360808125 0.642530753125
11 0.4165252546875 0.5772427312499999 0.40736559687499996 0.5710644640625 0.3828680140625 0.5678675875 0.36561284843749997 0.5712216531250001 0.3470076953125 0.5881026687500001 0.3435271921875 0.6060231125 0.349206346875 0.630121821875 0.356732390625 0.643249903125 0.36951325625 0.652703640625 0.3910998015625 0.65116055 0.3997625609375 0.6547824953125 0.40551428281249996 0.6536644734375 0.4127567 0.660215415625 0.41900532031250004 0.6616537140625 0.42859152343750007 0.6597903453125 0.43718392812499995 0.652814334375 0.4421551265625 0.642562853125 0.4463458 0.6231779125 0.4389626765625 0.5954310578124999 0.42035973593750003 0.576497384375 0.4165252546875 0.5772427312499999
11 0.399133809375 0.4877715046875 0.391464846875 0.48926220000000004 0.3795348578125 0.4995398796875 0.36227969375 0.50289394375 0.3601491796875 0.5072874359374999 0.362350046875 0.5134919015625 0.37136678437500004 0.5342889421875 0.3766919609375 0.54121255625 0.3798162703125 0.5419317078125 0.3943011046875 0.5550335890625 0.4116266234375 0.56227748125 0.4192955859375 0.5607867859375 0.43456315781250004 0.5472074390625 0.4381140125 0.5398849515624999 0.4394640015625 0.5263580015625 0.43697950937499996 0.5135763953125 0.43406847187500003 0.508836428125 0.42561898593749997 0.5011936640625 0.4092872640625 0.4990624125 0.399133809375 0.4877715046875
11 0.43719056875 0.5453702671875 0.43406625937500004 0.5446511171874999 0.42263316875 0.5574851187500001 0.40537800312499994 0.5608391828125 0.40686869843749995 0.5685081453125 0.4116969765625 0.5728754375 0.42035973593750003 0.576497384375 0.42611145781250004 0.5753793625 0.4386812640625 0.5530392296875 0.43719056875 0.5453702671875
11 0.3049053953125 0.4994553828125 0.306396090625 0.5071243453125 0.3050461015625 0.520651296875 0.29702094687499997 0.540781584375 0.300215609375 0.552098690625 0.3200256203125 0.5721241874999999 0.3440966578125 0.5833627 0.35844078437500004 0.5752686687499999 0.371791115625 0.5620619953125 0.375341971875 0.5547395093749999 0.3738512765625 0.547070546875 0.37527161875 0.5441415515625 0.37427782187499997 0.5390289109374999 0.3621367734375 0.51751271875 0.360646078125 0.50984375625 0.3521965921875 0.502200990625 0.325711415625 0.48877883281249995 0.30845625 0.492132896875 0.3049053953125 0.4994553828125
11 0.307101834375 0.5772892265625 0.3056814921875 0.5802182203124999 0.3018470109375 0.58096356875 0.2940351296875 0.5970730375 0.29076789999999997 0.6109726640625001 0.2974408515625 0.6401840156249999 0.30567706562499997 0.6518475984375 0.32058844531249997 0.6569078453125 0.3359263703125 0.6539264546875 0.3373467125 0.650997459375 0.3445187765625 0.6469504421875001 0.35140721406250003 0.6363262875 0.3504134171875 0.631213646875 0.347999278125 0.62903 0.3425333953125 0.600910471875 0.33770511718749996 0.5965431765625 0.3367113203125 0.5914305359375 0.32343355625000003 0.5794204765625001 0.314770796875 0.57579853125 0.307101834375 0.5772892265625
11 0.2331121890625 0.565142275 0.22288616718749998 0.5790680984375001 0.22345342031249998 0.5922223765625 0.2220330765625 0.5951513703125 0.2247308421875 0.6039121578125 0.23786568749999998 0.630540990625 0.2421970671875 0.6323519640625 0.2613694734375 0.6286252265625001 0.26378361093749997 0.630808871875 0.2714525734375 0.6293181765625 0.28004497968750003 0.6223421671875 0.2940351296875 0.5970730375 0.298225803125 0.5776880984375 0.2947475140625 0.5597938515624999 0.2882152671875 0.5517784140625001 0.2700366578125 0.56061779375 0.2686163171875 0.5635467890625 0.24177494843749997 0.568764221875 0.2331121890625 0.565142275
11 0.2273538265625 0.6737043640625 0.22557729218749997 0.695272953125 0.2302626515625 0.714259021875 0.23296041562499997 0.7230198062500001 0.2477288765625 0.742698828125 0.260226115625 0.7455754265625 0.279398521875 0.7418486875 0.29416919531249996 0.7257130203125 0.30049038281249996 0.7019345875 0.3008465734375 0.6832949937499999 0.303190359375 0.6748806828125 0.29822137656250003 0.6493174765624999 0.2897718890625 0.6416747109375 0.2599491296875 0.6315542203125 0.2431908640625 0.6374646046875 0.234385184375 0.6484614328125 0.2273538265625 0.6737043640625
11 0.329108284375 0.675148565625 0.32854103281249997 0.6619942875 0.3225056859375 0.6565351703125 0.31242258437500003 0.6558422187499999 0.30759430625 0.651474925 0.2994284453125 0.6504093 0.3026934625 0.6723243640625001 0.300420028125 0.6913366296875 0.30262089531249997 0.6975410953125001 0.3122070984375 0.6956777265625 0.3241370875 0.685400046875 0.329108284375 0.675148565625
11 0.34124933281250003 0.6966647578125 0.3284684671875 0.6872110203124999 0.32079950468749996 0.6887017156249999 0.3193791625 0.691630709375 0.31362744062500003 0.69274873125 0.3122070984375 0.6956777265625 0.3045381359375 0.697168421875 0.301200553125 0.700470090625 0.2972231515625 0.7158342125 0.29821695 0.7209468546875 0.29679660625 0.7238758484375001 0.2989974734375 0.7300803140625 0.3016952375 0.7388410984375 0.3041093765625 0.741024746875 0.305600071875 0.748693709375 0.30922128125000004 0.7519691796875 0.314973003125 0.7508511578125 0.31738714218749997 0.7530348046875 0.3288905859375 0.7507987625 0.33031092812499996 0.7478697671875 0.334145409375 0.7471244203125 0.3469284875 0.72076346875 0.3509762421875 0.715997303125 0.3489886484375 0.7057720187500001 0.34174623125000003 0.699221078125 0.34124933281250003 0.6966647578125
11 0.258308875 0.7459481 0.24964611718750002 0.7423261546875 0.247515603125 0.7467196453125 0.24850940000000002 0.7518322875 0.24666251250000001 0.7628029187500001 0.250850971875 0.779232665625 0.2588739140625 0.794917065625 0.2697375390625 0.804743478125 0.27406891875 0.8065544515624999 0.293241325 0.8028277125000001 0.29657890781249996 0.79952604375 0.30581113125 0.7804875796874999 0.30907836093749996 0.7665879546875 0.304606275 0.7435810671875 0.3021921359375 0.7413974203125 0.30070144062500004 0.7337284578125 0.296583334375 0.727896665625 0.2908316125 0.7290146875 0.2813157625 0.7414760140625 0.258308875 0.7459481
11 0.15485045 0.7408557546875 0.153997359375 0.7569390265625 0.1581858203125 0.773368775 0.16280082499999998 0.7817568859375 0.1712503109375 0.7893996515625 0.1904930703125 0.79627086875 0.19865893125 0.7973364953125001 0.22933478125 0.7913737140625 0.24481562499999998 0.7737735484375 0.2470890578125 0.7547612828125 0.244604565625 0.7419796765625 0.22401403125 0.712820721875 0.22017954999999997 0.71356606875 0.208605753125 0.7052041546875001 0.1812674859375 0.70786526875 0.1659999140625 0.7214446140625 0.15485045 0.7408557546875
11 0.1958315265625 0.58830635 0.165155678125 0.59426913125 0.1506686296875 0.6169819375000001 0.1497451859375 0.6224672546875001 0.153933646875 0.6388970031250001 0.1677786625 0.6640613390625 0.1721803953125 0.6764702687499999 0.1830440203125 0.6862966796875 0.1917067796875 0.6899186265624999 0.2032102234375 0.687682584375 0.2056243625 0.6898662296875 0.22188573125 0.681399525 0.226856928125 0.6711480437499999 0.236232071875 0.6374908031250001 0.2308365421875 0.61996923125 0.22210342968750002 0.605749328125 0.2039973875 0.5893719765625 0.19824566562499998 0.5904899968749999 0.1958315265625 0.58830635
11 0.0859793484375 0.63220916875 0.07987143437500001 0.651966784375 0.087041284375 0.6837344562500001 0.0984721625 0.7067151453125 0.12382062187500001 0.7296434390625001 0.13248338125 0.7332653859375 0.15549026875 0.7287933 0.1640826734375 0.7218172890625 0.17047421406250002 0.7086368125 0.1732445453125 0.6921808671874999 0.16877245937500002 0.6691739796875 0.1619565875 0.654581403125 0.148395196875 0.63599420625 0.1399457109375 0.6283514421875 0.11253709062499999 0.620414596875 0.09336468437499999 0.624141334375 0.0859793484375 0.63220916875
11 0.0735458203125 0.74737459375 0.06161583281250001 0.7576522734375 0.0514601640625 0.7821760546875 0.0596941640625 0.8296543249999999 0.065799865625 0.8457114000000001 0.0730422828125 0.8522623421875 0.07936125625 0.8642985968750001 0.0945562609375 0.8759359828125 0.11088798281250001 0.8780672328125 0.12814314843750002 0.8747131687499999 0.13815589687500002 0.8648081640624999 0.14788501874999999 0.8483260187500001 0.1510115421875 0.8132304796875 0.1460425578125 0.787667271875 0.1285059796875 0.7486295078125 0.118139253125 0.7413594171875 0.103724771875 0.73885549375 0.0735458203125 0.74737459375
11 0.051893350000000005 0.6666903515625 0.0303068046875 0.6682334421875 0.024341809375000002 0.67337228125 0.0424434265625 0.7613790109374999 0.045781009375 0.75807734375 0.057284453125 0.7558413015625 0.0763865046875 0.74151660625 0.07880064375 0.743700253125 0.0802209859375 0.7407712578125001 0.0878899484375 0.7392805625000001 0.09570183125000001 0.7231710921875 0.094708034375 0.7180584515625 0.09612837656249999 0.71512945625 0.09314698593750001 0.69979153125 0.087821809375 0.692867915625 0.0868280125 0.687755275 0.073550246875 0.675745215625 0.051893350000000005 0.6666903515625
11 0.1363178625 0.7325200390625 0.11331097500000001 0.736992125 0.11380787343750001 0.7395484437500001 0.126091840625 0.7464458625 0.1265887390625 0.7490021812500001 0.1314170171875 0.7533694765625001 0.1329077125 0.7610384390625 0.1353218515625 0.7632220843749999 0.1402204828125 0.7781873359375 0.144338590625 0.784019128125 0.148173071875 0.7832737796875 0.1540677125 0.7675369828124999 0.15208011875 0.7573117015624999 0.1535004609375 0.75438270625 0.1495252734375 0.733932140625 0.1387320015625 0.734703684375 0.1363178625 0.7325200390625
11 0 0.5476731953125 0.0245550828125 0.6693514625 0.047988515625 0.656837740625 0.0629021078125 0.6260832984375 0.06709278125 0.6066983578125 0.0640410375 0.580762475 0.05289378593750001 0.564358925 0.050409293749999994 0.551577321875 0.04167618125 0.53735741875 0.0240670375 0.5235363875 0.0015570484375 0.5305647921875 0 0.5323981921875001 0 0.5476731953125
11 0.056297295312499995 0.6432845921875 0.05849816249999999 0.6494890578125 0.06091230156250001 0.6516727046875 0.0743329859375 0.6490639875 0.0745462578125 0.6450431703125 0.08164796875 0.6303981953125 0.0825714125 0.62491288125 0.0800869203125 0.612131278125 0.0711405359375 0.6019321921875 0.0692232953125 0.6023048656250001 0.0656724390625 0.6096273515624999 0.06524589374999999 0.6176689875 0.062405209375000006 0.623526978125 0.060558321875 0.6344976078125 0.057220739062500005 0.6377992765625 0.056297295312499995 0.6432845921875
11 0.103381859375 0.5426069515624999 0.09578325 0.5546956046875 0.08001878125 0.56571863125 0.078385165625 0.57266844375 0.08008913437500001 0.5763165890625 0.0886089734375 0.5945573093750001 0.106715015625 0.6109346625 0.127875015625 0.6174332062500001 0.143212940625 0.6144518156250001 0.14988810624999999 0.6078484796875 0.16082429843749999 0.592458159375 0.16529859687499998 0.5796503562499999 0.1643048 0.5745377140625 0.1558553140625 0.56689495 0.1520208328125 0.5676402984375 0.12844669375 0.55895810625 0.121701175 0.5549634859375 0.10913358124999999 0.5414889296875 0.103381859375 0.5426069515624999
11 0.043951828124999995 0.48253046250000003 0.0404009734375 0.48985294843749994 0.0390509828125 0.5033799 0.0321625453125 0.51400405625 0.028611690625000002 0.521326540625 0.029818759374999997 0.522418365625 0.0470013578125 0.5442810328125 0.0548110265625 0.5639862515625 0.062763615625 0.5690726953125 0.07234981874999999 0.5672093265625 0.0737701609375 0.56428033125 0.085273603125 0.5620442875 0.090528428125 0.558369946875 0.10004427656249999 0.5459086203125 0.10735926093749999 0.5272428296875 0.10366769843750001 0.5133694015625 0.083501496875 0.5119834984375 0.0748387375 0.5083615515625 0.047786309375 0.48178511406249996 0.043951828124999995 0.48253046250000003
11 0 0.5305740578125 0.018315315625000002 0.524654409375 0.030245304687500002 0.5143767296874999 0.0380571875 0.49826725937500005 0.038910278124999996 0.4821839859375 0.0344381921875 0.45917709999999995 0.0257050796875 0.4449571953125 0.006605240625 0.42346720312499997 0 0.42011979843749997 0 0.5305740578125
11 0.0543251953125 0.3823564859375 0.042181934375 0.3966549828125 0.0333036890625 0.43286854375 0.0384859453125 0.4544109328125 0.0450885453125 0.473024328125 0.05914683281250001 0.49416784687500004 0.0748387375 0.5083615515625 0.10366769843750001 0.5133694015625 0.124260446875 0.50671366875 0.1323559546875 0.4971813375 0.13874749375 0.48400086093750005 0.1409505734375 0.45439063749999997 0.14379125937499998 0.4485326484375 0.1311533125 0.42446013593750004 0.1055212265625 0.394954703125 0.08840898124999999 0.38368999375 0.0677458796875 0.37974776875 0.0543251953125 0.3823564859375
11 0 0.4182702640625 0.0017769609375 0.41909990781250006 0.018675934375 0.4343854375 0.025847998437500002 0.43033842031249997 0.0407615921875 0.3995839765625 0.04779295 0.374341046875 0.0452381046875 0.3509614859375 0.037925334375 0.3338125890625 0.0222334296875 0.3196188828125 0.0068955046875 0.32260027343750003 0.0047649921875 0.32699376562500004 0.0044088 0.345633359375 0 0.35653245 0 0.4182702640625
11 0 0.298185596875 0.0101627359375 0.3087006484375 0.041902734375 0.318448465625 0.076413065625 0.31174033749999996 0.09075719374999999 0.30364630625 0.105244240625 0.2809334984375 0.10943491406250001 0.26154855781249997 0.1054597265625 0.241097990625 0.0938155765625 0.22213811875 0.068964015625 0.201766146875 0.042052293750000004 0.1963856234375 0.024797128125 0.19973968749999998 0 0.2142501765625 0 0.298185596875
11 0.091750990625 0.308758946875 0.0462341140625 0.3202594390625 0.042683259375 0.327581925 0.0493562109375 0.356793278125 0.054468115625 0.3677377109375 0.069166221875 0.376818775 0.08549794375 0.378950025 0.11390035937500001 0.39199951093749996 0.131155525 0.38864544687499997 0.133712584375 0.37621031875 0.1302342953125 0.3583160734375 0.1320811828125 0.34734544375 0.1361289359375 0.3425792765625 0.14905272187500002 0.3374142390625 0.1540239203125 0.3271627578125 0.14990581249999999 0.3213309671875 0.1282489140625 0.3122761015625 0.091750990625 0.308758946875
11 0.1209228640625 0.5100153374999999 0.11133666093750001 0.51187870625 0.107856159375 0.52979915 0.11055392343749999 0.5385599359375 0.1151689296875 0.5469480484375 0.137109453125 0.562580053125 0.164021175 0.5679605765625 0.1889453015625 0.5631158171874999 0.2022956328125 0.5499091421875 0.20819027499999998 0.5341723453125 0.2095402640625 0.5206453953125 0.20655887343749998 0.5053074703125 0.1920036859375 0.48160763125 0.17922281874999998 0.47215389218750003 0.1623942 0.46746632187500003 0.145139034375 0.4708203859375 0.1295152703125 0.5030393265625 0.1209228640625 0.5100153374999999
11 0.1457151390625 0.3407159078125 0.1361289359375 0.3425792765625 0.13257808124999998 0.3499017625 0.1312280921875 0.363428715625 0.13896519375 0.408350665625 0.14798193125 0.4291477078125 0.16076279843750002 0.4386014453125 0.1780883171875 0.4458453390625 0.20159210156250001 0.44392957187500004 0.21593622968749998 0.435835540625 0.2194870859375 0.428513053125 0.22410430468750003 0.401086478125 0.2230401546875 0.3853758796875 0.21423668906249999 0.36055801875000004 0.2030894375 0.3441544671875 0.1922258109375 0.33432805625 0.176817534375 0.326711490625 0.1609827109375 0.327136559375 0.1457151390625 0.3407159078125
11 0.13285949375 0.392293590625 0.11439725781250001 0.3945558328125 0.11688175 0.40733743593750005 0.126325034375 0.4200928421875 0.12731883125000001 0.4252054828125 0.13314090625 0.4346854203125 0.1346316015625 0.44235438125000004 0.1370457390625 0.44453802812500004 0.141517825 0.467544915625 0.16189730156249998 0.46491000156249995 0.165234884375 0.46160833281249997 0.1716264234375 0.44842785625000003 0.1706326265625 0.44331521562500004 0.1455677921875 0.4269640609375 0.14066916093749998 0.411998809375 0.13484708750000002 0.402518875 0.13285949375 0.392293590625
11 0.1031181546875 0.2136976125 0.10006419687500001 0.22357641875 0.109861459375 0.2535069203125 0.10666458281249999 0.27800450312499997 0.10886545 0.28420896875 0.11830873281250001 0.2969643734375 0.1426633953125 0.3147800265625 0.1609123578125 0.31653860312500004 0.1820020046875 0.31243919062500003 0.1900975125 0.302906859375 0.1945718109375 0.2900990578125 0.19499835625 0.28205742031250003 0.1885386765625 0.24882525156250002 0.179308665625 0.2320490265625 0.1641136609375 0.22041164218749998 0.143450559375 0.21646941874999998 0.1227171046875 0.2019292375 0.11504814375000001 0.2034199328125 0.1031181546875 0.2136976125
11 0.09495672031249999 0.1410026078125 0.1151910625 0.1888011578125 0.13862228125 0.212102125 0.1516164203125 0.21753504375000002 0.18278916875 0.214128584375 0.2019637875 0.17458715625000001 0.198982396875 0.1592492328125 0.16447649375 0.0943279828125 0.15020493125 0.0772052828125 0.13238251406249998 0.06740506874999999 0.1069614890625 0.0696935078125 0.0964518421875 0.0770421921875 0.0891368578125 0.09570798281250001 0.0882837671875 0.1117912546875 0.09495672031249999 0.1410026078125
11 0.0756436078125 0.1235334328125 0.07322946875 0.12134978593750001 0.067477746875 0.12246780625 0.06506360781250001 0.120284159375 0.0516429234375 0.1228928765625 0.048305340625 0.12619454531250002 0.052137609375000005 0.16126388593750002 0.050290721875 0.1722345171875 0.053982282812500004 0.18610794375 0.0641357375 0.197398853125 0.08870367343749999 0.21119368593750001 0.0944553953125 0.21007566562500002 0.106385384375 0.1997979859375 0.1108596828125 0.18699018437499998 0.10887208906250001 0.1767649015625 0.10645795 0.17458125468750002 0.10155931874999999 0.159616003125 0.0991451796875 0.15743235625000002 0.09765448437499999 0.14976339375 0.0952403453125 0.147579746875 0.0903417140625 0.132614496875 0.0794780890625 0.12278808593749999 0.0756436078125 0.1235334328125
11 0.0259404859375 0.08278948750000001 0.02743118125 0.09045845 0.0320461859375 0.09884656093750001 0.0544836078125 0.11703488749999999 0.06648395 0.117355165625 0.0688980890625 0.11953881250000001 0.0746498109375 0.118420790625 0.07706395 0.12060443750000001 0.082815671875 0.119486415625 0.0882837671875 0.1117912546875 0.0872196171875 0.09608065625 0.088639959375 0.0931516640625 0.0871492640625 0.0854827015625 0.0899899484375 0.0796247109375 0.088499253125 0.0719557484375 0.0259404859375 0.08278948750000001
11 0.1883276171875 0.21703138125 0.1894621203125 0.2433399359375 0.194147478125 0.2623260046875 0.19975628125 0.2758267578125 0.2202764625 0.2943877578125 0.24569748906250002 0.29209931875 0.253792996875 0.2825669875 0.26536900625 0.2551142125 0.2694893265625 0.22513131562500002 0.263029646875 0.19189914375 0.25621377500000003 0.17730656718749999 0.24535015 0.16748015624999998 0.236687390625 0.163858209375 0.21559774375 0.16795762187500002 0.20082707187499999 0.184093290625 0.191594846875 0.2031317546875 0.1883276171875 0.21703138125
11 0.22313042656249998 0.073641634375 0.195224909375 0.06314846874999999 0.1823011234375 0.06831350625 0.1727852734375 0.0807748328125 0.169731315625 0.090653640625 0.17342287812499999 0.10452706875 0.192166525 0.1446566546875 0.20523101718749998 0.16068753125 0.210769465625 0.1635903265625 0.23235601093749997 0.16204723593749998 0.2429360109375 0.1652965078125 0.2563566953125 0.1626877921875 0.26494910156249996 0.15571178125000001 0.2727609828125 0.1396023109375 0.2746078703125 0.12863168125 0.2745375171875 0.1180337234375 0.2686450890625 0.09795583125 0.26282301406249997 0.0884758953125 0.2519593890625 0.078649484375 0.22313042656249998 0.073641634375
11 0.21638490781250003 0.0696470140625 0.2202193890625 0.0689016671875 0.23321352812499999 0.0743345859375 0.240882490625 0.07284389062499999 0.24329662968750002 0.07502753749999999 0.2605517953125 0.0716734734375 0.2672269609375 0.0650701359375 0.2721981578125 0.0548186546875 0.2754653875 0.040919029687500004 0.273264521875 0.034714565625 0.1908231765625 0.050739539062500005 0.19132007499999998 0.053295860937499995 0.20097663125 0.062030446875 0.21155663125 0.0652797203125 0.21638490781250003 0.0696470140625
11 0.3229698578125 0.039643821875 0.320485365625 0.026862215625 0.27518176250000004 0.034341890624999996 0.2754653875 0.040919029687500004 0.2721981578125 0.0548186546875 0.265096446875 0.069463628125 0.2682911109375 0.080780734375 0.27773439375 0.093536140625 0.2924325015625 0.10261720468749999 0.2981842234375 0.1014991828125 0.3005983625 0.10368283125 0.3101845640625 0.10181946093750001 0.31160490625000004 0.0988904671875 0.3154393875 0.09814511875000001 0.322754371875 0.079479328125 0.321690221875 0.0637687296875 0.3231105640625 0.060839734374999996 0.32161986875 0.053170771875 0.3230402109375 0.05024177656249999 0.321549515625 0.0425728140625 0.3229698578125 0.039643821875
11 0.2829166515625 0.11507853125 0.27510476875 0.131188 0.2671499671875 0.161916246875 0.2738229203125 0.1911275984375 0.2767339578125 0.1958675671875 0.3022253359375 0.204177084375 0.31429603125 0.21509531875 0.3224618921875 0.21616094531250002 0.33439188125 0.20588326562499998 0.34270066093749996 0.192330115625 0.348311678125 0.17001618125 0.3482413234375 0.1594182234375 0.33936750625 0.1240024078125 0.3304211203125 0.113803321875 0.322255259375 0.1127376953125 0.3130956015625 0.10655942968750001 0.288171475 0.1114041890625 0.2829166515625 0.11507853125
11 0.2621017765625 0.2690138375 0.26629023749999997 0.2854435859375 0.2723959375 0.3015006609375 0.28716439843749997 0.32117968124999996 0.3039930171875 0.325867253125 0.3116619796875 0.3243765578125 0.329343690625 0.3129808578125 0.336232128125 0.3023567015625 0.33758211718750003 0.28882975 0.328637946875 0.24281597656249998 0.320828278125 0.2231107578125 0.3003080953125 0.2045497578125 0.2834794765625 0.1998621859375 0.26863845 0.2053998984375 0.2695596796875 0.235729271875 0.2621017765625 0.2690138375
11 0.312158878125 0.326932878125 0.30718768125 0.3371843609375 0.3049142484375 0.3561966265625 0.3100965046875 0.3777390171875 0.3186163453125 0.3959797375 0.33189410937499997 0.40798979687500003 0.3438944515625 0.4083100734375 0.34630859062499997 0.4104937203125 0.35972927499999996 0.4078850046875 0.3697420234375 0.3979799984375 0.3775539046875 0.381870528125 0.3784069953125 0.36578725625 0.373934909375 0.34278036875 0.364208 0.323447825 0.3528474765625 0.3110650921875 0.3441847171875 0.3074431453125 0.33459851406249996 0.309306515625 0.312158878125 0.326932878125
11 0.357392128125 0.308855246875 0.35490763593749997 0.29607364375 0.3490855609375 0.2865937078125 0.34063607500000004 0.27895094375 0.33680159375 0.27969629218750003 0.335167978125 0.286646103125 0.3366586734375 0.294315065625 0.3343148875 0.302729375 0.3365157546875 0.308933840625 0.3422674765625 0.3078158203125 0.353344375 0.3136214125 0.357392128125 0.308855246875
11 0.2974585578125 0.35366650312500003 0.26869995 0.3592566109375 0.26727960781250004 0.36218560625 0.2615278859375 0.3633036265625 0.25563324375 0.379040425 0.25712393906250003 0.38670938593750004 0.255703596875 0.3896383796875 0.2584013625 0.3983991671875 0.2698322390625 0.42137985625 0.274304325 0.44438674218749996 0.2728839828125 0.44731573750000003 0.27678881718750004 0.45716834687499996 0.2914869234375 0.46624940937500003 0.3029903671875 0.46401336718749997 0.30441070937500003 0.4610843734375 0.3154172546875 0.456292009375 0.3159867203125 0.433631596875 0.32308843125000003 0.41898662499999995 0.3235149765625 0.4109449890625 0.30988323281249996 0.381759834375 0.30349390625 0.35912562187499997 0.2974585578125 0.35366650312500003
11 0.224744121875 0.38902402343750003 0.22367775937499998 0.4091281140625 0.2178534703125 0.4354628671875 0.2035093421875 0.4435568984375 0.1824196953125 0.4476563109375 0.18341349375 0.452768953125 0.194347471875 0.4731933203125 0.20904557812500002 0.482274384375 0.2306321234375 0.48073129375 0.2330462625 0.482914940625 0.250301428125 0.4795608765625 0.2517217703125 0.47663188125 0.266562796875 0.4710941703125 0.27153399375 0.46084268906250003 0.2738074265625 0.44183042187500005 0.2703291375 0.42393617656249993 0.263513265625 0.4093436 0.249738603125 0.3947772203125 0.232413084375 0.387533328125 0.224744121875 0.38902402343750003
11 0.24817976718749998 0.34069561249999997 0.24576562812499997 0.338511965625 0.2447718328125 0.3333993234375 0.2360387203125 0.3191794203125 0.23241751093750002 0.31590395 0.21750613125 0.3108437046875 0.20983716874999997 0.3123344 0.2074230296875 0.3101507515625 0.19208510625 0.3131321421875 0.186617009375 0.320827303125 0.1898116734375 0.33214441093749997 0.195350121875 0.33504720625 0.1958470203125 0.33760352656250003 0.210828753125 0.35326172968749997 0.22254325625 0.3828195578125 0.23049584374999998 0.3879060015625 0.234330325 0.3871606546875 0.24299308437499997 0.3907826 0.250662046875 0.38929190468749997 0.254639446875 0.37392778125000004 0.25364565 0.368815140625 0.2550659921875 0.3658861453125 0.2525815 0.3531045421875 0.2501673609375 0.3509208953125 0.24817976718749998 0.34069561249999997
11 0.209966809375 0.5126037578125 0.21323182499999999 0.534518821875 0.22317200625 0.5498305484375 0.224165803125 0.5549431890625 0.2350294296875 0.5647696015625 0.2456094296875 0.568018875 0.2647818359375 0.5642921359375 0.29439353437500004 0.54261875625 0.304549203125 0.5180949765625 0.301497459375 0.49215909375000005 0.29155727656249997 0.47684736718750004 0.27472865625 0.4721597953125 0.2613079734375 0.4747685125 0.2507983265625 0.482117196875 0.2201224765625 0.48807997812500004 0.209966809375 0.5126037578125
11 0.19036564375 0.560186821875 0.1889453015625 0.5631158171874999 0.17552461875 0.5657245343749999 0.1733941046875 0.570118025 0.1750980734375 0.5737661703125 0.1823404890625 0.5803171109374999 0.195334628125 0.5857500296875 0.19916910937500001 0.5850046828125001 0.20158324843750003 0.587188328125 0.2169211734375 0.5842069375000001 0.22359633906249998 0.5776036015625 0.2314082203125 0.56149413125 0.22366890625 0.5523868703125 0.21734993125000002 0.5403506124999999 0.2137287234375 0.5370751421875 0.20797700156249999 0.5381931640625 0.2022956328125 0.5499091421875 0.194200125 0.5594414734375001 0.19036564375 0.560186821875
11 0.3160570734375 0.44422955468750003 0.3164110515625 0.46140464999999997 0.32301365 0.4800180453125 0.343036934375 0.4960227234375 0.359865553125 0.5007102953125 0.38287244062500003 0.49623820937499996 0.38954760624999996 0.48963487343749995 0.395939146875 0.4764543984375 0.39771568125 0.45488581093749997 0.394734290625 0.43954788593750005 0.386001178125 0.42532798281249995 0.370806171875 0.413690596875 0.3520603125 0.4093757 0.3314675640625 0.4160314328125 0.321454815625 0.4259364375 0.3160570734375 0.44422955468750003
11 0.397645328125 0.44428785312499997 0.39877983125 0.47059640937499997 0.39735948906249996 0.473525403125 0.40105104999999996 0.48739883125 0.4112045046875 0.49868973906249997 0.429950365625 0.5030046375 0.4409569109375 0.49821227500000004 0.45239000156250003 0.48537827343749995 0.4639660109375 0.4579255 0.46581289843749996 0.44695486874999996 0.46226425625 0.418462665625 0.45353114375 0.4042427625 0.43833613906249996 0.39260537812499996 0.4210809734375 0.3959594421875 0.4124885671875 0.4029354515625 0.40943461093750005 0.41281426093749995 0.400415659375 0.42783190624999995 0.397645328125 0.44428785312499997
11 0.373369871875 0.293811403125 0.3684690265625 0.314660840625 0.3685393796875 0.3252587984375 0.37173404374999997 0.3365759046875 0.376845946875 0.3475203375 0.382808728125 0.3781961875 0.388630803125 0.387676121875 0.4038258078125 0.39931350625 0.43208751875000007 0.39116707812499996 0.4441604265625 0.36627062499999996 0.4439493671875 0.334476753125 0.44103832968749995 0.329736784375 0.4360693453125 0.304173578125 0.42733623437499996 0.289953675 0.41405846874999996 0.27794361562500003 0.4078098484375 0.276505315625 0.38863744218749996 0.2802320546875 0.373369871875 0.293811403125
11 0.344195784375 0.1283697 0.3593907890625 0.1400070859375 0.3699707890625 0.14325635781249998 0.3795569921875 0.1413929890625 0.39099008125 0.1285589875 0.39865904375 0.1270682921875 0.4017130015625 0.1171894859375 0.40164264843749997 0.10659152812499999 0.3936922734375 0.065690396875 0.3819777703125 0.036132568749999996 0.3633748296875 0.0171988953125 0.3250300171875 0.024652371875000002 0.32268401875 0.0688813703125 0.328860071875 0.0955364015625 0.3320547359375 0.106853509375 0.344195784375 0.1283697
11 0.393195375 0.063134075 0.40164264843749997 0.10659152812499999 0.40022230625 0.1095205234375 0.4017130015625 0.1171894859375 0.399369215625 0.125603796875 0.40157008125000004 0.1318082609375 0.40639835937499996 0.1361755546875 0.416978359375 0.1394248265625 0.42848180312500006 0.13718878437499998 0.441051609375 0.11484865156249999 0.4424015984375 0.1013217 0.43743261406249995 0.075758490625 0.4282026046875 0.05898226875 0.4149248390625 0.046972209375000004 0.39277104375 0.0353610234375 0.384391909375 0.038316215625 0.386379503125 0.048541498437500004 0.3887936421875 0.0507251453125 0.39078123593749997 0.060950428125 0.393195375 0.063134075
11 0.3795569921875 0.1413929890625 0.3661363078125 0.1440017046875 0.3555563078125 0.1407524328125 0.34866786875 0.1513765875 0.3478851328125 0.1780578171875 0.3417772171875 0.19781543125 0.3444749828125 0.20657621874999998 0.35200102499999997 0.21970429687499998 0.35974034062500004 0.22881155937500003 0.365278790625 0.23171435625 0.372947753125 0.2302236609375 0.3753618921875 0.23240730781250002 0.4055408421875 0.22388820625 0.4119323828125 0.2107077296875 0.415129259375 0.18621014687499998 0.41796994375 0.180352159375 0.4183964890625 0.172310521875 0.41442130156249996 0.1518599546875 0.3958183609375 0.13292628281250002 0.389569740625 0.13148798281250001 0.3795569921875 0.1413929890625
11 0.4301835578125 0.1766516171875 0.4215911515625 0.1836276296875 0.41519961250000004 0.1968081046875 0.4115058375 0.218749365625 0.41668809375000004 0.24029175625 0.4217999984375 0.2512361890625 0.4350777625 0.263246246875 0.4432436234375 0.264311871875 0.44998914218749997 0.26830649218749997 0.4653270671875 0.2653251015625 0.47391947187500005 0.2583490921875 0.483151696875 0.23931062656250002 0.4821579 0.234197984375 0.4845016859375 0.22578367500000002 0.47903580312500005 0.197664146875 0.473213728125 0.188184209375 0.4599359640625 0.176174153125 0.4512732046875 0.17255220625 0.4301835578125 0.1766516171875
11 0.34653071562500004 0.263214146875 0.345607271875 0.2686994609375 0.349298834375 0.2825728890625 0.353416940625 0.28840468124999996 0.3613695296875 0.2934911234375 0.3728729734375 0.29125508125 0.374293315625 0.2883260875 0.3800450375 0.287208065625 0.391975025 0.2769303875 0.41114743125000003 0.2732036484375 0.4199531109375 0.26220681875 0.41647482187499996 0.244312575 0.41406068281249997 0.2421289265625 0.41207308906250006 0.23190364375 0.406037740625 0.2264445265625 0.36002396718749996 0.2353886984375 0.34653071562500004 0.263214146875
11 0.471006221875 0.28942381250000004 0.465184146875 0.2799438765625 0.454320521875 0.270117465625 0.44565776250000005 0.2664955203125 0.43990604062500005 0.2676135421875 0.4374919015625 0.26542989375000003 0.4202367359375 0.26878395781250003 0.4161889828125 0.2735501234375 0.4183898484375 0.2797545890625 0.432661409375 0.2968772890625 0.43365520625 0.30198993125 0.4360693453125 0.304173578125 0.44004453281250006 0.32462414375000004 0.442458671875 0.3268077921875 0.44345246875 0.3319204328125 0.44707367812500004 0.33519590312499997 0.4604943625 0.3325871859375 0.46191470468749996 0.329658190625 0.46432884375 0.33184183906250003 0.47363142031249994 0.3234013296875 0.47313452187499994 0.3208450109375 0.47597520624999995 0.3149870203125 0.471006221875 0.28942381250000004
11 0.40896205781250006 0.016296359375 0.427778271875 0.031209215624999998 0.4378613734375 0.031902165625 0.4512117046875 0.01869549375 0.4561829015625 0.0084440109375 0.45660944687500005 0.00040237500000000006 0.40747136250000004 0.008627396875 0.40896205781250006 0.016296359375
11 0.395754646875 0.014884257812500001 0.39405067968749996 0.0112361140625 0.3672093109375 0.0164535484375 0.367706209375 0.01900986875 0.377362765625 0.02774445625 0.38503172812500003 0.0262537609375 0.395754646875 0.014884257812500001
11 0.452271428125 0.1060354703125 0.44559626249999995 0.11263880625 0.4387781765625 0.13386091875 0.44495423125 0.16051595000000002 0.4495692359375 0.1689040609375 0.459439065625 0.17361783125000002 0.4727168296875 0.185627890625 0.480242871875 0.19875596874999998 0.49174631562500004 0.1965199265625 0.49842148125 0.189916590625 0.504813021875 0.1767361140625 0.51134748125 0.1489368625 0.5078691921875 0.13104261875 0.505455053125 0.1288589703125 0.500556421875 0.1138937203125 0.48486451875 0.099700015625 0.47620175937500003 0.0960780671875 0.452271428125 0.1060354703125
11 0.4775539609375 0.046736428125 0.47464292343750003 0.0419964609375 0.461365159375 0.029986401562499997 0.45703377968750003 0.028175428125000002 0.44169585468749994 0.03115681875 0.44027551249999997 0.0340858140625 0.43644103125000006 0.0348311609375 0.426711909375 0.05131330625 0.4294096734375 0.060074090625 0.4369357171875 0.073202171875 0.439420209375 0.085983775 0.44183434843749997 0.088167421875 0.4428984984375 0.1038780203125 0.44651970625 0.1071534921875 0.4503541875 0.10640814375 0.4517745296875 0.10347914843749999 0.46519521406250003 0.10087043124999999 0.46661555625 0.09794143749999999 0.47811899999999996 0.09570539375 0.4816698546875 0.0883829078125 0.4815995015625 0.07778495156250001 0.48301984375 0.07485595625 0.4775539609375 0.046736428125
11 0.4602776125 0 0.45760324375000005 0.0055150171875 0.46228860312500003 0.0245010859375 0.4765601640625 0.041623785937500005 0.48046499843749996 0.0514763953125 0.485790175 0.05840000937499999 0.4961569015625 0.0656701015625 0.5067369015625001 0.0689193734375 0.5201575859374999 0.06631065625 0.5340773828125001 0.030443571875 0.5301021953125 0.0099930046875 0.5232416390625 0 0.4602776125 0
11 0.5258367421875 0.0904093671875 0.523422603125 0.0882257203125 0.521435009375 0.07800043749999999 0.512985521875 0.0703576734375 0.509151040625 0.0711030203125 0.5067369015625001 0.0689193734375 0.4894817359375 0.07227343750000001 0.484013640625 0.07996859843750001 0.483090196875 0.0854539140625 0.4845808921875 0.09312287500000001 0.48316055 0.0960518703125 0.48436762031249997 0.09714369375000001 0.5000595234375 0.11133739843749998 0.5049581546875 0.12630265000000002 0.50737229375 0.128486296875 0.510353684375 0.143824221875 0.5139748921875 0.14709969218750002 0.5178093734375 0.1463543453125 0.5192297156250001 0.14342535 0.5403193625 0.1393259375 0.542449875 0.13493244531249998 0.5399653828125001 0.12215084218750001 0.5322260671875 0.1130435796875 0.5297415765625 0.1002619765625 0.5273274359375 0.0980783296875 0.5258367421875 0.0904093671875
11 0.5649665046875 0.0204599734375 0.5477113390625 0.0238140375 0.5357813499999999 0.034091715625000005 0.525128784375 0.0560591765625 0.5218615546875001 0.0699588 0.5280376078125 0.0966138328125 0.5341433078125 0.11267090625000001 0.5425927953125 0.120313671875 0.548841415625 0.1217519703125 0.5545931375 0.1206339484375 0.5570072765625 0.1228175953125 0.55842761875 0.11988859999999998 0.56609658125 0.1183979046875 0.581364153125 0.104818559375 0.590099478125 0.08322377343750001 0.5923729109375 0.06421150625 0.5883977234375 0.0437609390625 0.58207875 0.0317246828125 0.5736292640625 0.02408191875 0.5649665046875 0.0204599734375
11 0.5257740359375 0 0.5320194359375 0.00962033125 0.5330132328125 0.0147329734375 0.536634440625 0.01800844375 0.5409658203125 0.019819415625 0.5467175421875 0.0187013953125 0.54913168125 0.0208850421875 0.5702213281249999 0.0167856296875 0.578033209375 0.000676159375 0.5781470390625 0 0.5257740359375 0
11 0.5015457921875 0.1906357390625 0.50623115 0.2096218078125 0.5115563265625 0.2165454234375 0.5317928828125 0.22852928281249998 0.5528825296875 0.22442987187500002 0.558137353125 0.22075552968749998 0.5648125171875 0.21415219218749998 0.575465084375 0.19218473281249998 0.576318175 0.176101459375 0.570425746875 0.15602356875 0.5614793625 0.1458244828125 0.5460710843750001 0.138207915625 0.52114695625 0.14305267500000002 0.5197266140625 0.1459816703125 0.5139748921875 0.14709969218750002 0.5015457921875 0.1906357390625
11 0.60500643125 0.159913396875 0.6015281421875 0.1420191515625 0.5927950296875 0.127799246875 0.5843455421875 0.120156484375 0.5761796828125 0.11909085781249999 0.5737655421875 0.11690720937500002 0.5680138218749999 0.11802523125 0.56133865625 0.12462856874999999 0.5498352125 0.1268646125 0.5477046984375 0.13125810468750002 0.5504024640625 0.14001888906249998 0.5590652234375 0.14364083593750002 0.570425746875 0.15602356875 0.572413340625 0.1662488515625 0.5748274796875 0.1684324984375 0.5758212765625 0.17354514062499998 0.5744009343750001 0.17647413437499998 0.5763885281250001 0.1866994171875 0.5717009562500001 0.2035280375 0.5753221640625 0.20680350781249998 0.5810738859375 0.2056854859375 0.5905193828125 0.1826262046875 0.5996086875 0.17820651406250002 0.60315954375 0.17088402656249999 0.60500643125 0.159913396875
11 0.5981883453125 0.181135509375 0.5924366234375 0.1822535296875 0.586045084375 0.19543400625000001 0.5809309671875 0.22030426250000001 0.5861835765625 0.2524446078125 0.58838444375 0.2586490734375 0.5973308281249999 0.268848159375 0.6074139296875 0.26954110937500003 0.6141594484375 0.27353573125 0.6218284109375001 0.2720450359375 0.6351787421874999 0.2588383609375 0.6429906234375 0.24272889062499997 0.648104740625 0.21785863437500003 0.642141959375 0.187182784375 0.6392309218750001 0.1824428171875 0.628367296875 0.17261640625000002 0.61587005625 0.1697398078125 0.60820109375 0.17123050312500002 0.5981883453125 0.181135509375
11 0.5361242625 0.23034025625000001 0.5339937484374999 0.2347337484375 0.5391760062500001 0.2562761390625 0.5415901453124999 0.258459784375 0.5473418671875 0.2573417640625 0.54975600625 0.2595254109375 0.5598391078125 0.26021836249999997 0.57624118125 0.27294757187499996 0.5831296203125 0.262323415625 0.5849765078125 0.2513527859375 0.581427865625 0.22286058125000002 0.5719845828125 0.2101051765625 0.5662328609375 0.2112231984375 0.5547997703124999 0.22405719687499998 0.5413790859375001 0.22666591406249997 0.53995874375 0.229594909375 0.5361242625 0.23034025625000001
11 0.499555984375 0.2162251453125 0.4904666796875 0.220644834375 0.48641892656249996 0.22541099999999997 0.482228253125 0.24479594218749998 0.471788959375 0.26274258281249996 0.470865515625 0.2682278984375 0.47335000781250003 0.281009503125 0.471929665625 0.283938496875 0.4736336328125 0.287586640625 0.47874553750000004 0.2985310734375 0.4891122640625 0.30580116562500004 0.5140363921875 0.30095640625 0.5195044875 0.2932612453125 0.519434134375 0.2826632875 0.525825675 0.2694828125 0.5370454921875 0.26066963125 0.5379689359375 0.2551843140625 0.5334968499999999 0.23217742812500003 0.527461503125 0.2267183109375 0.523627021875 0.227463659375 0.5077218453125 0.2172907703125 0.5019701234375 0.21840879218749998 0.499555984375 0.2162251453125
11 0.4686602234375 0.3336528125 0.466246084375 0.3314691640625 0.44757057656250004 0.337752225 0.4454400625 0.34214571562499996 0.4451542234375 0.371383265625 0.44188699375 0.385282890625 0.44458475937499997 0.39404367812499996 0.4530342453125 0.4016864421875 0.45935321875 0.413722696875 0.465388565625 0.419181815625 0.48314062968749993 0.418384071875 0.48555476875 0.42056771875 0.5066444156250001 0.41646830625 0.51807750625 0.40363430781250004 0.5234752484375 0.3853411890625 0.5200673124999999 0.3780449 0.5155952265625 0.3550380125 0.509773153125 0.345558078125 0.4989095265625 0.3357316671875 0.48591538749999996 0.3302987484375 0.4686602234375 0.3336528125
11 0.5155270875 0.30862536875 0.51169260625 0.30937071562499996 0.5092784671875 0.30718706875 0.48435433906250003 0.31203182812499997 0.476045559375 0.325584978125 0.4777495265625 0.329233121875 0.48591538749999996 0.3302987484375 0.4989095265625 0.3357316671875 0.509773153125 0.345558078125 0.5155952265625 0.3550380125 0.5205642109374999 0.380601221875 0.5241854203125 0.3838766921875 0.531357484375 0.379829675 0.54108660625 0.3633475328125 0.54201005 0.357862215625 0.5395255578125 0.3450806125 0.52837830625 0.3286770609375 0.527384509375 0.3235644203125 0.521562434375 0.31408448437500003 0.5155270875 0.30862536875
11 0.498975453125 0.4179590015625 0.48363752812499994 0.4209403921875 0.48122338906250006 0.4187567453125 0.47163718593750004 0.42062011562499996 0.46730580625 0.41880914062499996 0.4637549515625 0.426131628125 0.4657425453125 0.43635691093749995 0.46432220312499994 0.43928590625 0.46581289843749996 0.44695486874999996 0.4639660109375 0.4579255 0.4545205140625 0.48098478125 0.45672138125000006 0.487189246875 0.4653841390625 0.49081119375000004 0.4768875828125 0.48857514999999996 0.478307925 0.4856461546875 0.48739722968750004 0.481226465625 0.49215515468750004 0.47499580156250004 0.49598963593749995 0.4742504546875 0.49883032031249996 0.46839246562500003 0.5007475609375 0.4680197921875 0.5085594421875 0.45191032187499997 0.5075656453125 0.4467976796875 0.5089859875 0.44386868437500004 0.5055077 0.425974440625 0.5025966609375 0.42123447187499996 0.498975453125 0.4179590015625
11 0.4846246859375 0.5334971015625001 0.48703882500000006 0.535680746875 0.4905171140625 0.5535749937500001 0.489096771875 0.5565039890625 0.49179453593750005 0.5652647734375 0.49854005468749996 0.56925939375 0.5081262578125 0.5673960250000001 0.510540396875 0.5695796718749999 0.5263752203125 0.569154603125 0.536884865625 0.5618059171875001 0.5446967484374999 0.5456964484375 0.5469701812500001 0.5266841796875 0.5434918921875 0.508789934375 0.5308539453125001 0.4847174234375 0.5151620421875001 0.47052371718749997 0.5026648015624999 0.46764711875 0.48001189375 0.48929429999999996 0.4786619046875 0.5028212515625 0.4846246859375 0.5334971015625001
11 0.5071413140625001 0.419024628125 0.5050108015625 0.42341811875 0.5089859875 0.44386868437500004 0.5047953140625 0.4632536265625 0.5064992828125 0.4669017703125 0.5243217 0.4767019828125 0.5344751546875 0.48799289375 0.5440613578125 0.48612952343750004 0.54853565625 0.473321721875 0.543637025 0.458356471875 0.5412228859375 0.4561728234375 0.5402290890625 0.4510601828125 0.53781495 0.4488765359375 0.536821153125 0.44376389375 0.5314959765625 0.43684027968750005 0.5275911421874999 0.4269876703125 0.5158040734375 0.4226465734375 0.5109757953125 0.4182792796875 0.5071413140625001 0.419024628125
11 0.5222726062499999 0.31261998750000003 0.54293349375 0.3523769015625 0.56437711875 0.365452584375 0.5849698671875 0.358796853125 0.5913614078125 0.3456163765625 0.5955520812499999 0.3262314359375 0.5910799953125 0.3032245484375 0.5755310109375 0.27441206875 0.5622532453125 0.262402009375 0.5535904875 0.2587800640625 0.5396729046875001 0.258832459375 0.5244053328125 0.27241180625 0.5190075890625 0.2907049234375 0.51858104375 0.298746559375 0.5222726062499999 0.31261998750000003
11 0.5434985328125 0.4013458671875 0.5377468109375 0.40246388906249997 0.5304318265625 0.42112968124999994 0.5351171859375 0.44011575000000003 0.547541859375 0.46820907968750003 0.55648824375 0.478408165625 0.56997928125 0.48639740624999994 0.5738137625 0.4856520578125 0.5762279015625 0.48783570468750004 0.5877313453124999 0.48559966250000003 0.591068928125 0.48229799375000004 0.598880809375 0.4661885234375 0.600727696875 0.4552178921875 0.5947649171875 0.42454204375 0.580706628125 0.40339852499999995 0.5679257609375 0.3939447875 0.544918875 0.3984168734375 0.5434985328125 0.4013458671875
11 0.5396662640625001 0.3662765265625 0.5320676546875001 0.37836517812500003 0.534268521875 0.38456964375 0.5359724890625001 0.3882177890625 0.5463392171875 0.395487878125 0.5501736984375001 0.39474253125000003 0.5525878375 0.39692617812500003 0.5717602421875 0.393199440625 0.573180584375 0.3902704453125 0.577015065625 0.38952509687500003 0.5819862640625 0.3792736171875 0.58525349375 0.365373990625 0.584259696875 0.36026135 0.560045740625 0.36364161250000004 0.54847194375 0.3552796984375 0.5422233234375 0.3538413984375 0.5396662640625001 0.3662765265625
11 0.62416555625 0.3710747921875 0.612308134375 0.3561357390625 0.61039089375 0.3565084125 0.6031484765624999 0.349957471875 0.5897277921875 0.3525661890625 0.5847565953125 0.3628176703125 0.5843300499999999 0.37085930624999996 0.5777252374999999 0.38806060000000003 0.57680179375 0.39354591562499996 0.5785057609375001 0.39719405937499996 0.586528703125 0.412878459375 0.59426801875 0.42198572187499994 0.5952618140625 0.42709836250000005 0.6012971625 0.43255748125000004 0.608966125 0.43106678593750003 0.6103864671875 0.428137790625 0.6161381890625 0.42701976875 0.619475771875 0.42371810156249995 0.6244469687499999 0.4134666203125 0.6286376421875 0.3940816796875 0.62615315 0.381300075 0.6275734921875 0.37837108124999996 0.625159353125 0.376187434375 0.62416555625 0.3710747921875
11 0.5831296203125 0.262323415625 0.576951353125 0.2714830734375 0.5796491171875 0.28024385937499996 0.581849984375 0.28644832343750004 0.5912932671875 0.2992037296875 0.6008794703125 0.2973403609375 0.6022998125 0.294411365625 0.60613429375 0.29366601875 0.611105490625 0.2834145375 0.6101116953125 0.278301896875 0.6115320359374999 0.2753729015625 0.6074139296875 0.26954110937500003 0.60308255 0.26773013749999997 0.5973308281249999 0.268848159375 0.586680475 0.2550009296875 0.584763234375 0.255373603125 0.5831296203125 0.262323415625
11 0.6238160046875 0.2822703171875 0.6161470421875 0.28376101249999997 0.6147267000000001 0.2866900078125 0.61089221875 0.28743535625 0.6047139515625 0.2965950140625 0.5989622296875 0.29771303437499996 0.5956246468749999 0.30101470468749997 0.5939910328125 0.307964515625 0.5970427765624999 0.3339003984375 0.595622434375 0.33682939375 0.5983201984375001 0.34559017812500004 0.6118112359375 0.35357941875 0.6188403796874999 0.36415117812500003 0.6248757281249999 0.3696102953125 0.6377995140625 0.36444525781250003 0.6473153640625 0.35198393125 0.6522865609374999 0.3417324515625 0.6541334484375 0.33076181875 0.6531396515625 0.325649178125 0.65455999375 0.32272018281250003 0.651578603125 0.3073822578125 0.6491644640625001 0.3051986109375 0.6481706671875 0.3000859703125 0.6343960046875 0.2855195921875 0.6238160046875 0.2822703171875
11 0.6311243484375 0.37104859375 0.6275734921875 0.37837108124999996 0.6286376421875 0.3940816796875 0.6244469687499999 0.4134666203125 0.6201859421875 0.422253603125 0.6211797390625 0.427366246875 0.6197593968749999 0.4302952390625 0.6209664671875 0.4313870640625 0.631119921875 0.44267797187499996 0.6397826796875 0.44629991875 0.6551206046875 0.443318528125 0.665133353125 0.43341352187500004 0.669607653125 0.4206057203125 0.66754970625 0.39978248125000004 0.6689700484375 0.39685348593750003 0.6664855562499999 0.3840718828125 0.6606634812500001 0.37459194687499997 0.650296753125 0.36732185624999997 0.6426277921875 0.3688125515625 0.640213653125 0.3666289046875 0.6368760703125 0.3699305734375 0.6311243484375 0.37104859375
11 0.6713908265625 0.291593065625 0.652218421875 0.29531980468749996 0.6500879078125 0.299713296875 0.65455999375 0.32272018281250003 0.6531396515625 0.325649178125 0.654630346875 0.333318140625 0.6485224328125 0.35307575468749997 0.6507232984375 0.3592802203125 0.65775244375 0.3698519796875 0.6681191703125 0.37712206875 0.6815398546875 0.374513353125 0.6848774375 0.371211684375 0.6921924203125001 0.3525458921875 0.693115865625 0.347060578125 0.6916251703125 0.339391615625 0.6930455109375 0.33646262031249996 0.691554815625 0.32879365781250003 0.692975159375 0.3258646640625 0.6904906671875 0.313083059375 0.6880765281250001 0.3108994140625 0.68417169375 0.301046803125 0.6713908265625 0.291593065625
11 0.628147384375 0.2840812921875 0.631981865625 0.28333594375 0.6459698015625001 0.29388150468749996 0.659390484375 0.29127278749999996 0.6638647843750001 0.2784649859375 0.6618068375 0.25764174687499997 0.6535706234374999 0.2459781640625 0.6456180359375 0.2408917203125 0.629000475 0.26799801875 0.6256628921875 0.2712996875 0.6199111703125 0.272417709375 0.61778065625 0.2768112015625 0.619484625 0.2804593453125 0.628147384375 0.2840812921875
11 0.6439910609374999 0.140397465625 0.6344752109375 0.15285879062500002 0.631421253125 0.16273759999999998 0.635112815625 0.1766110265625 0.642141959375 0.187182784375 0.648104740625 0.21785863437500003 0.6462578531250001 0.228829265625 0.6477485484375001 0.23649822812500002 0.6557011375 0.24158467187500002 0.65953561875 0.240839325 0.67146560625 0.23056164531249998 0.69021368125 0.19906185468749998 0.6944043546875001 0.1796769125 0.6874477765625 0.143888421875 0.6760872515624999 0.131505690625 0.6650103546875 0.125700096875 0.6592586328125 0.12681811875 0.6439910609374999 0.140397465625
11 0.624752728125 0.06189686875 0.6132492843749999 0.0641329125 0.6108351453124999 0.061949264062499995 0.5979113593750001 0.0671143015625 0.5924432640624999 0.0748094625 0.59201671875 0.0828511 0.5844884625 0.1055377078125 0.5881800234375001 0.1194111359375 0.6010312437499999 0.13946282968749998 0.605929875 0.1544280796875 0.611965221875 0.15988719843750002 0.62538590625 0.15727848125 0.6353986546875 0.1473734765625 0.6392331359375001 0.14662812812499998 0.6420738203125 0.14077014062499998 0.64732864375 0.137095796875 0.652299840625 0.1268443171875 0.6536498296875 0.1133173640625 0.6481839468749999 0.0851978359375 0.6457698078125 0.0830141890625 0.6447760109375 0.077901546875 0.624752728125 0.06189686875
11 0.7064024828125001 0.21581188125 0.6814783546875 0.22065664062499998 0.6679147515625 0.23788413125000002 0.6642913296875 0.27042335 0.66698909375 0.2791841359375 0.6740182390625 0.2897558953125 0.6916273828125 0.3035769265625 0.6944680671875 0.2977189375 0.7059715109375 0.2954828953125 0.7107997890625 0.2998501890625 0.7223032328125 0.29761414531249997 0.731465103125 0.2679777234375 0.7299744078125 0.2603087609375 0.7318212953125001 0.2493381296875 0.7288399046875 0.2340002046875 0.7230178296875 0.2245202703125 0.712651103125 0.2172501796875 0.7088166218749999 0.21799552656249999 0.7064024828125001 0.21581188125
11 0.5786491140625001 0 0.5776066640625 0.0087177953125 0.5733456375 0.0175047796875 0.5755465046875 0.0237092453125 0.587900825 0.04120461875 0.5913791140625 0.0590988640625 0.5954972203125 0.0649306546875 0.6165868671875 0.0608312421875 0.61900100625 0.063014890625 0.62666996875 0.061524195312499995 0.6300075515625 0.0582225265625 0.6415835609375 0.030769751562499996 0.6409459562500001 0.0070175171875 0.6385318171875001 0.0048338687499999995 0.6375922078125 0 0.5786491140625001 0
11 0.6395818890625 0 0.64293355 0.0172428 0.6415132078125 0.02017179375 0.643003903125 0.027840756249999998 0.6406601171874999 0.036255067187500004 0.6423640859375 0.0399032109375 0.6483994328125 0.045362328125000004 0.6493932296875 0.0504749703125 0.65471840625 0.05739858437499999 0.663521871875 0.0822164453125 0.68198410625 0.079954203125 0.687452203125 0.0722590453125 0.6844708125000001 0.0569211203125 0.68724114375 0.0404651734375 0.686247346875 0.03535253125 0.6895145765625 0.02145290625 0.68802388125 0.01378394375 0.6741628859375 0 0.6395818890625 0
11 0.6404468453125001 0.040275884375 0.6319247921875 0.0578498515625 0.62929738125 0.059687025000000005 0.631498246875 0.0658914890625 0.645272909375 0.08045786875 0.6467636046874999 0.08812683125000001 0.6491777437499999 0.09031047656249999 0.65315293125 0.11076104375 0.6517325890625 0.1136900375 0.6537201828125 0.12391532187500001 0.65684449375 0.1246344703125 0.66373293125 0.114010315625 0.66557981875 0.103039684375 0.6640891234375 0.095370721875 0.665509465625 0.0924417296875 0.65471840625 0.05739858437499999 0.64889633125 0.04791865 0.6404468453125001 0.040275884375
11 0.6872389296875 0.07627986249999999 0.6858185875 0.07920885625 0.678149625 0.0806995515625 0.6767292828125 0.083628546875 0.66714308125 0.085491915625 0.6650125671875 0.0898854078125 0.6670001609375 0.100110690625 0.6642298296875 0.1165666375 0.6664306953125 0.1227711015625 0.6857438078125 0.140240278125 0.6953300109375 0.138376909375 0.69774415 0.1405605546875 0.703495871875 0.139442534375 0.710241390625 0.1434371546875 0.71982759375 0.1415737859375 0.72671603125 0.13094962968749999 0.7294863625 0.114493684375 0.7270018703125001 0.1017120796875 0.72458773125 0.0995284328125 0.7230970359375 0.0918594703125 0.7122334109375 0.082033059375 0.699239271875 0.07660013906249999 0.6872389296875 0.07627986249999999
11 0.71798070625 0.152544415625 0.7059100109374999 0.14162618124999998 0.7015786312500001 0.1398152078125 0.695826909375 0.1409332296875 0.6934127703125 0.1387495828125 0.6895782890625 0.13949493125 0.6874477765625 0.143888421875 0.6894353703125 0.15411370468750002 0.691849509375 0.1562973515625 0.6944043546875001 0.1796769125 0.69206056875 0.1880912234375 0.693054365625 0.1932038640625 0.6878698953125 0.20747616406249997 0.6900707609375 0.21368062812500002 0.6924849 0.21586427656249998 0.702071103125 0.21400090624999998 0.7150652421875 0.2194338265625 0.7188997234375 0.21868847812499997 0.7255748890625 0.2120851421875 0.731966428125 0.1989046671875 0.732889871875 0.19341935 0.7294115828125001 0.17552510625 0.730831925 0.1725961109375 0.7279208875000001 0.16785614375 0.7264301921875 0.16018718125 0.7216019140625 0.1558198859375 0.721105015625 0.15326356562500001 0.71798070625 0.152544415625
11 0.7224550046875 0.1397366140625 0.7215315609374999 0.1452219296875 0.7225253578124999 0.150334571875 0.727850534375 0.15725818593750002 0.7293412296875 0.1649271484375 0.73175536875 0.1671107953125 0.7303350265625 0.1700397890625 0.7333164171875 0.1853777140625 0.731966428125 0.1989046671875 0.733670396875 0.20255281093750002 0.7414097125 0.211660071875 0.750072471875 0.21528201875000003 0.7654103953125 0.212300628125 0.7720855609374999 0.205697290625 0.7813177859375 0.1866588265625 0.7797567375 0.16839190625 0.7681125875 0.1494320359375 0.7637108546875 0.13702310625 0.7578887796875 0.1275431703125 0.7451079140625 0.11808943281249999 0.7316872296875 0.1206981484375 0.7281363734374999 0.1280206359375 0.7286332718749999 0.13057695625000001 0.7224550046875 0.1397366140625
11 0.745881796875 0.234666959375 0.7519171453125 0.2401260765625 0.767182503125 0.2623614171875 0.77676870625 0.2604980484375 0.7867814546874999 0.25059304375 0.791752653125 0.2403415625 0.794026084375 0.22132929531249998 0.79154159375 0.20854769218749997 0.78863055625 0.20380772500000002 0.7806779671874999 0.1987212796875 0.7768434859375 0.199466628125 0.7673276359375001 0.2119279546875 0.74432075 0.216400040625 0.7421902359375 0.2207935328125 0.745881796875 0.234666959375
11 0.7307571453125 0.23362753125000002 0.7298337015625 0.23911284687499998 0.7323181937500001 0.2518944515625 0.73047130625 0.2628650828125 0.733169071875 0.2716258671875 0.7394176921875 0.2730641671875 0.7454530390625 0.27852328437499996 0.7459499375 0.28107960468750004 0.75560649375 0.28981419375 0.7636294343750001 0.30549859375 0.7655466750000001 0.30512592031249997 0.76909753125 0.2978034328125 0.770020975 0.29231811875 0.763064396875 0.256529628125 0.757242321875 0.2470496921875 0.74396455625 0.2350396328125 0.735798696875 0.23397400781250002 0.7333845578125 0.2317903609375 0.7307571453125 0.23362753125000002
11 0.7394176921875 0.2730641671875 0.733169071875 0.2716258671875 0.7291213171875001 0.2763920328125 0.7272744296875 0.2873626640625 0.7230134031250001 0.2961496484375 0.7252142703125 0.3023541125 0.7360778953125 0.3121805234375 0.7448110078125 0.3264004265625 0.748289296875 0.3442946734375 0.7468689546875 0.34722366875 0.74835965 0.35489263125 0.7519808578125 0.3581681015625 0.7577325796875 0.3570500796875 0.7644077453125 0.3504467421875 0.7703023875 0.334709946875 0.7692382375 0.3189993484375 0.7668240984375 0.3168157 0.76433960625 0.304034096875 0.7502813171875 0.2828905796875 0.7394176921875 0.2730641671875
11 0 0.2056618328125 0.030051951562500002 0.196065346875 0.049296925000000005 0.167121875 0.0388620578125 0.1134391390625 0.012519801562499999 0.0853982046875 0 0.0878318078125 0 0.2056618328125
11 0.7951628015625001 0.2118231625 0.7830173265625 0.2619363484375 0.8128400859375 0.2720568390625 0.8273271328125 0.2493440328125 0.8242753890625 0.22340814999999997 0.7951628015625001 0.2118231625
17 0.89571495 0.21235501874999999 0.9055795171875 0.18335391875 0.9132088843749999 0.206103634375 0.916107996875 0.21551827812500002 0.927631221875 0.20330021718750002 0.93882836875 0.21965460937499998 0.9369960374999999 0.23497804218749999 0.948005365625 0.20361624531250003 0.9132207781250001 0.013665065625 0.9044442703125 0.0317637640625 0.8948856859375001 0.04858903125 0.876381675 0.038644034375000004 0.8883821781250001 0.0206313796875 0.8608145765625 0.043808153125 0.8447701999999999 0.054766859375 0.8090770468749999 0.05814127031250001 0.7838379609375 0.06304725156249999 0.7615168875 0.08021511249999999 0.759073778125 0.10064635625 0.762849471875 0.12557060625 0.781732690625 0.1732164125 0.784459315625 0.1954936703125 0.789781446875 0.20087369375000003 0.8719088968750001 0.180633375 0.8872090015625 0.1740957015625 0.8925878359375 0.1880174265625 0.89571495 0.21235501874999999