11 0.635783953125 0.584189140625 0.5858036390625 0.617970634375 0.5596457125 0.66633291875 0.5789800453125 0.7528677359375 0.612627915625 0.7901159359375 0.64901219375 0.802617409375 0.745615928125 0.786323334375 0.775214978125 0.76608848125 0.8033185968750001 0.7175559703125 0.7813576703125 0.6234086078125001 0.7178435015625 0.580931028125 0.635783953125 0.584189140625
11 0.615047684375 0.806569209375 0.5565450421875 0.6420968703125001 0.4763579796875 0.6667576015625001 0.41687984375 0.73764088125 0.41996772968749996 0.8177547374999999 0.478325721875 0.8685257625 0.56004481875 0.86137626875 0.615047684375 0.806569209375
11 0.27710660625 0.7086971578125 0.260203065625 0.7395848093749999 0.25592183749999997 0.8026981093750001 0.2856783234375 0.8402867593750001 0.32240305468749997 0.8566796171875 0.370704921875 0.8485325796875 0.4155656625 0.8122581109375 0.4386723109375 0.6729955484375 0.41010740625000003 0.649026746875 0.37440403125 0.6443080453125 0.27710660625 0.7086971578125
11 0.22543681875 0.6671439171875 0.17576035625 0.7156032203125 0.175370509375 0.7783760671875 0.22154366875 0.8243313734375001 0.2636314046875 0.8235900515625 0.279465953125 0.6908454703125 0.22543681875 0.6671439171875
11 0.036192178125 0.8346657703125 0.0894067859375 0.8378524374999999 0.11757082187500001 0.8236248890625 0.14949261875 0.7963247734375 0.1637695609375 0.7578245765625 0.15696051875 0.679996865625 0.11747556562499999 0.6432593468750001 0.0631663953125 0.6499713703125 0.0161165265625 0.7060432171875 0.036192178125 0.8346657703125
11 0 0.5150019828125 0.0055991140625 0.5746238421875 0.07564405468749999 0.5684957046875 0.12176958593750001 0.5242682375000001 0.1164193734375 0.48552460937499997 0.0924999625 0.44742527968749995 0 0.424168628125 0 0.5150019828125
11 0.005566040625 0.2717162578125 0.0061975515625 0.3461632609375 0.0223707921875 0.3741570703125 0.060493934375 0.39532904687500003 0.146104415625 0.3878391 0.201921809375 0.353546928125 0.2296849734375 0.30112303281249997 0.215093159375 0.2239762265625 0.17273818125 0.19925331562499998 0.111911028125 0.19869324531250002 0.005566040625 0.2717162578125
11 0 0.41364348125 0.054850896875 0.442876803125 0.115167371875 0.43759979531250004 0.15774197031249998 0.39760416875 0.15777857343749999 0.38681774375 0.0005673031250000001 0.33783320781250004 0 0.338847625 0 0.41364348125
11 0.2904023203125 0.33404237187499997 0.198370875 0.357778765625 0.1706809171875 0.3886298140625 0.1652813109375 0.41655041718749997 0.1701208453125 0.44945696875 0.1968736796875 0.48632811093750006 0.26080150468749996 0.5111242265625 0.359691384375 0.498551315625 0.3952373234375 0.4454465140625 0.3911518984375 0.3987498875 0.35754062656249996 0.3507152671875 0.2904023203125 0.33404237187499997
11 0.15914038125000002 0.4023832859375 0.11834125 0.44026299687500003 0.11853529062499998 0.487300075 0.1528640671875 0.5323310453125 0.19123064218750002 0.53387586875 0.20550758125000002 0.4953756703125 0.15914038125000002 0.4023832859375
11 0.2436289578125 0.6733946546875 0.2837343953125 0.6836099812499999 0.3636542109375 0.63348501875 0.372738375 0.6140646953125 0.322650015625 0.52335845625 0.2374531921875 0.5131669390625 0.184469228125 0.5462309296875001 0.1822068953125 0.5876011546875 0.2436289578125 0.6733946546875
11 0.21765404843749997 0.667824821875 0.22564365 0.6583031859374999 0.1825235328125 0.5464011546875 0.1512588265625 0.5363926546875 0.1134267421875 0.585776296875 0.114885571875 0.624860378125 0.1674064875 0.67614208125 0.21765404843749997 0.667824821875
11 0.11059331718750001 0.5870044796875 0.1278007015625 0.5707946390624999 0.1502008671875 0.5355049234375 0.1299294109375 0.516692296875 0.0862602515625 0.5665866140625 0.11059331718750001 0.5870044796875
11 0.237626946875 0.20141862656249998 0.22268012812500002 0.333105246875 0.31420089375 0.303531775 0.3147847765625 0.28779600781250003 0.237626946875 0.20141862656249998
11 0.3623087234375 0.24834765937499997 0.36039963125 0.2377314625 0.273330321875 0.206137328125 0.25138042031249996 0.21295915937499998 0.2623974859375 0.24924641875 0.313216140625 0.2810711953125 0.3485790625 0.28189851250000003 0.3623087234375 0.24834765937499997
11 0.35209339375000004 0.2884530984375 0.36024042968750003 0.336754965625 0.420300684375 0.40698292187499996 0.5457493578125 0.3842440671875 0.5681129203124999 0.3597407765625 0.519325953125 0.25029511718749997 0.488474903125 0.22260515781249998 0.39440074531249997 0.22299323750000002 0.3624789484375 0.250293353125 0.35209339375000004 0.2884530984375
11 0.3291221359375 0.2836007734375 0.32122955625 0.316640946875 0.3552910859375 0.33620768437500004 0.35209339375000004 0.2884530984375 0.3291221359375 0.2836007734375
11 0.55151323125 0.40530623749999994 0.4436489984375 0.404940209375 0.38543565 0.467870490625 0.3872349328125 0.5108459578125 0.413574109375 0.5653985609375 0.5246360328125 0.6135191765625 0.6042392109375 0.6045942171875 0.6324398484375 0.5795802453125 0.646716790625 0.5410800484375 0.6479577640625 0.488035665625 0.631273846875 0.454204778125 0.55151323125 0.40530623749999994
11 0.34248399687500003 0.5147611578125 0.3525035234375 0.5844656453125 0.424408159375 0.6556179359375001 0.45427445468750005 0.6608473171875 0.52320101875 0.6195264828125 0.38143445625 0.5005702109375 0.34248399687500003 0.5147611578125
11 0.6533463453125 0.359145865625 0.628380003125 0.4211280015625 0.653794840625 0.48752498749999995 0.6844756640625 0.513269253125 0.7503857875 0.5271087234375 0.8355587968749999 0.49220885000000003 0.8766013578124999 0.4347019875 0.7959053843749999 0.29667863437499997 0.77064798125 0.28810515 0.7511910546875 0.2898074109375 0.6533463453125 0.359145865625
11 0.5281300812499999 0.2612883703125 0.5517694515625 0.329801275 0.631433046875 0.3551812765625 0.68277516875 0.336965325 0.74774993125 0.261679978125 0.7199281125 0.12295190781250001 0.66174034375 0.0741265734375 0.597592896875 0.11404899531249998 0.547806625 0.1948675703125 0.5281300812499999 0.2612883703125
11 0.42516932812499997 0.014439846875 0.3445320046875 0.06756845781250001 0.351267840625 0.166969015625 0.41030673906250004 0.2255228140625 0.47079344218749997 0.22219150000000001 0.544632746875 0.19220437031249998 0.5784032171875 0.1412154890625 0.5864294218749999 0.12090742968749998 0.5758260125 0.0669387109375 0.5213594046875001 0.01582723125 0.42516932812499997 0.014439846875
11 0.8878162890624999 0 0.874855003125 0.0113682796875 0.864226015625 0.0691551796875 0.9115285765625 0.251272375 0.9790805406249999 0.2502638078125 0.9581294765624999 0 0.8878162890624999 0
11 1 0.48896258281250005 0.981670534375 0.2686627765625 0.972829803125 0.2684559453125 0.9417591359375 0.3054845265625 0.9389861249999999 0.341017675 0.9667109249999999 0.45622720625 1 0.49652041562499993 1 0.48896258281250005
11 0.8934921078125001 0.45969214531249997 0.8680278749999999 0.459959390625 0.757791503125 0.5333228562500001 0.7650142015625 0.5934691062499999 0.8049000234375001 0.6684029734375 0.84158815 0.6955822546875 0.9178106203124999 0.6928348265625 0.9645804531250001 0.667176553125 0.9807664812500001 0.639292553125 0.9689714921875 0.571703984375 0.9243431578125 0.48738210468750004 0.8934921078125001 0.45969214531249997
11 1 0.6839241171875 0.946655559375 0.6863900468749999 0.8869101781250001 0.731809096875 0.8781298671875 0.7659072296875 0.8910194203125 0.8235971093750001 0.9270138515624999 0.8988714296874999 0.9582053531250001 0.930452775 1 0.9504587875 1 0.6839241171875
11 0.62283045625 0.8058883046875 0.6100855484375 0.8618997374999999 0.6744746609375001 0.9591971656249999 0.7313372234375 0.981670534375 0.7955450843749999 0.9760530749999999 0.8317719265625 0.9307310453125 0.8304595125 0.8485012703124999 0.7859647984375 0.7769115078125 0.62283045625 0.8058883046875
11 0.9033982953124999 0.8754499093750001 0.8703470953125001 0.766588134375 0.8396662718749999 0.7408438671875001 0.80126309375 0.75008546875 0.7949757546875 0.7790640296875 0.8245968546875 0.9607675671875 0.8702355203125001 0.955794409375 0.9033982953124999 0.8754499093750001
11 0.5218304734375 1 0.661292284375 0.987798671875 0.655054334375 0.950113003125 0.6020959484375 0.8714213718750001 0.575440134375 0.8580687687499999 0.445115321875 0.8586874921875 0.43840153437499996 0.9612253234375 0.449403128125 1 0.5218304734375 1
11 0.30817374218750004 0.985362584375 0.3818666359375 0.9985211515625 0.43966632499999997 0.9532723265625 0.44217208750000003 0.892274946875 0.42477066093750004 0.8614477125000001 0.26926165156250004 0.8319201015625 0.2499383484375 0.8463544796875 0.24456255312500003 0.91936646875 0.30817374218750004 0.985362584375
11 0.0709346140625 0.8620152781250001 0.06799137656250001 0.8956027328125 0.09330919843749999 0.9384811796875001 0.1541967671875 0.9733462125000001 0.24541368281249998 0.9290949328125 0.24536605625000002 0.8389121609375 0.18676463125 0.8077682859375 0.14023823124999998 0.81379940625 0.0839101609375 0.8422544999999999 0.0709346140625 0.8620152781250001