11 0.3210994078125 0.6444681671875 0.29311221875000004 0.6839032609375 0.3062851375 0.7214983171875 0.3413240328125 0.7392555953125 0.39744479374999997 0.7175620984375 0.41381159843750004 0.6866632640625 0.40644103437499995 0.6482527390625 0.3210994078125 0.6444681671875
11 0.29220267031249997 0.7195328390625 0.2683555390625 0.7603584062500001 0.2746388171875 0.791032459375 0.3096149890625 0.8364110281249999 0.341376334375 0.8378642187500001 0.3743347265625 0.798716628125 0.36835463281249997 0.756166046875 0.29220267031249997 0.7195328390625
11 0.512901146875 0.7181004843750001 0.49307904843749994 0.6893291859375 0.42707860000000003 0.6828263890625 0.39189858593750004 0.72721700625 0.407549265625 0.768408475 0.432373928125 0.7836566296874999 0.46220115625 0.785381646875 0.5045112734375 0.7636567921874999 0.512901146875 0.7181004843750001
11 0.4794879265625 0.5926233203125 0.474694465625 0.6357018640625001 0.41997985625 0.64634998125 0.42875657343749995 0.673715125 0.489226496875 0.682967509375 0.5207630562500001 0.66177061875 0.514814325 0.60540939375 0.4794879265625 0.5926233203125
11 0.6132975078125 0.6605996671875001 0.599884125 0.6072598499999999 0.5565494375 0.5936269484375 0.527778140625 0.6134490453125 0.524359471875 0.65929285625 0.53532645 0.69522561875 0.5596074671875 0.7066055421875 0.5972025234375 0.6934326234375 0.6132975078125 0.6605996671875001
11 0.6863496625 0.724294834375 0.70740016875 0.6986547062499999 0.7069506062500001 0.653354540625 0.6686184828124999 0.6261984984375 0.6304954625 0.628597859375 0.6161098140625 0.638508909375 0.6071606140625 0.6871023046875 0.6189744203124999 0.715026775 0.6418649640625 0.7305467515624999 0.6863496625 0.724294834375
11 0.713108440625 0.7392711703125 0.6996166609375 0.7204579625 0.61921488125 0.7307715359375 0.6084256453125 0.7382048218749999 0.6033760421875 0.772443928125 0.6267788703125 0.8056427859375 0.675131803125 0.798847225 0.7030719515625 0.7801280968750001 0.713108440625 0.7392711703125
11 0.8591289859375 0.416984440625 0.812919271875 0.453063584375 0.8156374968750001 0.4724047578125 0.8390716875 0.491792971875 0.8661493296874999 0.4879874578125 0.8999231921874999 0.45464221718750003 0.8941835609375 0.4278363984375 0.8591289859375 0.416984440625
11 0 0.2089269984375 0.0273800328125 0.2035156203125 0.042309324999999995 0.19747280625000002 0.0530985625 0.19003951875 0.058916592187500005 0.18231873125 0.0570138359375 0.168779909375 0.050124195312499994 0.1618589078125 0.0465591421875 0.1505260265625 0.04104429375 0.1463702890625 0.0156289453125 0.1479698625 0.01342300625 0.14630756875 0 0.1479263921875 0 0.2089269984375
11 0.0616661796875 0.18784925937500002 0.0668935265625 0.1969762015625 0.11404940937500001 0.2307814234375 0.12399181875000001 0.23135643125 0.1309128203125 0.22446678750000001 0.156359528125 0.20905656874999998 0.162177559375 0.2013357796875 0.16220891875000001 0.1875251359375 0.15752521875 0.182266428125 0.1498357890625 0.162637753125 0.0846508046875 0.16193730625 0.0744365734375 0.1594281875 0.058132487499999996 0.162705734375 0.0616661796875 0.18784925937500002
11 0.21125187968749998 0.2417745015625 0.2063277140625 0.22077103281250002 0.1842526375 0.21105340468749997 0.152203790625 0.21457141875 0.13118464218749998 0.226400903125 0.12204201875000001 0.23853357343749998 0.11648012968749999 0.2550938015625 0.1178392421875 0.2647643890625 0.1230665921875 0.27389132968749996 0.1304998765625 0.2846805671875 0.14042660625 0.2921608953125 0.16581059375 0.3043719640625 0.1950941765625 0.3022287421875 0.20808935156250002 0.2964577515625 0.2191660921875 0.284053259375 0.22527162656250002 0.271361265625 0.2236406921875 0.2597565609375 0.21125187968749998 0.2417745015625
11 0.302270415625 0.29998618125 0.29704306874999997 0.2908592390625 0.28077034375 0.280326146875 0.2592232296875 0.281382075 0.238251121875 0.2724955953125 0.23161762187499998 0.2744140328125 0.221659534375 0.2807443515625 0.21002346875 0.296185928125 0.200896528125 0.301413275 0.16995065 0.305762434375 0.1657949140625 0.311277284375 0.17238137343749999 0.33007481250000004 0.19167550625000002 0.3480725546875 0.2189936109375 0.3600118015625 0.231141959375 0.36224909843750003 0.26208783593749996 0.3578999390625 0.27895124843749997 0.35158530468750004 0.296948990625 0.3322911703125 0.3041731734375 0.313525003125 0.302270415625 0.29998618125
11 0.33804637656250003 0.3580724203125 0.3217736515625 0.34753932656250003 0.307691184375 0.34557384999999996 0.29912357031250003 0.347764109375 0.29055595156249997 0.3499543703125 0.27476414843749997 0.370910796875 0.2689304375 0.3855369078125 0.2675086078125 0.40348760781250004 0.2696831875 0.418960546875 0.2754541765625 0.4319557234375 0.29420466562500003 0.44608522968750003 0.30635301406250004 0.4483225296875 0.3198918359375 0.44641977187500004 0.33814571875 0.435965078125 0.3467446953125 0.41996417499999994 0.3520347625 0.4014698296875 0.347685603125 0.370523953125 0.33804637656250003 0.3580724203125
11 0.3981764953125 0.273687384375 0.358663 0.28022680312500003 0.33268832812500004 0.28486346406249996 0.3235457078125 0.296996134375 0.3284698703125 0.3179996015625 0.34085868124999996 0.3359816625 0.35740323125 0.3484488765625 0.3822435734375 0.35679170781249997 0.4015847453125 0.3540734828125 0.418176334375 0.3458247296875 0.42399436875 0.33810394062500004 0.4292844359375 0.3196095953125 0.427381678125 0.3060707734375 0.40919051562500003 0.2889041796875 0.4036913421875 0.27784312187500004 0.3981764953125 0.273687384375
11 0 0.27065428125 0.01063164375 0.28081759375000004 0.0418179828125 0.2922131953125 0.0746979765625 0.2875922140625 0.09101774375 0.2774093421875 0.11206825312499999 0.2517692125 0.112371434375 0.2398926859375 0.10493814531250001 0.22910345 0.0792980171875 0.20805294062500002 0.050589440625 0.20025375156249997 0.0246147671875 0.2048904125 0.01798126875 0.2068088515625 0.0002710296875 0.221131778125 0 0.2216315921875 0 0.27065428125
11 0.1792396546875 0.35080645781249997 0.155470921875 0.35710541406249996 0.1499247125 0.366760321875 0.15237111406249998 0.384167378125 0.1647599265625 0.4021494375 0.179098534375 0.41295435625000004 0.1975928796875 0.41824442343749996 0.22168047500000002 0.39316361718750004 0.23494747500000002 0.38932674375 0.2374409140625 0.3860178328125 0.23526633437500002 0.37054489375 0.227545546875 0.3647268625 0.20270520468750003 0.35638402812500003 0.19194732812499998 0.3500066703125 0.1792396546875 0.35080645781249997
11 0.14273188750000002 0.3717158453125 0.13280515937499998 0.3642355203125 0.1096271109375 0.3536867453125 0.09885355312500001 0.354214709375 0.066773346875 0.371543365625 0.05956484375 0.3834042109375 0.061467601562499995 0.3969430328125 0.0716504734375 0.41326279843749997 0.08488610937499999 0.42323656875 0.08512657343749999 0.43898132968750003 0.089810275 0.4442400359375 0.105811178125 0.45283901249999997 0.12956423125 0.45344537812499996 0.1367570546875 0.448489853125 0.1539393296875 0.42339336875000005 0.15590480625 0.409310903125 0.15291475937500001 0.3880356125 0.14273188750000002 0.3717158453125
11 0.24709582343749997 0.391564040625 0.24102164843749999 0.3904453921875 0.22471756250000002 0.39372294218750004 0.21835588593750002 0.397575496875 0.20755096874999998 0.4119141046875 0.20337955000000002 0.4243342765625 0.20389183593750002 0.4420131546875 0.21377152656249998 0.47020944687500005 0.23693389374999999 0.4876635421875 0.25488459375 0.48908537656249995 0.2739539453125 0.484433034375 0.2830965671875 0.47230036562500005 0.28587751093749997 0.46402025 0.2828874640625 0.44274496093750004 0.2710423 0.42863113437499994 0.2636403703125 0.40403125468749995 0.24709582343749997 0.391564040625
11 0.0269043671875 0.2913506875 0.016083771875 0.31259461875 0.0011231171875 0.33244807656250003 0.0096436953125 0.3509737828125 0.025916421875 0.36150687656249997 0.048822646875 0.3701215328125 0.0684356421875 0.3693374234375 0.0847554078125 0.359154553125 0.10774003593749999 0.33324260156249996 0.10913050625000001 0.3291025453125 0.10339087656249998 0.30229672500000004 0.08464038593749999 0.2881672171875 0.039883865625 0.29248501718750003 0.0316037515625 0.2897040734375 0.0269043671875 0.2913506875
11 0.1075309296875 0.303687196875 0.1107928 0.32689660468750004 0.10356861718749999 0.3456627734375 0.10714934843749999 0.3500903328125 0.130327396875 0.3606391046875 0.13860751093749998 0.363420053125 0.1444098625 0.3626045859375 0.16213578125 0.341376334375 0.1649167265625 0.33309622031249997 0.16165485625 0.3098868125 0.15614000781249998 0.3057310765625 0.15006583281250002 0.304612425 0.1326587765625 0.3070588265625 0.11223031406249999 0.3020405828125 0.1075309296875 0.303687196875
11 0.114274190625 0.25343150625 0.097666921875 0.2685855828125 0.09018659531249999 0.2785123125 0.09100206250000001 0.2843146640625 0.1100243734375 0.3003782859375 0.1224445453125 0.3045497046875 0.13459289375 0.3067870046875 0.1539340671875 0.3040687796875 0.156427509375 0.3007598703125 0.15588386406250002 0.2968916359375 0.150912659375 0.29660413281250003 0.1302280546875 0.2827464484375 0.1230665921875 0.27389132968749996 0.1181424265625 0.2528878625 0.114274190625 0.25343150625
11 0.24147636874999998 0.190191059375 0.21270507031250002 0.21001315625 0.2085336546875 0.222433328125 0.21016459062499998 0.23403803124999997 0.2184133421875 0.25062962031249997 0.2321926296875 0.2644716234375 0.257017290625 0.279719778125 0.2882349890625 0.2773047375 0.2992960484375 0.27180556875 0.307623203125 0.2538705484375 0.30384905 0.2129822609375 0.2988935234375 0.2057894375 0.2737970390625 0.1886071640625 0.25971457343750004 0.1866416859375 0.24147636874999998 0.190191059375
11 0.372133840625 0.1866207453125 0.3384226984375 0.192344696875 0.3209999625 0.2016964203125 0.3135196359375 0.21162315 0.3076859234375 0.22624926093750003 0.30982914375 0.2555328421875 0.32194613125 0.2715807859375 0.33628474062499997 0.282385703125 0.3807694390625 0.27613378593750004 0.4045538515625 0.26292950937500004 0.41342465156249997 0.248862721875 0.4159337734375 0.23864849062500001 0.412671903125 0.2154390828125 0.4005549140625 0.1993911390625 0.386488128125 0.1905203375 0.372133840625 0.1866207453125
11 0.3315853578125 0.2840323171875 0.3310417140625 0.2801640828125 0.31644696250000004 0.260519728125 0.3109321125 0.2563639890625 0.3062327296875 0.25801060468750003 0.3001271953125 0.2707025984375 0.301214484375 0.27843906875 0.3086477734375 0.2892283046875 0.3221709140625 0.29423086718749997 0.3315853578125 0.2840323171875
11 0.2175612546875 0.139313325 0.20789066875 0.1406724375 0.205684728125 0.139010140625 0.1913147609375 0.14201586718749998 0.1821721375 0.1541485359375 0.15730043437500002 0.15961634375 0.152872875 0.163197078125 0.1597311578125 0.1839287234375 0.1792971125 0.20386057968750002 0.1999973984375 0.21081294375 0.21353622031250002 0.2089101859375 0.25338425625 0.176683596875 0.25202514374999996 0.1670130109375 0.24981920624999998 0.165350715625 0.2476446265625 0.1498777765625 0.24930691875000002 0.14767183749999999 0.243520246875 0.1415819828125 0.2175612546875 0.139313325
11 0.3512244515625 0.150112978125 0.3371419859375 0.14814750000000002 0.33576719375 0.1453822359375 0.3501371625 0.142376509375 0.352630603125 0.1390675984375 0.3526619640625 0.1252569546875 0.347706440625 0.11806413125 0.3206758375 0.10115368124999999 0.2905767890625 0.0974945484375 0.282009171875 0.0996848078125 0.26791102499999997 0.10462465000000001 0.2568342859375 0.1170291421875 0.2565311015625 0.12890566875 0.26562668437500003 0.137488965625 0.25069739062499996 0.14353178125 0.25202514374999996 0.1670130109375 0.26938515937499996 0.18528257343750001 0.30746114062499996 0.203599178125 0.3154694328125 0.20444600624999998 0.3243245515625 0.197284540625 0.3467184921875 0.1882203171875 0.356404759375 0.179955884375 0.359217065625 0.1578651265625 0.3512244515625 0.150112978125
11 0.4669212671875 0.166396121875 0.47109268593750003 0.15397595 0.47058039999999995 0.136297071875 0.4556981484375 0.12162392343749999 0.43913791875 0.11606203281250001 0.4046113078125 0.11598363125 0.39051316406250003 0.12092347656249999 0.37390589531249996 0.1360775515625 0.3747213625 0.141879903125 0.38271397500000004 0.149632053125 0.3672410359375 0.1518066328125 0.362813475 0.155387365625 0.3603043546875 0.165601596875 0.3666189890625 0.1824650078125 0.39256230312499996 0.19163898906250001 0.4146217015625 0.20826193750000002 0.4433616390625 0.202250484375 0.45635681406249995 0.196479490625 0.468824025 0.17993494375000002 0.4669212671875 0.166396121875
11 0.4685051640625 0.19871679375 0.44806101875 0.20060386874999997 0.4323005796875 0.2077496515625 0.42149566250000003 0.22208826093749998 0.4153587671875 0.2485909 0.40399452656249996 0.2659665953125 0.4056254609375 0.2775712984375 0.4180142734375 0.295553359375 0.44589170312500004 0.3044555203125 0.46496105312499997 0.2998031765625 0.4826712921875 0.2854802484375 0.4979194484375 0.2606555859375 0.5018190406249999 0.24630129687500002 0.4996444609375 0.23082835937500001 0.491395709375 0.21423677031250002 0.4685051640625 0.19871679375
11 0 0.447986609375 0.02379414375 0.4446425609375 0.0398420875 0.43252557343750003 0.052037475 0.41404690625 0.0581743703125 0.38754426875000003 0.0529470234375 0.3784173265625 0.0430202953125 0.37093699999999996 0.013496250000000001 0.3573354609375 0.002994515625 0.35979754062499997 0.0005010734375 0.36310644999999997 0 0.363325803125 0 0.447986609375
11 0.10801711875 0.454501309375 0.099737003125 0.4517203625 0.08236130781249999 0.440356121875 0.07766192656250001 0.4420027359375 0.06023919062500001 0.4513544609375 0.0566270984375 0.4607375453125 0.0579548515625 0.484218775 0.063741521875 0.4903086296875 0.0678815796875 0.49169910312500004 0.0833545171875 0.4895245234375 0.0855604578125 0.49118681718749996 0.12258050937500001 0.48795630624999997 0.1247864484375 0.489618603125 0.136391153125 0.48798766718750003 0.1388845953125 0.4846787578125 0.1331449640625 0.4578729375 0.1276301140625 0.4537172 0.10801711875 0.454501309375
11 0.1939807875 0.42762750625 0.1884659375 0.4234717671875 0.1823917640625 0.42235311875 0.16028532812500002 0.42644613593749997 0.15032723750000002 0.4327764546875 0.14727446875 0.43912245 0.13426361250000002 0.45179876406249997 0.13834095 0.48081052343749997 0.1408187109375 0.4844069359375 0.14633356250000001 0.48856267343750004 0.1524077359375 0.489681321875 0.1836254359375 0.48726627968749997 0.185831375 0.488928575 0.21677725312499999 0.484579415625 0.2189988703125 0.4793363890625 0.2115655859375 0.468547153125 0.20389183593750002 0.4420131546875 0.1939807875 0.42762750625
11 0.06119577968749999 0.39500891562499996 0.057327542187500004 0.3955525609375 0.0534279484375 0.40990684999999993 0.0456601171875 0.4248047828125 0.0248971125 0.445473709375 0.0304119625 0.44962944687500006 0.0386920765625 0.4524103890625 0.058305071875 0.4516262828125 0.059967367187499995 0.44942034218750004 0.0677038359375 0.44833305156250003 0.0710284265625 0.443921175 0.0820894859375 0.438422003125 0.086245221875 0.4329071546875 0.0826801703125 0.4215742734375 0.0719222953125 0.415196915625 0.06119577968749999 0.39500891562499996
11 0 0.49729459531250003 0.0441285265625 0.4910927359375 0.053814790625 0.48282830312499997 0.05605209375 0.470679953125 0.054149337500000005 0.4571411328125 0.0486344859375 0.45298539531250004 0.036757959374999996 0.4526822109375 0.024065965624999998 0.4465766765625 0 0.44929816093749997 0 0.49729459531250003
11 0.3083132296875 0.314915475 0.304685459375 0.33120388125 0.306044571875 0.34087446718750003 0.309625303125 0.34530202656250003 0.32150182968749996 0.34560521093749996 0.34247393593750003 0.35449168750000004 0.35214452343749997 0.353132575 0.35657208281249997 0.34955184375 0.3336972171875 0.32712654375 0.3281980484375 0.31606548437500004 0.3265671140625 0.30446078125 0.3238175296875 0.29893025156249997 0.3199492921875 0.29947389687500003 0.3083132296875 0.314915475
11 0.265318346875 0.3949199921875 0.27476414843749997 0.370910796875 0.283075625 0.3598810984375 0.28419427656249996 0.3538069234375 0.280054215625 0.3524164515625 0.244952603125 0.36228045937500003 0.2410686890625 0.3697294265625 0.2457210296875 0.388798778125 0.25951599375 0.395735459375 0.265318346875 0.3949199921875
11 0.3709786734375 0.4520600625 0.36520768124999997 0.43906488593750004 0.35334683437500003 0.4318563796875 0.340910984375 0.43459028593750004 0.336755246875 0.4401051359375 0.3312247171875 0.44285471875000004 0.304418896875 0.44859435156250005 0.28808345 0.46568254531250003 0.2888989171875 0.4714848984375 0.2938544453125 0.478677721875 0.306258934375 0.4897544625 0.3184072828125 0.491991759375 0.3496249828125 0.48957671875 0.3518309234375 0.491239015625 0.3634356265625 0.48960807968750003 0.36925365625 0.481887290625 0.37288143125 0.465598884375 0.3709786734375 0.4520600625
11 0.4276274015625 0.441140125 0.4063521109375 0.44413017187500003 0.391726 0.43829646093749997 0.3850925 0.440214896875 0.3767810265625 0.4512445953125 0.37590283593749996 0.47306353124999995 0.372275065625 0.48935193593750004 0.3797240328125 0.49323585156250005 0.39187238125 0.49547315156250005 0.4076171421875 0.4952326875 0.43191384062499993 0.4997072875 0.44351854375000005 0.4980763515625 0.447402459375 0.4906273875 0.448249284375 0.48261909531249997 0.4447155921875 0.45747557031249997 0.43921642656250004 0.4464145109375 0.433701575 0.4422587734375 0.4276274015625 0.441140125
11 0.42891853125 0.359107409375 0.417057684375 0.351898903125 0.37174184062500004 0.359253790625 0.36482083906249996 0.3661434328125 0.3606494203125 0.3785636046875 0.364454934375 0.40564124687499997 0.37463780625 0.4219610125 0.3848363578125 0.4313754578125 0.4060802875 0.442196053125 0.4312238125 0.43866236093750005 0.44201305 0.4312290765625 0.45115567343749996 0.41909640625 0.45227432187499994 0.41302223125 0.4476533390625 0.3801422375 0.442697815625 0.3729494125 0.43387405625 0.3663002328125 0.42891853125 0.359107409375
11 0.5013590609375 0.3272310421875 0.4991531203125 0.32556874687500004 0.49504442187500003 0.31036763125 0.4782280515625 0.2959663015625 0.46772631875000004 0.298428384375 0.46329875937500004 0.30200911874999997 0.4381552328125 0.3055428109375 0.42955625781249995 0.32154371249999997 0.42426619062500004 0.3400380578125 0.425897125 0.3516427625 0.43333041093749997 0.3624319984375 0.4556773109375 0.37408374375000003 0.46341378125 0.3729964546875 0.4656197203125 0.3746587484375 0.482754953125 0.3702782296875 0.489947778125 0.3653227015625 0.49909039999999993 0.35319003437499996 0.50187134375 0.3449099203125 0.5013590609375 0.3272310421875
11 0.48496089375 0.3719405234375 0.45291204843750005 0.375458534375 0.4476533390625 0.3801422375 0.4501311 0.38373865 0.45227432187499994 0.41302223125 0.44949337656250005 0.42130234531250005 0.442844196875 0.4301261046875 0.4433878421875 0.43399433906249996 0.45304274843750003 0.4395405484375 0.476523978125 0.4382127953125 0.4856509203125 0.43298545156249996 0.493131246875 0.4230587203125 0.4904130234375 0.403717546875 0.4929221453125 0.39350331562499996 0.490747565625 0.378030378125 0.48496089375 0.3719405234375
11 0.5388129953125 0.3762060203125 0.522524590625 0.37257825 0.5100887390625 0.375312153125 0.50150544375 0.384407734375 0.49428125781250004 0.403173903125 0.49699948125000004 0.4225150765625 0.5132251671875 0.4537641359375 0.523151896875 0.4612444625 0.5375061859375 0.46514405937500003 0.56071559375 0.4618821890625 0.5773071812499999 0.4536334328125 0.5881121 0.439294825 0.5906212187500001 0.42908059375 0.5868157046875 0.4020029515625 0.581044715625 0.389007775 0.5584259921875 0.37542191406250003 0.5388129953125 0.3762060203125
11 0.5239360046875 0.48085745781250006 0.5347409203125 0.46651885000000004 0.5132251671875 0.4537641359375 0.5024986515625 0.433576134375 0.4986304171875 0.4341197796875 0.49557765 0.4404657765625 0.4996549859375 0.46947753593749997 0.5024045703125 0.475008065625 0.5142654171875 0.4822165703125 0.5239360046875 0.48085745781250006
11 0.5968731359375 0.47356529218750004 0.591086465625 0.4674754375 0.5761885328125 0.459707609375 0.5618185625 0.46271333437499995 0.5416462421875 0.46653452968750003 0.5305695046875 0.4789390203125 0.5277885578125 0.4872191359375 0.5299631375 0.5026920734375 0.5324409 0.5062884859375 0.5451172140625 0.51929934375 0.5633397375 0.5226552921875001 0.578237671875 0.5304231234375 0.5983943125 0.5335072484375 0.6119331328125 0.5316044921875 0.6144579375 0.5144849375 0.6122519953125 0.5128226437500001 0.604578246875 0.48628864531250005 0.5968731359375 0.47356529218750004
11 0.58977439375 0.43708888437500004 0.58034426875 0.45419275781249996 0.5985511125 0.46445403125 0.6120899343749999 0.46255127500000004 0.6284097 0.45236840312500004 0.6425392078125001 0.43361791250000004 0.6431142109375 0.42367550468750004 0.6398053015625 0.42118206249999995 0.628200596875 0.422812996875 0.6138463078124999 0.4189134 0.59288988125 0.4031216015625 0.58929346875 0.4055993625 0.58977439375 0.43708888437500004
11 0.634912496875 0.38636795 0.624698265625 0.383858828125 0.6169617953125 0.3849461171875 0.6001297453125 0.3774501125 0.5973644796875 0.378824903125 0.5940398906250001 0.3832367828125 0.5962144703125001 0.398709721875 0.601713640625 0.40977077968750003 0.6138463078124999 0.4189134 0.63206883125 0.4222693515625 0.6398053015625 0.42118206249999995 0.6508663609374999 0.41568289218750004 0.6608401296874999 0.40244725312499996 0.67135754375 0.39307985 0.678566046875 0.381219003125 0.6766476109374999 0.37458550625 0.670845259375 0.3754009734375 0.660056021875 0.3828342578125 0.634912496875 0.38636795
11 0.6748546140625 0.31270942968750004 0.6541700078125 0.298851746875 0.6276673703125 0.2927148515625 0.619099753125 0.2949051109375 0.599471078125 0.3025945390625 0.5886818421875 0.3100278265625 0.5828638078124999 0.3177486171875 0.5803546890625 0.327962846875 0.5866379640625 0.35863690312499996 0.6009608921875 0.37634714062499997 0.6169617953125 0.3849461171875 0.6329783796874999 0.386639771875 0.6655865515625 0.380084671875 0.6819219984375 0.3629964796875 0.687755709375 0.34837036875 0.6883307125 0.33842795937500003 0.6798101375 0.3199022546875 0.6748546140625 0.31270942968750004
11 0.5781801093750001 0.312489909375 0.568253378125 0.3050095828125 0.5558332078125 0.3008381640625 0.551964971875 0.3013818078125 0.5456189765625 0.29832904375 0.5351172421875 0.300791125 0.517966328125 0.312076965625 0.5104860015625 0.3220036953125 0.5065864046875 0.33635798437500003 0.5095764515625001 0.35763327500000003 0.5222527671875 0.37064413125 0.5346729390625 0.37481554687499996 0.544343525 0.373456434375 0.546549465625 0.37511873125 0.5675529328125 0.3701945640625 0.5747457578125 0.36523904375 0.582226084375 0.3553123125 0.577605103125 0.32243231875 0.5792673984375 0.320226378125 0.5781801093750001 0.312489909375
11 0.5784153078125 0.20891008125 0.5676417500000001 0.20943804687499998 0.531102625 0.24415807812499998 0.5302557984375 0.25216636875 0.5368108968749999 0.2847745421875 0.5494872109375 0.2977854 0.5641133218750001 0.3036191109375 0.5721216124999999 0.3044659375 0.6105321375 0.297095371875 0.628242375 0.282772440625 0.6337885859375 0.2731175359375 0.637688178125 0.25876324687499996 0.6341544859375 0.23361972187500002 0.6269930234375 0.224764603125 0.615132178125 0.2175561 0.5784153078125 0.20891008125
11 0.5034813375 0.24409535781249997 0.49958174375000003 0.2584496453125 0.4785155546875 0.2909950984375 0.48594883906249997 0.301784334375 0.4958755703125 0.30926465937500003 0.5041556843749999 0.3120456078125 0.525159153125 0.30712144218750004 0.5359483890625001 0.29968815625 0.5398323015625001 0.2922391890625 0.533789490625 0.27730989375 0.529168509375 0.2444299 0.5197854234375 0.2408178078125 0.50707775 0.24161759531250002 0.5034813375 0.24409535781249997
11 0.5618394 0.2102535140625 0.55854616875 0.20085475000000003 0.5472446484375 0.1906091578125 0.54235184375 0.1557950453125 0.5343592328125 0.148042896875 0.529388028125 0.14775539375 0.5260634390625001 0.1521672734375 0.5257602578125 0.16404380000000002 0.5163458125 0.1742423515625 0.5030788125 0.17807922812500002 0.486518584375 0.1725173375 0.4746420578125 0.1722141546875 0.469095846875 0.1818690609375 0.4726609 0.1932019421875 0.493329828125 0.213964946875 0.503784521875 0.23221883124999998 0.5197854234375 0.2408178078125 0.5333242453125 0.23891505 0.5441134812499999 0.2314817625 0.5618394 0.2102535140625
11 0.71917725 0.2561861421875 0.67750485625 0.240347303125 0.6733648 0.23895682968749998 0.6570607125000001 0.24223437812499998 0.6506990359375 0.2460869328125 0.6401659421875 0.262359659375 0.642340521875 0.27783259843749997 0.6522515703125 0.292218246875 0.6767887296875 0.3124376078125 0.6858686328125 0.3279262265625 0.69801698125 0.330163525 0.7096216859375 0.328532590625 0.72427915625 0.3205556609375 0.731487659375 0.3086948125 0.7378963781250001 0.28412629218749996 0.73874320625 0.2761180015625 0.7357217984375 0.26865335468749996 0.71917725 0.2561861421875
11 0.7889988953125 0.28286126093749997 0.788486609375 0.2651823828125 0.783259265625 0.256055440625 0.7733325343749999 0.24857511406250002 0.76284648125 0.24413187500000003 0.752072925 0.24465983906250002 0.7490201578125 0.2510058359375 0.7512260984375 0.25266813125 0.7509229140625 0.26454465781250003 0.748429471875 0.26785356718750003 0.7379277390625 0.2703156484375 0.73874320625 0.2761180015625 0.7323344890625 0.300686521875 0.73314995625 0.30648887343750003 0.759365090625 0.31759697187499997 0.7751098515625 0.3173565078125 0.78783320625 0.3096514 0.793107590625 0.2980623765625 0.791204834375 0.28452355625000003 0.7889988953125 0.28286126093749997
11 0.7428048625 0.3120350828125 0.7303690109375001 0.31476898750000004 0.7209545671875001 0.32496753749999996 0.692758275 0.334847228125 0.6857902328125001 0.3624528359375 0.688811640625 0.36991748125 0.6943264890624999 0.37407321875 0.7125490125 0.3774291703125 0.7376611765625001 0.38770612031249996 0.7509281765625 0.3838692453125 0.7617174125 0.376435959375 0.7705882109375 0.36236917343749997 0.7714350390625 0.35436088125 0.767901346875 0.32921735625 0.7629458234375 0.32202453124999997 0.7428048625 0.3120350828125
11 0.8350674890625 0.30893001249999996 0.7997254125000001 0.3030492609375 0.7745505265625 0.320393596875 0.77176958125 0.32867371093750003 0.7739441625000001 0.34414665 0.77228186875 0.3463525890625 0.776934209375 0.365421940625 0.8183191000000001 0.3862319875 0.824393275 0.38735063593749997 0.8395943906250001 0.383241940625 0.8573046281250001 0.368919009375 0.8628508390625 0.3592641046875 0.8639694875 0.35318992968749996 0.859317146875 0.33412057812499996 0.8469283359374999 0.3161385171875 0.8350674890625 0.30893001249999996
11 0.8281831093750001 0.4213336 0.8260398906249999 0.39205001875 0.8078330453125 0.381788746875 0.789066878125 0.3745645640625 0.7829927031249999 0.3734459125 0.7705568515625 0.37617981718750004 0.753134115625 0.385531540625 0.7473160859375 0.3932523296875 0.7453506046875 0.407334796875 0.7464065359375 0.428881909375 0.7447442421875 0.43108784843750003 0.74830929375 0.44242073125000003 0.754095965625 0.448510584375 0.7665161359375 0.452682 0.784195015625 0.4521697171875 0.785857309375 0.4499637765625 0.803264365625 0.4475173734375 0.8087948953125 0.444767790625 0.8212464265625 0.4351285640625 0.8281831093750001 0.4213336
11 0.7400291796875 0.43963978593749997 0.733651821875 0.4503976625 0.735010934375 0.46006824843749994 0.7518273062499999 0.4744695796875 0.7642474765625 0.47864099531250004 0.7741898859375 0.4792160015625 0.7888473578124999 0.47123906875 0.80131456875 0.4546945203125 0.8007709234375 0.45082628593749996 0.7974620140625001 0.448332840625 0.79579971875 0.45053878281250004 0.7665161359375 0.452682 0.754095965625 0.448510584375 0.74279444375 0.43826499375 0.7400291796875 0.43963978593749997
11 0.7211009484375001 0.38214423124999997 0.7089526 0.37990693124999997 0.6868461609375001 0.38399994843749996 0.6696952484375001 0.3952857875 0.6588903312500001 0.4096243984375 0.65305661875 0.42425050937500003 0.6552311984375 0.4397234484375 0.6679075140624999 0.4527343046875 0.682533625 0.45856801562499994 0.6905419171875 0.45941484531250004 0.717619559375 0.45560933124999997 0.7303429125 0.4479042203125 0.74141965 0.4354997296875 0.7450474234375 0.4192113234375 0.7398514390625001 0.3962737375 0.7348959109375001 0.3890809125 0.7211009484375001 0.38214423124999997
11 0.670113453125 0.45439660000000004 0.6555030203125 0.441657565625 0.652481615625 0.43419291875 0.6466792609375001 0.4350083859375 0.6347713765624999 0.448515846875 0.6286658421875 0.46120784062500003 0.630840421875 0.4766807796875 0.6366114140625 0.48967595625 0.6440603796875 0.49355986874999996 0.65179685 0.492472578125 0.66808525625 0.496100353125 0.6777558421875 0.49474124062499997 0.69075101875 0.48897024843750003 0.701012290625 0.47076340468750005 0.7018591187500001 0.4627551125 0.6944101515625001 0.45887120000000003 0.6886077984375001 0.45968666718750006 0.670113453125 0.45439660000000004
11 0.6578710234375 0.4935912296875 0.637698703125 0.497412425 0.6244003453125 0.5150599437500001 0.6216193999999999 0.5233400578125 0.6235221578125001 0.536878878125 0.6392512375 0.5435437375000001 0.6491936468749999 0.5441187453125 0.6657538749999999 0.549680634375 0.6825859265625 0.5571766390625 0.6922565125 0.5558175265624999 0.698921371875 0.540088446875 0.6997681984375 0.5320801546875 0.6984090859375 0.52240956875 0.69043215625 0.507752096875 0.6700193734375001 0.4958285296875 0.6578710234375 0.4935912296875
11 0.700615028125 0.5240718625 0.698921371875 0.540088446875 0.6914253671874999 0.556920496875 0.693903128125 0.560516909375 0.71597820625 0.570234534375 0.7319947890625 0.5719281921875 0.7405467265625 0.5766432531250001 0.7482831953125 0.5755559625 0.7557635234375 0.565629234375 0.7596631171875 0.5512749453125 0.7525330125 0.5286091828124999 0.749224103125 0.5261157390625 0.7221464609375 0.529921253125 0.7033802921875 0.5226970703125 0.700615028125 0.5240718625
11 0.7476872484375 0.4730791046875 0.7300397296875001 0.45978074687500003 0.7118015265625 0.46333011874999996 0.704608703125 0.4682856421875 0.6937881046875 0.4895295734375 0.694300390625 0.5072084515624999 0.6997995593749999 0.5182695109375001 0.7097262890625 0.5257498375 0.7240805781249999 0.52964943125 0.7530923375 0.5255720937499999 0.7638815734375 0.518138809375 0.7713619031250001 0.5082120796875 0.773871021875 0.49799784843749995 0.7716650828125 0.49633555312500005 0.7697623265625 0.48279673125 0.7642474765625 0.47864099531250004 0.7476872484375 0.4730791046875
11 0.808219890625 0.4547101984375 0.803520509375 0.45635681406249995 0.7888473578124999 0.47123906875 0.779720415625 0.47646641562500003 0.7722400875 0.48639314375 0.7733273765625001 0.4941296140625 0.778842228125 0.4982853484375 0.7871223421875 0.501066296875 0.81447180625 0.4991948984375 0.816677746875 0.5008571921875 0.8299447453125 0.49702031875 0.8360345984374999 0.49123364687500004 0.8203211984375001 0.47766346562499995 0.815365675 0.470470640625 0.8115288015625 0.4572036421875 0.808219890625 0.4547101984375
11 0.8431960640625 0.5000887656249999 0.8376812156250001 0.49593302812499995 0.8335411578125 0.49454255781249995 0.8318788625 0.496748496875 0.8067353374999999 0.5002821875000001 0.8045293984375 0.4986198953125 0.7909905765625 0.5005226515625 0.7887846374999999 0.49886035624999997 0.7821511359375 0.50077879375 0.7804888421875 0.5029847328125 0.7823916 0.5165235546875 0.7873471249999999 0.5237163781249999 0.7881625921875 0.5295187296874999 0.7939492640625 0.5356085828125 0.8002952609375 0.538661353125 0.8138340828124999 0.536758596875 0.826254253125 0.5409300125 0.8359248390625 0.5395709 0.8436769890625 0.5315782875 0.8456424671875 0.517495821875 0.8442833546875 0.507825234375 0.845945646875 0.5056192953124999 0.8431960640625 0.5000887656249999
11 0.7627002046875 0.551834271875 0.7723707906249999 0.550475159375 0.7795636140625 0.5455196328125 0.7851098249999999 0.5358647265625 0.7799138390625 0.5129271421875 0.7760612828125 0.5065654640624999 0.7713619031250001 0.5082120796875 0.7525330125 0.5286091828124999 0.7550107734375 0.5322055953125 0.7566417078125001 0.5438102984375 0.7627002046875 0.551834271875
11 0.8451249203125 0.3804923546875 0.8257680687500001 0.39011589999999996 0.8279426484375 0.40558883906250004 0.8259771671875 0.41967130625 0.828167428125 0.4282389203125 0.8323074859374999 0.4296293953125 0.8472367796875 0.42358658125000004 0.8544296031249999 0.41863105625 0.8652345203125 0.404292446875 0.8694059359375 0.3918722765625 0.8672313562499999 0.3763993375 0.8611728624999999 0.3683753640625 0.8564734812499999 0.37002198124999996 0.8451249203125 0.3804923546875
11 0.8793640265624999 0.38554196093750004 0.892359203125 0.379770965625 0.894852646875 0.37646205781250003 0.8940371796875001 0.37065970625 0.8893534750000001 0.3654009984375 0.8703311656249999 0.349337375 0.8656317828125 0.35098399062499996 0.8614603671875001 0.3634041609375 0.8683186468749999 0.38413580625 0.8716275578125 0.38662925000000004 0.8793640265624999 0.38554196093750004
11 0.95329436875 0.42741819375 0.950847965625 0.4100111375 0.9431428578125001 0.3972877828125 0.9252078375 0.3889606296875 0.911125371875 0.3869951515625 0.8962274375 0.3792273203125 0.8915280546875 0.3808739375 0.8793640265624999 0.38554196093750004 0.86994958125 0.39574051093749996 0.8691027546875001 0.40374880312499994 0.8721241609374999 0.41121345 0.8776390109375001 0.4153691859375 0.8837131859375 0.41648783749999996 0.8958458546875001 0.42563045781250003 0.9068441937499999 0.4477525765625 0.9079314828125 0.4554890453125 0.9134463328125 0.459644784375 0.9327875062500001 0.456926559375 0.9455108593749999 0.4492214484375 0.949666596875 0.44370659999999995 0.95329436875 0.42741819375
11 0.9493790953125 0.448677803125 0.9446797140625 0.45032441875 0.9347216234375001 0.45665473749999996 0.9137181562500001 0.4615789 0.909834240625 0.4690278671875 0.9081405859375 0.48504445 0.909227875 0.49278091875 0.929640659375 0.5047044875 0.945354059375 0.51827466875 0.9569587640625 0.516643734375 0.9641515875 0.51168820625 0.9716319140625 0.5017614796875 0.9727505640624999 0.4956873046875 0.961511765625 0.457820425 0.9535191515625 0.450068275 0.9493790953125 0.448677803125
11 0.909531059375 0.48090439218750003 0.9106810671875 0.461019575 0.9018573078125 0.4543703953125 0.8921553640625 0.4695401515625 0.8902055656250001 0.47671729531249996 0.8824690953125 0.4778045859375 0.8772103890625 0.4824882875 0.8714080375 0.48330375468750003 0.8586846828124999 0.491008865625 0.849014096875 0.492367978125 0.8465206546875 0.4956768859375 0.849270240625 0.5012074156249999 0.8547850875 0.505363153125 0.8672052593749999 0.50953456875 0.8865464328125 0.50681634375 0.895673375 0.501589 0.909531059375 0.48090439218750003
11 0.923566484375 0.5035858359375001 0.91308043125 0.4991425984375 0.9070062562500001 0.49802394687499996 0.9003727546875 0.499942384375 0.8790817859375 0.509837753125 0.8655429640625 0.511740509375 0.8547380484374999 0.52607911875 0.8536194 0.5321532921875 0.8568812687499999 0.5553627 0.8714916984375 0.5681017359375 0.8839118703125 0.5722731515625 0.9035248656249999 0.571489046875 0.90573080625 0.5731513390625 0.9306025078125 0.5676835312499999 0.9441883703125 0.5450648078125 0.942860615625 0.5215835765625 0.9379050937500001 0.514390753125 0.923566484375 0.5035858359375001
11 0.7939754671875 0.7673524406250001 0.7730660796875 0.7308446734375 0.7410329124999999 0.7274573640625001 0.7125334375000001 0.7492135796875 0.7079961171875 0.8011315640625 0.738591771875 0.829374896875 0.7678753546875 0.8272316796875 0.7908599796875 0.8013197249999999 0.7939754671875 0.7673524406250001
11 0.5352950875 0.7090362625 0.516194378125 0.7274992484375 0.4964559421875 0.7835259296875 0.5428277171875 0.79771815625 0.588431065625 0.7853920640625 0.6064601671875 0.7522872890625 0.593559071875 0.7166263484375001 0.5352950875 0.7090362625
11 0.631687353125 0.8335515765625001 0.6262195453125 0.8086798734375 0.591468153125 0.785951390625 0.53923130625 0.8001959171875 0.5309041531250001 0.8181309390625 0.5380028953125 0.8546073453125 0.57993143125 0.8792856265625 0.616136015625 0.870252765625 0.631687353125 0.8335515765625001
11 0.6462664250000001 0.8601012546875 0.665382815625 0.8347329468750001 0.666261003125 0.8129140109374999 0.6621366265625 0.8046182171874999 0.6281536609375 0.8084080515625001 0.6258222828125 0.8619883312500001 0.6462664250000001 0.8601012546875
11 0.6614832234375 0.849087234375 0.6744313578125001 0.8640322093749999 0.719187878125 0.859714409375 0.7344360328125 0.834889746875 0.696422771875 0.78895185625 0.6671078296874999 0.80490571875 0.6614832234375 0.849087234375
11 0.6907197640625 0.8676599812499999 0.643501159375 0.8614760468749999 0.6252629578125 0.8650254187499999 0.611133453125 0.88377590625 0.6934223078125 0.8939064765625 0.6907197640625 0.8676599812499999
11 0.53523763125 0.8559821375000001 0.5364660421874999 0.8015707109375001 0.505823346875 0.7940433437500001 0.4966336828125 0.826891978125 0.53523763125 0.8559821375000001
11 0.4337487203125 0.7864218968750001 0.39808777968750003 0.7993229937499999 0.4049460640625 0.8200546375 0.43170484374999996 0.8350309734374999 0.4725931296875 0.8312568171875 0.5027705796874999 0.800389340625 0.4870728578125 0.7799138390625 0.4337487203125 0.7864218968750001
11 0.25729447968749997 0.765857575 0.2329350625 0.7890042625 0.23722150156250002 0.8475714265625 0.2562438109375 0.8636350500000001 0.3264156796875 0.857717678125 0.32921230625 0.842532240625 0.2974823203125 0.8272684046875 0.25729447968749997 0.765857575
11 0.3487782609375 0.8624641000000001 0.42999550624999994 0.857952878125 0.4316891640625 0.8419362937500001 0.3975127765625 0.8092654015624999 0.3734879015625 0.80672491875 0.3410888296875 0.8428354234375 0.3487782609375 0.8624641000000001
11 0.5178462546875 0.85152321875 0.49167816093749994 0.819699153125 0.43418260468750003 0.8386273828125 0.4341355671875 0.85934335 0.5100627453125 0.8733264734375 0.5178462546875 0.85152321875
11 0.7221152046875 0.9086109859375 0.75801660625 0.9114546499999999 0.7854131140625 0.8888672890624999 0.7799296234375 0.8709009078125 0.7277554953125 0.85752415 0.7069924890625 0.8781930750000001 0.7221152046875 0.9086109859375
11 0.7950313984374999 0.788899553125 0.7770022953125 0.8220043296874999 0.7383042703125 0.8343461015625 0.7550892796875 0.8625580734374999 0.797336678125 0.86845450625 0.8175403593749999 0.85082266875 0.815156678125 0.8057943249999999 0.7950313984374999 0.788899553125
11 0.720792609375 0.6395752578125 0.7083410765625 0.6492144843750001 0.7035005765625 0.7130089953125001 0.7191982968749999 0.7334844984375 0.765648471875 0.7131501140625 0.7770283921875001 0.6888690984375 0.7674518890625001 0.6487962781250001 0.720792609375 0.6395752578125
11 0.802144790625 0.7564871703125 0.8030553687499999 0.7828410609375 0.8188001296874999 0.7826005968749999 0.8511835187499999 0.7533954140625 0.815872803125 0.7337040203125 0.802144790625 0.7564871703125
11 0.823697171875 0.716096128125 0.808115875 0.6616864296875 0.7713595375 0.6673811640625 0.77566073125 0.6979857453125 0.7741101828125 0.7283547984375 0.7929355828125 0.7569181359375 0.823697171875 0.716096128125
11 0.8553235765625 0.7547858875 0.8414972531249999 0.76165985 0.8287582171875 0.7762702796875 0.833127921875 0.8054912406250001 0.8565102078125 0.8404150140625 0.8780259609375 0.853169728125 0.89763895625 0.85238561875 0.9087000156249999 0.846886453125 0.915892840625 0.841930925 0.9264259359375 0.8256582015625 0.9270009390625 0.8157157921874999 0.9198708359375001 0.7930500296874999 0.898098940625 0.7714558765625 0.8705090125 0.7575825140625 0.8553235765625 0.7547858875
11 0.8312359812500001 0.7798666921875 0.827367746875 0.7804103375 0.81573168125 0.795851915625 0.8168189703125 0.8035883859374999 0.815156678125 0.8057943249999999 0.8219835984375001 0.8403366140624999 0.8294325656250001 0.844220528125 0.85070785625 0.84123048125 0.8532012968749999 0.837921571875 0.8482457765625 0.830728746875 0.8474303078125001 0.8249263953125 0.8430184265625 0.82160180625 0.8397251984375 0.8122030421875 0.8328355546875 0.805282040625 0.8298455078125 0.78400675 0.8312359812500001 0.7798666921875
11 0.8799130390625001 0.8736138718750001 0.8758043437499999 0.8584127546874999 0.8570538531249999 0.8442832484375 0.822799065625 0.846138965625 0.8083977375 0.8629553375000001 0.797336678125 0.86845450625 0.7915186484375 0.8761752953125 0.79562734375 0.8913764109375 0.8146496546875 0.9074400375 0.8334158234375 0.9146642203124999 0.8400336421875 0.9196511062500001 0.852181990625 0.9218884031250001 0.8657208125 0.9199856453124999 0.8803782828125 0.912008715625 0.8845340203125 0.906493865625 0.8881617937499999 0.890205459375 0.8870745046874999 0.8824689906250001 0.8799130390625001 0.8736138718750001
11 0.932500109375 0.8267768515625 0.9264259359375 0.8256582015625 0.9175551359374999 0.8397249875 0.9031694859374999 0.8496360359375 0.8957048390625 0.8526574421875001 0.87609184375 0.85344155 0.8758043437499999 0.8584127546874999 0.8780102812499999 0.8600750500000001 0.8821189765625 0.8752761671875 0.8898397671874999 0.8810942 0.9019881156249999 0.8833314968750001 0.9171892328125001 0.8792228015625 0.9260443515624999 0.8720613359374999 0.9349151499999999 0.8579945515625 0.9382711015625 0.8397720265625 0.932500109375 0.8267768515625
11 0.9655892046875 0.8517112734375001 0.9603618609375 0.84258433125 0.954847009375 0.8384285953124999 0.9473823625 0.8414500031250001 0.941036365625 0.8383972328124999 0.9382711015625 0.8397720265625 0.93325285625 0.860200490625 0.927706646875 0.869855396875 0.9152551156250001 0.8794946234375001 0.9019881156249999 0.8833314968750001 0.8994946734375 0.8866404078125001 0.90555316875 0.8946643812499999 0.9199074578124999 0.8985639750000001 0.9276439265624999 0.8974766843750001 0.929306221875 0.89527074375 0.951971984375 0.8881406421875001 0.9591648078125001 0.8831851140625 0.9649828421875 0.8754643265625001 0.9674919609374999 0.8652500953125 0.9655892046875 0.8517112734375001
11 0.879547134375 0.9131116859375 0.8831278671874999 0.91753924375 0.8952762171875 0.9197765468749999 0.9049468031250001 0.918417434375 0.919604275 0.9104405 0.9237600125000001 0.9049256515625 0.9251504828125 0.90078559375 0.915495578125 0.8952393843750001 0.909693225 0.8960548515625 0.8959139421875 0.8822128484375 0.8892804421875 0.8841312859375 0.885924490625 0.902353809375 0.879547134375 0.9131116859375
11 0.8512881234374999 0.9506126609375001 0.85183176875 0.954480896875 0.9032217890625001 0.948244659375 0.8999442390624999 0.9319405734374999 0.892510953125 0.9211513374999999 0.8831278671874999 0.91753924375 0.8687579015625 0.920544971875 0.8621244000000001 0.9224634093749999 0.8579686609375001 0.9279782593749999 0.8576654796875 0.939854784375 0.8512881234374999 0.9506126609375001
11 0.8306661328124999 0.5442546015625 0.820180078125 0.5398113609374999 0.8141059046875 0.5386927125 0.79780181875 0.5419702609375 0.7895060234375 0.5460946390625 0.7836879921875 0.553815428125 0.780907046875 0.5620955421875 0.7797883984375 0.5681697171875 0.7830502687500001 0.591379125 0.7910428781250001 0.5991312718749999 0.8053971671875001 0.60303086875 0.8227728624999999 0.6143951109375 0.8349212109374999 0.6166324078125001 0.8410110671875 0.6108457375 0.8388051265625001 0.60918344375 0.8435515484374999 0.5868208625 0.836452803125 0.5503444562500001 0.8306661328124999 0.5442546015625
11 0.89606021875 0.5745104515625 0.8938542796875 0.5728481578125 0.8841836921875 0.5742072703125001 0.8759035781250001 0.5714263234375 0.863195903125 0.5722261125 0.8568185453125 0.5829839890625 0.8559717203125 0.5909922796875 0.8570590093750001 0.59872875 0.8545498874999999 0.60894298125 0.8583867640625 0.6222099796875 0.8663793734375 0.6299621296875 0.8746594875 0.6327430734374999 0.888198309375 0.6308403171875 0.9028557796875001 0.6228633828125 0.91891940625 0.6038410734374999 0.9186789421875 0.5880963125 0.9131797718750001 0.5770352546875 0.90573080625 0.5731513390625 0.89606021875 0.5745104515625
11 0.9366035437500001 0.722653378125 0.9546012859375 0.7033592453125 0.9538171796875 0.68374625 0.9248524578125 0.66710761875 0.9046801390624999 0.6709288156250001 0.9214181078125 0.719856753125 0.9366035437500001 0.722653378125
11 0.9770695296874999 0.5317976875 0.9641319890625001 0.5163822687499999 0.94450873125 0.522371453125 0.94206510625 0.535640134375 0.9315826265625 0.568349375 0.9610089515625001 0.5631366734375 0.97323851875 0.5581866062499999 0.9770695296874999 0.5317976875
11 0.9585198437500001 0.58492093125 0.9654536234375 0.5656870031250001 0.9391003984375 0.5658402578125 0.9142231921875 0.5728869703125 0.9288865828124999 0.5906072359375 0.94728168125 0.5915724234375 0.9585198437500001 0.58492093125
11 0.9693179093750001 0.5597105671875 0.9903217203124999 0.548436684375 0.9915442593750001 0.5232989046875 0.9770816796874999 0.5134429328125 0.9693179093750001 0.5597105671875
11 0.9778448859375001 0.6071148484375 0.9699508015625 0.56383670625 0.949905915625 0.5920181640625 0.9218541109375 0.598678196875 0.9062028218749999 0.619448159375 0.9385762046874999 0.6370921703125 0.9600976343750001 0.6290852499999999 0.9778448859375001 0.6071148484375
11 0.9493015093749999 0.6373692937500001 0.9372437218749999 0.6372794390625 0.908041890625 0.619642628125 0.880926428125 0.6329650859375 0.8758797968750001 0.64862118125 0.8912429921875 0.6709204890625 0.9251169171875 0.6702362328125 0.9446264140625 0.6543592484375 0.9493015093749999 0.6373692937500001
11 0.2120988109375 0.5986452984375 0.2092865078125 0.62073605625 0.24681884375 0.635184425 0.2164322921875 0.6364964984375 0.210854721875 0.659962046875 0.244774965625 0.6837934984375 0.282066840625 0.6824971093750001 0.3136347609375 0.6474895734375 0.30012730312499997 0.6355816875 0.32224942031250003 0.6245833484375 0.3209530265625 0.587291475 0.2897823671875 0.5689905515625 0.241988759375 0.572749025 0.2120988109375 0.5986452984375
11 0.2917217484375 0.6880433171875 0.25001799375 0.6860151203125 0.2438497390625 0.7263284015625 0.27057715937500004 0.7551153796875 0.29471179531249997 0.7093186078125 0.2917217484375 0.6880433171875
11 0.1678598375 0.7399665640624999 0.1962965921875 0.745831634375 0.24028468749999998 0.71499551875 0.24228152343749998 0.687102409375 0.20613965781250002 0.668513984375 0.1571176421875 0.7266838859375 0.1678598375 0.7399665640624999
11 0.2033591296875 0.66773476875 0.2097270984375 0.645084015625 0.1904122125 0.6095932515625 0.158476703125 0.601346396875 0.12984894687499998 0.60908416875 0.10208188437500001 0.630497334375 0.0899253578125 0.6497165828125 0.0829723453125 0.668204528125 0.08882279374999999 0.7098326265625 0.0955451765625 0.7274598765625 0.12028576875000001 0.72981973125 0.1531410296875 0.7257328546874999 0.2033591296875 0.66773476875
11 0.06310905781250001 0.647196915625 0.0625654140625 0.6433286796875 0.059256503125000005 0.6408352374999999 0.0471081546875 0.6385979374999999 0.0393716859375 0.6396852281250001 0.037996893749999996 0.6369199625 0.0407621578125 0.6355451703125 0.042968098437500005 0.6372074671875 0.0520950390625 0.6319801171874999 0.061765626562499995 0.6306210046875 0.0656495390625 0.6231720390625 0.06510589375 0.6193038046875 0.0590630828125 0.6043745109375 0.044180828125 0.5897013609374999 0.015472250000000002 0.58190216875 0.0069046343750000004 0.5840924296875001 0.014515662500000002 0.638247715625 0.0167216046875 0.6399100093750001 0.0150593078125 0.64211595 0.0210394015625 0.68466653125 0.031812959375 0.684138565625 0.049795018749999996 0.6717497531250001 0.0605999359375 0.657411146875 0.06310905781250001 0.647196915625
11 0.08437393125 0.770436778125 0.08854535 0.75801660625 0.0833807234375 0.721268378125 0.0754037890625 0.70661090625 0.06106518125 0.695805990625 0.0342907203125 0.6877349781250001 0.0218548703125 0.6904688828125 0.0378923953125 0.8045818046875001 0.0428636 0.8048693078125 0.0649857171875 0.7938709687500001 0.0771654265625 0.7822976265625 0.08437393125 0.770436778125
11 0.1178759703125 0.735157421875 0.10874902812500001 0.74038476875 0.0952102078125 0.7422875265625 0.091326290625 0.7497364937500001 0.107311515625 0.7652407921875 0.125518359375 0.775502065625 0.146521828125 0.7705778984375 0.1575828859375 0.7650787296875 0.16479139062499998 0.7532178828125 0.162888634375 0.7396790625 0.1546242 0.7299927953124999 0.148550025 0.7288741437499999 0.13031182187499998 0.7324235171875 0.1178759703125 0.735157421875
11 0.208878825 0.8002744249999999 0.1824232296875 0.7734215640625 0.16779711875 0.7675878515625 0.1553612671875 0.77032175625 0.13159253437500001 0.7766207125 0.1219062671875 0.784885146875 0.114650721875 0.817461959375 0.10633925 0.8284916578124999 0.10576424375 0.8384340671875 0.120087171875 0.85614430625 0.1404999546875 0.8680678734375 0.1753140671875 0.86317506875 0.20680358906250002 0.8626941421875 0.21981444687499999 0.8500178296875 0.22398586250000002 0.8375976578125 0.224289046875 0.8257211312500001 0.2212676375 0.8182564843750001 0.208878825 0.8002744249999999
11 0.1013523640625 0.8351094781249999 0.108576546875 0.8163433093749999 0.1033805609375 0.7934057234375 0.0984250375 0.7862129 0.0909760703125 0.782328984375 0.0868360125 0.7809385140625 0.07826839687500001 0.783128771875 0.059727010937500005 0.7985546703125 0.0381642171875 0.8065159218750001 0.04740618125 0.8722759109375 0.050715090625 0.874769353125 0.0777927328125 0.8709638390625001 0.10189600937500001 0.8389777125 0.1013523640625 0.8351094781249999
11 0.23529780156250002 0.7216133390625 0.200164828125 0.745287990625 0.1786177140625 0.746343921875 0.17361515 0.7598670624999999 0.20173304218750002 0.78451398125 0.22769203437500002 0.7867826421874999 0.2578694828125 0.755915165625 0.23529780156250002 0.7216133390625
11 0.514814325 0.60540939375 0.455206909375 0.5812433984375 0.41956165156249997 0.5872391718750001 0.3993422921875 0.6117763328125 0.42544766406249995 0.6712216843750001 0.47734996875 0.682664325 0.5116204375 0.6739032890625001 0.523000359375 0.6496222703125001 0.514814325 0.60540939375
11 0.447986609375 1 0.44192433593749997 0.9568646828125 0.4168278515625 0.9396824109375 0.3903095359375 0.9404508375 0.3449152859375 0.9823323328125 0.33898145468749996 1 0.447986609375 1
11 0.2449161203125 1 0.24654712656250002 0.9981293953125 0.24413208593750002 0.9669116953125 0.2096681953125 0.939212009375 0.1580063515625 0.9435141281250001 0.12312951875 0.9760282203124999 0.1255978421875 1 0.2449161203125 1
11 0.11620579843750001 1 0.108534771875 0.9563838640625001 0.0585509015625 0.951574721875 0.06535663124999999 1 0.11620579843750001 1
11 0.33491568437499997 1 0.3393847578125 0.9850819171874999 0.33171100937500003 0.9585479203125 0.3157101046875 0.9499489421874999 0.2720565546875 0.9550978906250001 0.2548899609375 0.973289053125 0.25141030781249996 1 0.33491568437499997 1
11 0.5167855828125 1 0.5266282359375001 0.9982129531249999 0.528625075 0.9703198421874999 0.5148614703125001 0.9495725187499999 0.45905956875 0.9524841640625 0.4553817828125 1 0.5167855828125 1
11 0.6601293703125 0.9587412375 0.5999155921875 0.95832829375 0.58054305625 0.9748571625 0.5802241953125 0.9936390109375 0.6854976781250001 0.977857628125 0.6601293703125 0.9587412375