11 0.3610302890625 0.19091481875 0.33474409843749997 0.21594448906250002 0.31687668750000003 0.3000040484375 0.32512156718749996 0.3363670390625 0.338096309375 0.3457807703125 0.383946978125 0.35552662968750004 0.404501834375 0.329278728125 0.42287985 0.22402893906250002 0.39758403750000004 0.1880351765625 0.3610302890625 0.19091481875
11 0.3619375375 0 0.3406777140625 0.009542784375 0.3249143859375 0.046127365625 0.3285108046875 0.0761776046875 0.36746586406250004 0.123061765625 0.3931292140625 0.1338413703125 0.4349850953125 0.12010817656249999 0.45231106875 0.0385958765625 0.44287108125 0.0219464453125 0.38913042343750004 0 0.3619375375 0
11 0.46846412187500003 0.1551789890625 0.50476256875 0.16289446093749999 0.5481502625 0.0855905796875 0.5389039125 0.0210600921875 0.4843285921875 0.014784439062499998 0.4496038859375 0.051332173437499996 0.4409717296875 0.1107312953125 0.46846412187500003 0.1551789890625
11 0.5897200078125 0.0638095296875 0.5323561015625 0.10353218906249999 0.5106061375000001 0.14949365312500001 0.5082159203125001 0.18892077499999999 0.5187696140625 0.2191186578125 0.5406120750000001 0.22908610624999998 0.60536245625 0.20158287343749998 0.643734153125 0.143180396875 0.62983934375 0.0723371578125 0.5897200078125 0.0638095296875
11 0.43628379375000004 0.24551445312500003 0.410743771875 0.30930673125 0.41804884531250003 0.3547881703125 0.4557162984375 0.3654569796875 0.4822886234375 0.3484751671875 0.5129568765625 0.2511624390625 0.50268931875 0.2290124125 0.47075319843749996 0.21956183437500001 0.43628379375000004 0.24551445312500003
11 0.49774607812499994 0.3743906859375 0.5202730437499999 0.3858348015625 0.5948198578125 0.260575915625 0.5943598234375 0.2298611609375 0.5512471703124999 0.2260219765625 0.507256375 0.2685871765625 0.482257790625 0.32983219531249997 0.49774607812499994 0.3743906859375
11 0.699005071875 0.2401236421875 0.699198709375 0.19224258593750002 0.6657196812499999 0.1571717734375 0.6078143375 0.199441690625 0.5979562421875 0.259911403125 0.647913934375 0.278517275 0.699005071875 0.2401236421875
11 0.637113584375 0.099175625 0.6396271296875 0.1343203859375 0.6547984515625 0.1521880484375 0.7014766906250001 0.16743450625 0.7208364390625001 0.160900165625 0.7789045875 0.05210622031249999 0.673145634375 0.0282952890625 0.6501388968749999 0.05668437187499999 0.637113584375 0.099175625
11 0.8925914531249999 0.08558931875 0.8139770937499999 0.06089228437500001 0.762855125 0.0806429453125 0.7424433359375 0.110914775 0.7307870296875 0.15635936718750001 0.7303072578124999 0.1961925671875 0.7482165953125001 0.2199669046875 0.8164819937500001 0.255775925 0.8250635781250001 0.24828178906249998 0.8938482265625 0.1031616984375 0.8925914531249999 0.08558931875
11 0.75912918125 0.3846895078125 0.74878021875 0.39580149531250003 0.7571065015625 0.3989024734375 0.75912918125 0.3846895078125
11 0.8009123031250001 0.2444794484375 0.7457647140625 0.222108084375 0.6841507171875 0.2489468046875 0.645063684375 0.28722964375000004 0.635093353125 0.362318396875 0.65252291875 0.42592593437500004 0.6787585375 0.4528012515625 0.70932565 0.459298490625 0.7388912921874999 0.43762823749999996 0.813376440625 0.2750834078125 0.8009123031250001 0.2444794484375
11 0.6266129109375 0.266002565625 0.566878525 0.2746043921875 0.54632366875 0.30085229375 0.5135205015625 0.4269970296875 0.5344848203125 0.48336886718749994 0.589060140625 0.48964452031250005 0.6194533546875001 0.4734748609375 0.6436243671875 0.4067292453125 0.6442361125 0.281729046875 0.6266129109375 0.266002565625
11 0.7263765828125 0.45892926093749997 0.6470468875 0.4141125875 0.620280925 0.47897545625 0.6376796578125 0.523940025 0.6532493484375 0.5352365 0.6896908609375 0.5469759015625 0.7263765828125 0.45892926093749997
11 0.6036086218750001 0.5433214546875 0.573787678125 0.575586825 0.5611101640625 0.6634118765625 0.5689258421875001 0.687703084375 0.5943338890625001 0.709077803125 0.6195680375 0.707785625 0.6774622875 0.5763247812500001 0.68125234375 0.5584939656250001 0.6603496890625 0.53940806875 0.6036086218750001 0.5433214546875
11 0.610588084375 0.7218509484375 0.5618255000000001 0.683531515625 0.526814659375 0.71203139375 0.504012653125 0.78173034375 0.5446536875 0.8582586671874999 0.5676604249999999 0.829869584375 0.610588084375 0.7218509484375
11 0.490113271875 1 0.537216640625 0.897944228125 0.5401174625 0.8373268734374999 0.5145355140625 0.7932852578125 0.4678881078125 0.7966817703125 0.43918086875 0.8424955921875 0.42869993281249996 0.9387745765625001 0.4433914828125 0.9964754390625 0.4715461703125 1 0.490113271875 1
11 0.297215965625 0.8668981 0.3365077296875 0.8699251296874999 0.3589730296875 0.8440833078125 0.3341261578125 0.7496133734375 0.30139329843749996 0.7533051703125 0.2792141328125 0.78719485 0.2751996046875 0.8342637515625 0.297215965625 0.8668981
11 0.318528084375 0.9686037328125 0.412681303125 0.985954271875 0.4289860671875 0.9468224328125 0.4316821578125 0.844895209375 0.3983770296875 0.8324912953125001 0.35980060156250004 0.849583903125 0.327956978125 0.8960622375 0.318528084375 0.9686037328125
11 0.41229157812499995 0.8327865781250001 0.43795492812500003 0.8435661828125 0.5034712171875 0.7842776046875 0.50651510625 0.7276841796875 0.4862969546875 0.7100749515625 0.4403648828125 0.7335911046875 0.414283425 0.79993064375 0.41229157812499995 0.8327865781250001
11 0.5041224390625 0.5181814953125 0.48542745781249996 0.5967404593750001 0.4974118234375 0.6671776203124999 0.5277236328125 0.6842699750000001 0.560568728125 0.665959134375 0.5952823406250001 0.5402204765625 0.5833596390625 0.50706925625 0.5366814 0.4918228 0.5041224390625 0.5181814953125
11 0.3448734890625 0.7319301984375 0.3348723265625 0.7883759828125 0.3547229390625 0.8311993687499999 0.4069586140625 0.8249971578125 0.43084349218750007 0.7502036875 0.4320386015625 0.730490125 0.3962199265625 0.6829414515625001 0.35955394375 0.7004401375 0.3448734890625 0.7319301984375
11 0.405281284375 0.6356141156249999 0.3971597328125 0.6738230062499999 0.4164689109375 0.71919365 0.44649458593749997 0.7282381499999999 0.490230078125 0.6962680640625 0.497013453125 0.6737488078125 0.47738730937499996 0.6016873375 0.43427465625000006 0.59784815 0.405281284375 0.6356141156249999
11 0.41592502500000006 0.4728111046875 0.4004478296875 0.517443540625 0.4178465625 0.56240810625 0.4435099125 0.5731877109375 0.49026955625 0.555172153125 0.529437990625 0.483627303125 0.51067025 0.4357093984375 0.4593743828125 0.4327931609375 0.41592502500000006 0.4728111046875
11 0.2934653859375 0.7436330046874999 0.33030526875 0.7488012171875 0.394166415625 0.678511446875 0.39122366875000003 0.6312949046874999 0.3527286421875 0.6151254984375 0.294537165625 0.649347559375 0.2760974859375 0.7173114078125 0.2934653859375 0.7436330046874999
11 0.2669436328125 0.708709834375 0.2104578671875 0.7020281046875 0.188534003125 0.72532266875 0.17605012656250002 0.7652666640625 0.1901694078125 0.806871815625 0.22401597187500003 0.8167284718750001 0.26165259375 0.8087543109374999 0.27513794062499997 0.796977809375 0.2916980078125 0.7472508546875 0.2669436328125 0.708709834375
11 0.23500751250000002 0.69925925625 0.27347170468750004 0.6967856921875 0.3245011765625 0.62110611875 0.30844062031249997 0.5604519171875 0.27952865 0.5649558703124999 0.2355378546875 0.607521071875 0.2219711046875 0.6525595859375 0.23500751250000002 0.69925925625
11 0.3568443109375 0.46424662968749997 0.32590966093749996 0.4829635453125 0.3104324671875 0.5275959828125 0.3157148609375 0.5872903859374999 0.3298033078125 0.61025256875 0.37918873125 0.612762728125 0.40248160312500003 0.5924215 0.412258296875 0.5652138015625 0.401898240625 0.48713486406250006 0.3568443109375 0.46424662968749997
11 0.365844003125 0.37963335 0.353390959375 0.438220315625 0.37241400156250004 0.47554310468749994 0.406802003125 0.4828525 0.4385333921875 0.45099320781249996 0.464135078125 0.42448687031250004 0.46201990156250006 0.38277092343749997 0.40932419375 0.358258378125 0.365844003125 0.37963335
11 0.4284989484375 0.239866215625 0.48520918281250003 0.21730985781249998 0.498663696875 0.1868903875 0.49030658281250006 0.16514643906249998 0.43703860624999996 0.12453818125 0.396551734375 0.1412247125 0.38078840468749997 0.17780929375 0.4284989484375 0.239866215625
11 0.5513734703125001 0 0.543981575 0.0394446265625 0.5545352671875 0.069642509375 0.6109902 0.057681267187499996 0.636162684375 0.019103146874999997 0.5524741171875001 0 0.5513734703125001 0
11 0.25841016875 0.41536918125 0.256623053125 0.489534984375 0.27809797812500003 0.5247165921875 0.30293375624999996 0.5299956 0.3504284734375 0.4615517265625 0.34791492812499997 0.42640696875 0.31797065468749997 0.3841004546875 0.2803340328125 0.392074615625 0.25841016875 0.41536918125
11 0.20809603437500002 0.5111683921875 0.1980640390625 0.5489712046874999 0.21463519999999997 0.5884351750000001 0.23539478749999998 0.6034971437500001 0.30447666406249996 0.555615834375 0.3058148390625 0.5399262015625 0.25402810468750003 0.48765223906250005 0.228109453125 0.48746775 0.20809603437500002 0.5111683921875
11 0.1916901265625 0.6541102000000001 0.2009056453125 0.6999977171875 0.23104355625 0.6944231734375 0.233770478125 0.6111389218750001 0.2088224640625 0.6204789578125001 0.1916901265625 0.6541102000000001
11 0.0911013328125 0.7046127156249999 0.0983755734375 0.7314511828125 0.13199766875000002 0.7705459234375 0.173598246875 0.7674078453125001 0.19640025156250002 0.69770889375 0.17327018593750002 0.65152609375 0.1216881828125 0.640562 0.0997643203125 0.663856565625 0.0911013328125 0.7046127156249999
11 0.2207957359375 0.6017251921875 0.20097595468749999 0.5775447765624999 0.17887819062500002 0.57817244375 0.148229675 0.6049372171875 0.1375131765625 0.6412633624999999 0.1885537421875 0.6547747140625 0.2207957359375 0.6017251921875
11 0.26912666875 0.3790430359375 0.2977833359375 0.38513419843749996 0.32298665312499997 0.3651990484375 0.3183270984375 0.26969537187500003 0.28696324687499997 0.2763405046875 0.262046065625 0.3043235109375 0.2528416421875 0.34762692031250003 0.26912666875 0.3790430359375
11 0.21139277500000003 0.1950500453125 0.197826025 0.240088559375 0.223949409375 0.2815829171875 0.2689725078125 0.2858281828125 0.31162512656249997 0.258952615625 0.3246504390625 0.216461359375 0.3039722546875 0.16813737812500001 0.2575801484375 0.160938778125 0.21139277500000003 0.1950500453125
11 0.31135873125 0.18035680468749998 0.33214915 0.21406174218750001 0.37833652500000003 0.17995047343749998 0.38836851875 0.1421476609375 0.33304703125 0.0971094 0.30949885625 0.1280457421875 0.30354305312499996 0.1560655953125 0.31135873125 0.18035680468749998
11 0.35325628125 0 0.3276215703125 0.0333910671875 0.3268556625 0.0651764125 0.3387783640625 0.0983276328125 0.37456620625000003 0.127233334375 0.40949564374999997 0.131995471875 0.4349850953125 0.12010817656249999 0.45231106875 0.0385958765625 0.4202010484375 0.0064784015625 0.3822461109375 0 0.35325628125 0
11 0.427835271875 0 0.427301390625 0.0106499703125 0.45598889062500003 0.035384103125 0.5176085765625 0 0.427835271875 0
11 0.39036281562499997 0.35822153125 0.32771651562500004 0.3382497859375 0.3337956484375 0.38480181562500004 0.355096671875 0.3973165234375 0.39036281562499997 0.35822153125