11 0.68074375 0.55296716875 0.67943856875 0.5158293578125 0.6650821 0.4989746734375 0.597074003125 0.4782533625 0.563773675 0.48353236875 0.5349293312500001 0.5133069406249999 0.5335609203125 0.5357474140625 0.556347203125 0.573260178125 0.6107195937500001 0.591790053125 0.6538522328124999 0.5827758249999999 0.68074375 0.55296716875
11 0.60296163125 0.4207301671875 0.6059370625 0.36217942812500004 0.5743800968749999 0.3235368625 0.515795271875 0.322514259375 0.479241878125 0.34629399843750003 0.4631761296875 0.37140806249999997 0.4636923734375 0.3977882765625 0.4864104828125 0.4392066984375 0.5213227703125 0.45349005 0.55068335625 0.4500956953125 0.60296163125 0.4207301671875
11 0.6449446984375 0.19779610625 0.6005118234375 0.2253451546875 0.5966451953125 0.27899678125 0.6271746140625 0.32055154531249996 0.670034559375 0.3271599375 0.714535609375 0.295705234375 0.7190207390625 0.262575340625 0.6934926921875 0.21427089531250001 0.6449446984375 0.19779610625
11 0.5687503375 0.19841955312499998 0.6076364546875 0.20886542343749998 0.65285826875 0.192073971875 0.6779333046875 0.15441991875 0.674709384375 0.11529519375 0.6640540484375 0.110225646875 0.6423343390625 0.1235204875 0.5687503375 0.19841955312499998
11 0.664541146875 0.19423131875 0.7087744453125 0.2340718640625 0.734195290625 0.232562165625 0.7633123281249999 0.187164975 0.756250925 0.14406642187500002 0.7264422703125 0.11717490625 0.6913254609374999 0.11460851875 0.664541146875 0.19423131875
11 0.7581306375 0.09233353749999999 0.7910851578125 0.050910175 0.7977276343749999 0.0060974031249999994 0.7811456437500001 0.0048312515625000005 0.685739671875 0.0988836390625 0.7031787734375 0.10700172968749999 0.7581306375 0.09233353749999999
11 0.8934161843749999 0.0077676515625 0.783098471875 0.0048653375 0.6876925 0.098917725 0.74038475625 0.10179089375000001 0.7860156109374999 0.0615655109375 0.8150353296875 0.0776994328125 0.848301571875 0.0743732484375 0.88105156875 0.0446668546875 0.8934161843749999 0.0077676515625
11 0.7154900390625001 0.2410260640625 0.7186116984375001 0.2860092703125 0.6974423187500001 0.32373149687499997 0.728517125 0.33404102343750003 0.7571228609375 0.3179362453125 0.7774351312500001 0.2733620796875 0.7634536171875 0.2350262921875 0.7459804296875 0.228861028125 0.7154900390625001 0.2410260640625
11 0.8454239671874999 0.463054103125 0.8723495703124999 0.43129261874999997 0.8672069062500001 0.39018098125 0.8297573765624999 0.3533889796875 0.7789497734374999 0.35445555156249997 0.7599718281250001 0.3785420734375 0.756582415625 0.40485411562499996 0.7755312171875001 0.43839305 0.8027344546874999 0.44668157343750003 0.8199690359374999 0.4665166296875 0.8454239671874999 0.463054103125
11 0.81936979375 0.277024184375 0.7843211578125 0.2705521421875 0.734205175 0.3439074203125 0.7571959765625 0.3697032171875 0.7809366875 0.3525368125 0.8239329796874999 0.35133389375 0.8389370968750001 0.331084853125 0.8395165718750001 0.2978867859375 0.81936979375 0.277024184375
11 0.727528609375 0.3906730203125 0.6904248875000001 0.3900253734375 0.66675235 0.40328612656249996 0.6496590578125 0.43131238749999995 0.643907778125 0.4810242734375 0.6824530265625001 0.5109984187500001 0.7215436640624999 0.509727325 0.7626503609374999 0.44891203749999997 0.7536361328125001 0.40577939843750005 0.727528609375 0.3906730203125
11 0.7561002593749999 0.376521071875 0.7105667234374999 0.3552153453125 0.694364628125 0.3881407203125 0.75082619375 0.39889337187499996 0.7561002593749999 0.376521071875
11 0.6466006296875 0.32675089687500003 0.6019923765625 0.30839145625 0.5898663703125 0.33162086562500004 0.609467759375 0.38372870468750003 0.6452371593749999 0.4048639984375 0.6727130921875 0.39752990312500003 0.7015233484375 0.36970816093750003 0.6935366640625 0.32366332343750004 0.6466006296875 0.32675089687500003
11 0.556906909375 0.317371596875 0.5916097375 0.2876992890625 0.5945851656250001 0.22914854999999998 0.5608708546875001 0.2021888578125 0.48536811249999995 0.2751010109375 0.504248740625 0.3125456 0.556906909375 0.317371596875
11 0.45831110468749997 0.37034643125 0.493320709375 0.323098675 0.4882121375 0.280034209375 0.47169832031250003 0.2748624046875 0.3962296640625 0.3458217265625 0.421071034375 0.37751009375 0.45831110468749997 0.37034643125
11 0.322850184375 0.4090038234375 0.349542121875 0.4465847625 0.3884964125 0.45312498124999995 0.4154561015625 0.41941066875 0.4161037484375 0.3823069453125 0.3883842671875 0.3476382046875 0.3431624546875 0.364429659375 0.322850184375 0.4090038234375
11 0.4174430171875 0.417491928125 0.389285346875 0.46388257499999996 0.3879169375 0.4863230484375 0.4260872328125 0.5377782984375 0.46312278281249997 0.5423316015624999 0.505705090625 0.508889984375 0.518206053125 0.46417947187499997 0.44402775156249996 0.40525872031250004 0.4174430171875 0.417491928125
11 0.516389571875 0.456334075 0.5046434625 0.5137550078124999 0.5299961328125 0.5161509640624999 0.5766204421875 0.4749662109375 0.5702798062500001 0.44653090781250004 0.516389571875 0.456334075
11 0.63606238125 0.48284075312499997 0.6441414437499999 0.4116818515625 0.6122436125 0.392567559375 0.604948546875 0.4188114265625 0.5741172875 0.4505047359375 0.5795326421875 0.47599375312500003 0.63606238125 0.48284075312499997
11 0.510399684375 0.5197157515625 0.45332455781250003 0.54411399375 0.4490780359375 0.5635740984375001 0.47474242968749997 0.6040672328125 0.51040956875 0.6310610062500001 0.533911671875 0.6275643953125 0.562824190625 0.5938841703125 0.5630968843749999 0.57826155 0.510399684375 0.5197157515625
11 0.6479255765625 0.5865792171875001 0.5853669218750001 0.5893941 0.5789289656250001 0.62248990625 0.6056209031249999 0.6600708453124999 0.652386503125 0.6667474078125 0.6871234171875 0.635122271875 0.6978419828125 0.5806135343750001 0.67964803125 0.559785021875 0.6479255765625 0.5865792171875001
11 0.7005106296875 0.5396382421875 0.7028384125 0.5181912265624999 0.6784451125000001 0.5167887265625 0.683621859375 0.5559475375 0.7005106296875 0.5396382421875
11 0.8170568375 0.46548908593749994 0.7988628875 0.444660575 0.7676517328125 0.44216235781249996 0.74634600625 0.48769589375000005 0.7056483499999999 0.5250772515625 0.7150375343750001 0.5467287890625 0.740219771875 0.5588888828125 0.7833183234375001 0.5518274796875 0.8162728421875001 0.51040411875 0.8170568375 0.46548908593749994
11 0.6799987828125 0.6516020015625 0.7230291609374999 0.6484462546875001 0.7517712453125001 0.62453016875 0.7544058046875 0.5855077046875 0.734395375 0.5568337921875 0.6864999703125 0.5589279109375 0.69931759375 0.60798720625 0.6799987828125 0.6516020015625
11 0.5873296328125 0.700773440625 0.61031549375 0.6708966125 0.563476778125 0.6124530765625 0.5240452734375001 0.6332524421875 0.5217515796875001 0.65274663125 0.5638275296875 0.7042700546875 0.5873296328125 0.700773440625
11 0.83369711875 0.351504328125 0.877691809375 0.4050146640625 0.9071887421874999 0.39380899999999996 0.9263371234375001 0.3599583421875 0.9113962375 0.3206290984375 0.8775114921875 0.3034335453125 0.8452046187500001 0.307753184375 0.83369711875 0.351504328125
11 1 0.277832353125 0.97984251875 0.260291025 0.9174202109375 0.25529459062500004 0.8927201281249999 0.2714675421875 0.8854250625000001 0.2977114125 0.9275351000000001 0.34728200625 0.9665234765624999 0.351869396875 0.9912235578124999 0.335696446875 1 0.29796629375 1 0.277832353125