11 0.8395681312500001 0.3547534265625 0.747265365625 0.3532590328125 0.72005795625 0.37451579062499996 0.72376578125 0.40842352968749995 0.7097210015625001 0.466716721875 0.7606685046874999 0.5005213859375 0.8427680265624999 0.488956221875 0.9026243296875001 0.442191353125 0.9034733578124999 0.3871974078125 0.8395681312500001 0.3547534265625
11 0.7743746640625 0.5090915640625 0.7720974765624999 0.5757169109375 0.7565558265625 0.614148384375 0.8103596421875 0.6246902484375 0.875827978125 0.5963245859375 0.9040549656250001 0.5427244375 0.88541649375 0.4941927953125 0.8589906390625 0.4850447296875 0.7743746640625 0.5090915640625
11 0.7176151828124999 0.6428195484375 0.766792190625 0.586872259375 0.769069375 0.5202469125 0.734480675 0.48943475468750003 0.681425296875 0.4888237484375 0.6436747828125 0.5078020796875 0.6313636625 0.5279361859375 0.6393228359375 0.5672854046875 0.6287809765625 0.6210892218749999 0.6512622218749999 0.6543503578125 0.7176151828124999 0.6428195484375
11 0.589738496875 0.658602946875 0.62997110625 0.6113963874999999 0.6376222968749999 0.5651088125 0.6297993140625 0.5326635890625 0.5803818015625 0.4783849625 0.51498094375 0.48216150312500006 0.4746808609375 0.5539571890625 0.4903943046875 0.5942585109375 0.525595246875 0.6280975328125 0.5471243890624999 0.669112934375 0.589738496875 0.658602946875
11 0.5452152171875 0.4602925015625 0.6228266015624999 0.5013066640625 0.6589109328125 0.495898296875 0.696525253125 0.47001597031250003 0.7151281265625 0.4467188109375 0.7213511609375 0.4120626359375 0.7142422578125001 0.3738017125 0.6820681765625001 0.33935044531249997 0.5865679984375001 0.3158177453125 0.534465965625 0.363534715625 0.5225634203125 0.4043808078125 0.5258970265625 0.4333231171875 0.5452152171875 0.4602925015625
11 0.483770134375 0.9446961484375 0.5167588859375 0.9084069093749999 0.5292393171875001 0.8548411203124999 0.5132878484375001 0.8164783625 0.4648580390625 0.8262742718749999 0.42632473125 0.81957518125 0.3933347390625 0.7997821796875 0.364425546875 0.762780103125 0.3414032546875 0.8701497078125 0.3868418 0.9327948453125 0.45302545156249996 0.954695725 0.483770134375 0.9446961484375
11 0.434078996875 0.8205272859375 0.4689731984375 0.8248117546874999 0.5077101734375 0.8138257171875001 0.5305643984375 0.795970040625 0.5493709390625 0.75498775625 0.5399480078125001 0.655441134375 0.5191673015625 0.6243565921875 0.467981771875 0.592490496875 0.42679582031249996 0.5913690796875 0.389181496875 0.6172514078125 0.35558174375 0.706596028125 0.38228122343750004 0.785634328125 0.434078996875 0.8205272859375
11 0.2908274890625 0.729145990625 0.24529083125 0.8435901421875001 0.191964309375 0.8852533859375 0.23614400624999998 0.9260982421874999 0.2865123828125 0.916540359375 0.3224261640625 0.8884814375 0.3527953890625 0.8174341890625 0.34469877968749996 0.7150987296875 0.2908274890625 0.729145990625
11 0.139657365625 0.8945732421875 0.20937705156250003 0.8716490609375 0.241175671875 0.84505265625 0.28433206875 0.749994171875 0.2931046765625 0.66252064375 0.2767789875 0.61919245625 0.23807512968750003 0.5898428124999999 0.12927736875 0.57845191875 0.093703446875 0.5957297109375 0.063129315625 0.6283798421875 0.0358213125 0.71456140625 0.0262671515625 0.83243975625 0.139657365625 0.8945732421875
11 0.2926298625 0.7224800203124999 0.349391825 0.7009165187499999 0.376870378125 0.6373855125000001 0.3897925015625 0.5641960296875 0.3722423265625 0.514814115625 0.34710843593749996 0.48713065312500003 0.283577428125 0.459652103125 0.24048726718750002 0.47403921875000005 0.204098675 0.5620575171875 0.2821186375 0.62378366875 0.295043240625 0.6627586703125 0.2926298625 0.7224800203124999
11 0 0.5893788843750001 0.06105455625 0.621237821875 0.11570740156249999 0.5767857359375 0.20321404687500003 0.5452226609374999 0.21929922500000001 0.47832493125 0.1763771328125 0.4031981203125 0.1453257078125 0.38364314374999997 0.10267724062500001 0.3784065703125 0.004560015625 0.43228034531250004 0 0.47150936874999994 0 0.5893788843750001
11 0.1028453109375 0.28889264375 0.11913663593749999 0.316474271875 0.111927140625 0.343138153125 0.150834665625 0.3548026703125 0.204366096875 0.3515365390625 0.24198041718750002 0.3256542140625 0.268779253125 0.28368546562499997 0.28006955 0.239812509375 0.274797378125 0.2106321734375 0.1878342609375 0.21372899531249998 0.1269558984375 0.1806727703125 0.1045777265625 0.1946513125 0.0941033390625 0.22386600625000003 0.1028453109375 0.28889264375
11 0.0406381421875 0.1464607703125 0.0063623890624999995 0.42561437656249995 0.0604373484375 0.39388198750000003 0.0947180640625 0.3390573515625 0.0954640203125 0.2368237265625 0.0406381421875 0.1464607703125
11 0.14852848125 0 0.10593592656249999 0.0954445484375 0.145967346875 0.17808759999999998 0.16987675 0.199717334375 0.2171507875 0.215360821875 0.26728113750000004 0.20774150468750002 0.3029568921875 0.18162115 0.32251186875000004 0.15056972500000002 0.3295152171875 0.029426485937500003 0.308261765625 0 0.14852848125 0
11 0.058005375000000005 0 0.047064846874999997 0.09411946875 0.079748096875 0.08435791718749999 0.113723309375 0.056060971875 0.1405221421875 0.0140922234375 0.1448048109375 0 0.058005375000000005 0
11 0.1605274984375 0.3559928015625 0.1149883609375 0.35827246874999996 0.101928803125 0.3684757125 0.176615159375 0.40125955625 0.22378860312499999 0.4818278453125 0.27204786406250003 0.44938138125 0.273883353125 0.402379728125 0.240246759375 0.36381330156249997 0.1605274984375 0.3559928015625
11 0.3343163 0.286812921875 0.2821786671875 0.26270109375 0.22181319687499998 0.3536787734375 0.26354391875 0.3824161734375 0.2770807671875 0.424418040625 0.29296351875000004 0.431287678125 0.3535338984375 0.3787071109375 0.3624439390625 0.354219821875 0.3343163 0.286812921875
11 0.3597569328125 0.3440509359375 0.382952259375 0.371496371875 0.47532374062500005 0.404483884375 0.5189917890625 0.37737706718749997 0.5525584265625 0.3283681296875 0.5645971609375 0.294426034375 0.563507625 0.23919406250000003 0.531809596875 0.2008656625 0.49109969531250003 0.195867115625 0.462700915625 0.1707344625 0.4251540703125 0.1720276703125 0.375466653125 0.21610553437500002 0.3488727296875 0.296471396875 0.3597569328125 0.3440509359375
11 0.339242409375 0.046363175 0.3246884625 0.14886918437500002 0.28231361875 0.21352284687499998 0.28527300625 0.237499725 0.3162900734375 0.2413081421875 0.42695644374999997 0.16536169843749998 0.4329070953125 0.11689753124999999 0.4126024421875 0.08193585625000001 0.339242409375 0.046363175
11 0.5684399390625 0.2791555265625 0.5811939921875 0.2954799703125 0.61370793125 0.319150109375 0.6580569390625 0.326563275 0.6982564296875 0.31969239531250004 0.7274024046875 0.2986736640625 0.7520246484374999 0.25840545625 0.7582476828125 0.2237492828125 0.727943453125 0.15804292343749998 0.6932529203125 0.136073325 0.6583587203125 0.13178885625 0.5812589859374999 0.158726365625 0.557045321875 0.21970656093750002 0.5684399390625 0.2791555265625
11 0.5070474421875 0.0659831453125 0.46198435625 0.06438568125000001 0.43324695625 0.10611640156249999 0.43518676406249995 0.1624366703125 0.4871882046875 0.179644503125 0.524258996875 0.182228434375 0.5788100093749999 0.1466189125 0.5776873546875 0.13172262343750002 0.5070474421875 0.0659831453125
11 0.51498961875 0 0.510583475 0.0211580859375 0.52595705625 0.0722405421875 0.588094265625 0.12709705468750002 0.622750440625 0.13332008906249998 0.65373315 0.121381946875 0.7188947406249999 0.06346173125 0.7294709609375001 0.025404475 0.5300328078125001 0 0.51498961875 0
11 0.8495983453125 0.232997940625 0.8179346734375 0.21041610156249999 0.7672939140625 0.2061659890625 0.746243303125 0.2734379375 0.7050585921875 0.3283987671875 0.717948840625 0.3516272078125 0.8366431015625 0.34652310625 0.8519810859374999 0.32577675781250004 0.8593942531250001 0.28142775000000003 0.8495983453125 0.232997940625
11 0.83544676875 0.075804728125 0.8380306953125001 0.038733934375 0.7344363921875 0.02503025625 0.7254245171875 0.058360109375000004 0.6830153171875 0.1072672125 0.693490946875 0.1341347609375 0.7403232890625 0.169401940625 0.766000709375 0.16861914218750002 0.8113349375000001 0.1279423609375 0.83544676875 0.075804728125
11 0.8426918656250001 0.1209696484375 0.7946706328124999 0.1514775453125 0.78593114375 0.1986153921875 0.8560262875 0.23673888125000003 0.8851047890625001 0.240309271875 0.9292488875 0.20932532343750002 0.9424777546875 0.16569039218749998 0.9049640265625 0.1266479171875 0.8426918656250001 0.1209696484375
11 0.8516362624999999 0.11222892031250001 0.9418311515625 0.146916971875 0.9525779218749999 0.1315102703125 0.9447892984375 0.11481160625 0.9558759296874999 0.0886237765625 0.95216810625 0.0547160390625 0.86238179375 0.0407399765625 0.8516362624999999 0.11222892031250001
11 0.863645603125 0.2868692328125 0.83616705 0.3504002375 0.8962969765625 0.3735256046875 0.9084375484375 0.330740946875 0.886194325 0.29554124375 0.863645603125 0.2868692328125
11 0.748735325 0.69386764375 0.7989000328125 0.701994890625 0.8270939046875 0.6887304249999999 0.8437582125 0.665195240625 0.8525995343749999 0.60921483125 0.8893635828124999 0.5822442078125001 0.9023887828125 0.5562944046875 0.900857553125 0.520686125 0.88541649375 0.4941927953125 0.8468831859374999 0.48749370625 0.7741366375000001 0.51103013125 0.7692068078125 0.5832331515625 0.7244173453125 0.65152591875 0.748735325 0.69386764375
11 0.7032992609375001 0.743386990625 0.66548003125 0.730872203125 0.6283074046875 0.7371308390625 0.6255541640625 0.80763331875 0.5882465875 0.863070196875 0.609367153125 0.8833736125 0.6500770546875 0.888372159375 0.7153073609375 0.8619450625 0.7323790046875 0.803039625 0.7032992609375001 0.743386990625
11 0.620248878125 0.8187886671875001 0.626130809375 0.7388313796875 0.6088530203125 0.703257459375 0.5796039703125 0.6770365140625 0.5472605781250001 0.6760169312500001 0.5484188359375 0.7627420234375 0.5176410328125 0.81307728125 0.5302257781249999 0.8628334140625 0.5461085296875 0.8697030531250001 0.5891986921875 0.85531593125 0.620248878125 0.8187886671875001
11 0.5342391046875 0.8702134625 0.518935478125 0.9067063687499999 0.481117490625 0.9502738234375 0.5184606671875 0.9666657453124999 0.5748827703125 0.9558833734375 0.5991651515624999 0.9263962984375 0.60246315625 0.8835098046875001 0.5804923203125 0.86211809375 0.5342391046875 0.8702134625
11 0.696568296875 0.878338225 0.716158871875 0.9191156015624999 0.7190851421875 0.9834281624999999 0.77584710625 0.9618646625 0.79390520625 0.9109515171875 0.7806407421875 0.8827576468749999 0.7406105625 0.8561968390624999 0.696568296875 0.878338225
11 0.70573035 1 0.715820253125 0.9859789734375 0.715479153125 0.9406778609374999 0.6839847921875 0.8846643359374999 0.6091291265625001 0.8853121796875 0.5850516546875 0.9531963734375 0.6170361484375 1 0.70573035 1
11 0.800059528125 0.8448022234374999 0.75914471875 0.8014065625000001 0.7386719953124999 0.8559588124999999 0.785980390625 0.88734885625 0.800059528125 0.8448022234374999
11 0.6063773734375 1 0.576345284375 0.9599985359375 0.5160460484375 0.9703048531249999 0.502604453125 1 0.6063773734375 1
11 0.3414376125 0.88589626875 0.26182142656249996 0.92531544375 0.26015524375 0.9388854125 0.261686475 0.974493690625 0.4109561109375 0.9928216984375 0.417349696875 0.9808160796875001 0.416192684375 0.95017323125 0.38102610000000003 0.9320807671875 0.3414376125 0.88589626875
11 0.4482893625 0.56055568125 0.4921610796875 0.5157637390625001 0.49471064687500005 0.4629463859375 0.47960945156249996 0.42567192499999995 0.4542375328125 0.3999270296875 0.4091400890625 0.38258300312500004 0.369892703125 0.381699615625 0.3288772984375 0.40322875781249995 0.30629546093750004 0.43489242656249993 0.3659162171875 0.5022306109375 0.39475793124999997 0.563821809375 0.4482893625 0.56055568125
11 0.319434540625 0 0.3374056765625 0.037282584375 0.36597376718749997 0.028983551562499998 0.3893321421875 0 0.319434540625 0
11 0 0.8523455562500001 0.006677815625 0.847744621875 0.024973948437499997 0.7948929109375 0.0261272390625 0.657289034375 0 0.6191649546875 0 0.8523455562500001
11 0.5006892328125 1 0.475098121875 0.9672448703125 0.4273480328125 0.9554785203125 0.41483324374999997 0.99329775 0.490385996875 1 0.5006892328125 1