11 0.5470387328124999 0.8339742046874999 0.567884496875 0.8653816687500001 0.6039208281249999 0.8868283046875 0.6953874609375 0.89553348125 0.751631365625 0.8486080609375 0.7615797515625 0.8080575203125001 0.75592455 0.76668923125 0.70910135 0.70849488125 0.6132185781249999 0.6907571406249999 0.582219990625 0.7038011140625 0.5602581140625 0.73100931875 0.5470387328124999 0.8339742046874999
11 0.45116010781250004 0.834816834375 0.501978128125 0.8541044421875 0.5432400515625 0.83181931875 0.5428145921875001 0.7652996390625 0.5631285296875 0.713557503125 0.5269858328125 0.675480946875 0.48725718906250004 0.6685093421875 0.4468213078125 0.7123516125 0.41561828125 0.7292964828125 0.41059298125000004 0.7505469765624999 0.45116010781250004 0.834816834375
11 0.3200587546875 0.7800288734375 0.2919347296875 0.7942013984375 0.2606377765625 0.8502574515625 0.2669145859375 0.9170837890625 0.2847835703125 0.9493131484375 0.34094184375 0.9786596515625 0.3781025796875 0.97865135625 0.41433505468750004 0.9590363625 0.450043996875 0.8934325031249999 0.4502401390625 0.8523708703124999 0.43318890468750004 0.8045379234375 0.41378249375 0.78298491875 0.3661498359375 0.777554890625 0.3200587546875 0.7800288734375
11 0.16272722343749998 0.9458501546875 0.2095379828125 0.9483034031249999 0.23591185 0.9115473937499999 0.2403155484375 0.8648388515625 0.22685855312499997 0.8230616890625001 0.1902047625 0.7947373703125 0.16392481875 0.792382196875 0.0816054078125 0.8330515421875001 0.074237371875 0.9363230843749999 0.1005256078125 0.9758389968750001 0.16272722343749998 0.9458501546875
11 0 0.974004925 0.0242536859375 0.975753365625 0.05678555625 0.9334526671875001 0.06354028125 0.841883815625 0.055734340625 0.822894575 0.011487342187500001 0.8088408515625 0 0.7969642125 0 0.974004925
11 0 0.7870180312499999 0.011691778125 0.8049399578124999 0.04433830625 0.8164299156249999 0.0972048484375 0.8152889234374999 0.1470904609375 0.796389459375 0.1768541328125 0.769590128125 0.183625446875 0.7523427500000001 0.14656278125 0.7318202265625 0.10918516874999999 0.6799883125 0 0.7189100625 0 0.7870180312499999
11 0.1244820984375 0.6866574062499999 0.150565896875 0.7300742140625001 0.1946084578125 0.7480288296875 0.24922101093750001 0.750890953125 0.2808370578125 0.7447246578125 0.3246627421875 0.7108390671875 0.33511392500000003 0.6233755484375 0.3067730234375 0.5857078671875 0.25030809375 0.5622127078125 0.1948819390625 0.593534540625 0.146329315625 0.6056585453125 0.1244820984375 0.6866574062499999
11 0.430911065625 0.7173852093749999 0.4603680828125 0.6964372234375 0.4733996125 0.6716947078125 0.4664072765625 0.6185215093750001 0.40408685625 0.576139328125 0.3284365375 0.6015117421875 0.34014752187499997 0.6392857921874999 0.3268176296875 0.7070403890625 0.337187328125 0.7144291609375 0.430911065625 0.7173852093749999
11 0.3239181828125 0.594429628125 0.3931038421875 0.5804532453125 0.429229953125 0.5442083296875 0.3766617734375 0.5023372421875 0.36064101718749997 0.4721605484375 0.36032606718750004 0.4408511578125 0.3488278171875 0.43633694843750004 0.2726664046875 0.47146160625 0.25954094843750003 0.53531530625 0.261393325 0.555948340625 0.3239181828125 0.594429628125
11 0.5716334125 0.6445721343749999 0.5948302078125 0.6311192859375 0.6015932281249999 0.576711171875 0.5970707234375 0.5510486875 0.58372424375 0.5444818109375 0.550877425 0.555473115625 0.437955859375 0.545643540625 0.4350895921875 0.5816757234375001 0.49186946875000004 0.636480271875 0.5716334125 0.6445721343749999
11 0.639702959375 0.689211421875 0.7063248578125 0.6868355109375 0.7446058546875001 0.6467919171875 0.7537281953125 0.5846842265625 0.7400709109375 0.5653883265624999 0.691105265625 0.566733759375 0.6428510046875 0.53584568125 0.6164729906249999 0.554021321875 0.6033392375 0.5807142859375001 0.6017120328125001 0.6490821953125 0.639702959375 0.689211421875
11 0.325599296875 0.7676065046875 0.3376003484375 0.7252077359375 0.3224056359375 0.71658819375 0.272728609375 0.7501671296875 0.1906053421875 0.7497748421875 0.1847581453125 0.7680485546875 0.207554359375 0.7995582390625 0.2540584625 0.8078628296874999 0.325599296875 0.7676065046875
11 0.494647584375 1 0.5015982828125 0.9919688109375 0.5176024515625001 0.94782403125 0.514408790625 0.8968057187499999 0.49900549375000003 0.8735067031250001 0.4577352765625 0.8586310890625001 0.43824738124999996 0.931930375 0.3826209375 0.9857334734375 0.3850866234375 0.99466381875 0.4869070265625 1 0.494647584375 1
11 0.5196468249999999 0.9088150640625001 0.53002066875 0.9347842046875 0.5664700234375 0.96700941875 0.6495215515625 0.9870084078125 0.6753884718750001 0.9785850078125 0.7074092484375 0.9460365515625 0.71428278125 0.926838725 0.705241921875 0.894094125 0.6231186546874999 0.8937018374999999 0.5809243234375 0.8777998874999999 0.5405740734375 0.8453702390625001 0.5217934171875 0.8678556499999999 0.5196468249999999 0.9088150640625001
11 0 0.7148926328125 0.0283009640625 0.7119317515625 0.10240970625000001 0.6786553234375 0.124167146875 0.6553480140625 0.1358615453125 0.618800590625 0.13667929375 0.603197003125 0.103517525 0.5828789203125 0.0599777625 0.5180113265624999 0.0297969234375 0.5154517109375 0 0.5230767796875 0 0.7148926328125
11 0.0697258578125 0.49994205 0.0664465640625 0.525195659375 0.08061908906250001 0.553319684375 0.135959615625 0.5982697734375 0.171169903125 0.598159259375 0.2210555171875 0.579259796875 0.2620024890625 0.5256652828124999 0.26620175 0.4828576390625 0.2522336609375 0.4508327171875 0.215477653125 0.42445885156249996 0.16794721562499998 0.417078371875 0.1153914765625 0.43094838593749996 0.0697258578125 0.49994205
11 0.26999628124999997 0.46643215781249997 0.3337353234375 0.4257669578125 0.3356816234375 0.40728880937499995 0.2412340625 0.3808251625 0.1730581484375 0.31955595625 0.1508876890625 0.3320846890625 0.1270817265625 0.37582059375 0.1374597203125 0.42037010468749997 0.20983074531249998 0.4202512953125 0.26999628124999997 0.46643215781249997
11 0.13476471406249999 0.30385844375 0.1205921890625 0.27573441875000004 0.0840406171875 0.24545965625 0.013207018749999999 0.23490210312499998 0.0033940265625 0.4221451421875 0.078435178125 0.42705578437499997 0.118155528125 0.3968666515625 0.1366212375 0.3430718484375 0.13476471406249999 0.30385844375
11 0.2437605015625 0.2020013765625 0.2169694640625 0.20939844062500002 0.1846420328125 0.24779824375 0.1765418796875 0.29040145 0.1880484234375 0.3320763953125 0.2242933390625 0.36820250468750004 0.27757704843750003 0.39642045625 0.337734290625 0.405440578125 0.3715052234375 0.39547560625 0.384745340625 0.3854125609375 0.40321105 0.3316177578125 0.40761474375000006 0.2849092171875 0.3972409 0.25894007812500003 0.3149007546875 0.20670757968750003 0.2437605015625 0.2020013765625
11 0.1870013578125 0.24009866875000002 0.22415379687499998 0.20292963749999998 0.2017706046875 0.18219853125000002 0.172313590625 0.2031465171875 0.10045780625 0.21209344843750003 0.0985156515625 0.2491519671875 0.143797278125 0.29944230625 0.1739781171875 0.3020019203125 0.1870013578125 0.24009866875000002
11 0.172415809375 0.2011960671875 0.2190096890625 0.1518091078125 0.2242311359375 0.0894969796875 0.1979429 0.0499810671875 0.1525632015625 0.02022154375 0.10677877656250001 0.0168441796875 0.0704399359375 0.01982925625 0.023020010937499998 0.047659065625000004 0.018011296875 0.1432310328125 0.0409097296875 0.17279026875 0.0826951875 0.196494009375 0.1134934859375 0.2059313015625 0.172415809375 0.2011960671875
11 0.3111020765625 0.204552696875 0.37793670625 0.2354366265625 0.403701409375 0.228963675 0.439001475 0.171161609375 0.4283126796875 0.11388307812500001 0.395559784375 0.0857631984375 0.3207230734375 0.07695165937500001 0.2939320359375 0.0843487265625 0.2519545796875 0.120286984375 0.234314915625 0.1956389375 0.3111020765625 0.204552696875
11 0.42638710937499996 0.22526306875 0.392207303125 0.243029834375 0.40987185000000004 0.27916009062499997 0.41553534687499993 0.35768911718749996 0.4986849453125 0.35715728750000003 0.5048222124999999 0.258710759375 0.47206931875 0.23059087812499998 0.42638710937499996 0.22526306875
11 0.42610948281249994 0.361176990625 0.3761257984375 0.4006072734375 0.35961053593750003 0.4545042953125 0.3713215203125 0.49227834374999996 0.4114673328125 0.5286088921875 0.45540767656250003 0.5485139546875 0.5352738375 0.5546553671875001 0.582902346875 0.541505028125 0.602913778125 0.51419460625 0.59540205 0.4336129140625 0.57753306875 0.4013835546875 0.50043095625 0.36116040625 0.4487951859375 0.3574763859375 0.42610948281249994 0.361176990625
11 0.6878784312499999 0.3670724984375 0.6504151859375 0.39151250625 0.619633475 0.4563966875 0.6196417703125 0.493557425 0.6376129703125 0.5238363359375 0.6969566109375 0.567040415625 0.7322691171875 0.5649794515625 0.774557375 0.5417702171875 0.810266315625 0.47616635937499996 0.8069704359375001 0.4270984953125 0.7892036734375 0.39291868750000003 0.7524476625000001 0.3665448203125 0.7144650296874999 0.36357633125 0.6878784312499999 0.3670724984375
11 0.604434615625 0.429196778125 0.6242457546875 0.42436761875 0.6507218421875 0.38566116250000004 0.6812051921875 0.3637890625 0.6886837390625 0.29572780781249997 0.6555136781249999 0.23824898593750002 0.5848845171875 0.2237905390625 0.5221718109375 0.2635316234375 0.505767059375 0.352638934375 0.5674700234375 0.3881434390625 0.604434615625 0.429196778125
11 0.7755463859375 0.3736227875 0.8189549015625 0.3103782515625 0.8248918765625 0.2344129875 0.7929567343749999 0.190689521875 0.7433736296875 0.1851572734375 0.706217040625 0.20374593281250003 0.673685171875 0.2460466328125 0.6903275328125 0.301681371875 0.685412740625 0.3581421546875 0.7755463859375 0.3736227875
11 0.5595286875000001 0.222461696875 0.567007240625 0.15440044375 0.5423627953125 0.1208380953125 0.5024255671875 0.0991870171875 0.4721425078125 0.098577853125 0.43775826406249996 0.12024551562500001 0.44084970625000003 0.1732142765625 0.428950871875 0.21366259843750002 0.5176534546875 0.25644950624999996 0.5595286875000001 0.222461696875
11 0.573991284375 0.1704129046875 0.5715380375 0.2172236640625 0.626972484375 0.2230625671875 0.6710150453125 0.2410171828125 0.7043688109375 0.20169326875000002 0.7394727343749999 0.1849528359375 0.7405971390625 0.1634979046875 0.71020356875 0.1276784515625 0.6450168781250001 0.121328453125 0.612578934375 0.1245179671875 0.5892799203125 0.1399212625 0.573991284375 0.1704129046875