11 1 0.18078474375 0.9908424531250001 0.16642785 0.9004812859375001 0.150138575 0.859751984375 0.176315959375 0.8413508796875 0.22382702187499998 0.8494596218750001 0.253784646875 0.8790937609375 0.2851740921875 0.950164140625 0.2984080046875 0.9973876140625 0.28116908125 1 0.2701085609375 1 0.18078474375
11 1 0.307237684375 0.994532953125 0.305435334375 0.9163393828125 0.324690225 0.880079309375 0.34762052187500003 0.8619837421875 0.3932025046875 0.8838925953125001 0.44215435625 0.9129246390624999 0.45861740624999997 1 0.443577059375 1 0.307237684375
11 0.825681653125 0.29154547656249996 0.8379810093750001 0.2638314390625 0.8265382984375 0.198740021875 0.7859407546875 0.1616592015625 0.715673171875 0.168327146875 0.6896695640625 0.18892696874999998 0.67787644375 0.21968739375 0.6940849484375 0.29838719999999996 0.721484475 0.3314001890625 0.77824850625 0.3225934875 0.825681653125 0.29154547656249996
11 0.7913147609375 0.389919521875 0.7495729875 0.41000413125 0.7359466515624999 0.4523390296875 0.8239414437500001 0.53351004375 0.841303153125 0.53625986875 0.8772576890625 0.5152586515625 0.89423595 0.47048844062499995 0.855375759375 0.409953140625 0.7913147609375 0.389919521875
11 0.8059776359375 0.5158338265625 0.7589817859375 0.48169455625 0.7092271359375 0.483701546875 0.651537521875 0.5170800375 0.6482814625 0.5313953609375 0.6646037765624999 0.5844060703125 0.68866035625 0.60106981875 0.7692802671875001 0.6039514015624999 0.8061514140625 0.5771629484374999 0.8059776359375 0.5158338265625
11 0.681114553125 0.24294117499999998 0.663360421875 0.21145587031250002 0.6320937625 0.19661636093749998 0.5663912734375 0.2119172328125 0.5445423859375 0.249983596875 0.5482777578125 0.29506831875 0.6010428953125 0.367693303125 0.655467475 0.36741468906249997 0.6905323265625001 0.2958470484375 0.681114553125 0.24294117499999998
11 0.6821029578125 0.0868775171875 0.64912586875 0.0391388328125 0.589018890625 0.0315962953125 0.5367151140625 0.055940462499999996 0.496980334375 0.1257797203125 0.5045738640625 0.17147551562500002 0.527713834375 0.1939265 0.6060991312499999 0.1984316265625 0.6751714921875 0.1431263390625 0.6821029578125 0.0868775171875
11 0.8509183609375001 0.1759055859375 0.9059719609375 0.1341997109375 0.9192058765625 0.06312933125 0.8261038578125 0.0454172140625 0.8030148765625 0.128769 0.8174170875 0.162689621875 0.8509183609375001 0.1759055859375
11 0.751522871875 0.1542304765625 0.7958047968749999 0.13059324218749999 0.8222457000000001 0.044806142187499995 0.6563449234375 0.018530040625 0.653900634375 0.0339626703125 0.6843375734375 0.08525397500000001 0.6852272578124999 0.1358203984375 0.751522871875 0.1542304765625
11 0.75630375625 0.34877984375 0.7957839921875001 0.3866724328125 0.8597581015625 0.37604149375 0.8833443421875 0.3145206453125 0.8372830499999999 0.2370250359375 0.825681653125 0.29154547656249996 0.7576307390625 0.3341589859375 0.75630375625 0.34877984375
11 0.736479809375 0.39903175625 0.75316150625 0.337406071875 0.7156972390624999 0.3304835796875 0.693674575 0.30722082031250003 0.6598318671875 0.371072146875 0.70662701875 0.400235953125 0.736479809375 0.39903175625
11 0.6297694046875 0.3860854296875 0.595132875 0.4112503421875 0.580589928125 0.45937247656249997 0.6088970890625001 0.505382778125 0.6510312875 0.51403365 0.7000879765625 0.48522025468749996 0.708948521875 0.4292769703125 0.6747492890625 0.38925460156249997 0.6297694046875 0.3860854296875
11 0.5952466828125 0.3855612453125 0.563797275 0.32817716875 0.524508765625 0.3140445953125 0.46448867656250004 0.33716661875 0.43846711875000005 0.39533554375 0.45244998281250004 0.45687434062500004 0.5040199000000001 0.4808619796875 0.5685092187499999 0.454492871875 0.5888304265625 0.4260719 0.5952466828125 0.3855612453125
11 0.4154499328125 0.328410909375 0.4559605875 0.3348271671875 0.49790306093750003 0.319718021875 0.5223969375 0.271194490625 0.5201802718749999 0.235248928125 0.5018150640625 0.207621778125 0.42638926718750003 0.171945853125 0.36251999375 0.17567225 0.3253343375 0.22317433750000001 0.323186609375 0.255462440625 0.3455058359375 0.2955806734375 0.4154499328125 0.328410909375
11 0.34945985625 0.3080717515625 0.3119776390625 0.338718365625 0.3046537484375 0.36623170312500003 0.3125528140625 0.40999841875 0.3266584625 0.42706356718749994 0.400766253125 0.45857579531250003 0.43996787812499993 0.44204380781249997 0.4418459640625 0.336546571875 0.34945985625 0.3080717515625
11 0.49079170000000005 0.11491218437499999 0.4210393265625 0.10584196406249999 0.382325990625 0.16298944375 0.5077071375 0.2016338421875 0.49079170000000005 0.11491218437499999
11 0.398460271875 0 0.40217685937500003 0.056383876562500004 0.42449608593750005 0.09650210625 0.469266296875 0.113480365625 0.503693153125 0.1021245421875 0.5357026453125 0.0498476890625 0.540600196875 0.00019787656250000002 0.53908735 0 0.398460271875 0
11 1 0.4871002578125 0.9679513156249999 0.473265190625 0.9040820421875001 0.47699158593749996 0.8705448703125 0.5389138328125 0.87601759375 0.560544071875 0.9095098953124999 0.5925445890625001 0.988296590625 0.6070006453125 1 0.5368646265625 1 0.4871002578125
11 0.7693222828125 0.728538728125 0.8027276953125 0.729874684375 0.8214163843750001 0.71800365 0.835243421875 0.6806442171875 0.8588117140625 0.656692475 0.8629933578125 0.6178053640625001 0.8388409156250001 0.58926160625 0.8146794984374999 0.5795023984375 0.7699872015625 0.6119732531250001 0.7271370953125 0.614085084375 0.7125941499999999 0.66220721875 0.732879459375 0.7089244531250001 0.7693222828125 0.728538728125
11 0.7722638328125 0.7349370390625001 0.720789778125 0.722829403125 0.685017990625 0.78637519375 0.71220784375 0.83319726875 0.7107670515625 0.873507225 0.751888778125 0.8760653250000001 0.7895806703125 0.8316096249999999 0.7925581187499999 0.7628697234375 0.7722638328125 0.7349370390625001
11 0.891710890625 0.65498204375 0.839407115625 0.6793262109375 0.8232406265625001 0.7252137296875001 0.8379394015624999 0.775989825 0.8742773859374999 0.8025086390625 0.959585175 0.7695495 0.9715969421875 0.7061954359375 0.9467375671875 0.6696298265625 0.891710890625 0.65498204375
11 0.9329945625 0.9561639078124999 0.95824921875 0.8029549109375 0.9053523203125 0.7935881296875 0.8783362421875 0.8080951781250001 0.8662375859375 0.8407846796875 0.8797142140625 0.8992770906249999 0.9329945625 0.9561639078124999
11 0.752691575 0.895967184375 0.771850603125 0.9622807468750001 0.87510425 0.9845669296875 0.896333090625 0.9691432750000001 0.8979745828125001 0.9338087843749999 0.851206353125 0.8482913218749999 0.7866301453125 0.8439958671875001 0.752691575 0.895967184375
11 0.7017596515625 0.811767728125 0.6275649750000001 0.7495909375 0.600252334375 0.7472425125 0.5591216328125 0.7634689640625 0.5363471640624999 0.8261071187500001 0.5977362515625 0.9129515640625 0.6290029109375 0.9277910687500001 0.6759208484375 0.912481225 0.7041680453125 0.871473309375 0.7017596515625 0.811767728125
11 0.7223547453125 1 0.72117036875 0.988859528125 0.661186178125 0.9368433406250001 0.5930573484375 0.9300077359375001 0.5613533921875 0.9803555078124999 0.5625648156249999 1 0.7223547453125 1
11 0.5080999671875001 0.8671150359375 0.5164962921875 0.9327126874999999 0.5434944234375 0.9557747437499999 0.565019825 0.9572065625 0.59367739375 0.907365025 0.533100078125 0.8216378890625 0.51572939375 0.8376726171875 0.5080999671875001 0.8671150359375
11 0.648131753125 0.632222665625 0.591358746875 0.6598139187500001 0.57864901875 0.6963615812499999 0.598838465625 0.731198809375 0.6815791796874999 0.758145946875 0.7078883234375 0.7356170484375 0.715928125 0.6973410078125 0.6893493421875 0.6466607734375 0.648131753125 0.632222665625
11 0.60238496875 0.5340134265625001 0.5873088640625 0.635442828125 0.5933926640625 0.6532149109375001 0.6530113546874999 0.6201419593749999 0.6626747 0.584100534375 0.6421886890625 0.5324078328125 0.6103109578125 0.52142648125 0.60238496875 0.5340134265625001
11 0.584864575 0.650875459375 0.6019745953125 0.542847046875 0.5731612 0.49379035625 0.5130542218749999 0.48624781875 0.48614298125 0.493850321875 0.459318628125 0.5321173875 0.4523961359375 0.5695816546875 0.4603910640625 0.625228378125 0.493979225 0.6691089046875 0.5463698890625001 0.6754293015624999 0.584864575 0.650875459375
11 0.48685603437499997 0.7015977062500001 0.475027015625 0.8074963421874999 0.5022348171875 0.8167493125 0.5395073609375001 0.7999117874999999 0.5677725062500001 0.7213347671875 0.535196815625 0.6835470124999999 0.5020969390625 0.680281978125 0.48685603437499997 0.7015977062500001
11 0.475027015625 0.8074963421874999 0.479951490625 0.701492871875 0.44626746562499997 0.6457323359375 0.396416953125 0.635859321875 0.36249633281250004 0.6502615296875 0.3397398125 0.67533058125 0.33596854062500003 0.705384071875 0.34253165 0.7825561953125 0.3758142765625 0.8283658 0.42150109531249996 0.8395568234375 0.475027015625 0.8074963421874999
11 0.361501809375 0.6065996546875 0.3739749421875 0.6402147406250001 0.44921799062499995 0.6333460921875 0.45683844218749997 0.622688228125 0.4463213125 0.533025021875 0.41992528125 0.52488935625 0.39544935468750003 0.535843784375 0.361501809375 0.6065996546875
11 0.3981991796875 0.518482075 0.37375915000000004 0.45429828906249997 0.3257418546875 0.4328508015625 0.2718145375 0.45496035468749996 0.25473144062499997 0.50663510625 0.258685459375 0.519126190625 0.3227464578125 0.539159809375 0.35552284843750004 0.5819230296875 0.3821375296875 0.55746505 0.3981991796875 0.518482075
11 0.3453712203125 0.5773489609375 0.3208173796875 0.5388542734375 0.2600034671875 0.52328988125 0.2112523125 0.5501742000000001 0.1938636796875 0.603778034375 0.20359596406249997 0.635970275 0.229371946875 0.6667486484375 0.290185859375 0.6823130390625 0.328680546875 0.6577591984375 0.3453712203125 0.5773489609375
11 0.14765879531249998 0.8268352640625001 0.16724614531249998 0.8467460984375 0.21841466406249999 0.8607828109375 0.2536532921875 0.85054429375 0.3033210546875 0.8178727374999999 0.328111490625 0.7862046796875 0.3380803703125 0.7482341765625 0.332005546875 0.7116775421875 0.302772803125 0.6902390265625 0.273836621875 0.6856559859375 0.22062521249999997 0.6970028359375 0.16039544687500001 0.7339339453125 0.1410777359375 0.78723224375 0.14765879531249998 0.8268352640625001
11 0.4899340890625 1 0.514567215625 0.9324071515625001 0.5064674499999999 0.8836649718749999 0.4756111640625 0.8599918421874999 0.36737307812500003 0.856690909375 0.33619330625 0.8725159640625 0.319607471875 0.9460216578124999 0.328222446875 0.9790256718749999 0.4606491484375 1 0.4899340890625 1
11 0.308530259375 0.9660193796875 0.3348753 0.868352271875 0.297009634375 0.8514788484375 0.2595274171875 0.8821254609375 0.2496633734375 0.9131914218749999 0.2886284 0.9668221796875001 0.308530259375 0.9660193796875
11 0.1398017453125 0.9076558718750001 0.11023654218750001 0.9445000953125 0.2852764796875 0.9692574921875 0.2658988015625 0.9355375671875 0.23067812187499998 0.90820698125 0.1398017453125 0.9076558718750001
11 0.238909646875 0.893690959375 0.2841081796875 0.8642664906249999 0.2953950640625 0.83045968125 0.23699851718749998 0.8558163203125 0.16440045781249998 0.8522278 0.18844806249999999 0.8876761015625 0.238909646875 0.893690959375