11 0.4824218734375 0.4365234375 0.5126953125 0.46484375 0.53515625 0.4658203125 0.5722656265625 0.4423828125 0.58984375 0.3876953125 0.5800781265625 0.3447265625 0.5498046875 0.3183593734375 0.5126953125 0.3203125 0.49609375 0.3349609375 0.4765625 0.4033203125 0.4824218734375 0.4365234375
11 0.3466796875 0.5234375 0.3720703125 0.5390625 0.3984375 0.5380859375 0.4394531265625 0.5146484375 0.453125 0.4794921875 0.44921875 0.4501953125 0.4189453125 0.3984375 0.3603515625 0.3964843734375 0.3222656265625 0.4287109375 0.3222656265625 0.4873046875 0.3466796875 0.5234375
11 0.27734375 0.4072265625 0.3183593734375 0.3759765625 0.32421875 0.3330078125 0.2919921875 0.2890625 0.2587890625 0.28515625 0.2109375 0.3115234375 0.1953125 0.3603515625 0.2236328125 0.4042968734375 0.27734375 0.4072265625
11 0.20703125 0.3974609375 0.1894531265625 0.3525390625 0.1513671875 0.328125 0.1123046875 0.33203125 0.10742187343750001 0.3427734375 0.12109375 0.3642578125 0.1972656265625 0.4365234375 0.20703125 0.3974609375
11 0.23046875 0.2958984375 0.2285156265625 0.2705078125 0.1826171875 0.2421875 0.1396484375 0.25 0.11328125 0.2802734375 0.11132812656249999 0.3154296875 0.19140625 0.3408203125 0.23046875 0.2958984375
11 0.08789062656249999 0.2490234375 0.0458984375 0.2167968734375 0.0009765625 0.2109375 0 0.2275390625 0.09570312656249999 0.3212890625 0.10351562656249999 0.3037109375 0.08789062656249999 0.2490234375
11 0.09570312656249999 0.3193359375 0.09765625 0.2666015625 0.0566406265625 0.2216796875 0.07226562656249999 0.1923828125 0.06835937343750001 0.1591796875 0.0380859375 0.1269531265625 0.0009765625 0.11523437343750001 0 0.2255859375 0.09570312656249999 0.3193359375
11 0.3203125 0.3056640625 0.3300781265625 0.2744140625 0.3134765625 0.24609375 0.2685546875 0.2265625 0.23046875 0.2412109375 0.2246093734375 0.2587890625 0.2373046875 0.2890625 0.2822265625 0.28515625 0.3203125 0.3056640625
11 0.3496093734375 0.2236328125 0.3740234375 0.2421875 0.4003906265625 0.2451171875 0.43359375 0.2255859375 0.44140625 0.1982421875 0.4609375 0.1806640625 0.45703125 0.1552734375 0.4248046875 0.12890625 0.3837890625 0.1347656265625 0.34765625 0.1728515625 0.3496093734375 0.2236328125
11 0.33984375 0.2685546875 0.3652343734375 0.2451171875 0.34765625 0.2216796875 0.3457031265625 0.1787109375 0.3251953125 0.1640625 0.2919921875 0.1640625 0.2714843734375 0.1845703125 0.265625 0.2197265625 0.33984375 0.2685546875
11 0.4287109375 0.3515625 0.4785156265625 0.3564453125 0.5078125 0.3173828125 0.5058593734375 0.2783203125 0.4443359375 0.23828125 0.4013671875 0.2480468734375 0.38671875 0.2744140625 0.38671875 0.3115234375 0.4003906265625 0.3349609375 0.4287109375 0.3515625
11 0.3847656265625 0.3076171875 0.39453125 0.2509765625 0.3720703125 0.24609375 0.3515625 0.2919921875 0.3847656265625 0.3076171875
11 0.3300781265625 0.4130859375 0.3818359375 0.3925781265625 0.40234375 0.3564453125 0.39453125 0.3291015625 0.3662109375 0.30078125 0.3203125 0.3095703125 0.32421875 0.3564453125 0.3066406265625 0.4013671875 0.3300781265625 0.4130859375
11 0.31640625 0.4462890625 0.2861328125 0.4121093734375 0.2275390625 0.41015625 0.2011718734375 0.4443359375 0.2753906265625 0.5185546875 0.3125 0.4990234375 0.31640625 0.4462890625
11 0.37109375 0.5439453125 0.3232421875 0.5097656265625 0.2802734375 0.515625 0.2753906265625 0.5322265625 0.34765625 0.6064453125 0.37890625 0.5810546875 0.37109375 0.5439453125
11 0.44921875 0.6513671875 0.4550781265625 0.6123046875 0.4208984375 0.5859375 0.3837890625 0.5859375 0.3496093734375 0.6142578125 0.3671875 0.6591796875 0.4121093734375 0.6787109375 0.44921875 0.6513671875
11 0.48828125 0.6123046875 0.5390625 0.5732421875 0.54296875 0.5361328125 0.5087890625 0.4941406265625 0.4638671875 0.4824218734375 0.40625 0.5576171875 0.4189453125 0.5839843734375 0.4658203125 0.6113281265625 0.48828125 0.6123046875
11 0.4453125 0.4306640625 0.4560546875 0.484375 0.5136718734375 0.4951171875 0.515625 0.4697265625 0.4736328125 0.4238281265625 0.4453125 0.4306640625
11 0.48046875 0.3642578125 0.4091796875 0.3574218734375 0.390625 0.3896484375 0.4169921875 0.3964843734375 0.44921875 0.4267578125 0.4746093734375 0.4208984375 0.48046875 0.3642578125
11 0.5644531265625 0.5498046875 0.6044921875 0.5234375 0.6308593734375 0.4873046875 0.6269531265625 0.4638671875 0.5927734375 0.4355468734375 0.5771484375 0.4355468734375 0.51953125 0.4892578125 0.5449218734375 0.5458984375 0.5644531265625 0.5498046875
11 0.62109375 0.4189453125 0.6582031265625 0.3916015625 0.6640625 0.3447265625 0.6318359375 0.3105468734375 0.5771484375 0.30078125 0.5566406265625 0.3193359375 0.5839843734375 0.3505859375 0.5878906265625 0.4130859375 0.62109375 0.4189453125
11 0.5136718734375 0.3212890625 0.5527343734375 0.3154296875 0.5361328125 0.2988281265625 0.5146484375 0.296875 0.5136718734375 0.3212890625
11 0.4833984375 0.25390625 0.5214843734375 0.2939453125 0.54296875 0.2841796875 0.5546875 0.2587890625 0.546875 0.2158203125 0.5048828125 0.18359375 0.4599609375 0.18359375 0.4394531265625 0.2021484375 0.4375 0.2333984375 0.4833984375 0.25390625
11 0.64453125 0.2744140625 0.6201171875 0.24609375 0.5810546875 0.2441406265625 0.5527343734375 0.2646484375 0.5556640625 0.3125 0.6044921875 0.2988281265625 0.6484375 0.3173828125 0.64453125 0.2744140625
11 0.69921875 0.4091796875 0.6689453125 0.38671875 0.6113281265625 0.4345703125 0.6328125 0.4736328125 0.65234375 0.4755859375 0.703125 0.4326171875 0.69921875 0.4091796875
11 0.3984375 0.1240234375 0.38671875 0.0947265625 0.3525390625 0.07617187343750001 0.3134765625 0.09179687343750001 0.296875 0.1259765625 0.3017578125 0.1582031265625 0.3457031265625 0.1689453125 0.3984375 0.1240234375
11 0.2910156265625 0.1181640625 0.33984375 0.0751953125 0.34375 0.0361328125 0.3271484375 0.01171875 0.2724609375 0 0.2519531265625 0.0244140625 0.2480468734375 0.0869140625 0.2646484375 0.11132812656249999 0.2910156265625 0.1181640625