11 0.4252349671875 0.258050646875 0.374473971875 0.2711015984375 0.3449603984375 0.313709690625 0.3584051390625 0.3532388640625 0.45091171875 0.3846151 0.5060148921875001 0.3650369375 0.5338975296874999 0.3108241421875 0.490388590625 0.2725617359375 0.4252349671875 0.258050646875
11 0.67388229375 0.19352075156249998 0.626648009375 0.1942421390625 0.59495985625 0.2213772921875 0.5953710796875 0.24301501406249998 0.633046309375 0.2959035296875 0.67539476875 0.2978411203125 0.705319565625 0.27687074843750004 0.7156278781250001 0.23794793906249997 0.67388229375 0.19352075156249998
11 0.66856091875 0.4082652859375 0.6767155921875 0.46628880625 0.7048840140625 0.48895630468749995 0.82072544375 0.461828096875 0.8226142375000001 0.400420740625 0.796209171875 0.37158845937499996 0.7143628984375 0.369284965625 0.66856091875 0.4082652859375
11 0.8556162359374999 0.5042601828125 0.83891660625 0.478994690625 0.8121072953124999 0.46599777812500004 0.737049603125 0.474574128125 0.6995277375 0.51633539375 0.699262896875 0.551874365625 0.7222736734375 0.575266725 0.8224435296875001 0.576967325 0.8506049718750001 0.5621617343749999 0.8556162359374999 0.5042601828125
11 0.6810856937499999 0.60965395 0.69867398125 0.669310140625 0.7954495484375 0.66557081875 0.8679946281250001 0.6484721546875 0.8500683062500001 0.5957665890625 0.7950243640625 0.5689869203125 0.7173878484375 0.5779257015625 0.6810856937499999 0.60965395
11 0.51189746875 0.6127224499999999 0.482310703125 0.6267421953125 0.46840248906250004 0.649406221875 0.48083313125 0.7097872734374999 0.661350746875 0.6844171765625 0.6869333671875 0.6699740171874999 0.6695506906250001 0.6211366859375 0.610436390625 0.602818346875 0.51189746875 0.6127224499999999
11 0.45930690781249994 0.6408229249999999 0.42041196718749996 0.597967425 0.3419599859375 0.6011038546874999 0.31033804374999996 0.619354265625 0.2897806484375 0.6508420515625 0.2918228078125 0.6840844749999999 0.323524921875 0.7318955 0.4424226078125 0.7171578390625 0.47316287187499995 0.7019898203125 0.45930690781249994 0.6408229249999999
11 0.16360996875 0.6044738 0.08800863125 0.6091819171874999 0.02035635625 0.66109469375 0.040398028125 0.7756310296875 0.202592059375 0.7508638249999999 0.23400839062499998 0.7217945546875 0.24160545781249998 0.7010036609375 0.2272058484375 0.63596853125 0.16360996875 0.6044738
11 0.279956753125 0.7399909265625 0.2925058546875 0.7076563124999999 0.28231600156250003 0.6538634578125 0.254691225 0.63506419375 0.22462702499999998 0.6363309625 0.21406085312499998 0.74826583125 0.279956753125 0.7399909265625
11 0.11866872343749998 0.5279524624999999 0.00275410625 0.526492325 0.018387387499999998 0.656440615625 0.153632709375 0.5989728953125 0.148872325 0.5463892968749999 0.11866872343749998 0.5279524624999999
11 0.2784233359375 0.5232512921875 0.22033011406249997 0.5215541640625 0.1526046484375 0.54487859375 0.159062178125 0.6001821515625 0.2107118296875 0.6215219000000001 0.2481744671875 0.6261184671875 0.2994059140625 0.5883474046875 0.2977679984375 0.5392696109374999 0.2784233359375 0.5232512921875
11 0.419171315625 0.495581175 0.35279798125 0.49110310312500005 0.3038735328125 0.5265776171875001 0.305783271875 0.5775895281250001 0.328522225 0.5990477703125 0.44158619843749997 0.5989362203125 0.4709673515625 0.5740976140625 0.4667506125 0.5253822515625 0.419171315625 0.495581175
11 0.683922378125 0.536279459375 0.6003719796875 0.49378291562500004 0.541059046875 0.5021188046875 0.5019724578125 0.5233906234375 0.490099421875 0.541823984375 0.4935006921875 0.5847369953125 0.5242479375 0.607042065625 0.6587579625 0.609833428125 0.6919376500000001 0.574599375 0.683922378125 0.536279459375
11 0.3914593859375 0.3732473859375 0.35820650781249996 0.3798930921875 0.325974709375 0.4031600125 0.323263465625 0.42129192812499994 0.38563963437500004 0.462819675 0.42717262656250005 0.45895491406250005 0.5111133078125001 0.410669909375 0.4870152421875 0.37954108125 0.3914593859375 0.3732473859375
11 0.575590865625 0.43908224999999995 0.5337128609375 0.4124245484375 0.47670692968750006 0.418463890625 0.4467821328125 0.43943426093750004 0.4253430609375 0.4740044375 0.4374286890625 0.503863025 0.4673604671875 0.5203657421875 0.49627116562499995 0.5202472484375 0.5686768453125 0.48344498125 0.575590865625 0.43908224999999995
11 0.25899151875 0.403698446875 0.1979152328125 0.41819911875000004 0.1716565484375 0.44654352968750005 0.1757338859375 0.4755552890625 0.20899374375000002 0.506382671875 0.2949835640625 0.52881318125 0.3623640171875 0.47496628750000003 0.34715591875 0.44160189531249994 0.25899151875 0.403698446875
11 0 0.51289416875 0.002482284375 0.5245582078125001 0.149754003125 0.54330690625 0.201124853125 0.525239446875 0.20098545156249997 0.5055358437499999 0.176549353125 0.481357640625 0.095989 0.4601363890625 0.0338254234375 0.466900590625 0 0.5048081843750001 0 0.51289416875
11 0.198106884375 0.3540718 0.21745852812500002 0.407563209375 0.309891915625 0.4103511 0.3539305390625 0.3775355625 0.337091509375 0.332566465625 0.2931783234375 0.3101394296875 0.2335935703125 0.31654119999999997 0.198106884375 0.3540718
11 0 0.2685309640625 0.0063713546875 0.27155474062499996 0.053333815625 0.2688992359375 0.09085568125 0.227137971875 0.0802615859375 0.18918048437499999 0.0093334796875 0.14293767500000001 0 0.14279420468749998 0 0.2685309640625
11 0.2056098171875 0.19227329375 0.1733780203125 0.21554021250000002 0.168087953125 0.234034559375 0.173120159375 0.2885522734375 0.2109278078125 0.3236713046875 0.29555153437500004 0.2989581390625 0.300430378125 0.258826071875 0.25854539375 0.19469528125 0.2056098171875 0.19227329375
11 0.1676244796875 0.296227759375 0.17107102031250002 0.21783676093749998 0.142498353125 0.21100462968749997 0.10408782968750001 0.218375196875 0.067109609375 0.26400469531250004 0.116319840625 0.305410475 0.1676244796875 0.296227759375
11 0.3135161453125 0.19288660468750002 0.2748337984375 0.1983230546875 0.301789490625 0.268496659375 0.3513969859375 0.25659398125 0.34290427968750004 0.20552108750000003 0.3135161453125 0.19288660468750002
11 0.36204332968749997 0.21072054687500003 0.36259395625 0.2520618703125 0.3940172671875 0.2604656890625 0.44016126875 0.21630991093750002 0.45528520468749994 0.1818377 0.4341771859375 0.17198416249999998 0.40838895468749997 0.1756084625 0.36204332968749997 0.21072054687500003
11 0.563829309375 0.327326859375 0.591924540625 0.3214060125 0.6173677578125 0.28725925 0.6073173078125 0.25316999687499997 0.5619788015625 0.22995711718749998 0.53348630625 0.28918642031249997 0.563829309375 0.327326859375
11 0.41701408124999995 0.2089118703125 0.42353782031250004 0.2553306859375 0.52147386875 0.2879161796875 0.5412889859375001 0.27921438906249996 0.5625224453125 0.2338253515625 0.5509804625 0.2078349984375 0.46729764218750003 0.18310794218749998 0.41701408124999995 0.2089118703125
11 0.3310382234375 0.2614275390625 0.3008416015625 0.28046379374999997 0.294331825 0.3089911546875 0.3408238328125 0.3310557625 0.3799696515625 0.26342611250000003 0.3310382234375 0.2614275390625
11 0.500996646875 0.3854654 0.5334340578125001 0.3730173421875 0.553719628125 0.3395954390625 0.5476071140625 0.31481434375 0.524258303125 0.2983726109375 0.48789691875 0.376458690625 0.500996646875 0.3854654
11 0.11570998437499999 0.310426984375 0.0968567171875 0.3821078203125 0.15583859687499999 0.41819564531250003 0.194792765625 0.41469331406250004 0.20517426875 0.40435885000000005 0.207195484375 0.3251820078125 0.165317478125 0.29852430625 0.11570998437499999 0.310426984375
11 0 0.389699359375 0.070862875 0.37491325937500003 0.1087959640625 0.354789715625 0.1125875171875 0.3069211796875 0.06989404375 0.2744611265625 0 0.280205171875 0 0.389699359375
11 0 0.47101714531249994 0.00315136875 0.4731838671875 0.13032916875 0.46122715156250005 0.145324671875 0.44629959374999995 0.1458613359375 0.41269473906250004 0.0959750390625 0.3851902109375 0.0146724109375 0.38675495312499997 0 0.3939946890625 0 0.47101714531249994