11 0.5140469640625 0.3107632046875 0.491158421875 0.2791089234375 0.4784479984375 0.27986377500000004 0.4049662578125 0.3489043578125 0.3722212015625 0.43428338125000004 0.3588680734375 0.5278145828125 0.367916390625 0.5689943937499999 0.400194115625 0.6223002109375 0.460804884375 0.6751238734375 0.4918456046875 0.6873862265625 0.5880454546875 0.6597640640625 0.6702978765625 0.5918532843750001 0.7010560171875 0.5083930015625 0.708789271875 0.40108974843749995 0.67428108125 0.3076998359375 0.547006425 0.3250124734375 0.5140469640625 0.3107632046875
11 0.44038541093749994 0.66988389375 0.427952628125 0.7106887515625 0.444812253125 0.752004909375 0.478696996875 0.7692004625 0.5120995859375 0.758062971875 0.5251508734375 0.7377798453125 0.5140133859375 0.7043772578125 0.44038541093749994 0.66988389375
11 0.46787122812500004 0.7738950531250001 0.42473364687500004 0.72723665625 0.40623291562499997 0.723983590625 0.378450203125 0.748893134375 0.3798235578125 0.7821252890625 0.405658384375 0.8128542875000001 0.44659958906249997 0.8174757609375 0.4654411890625 0.801200553125 0.46787122812500004 0.7738950531250001
11 0.5786271265625 0.69573798125 0.533234878125 0.722293571875 0.5326213156249999 0.7574444687499999 0.5470118734375 0.7723463234375 0.5782571140625 0.7728917109375 0.6147082484374999 0.7549704562499999 0.5883912625 0.695908415625 0.5786271265625 0.69573798125
11 0.6885066515625 0.77969968125 0.6722655296875 0.7589052546875 0.6537307125 0.7576050171875 0.56057940625 0.7784434140625 0.5534206859374999 0.7968759734375 0.5890196515625 0.827775403125 0.66130835625 0.8270837859375 0.68217095625 0.8069370078125001 0.6885066515625 0.77969968125
11 0.6915551984375 0.772915915625 0.7130022140625 0.7752436953124999 0.7337625531249999 0.7609554015625 0.7381454234375 0.7336839890625 0.722761409375 0.7197415031250001 0.6753822484375 0.748215834375 0.6915551984375 0.772915915625
11 0.7466093234375 0.7523892390625 0.7739148218749999 0.7548192828125 0.8124551296875 0.729120803125 0.8170425187499999 0.690132425 0.7881250609375 0.668140021875 0.732627809375 0.7140534546875 0.7466093234375 0.7523892390625
11 0.8832341343750001 0.7030083390625 0.8609981812499999 0.6899229625000001 0.8307123093750001 0.6903710328125 0.8208118265625 0.698011909375 0.8140670875 0.7486831640625 0.8518574890625 0.7659468921875 0.8851578171875 0.7606678812500001 0.8964267140625 0.7305865328125 0.8832341343750001 0.7030083390625
11 0.8398920328124999 0.6680669046875 0.88261563125 0.6824866078125 0.9112213671875 0.6663818312500001 0.9089909046875 0.6262977375000001 0.8534546234375 0.61849136875 0.831598565625 0.6395975171875 0.8398920328124999 0.6680669046875
11 0.787725903125 0.8029192078125 0.8080772015625 0.81206484375 0.8228427109374999 0.8054855968749999 0.8370919765625 0.7725261359375 0.8004313828124999 0.7464917296875 0.7726827578125001 0.769448446875 0.787725903125 0.8029192078125
11 0.549071903125 0.8221945578125001 0.527249934375 0.8413478781249999 0.530439765625 0.8824254296875 0.5468854109375 0.8915028906250001 0.59388961875 0.8845096625 0.606906821875 0.8661793640625 0.607418121875 0.8368869515625 0.549071903125 0.8221945578125001
11 0.521255103125 0.849056928125 0.5088514625 0.8322363312500001 0.45732309843749996 0.8186396531250001 0.43162955781249995 0.8357719734375 0.431015996875 0.8709228687499999 0.453081515625 0.8937723828124999 0.4900488921875 0.902231340625 0.5108092328125 0.8879430453125 0.521255103125 0.849056928125
11 0.426808503125 0.944102771875 0.4443498640625 0.9463623812499999 0.463123290625 0.933992825 0.4674720703125 0.908674240625 0.438452353125 0.8925403187500001 0.4144389484375 0.9253293453125 0.426808503125 0.944102771875
11 0.35814781562500003 0.9048125546874999 0.3382445890625 0.925952790625 0.34150259374999997 0.9631246875 0.3771697328125 0.9901184640625 0.41437571718750005 0.9849076312499999 0.423759959375 0.9508865375 0.41437077499999997 0.9292350015625 0.35814781562500003 0.9048125546874999
11 0.43454669843750005 0.8924721453125001 0.4231706 0.87273935 0.3815817453125 0.9052215968749999 0.39998021875 0.9143331453125001 0.4196107546875 0.908815528125 0.43454669843750005 0.8924721453125001
11 0.3812991703125 0.8094989609375001 0.3576266328125 0.8227597125000001 0.35869320312499997 0.873567315625 0.374934328125 0.8943617390625 0.4083028296875 0.885177078125 0.4253620359375 0.8591036437499999 0.42203585312499997 0.8258374015625 0.3812991703125 0.8094989609375001
11 0.4833041546875 0.952902596875 0.5478497234375 0.9481689781249999 0.568712321875 0.9280221984375 0.5604870296875 0.8956471531249999 0.5167018015625 0.886092478125 0.47521520625 0.9127162421874999 0.4833041546875 0.952902596875
11 0.5885814671875 0.9088347890625 0.5748094125 0.914454665625 0.5605260578125 0.949366953125 0.5785154890624999 0.9819124312499999 0.6137686453125 0.9766675093750001 0.6268540234375 0.9544315578125 0.6216090999999999 0.9191784015625 0.5885814671875 0.9088347890625
11 0.5576921453125 1 0.5756032890625 0.9808848875 0.55857323125 0.9493328671875 0.546856265625 0.949128346875 0.51845505 0.9535161578125001 0.5150656375 0.9798282 0.5546045281249999 1 0.5576921453125 1
11 0.6353860953125 0.9692311531250001 0.6588541125 0.9676873671875 0.6777638828125 0.9475065031250001 0.6844745343749999 0.898788075 0.6651507796875 0.8867302421875 0.6236982734375001 0.911401178125 0.6353860953125 0.9692311531250001
11 0.6909806671875 0.8617866109375001 0.6710043203125 0.8311598734375 0.65634106875 0.8318806375 0.6259870265624999 0.8362343609374999 0.611016996875 0.8545305734375 0.6066682140624999 0.8798491578125001 0.62287525 0.9025964125 0.6581965796875 0.893445834375 0.6909806671875 0.8617866109375001
11 0.5110379546875 0.762927996875 0.471776884375 0.7739632265624999 0.46729175468750006 0.8070931218749999 0.5186496859374999 0.8304539375 0.5453366828124999 0.8123622453125 0.547766721875 0.785056746875 0.5257012046875 0.7622072328125 0.5110379546875 0.762927996875
11 0.584792390625 0.67826479375 0.57129303125 0.6682620499999999 0.5153136218750001 0.6858424375000001 0.5140133859375 0.7043772578125 0.559921875 0.70420188125 0.584792390625 0.67826479375
11 0.3776222359375 0.6844157390625 0.3996195828125 0.711170909375 0.42099842656249997 0.71740434375 0.4425086734375 0.6601538421875001 0.39807085625 0.6320302625 0.3781676234375 0.6531704984375 0.3776222359375 0.6844157390625