11 0.2660580609375 0.7009955953125 0.2696357140625 0.7692612859375 0.295805146875 0.8021164000000001 0.3370712171875 0.8058211515625 0.37526658125 0.7695928234375 0.37394603125 0.7070762578124999 0.337411046875 0.6630295484375 0.29840208125 0.665073921875 0.2660580609375 0.7009955953125
11 0.20858753437500002 0.6306647953125 0.24975138593750001 0.6324191031249999 0.2802471765625 0.598550096875 0.278509459375 0.565392475 0.24843913125 0.5327417999999999 0.208195246875 0.5485415312499999 0.170204321875 0.5886707546875 0.20858753437500002 0.6306647953125
11 0.1045838734375 0.6987011671875 0.1664871265625 0.6856779296875 0.1839430890625 0.6642271453124999 0.18579961250000002 0.6250137421875 0.16158063125 0.5920564109375 0.0760758546875 0.565244640625 0.074002453125 0.656298253125 0.1045838734375 0.6987011671875
11 0.2800759140625 0.44600625312500003 0.2567561625 0.5235047984375 0.3073531609375 0.574637771875 0.323263403125 0.579671365625 0.3479037 0.5646893859375 0.3678294984375 0.5157278859375001 0.3608620421875 0.457418875 0.31939568125 0.43123285625 0.2800759140625 0.44600625312500003
11 0.2599829984375 0.323843540625 0.26561331718750003 0.3939574609375 0.2991756671875 0.41860190625 0.34783465625 0.414095990625 0.3720702265625 0.3727318484375 0.3626412265625 0.3047728125 0.31747840781250003 0.2826921296875 0.28267699375 0.2903834078125 0.2599829984375 0.323843540625
11 0.1521723671875 0.43119553593750004 0.1605791765625 0.47965008750000004 0.200095090625 0.505938321875 0.2488562984375 0.5033828546875 0.27648167031250004 0.4520620359375 0.2645828375 0.41161371406249997 0.22126824687500002 0.3874803625 0.1748663625 0.397735403125 0.1521723671875 0.43119553593750004
11 0.058534260937500006 0.5104235046875 0.0683804265625 0.5490235953125 0.10840743281250001 0.585064075 0.1709239984375 0.583743525 0.203063578125 0.54392095625 0.19567895468750002 0.5149708875 0.1331748296875 0.46055033125 0.0905716234375 0.46865048906249995 0.058534260937500006 0.5104235046875
11 0.0541015359375 0.593777540625 0.0047228703125 0.6032106859375 0.010140459374999999 0.706584446875 0.0362159640625 0.7003283734375 0.0725631 0.6661527125 0.069598759375 0.6095897124999999 0.0541015359375 0.593777540625
11 0.0032020296875 0.51821285625 0.0044162140625 0.5973593421875 0.0256750015625 0.555173303125 0.0032020296875 0.51821285625
11 0 0.511608434375 0.0336853796875 0.5400849562500001 0.060067540625000006 0.539680228125 0.10463778125 0.45715638125 0.077028996875 0.43415572812500003 0.0323731234375 0.4404076578125 0 0.4722559421875 0 0.511608434375
11 0.07837857499999999 0.366609715625 0.0694357890625 0.41988513281250006 0.1052552421875 0.45027870312499996 0.1442642078125 0.44823432968750004 0.1814373859375 0.39250151875 0.1780114046875 0.36183463125 0.1589644140625 0.3555410734375 0.096038975 0.349059828125 0.07837857499999999 0.366609715625
11 0.16943633125 0.35010275 0.199608878125 0.3847038734375 0.221166028125 0.385529915625 0.2437578078125 0.3501193359375 0.21204368593749998 0.323422225 0.16943633125 0.35010275
11 0.22414281093750002 0.38635181093750004 0.2897300828125 0.42496434375 0.3021524515625 0.41942380156250003 0.25936139375 0.3493015875 0.24088324375 0.351247890625 0.22414281093750002 0.38635181093750004
11 0.24026993124999999 0.339545196875 0.257823965625 0.3386252296875 0.30649539375 0.27837821093750004 0.2602081703125 0.2348425953125 0.2099053890625 0.24530207499999998 0.1999445640625 0.26049263906250003 0.20865802968749997 0.31479853593749996 0.24026993124999999 0.339545196875
11 0.2648370375 0.1925501921875 0.2669836296875 0.23350960625 0.29315305937499997 0.2663647171875 0.3456107265625 0.25970391875 0.3658431796875 0.21659376406250003 0.35928460156250003 0.1660865453125 0.3099142265625 0.13835895468749998 0.27500644687500003 0.1626801546875 0.2648370375 0.1925501921875
11 0.3572485203125 0.08991684375 0.3558298984375 0.0068694624999999995 0.2573833703125 0.013006728125 0.2608588046875 0.0793219703125 0.300783590625 0.113412003125 0.3396903375 0.1094171796875 0.3572485203125 0.08991684375
11 0.30098388125 0.13589326562499998 0.2980112453125 0.1164910015625 0.2602413453125 0.08619965 0.22759481718750002 0.09768960625 0.221428521875 0.1293056546875 0.26648497656250003 0.168016259375 0.30098388125 0.13589326562499998
11 0.1203077171875 0.1590527390625 0.1391823015625 0.2206493359375 0.17644111093749998 0.2411884453125 0.242654134375 0.23576256406249999 0.2644281625 0.1847483984375 0.23959586875 0.14008837968750001 0.185707140625 0.11944290312500001 0.135506578125 0.13185282812500002 0.1203077171875 0.1590527390625
11 0.0806522640625 0.29803736875000003 0.0820833265625 0.3253436453125 0.1096921125 0.348344296875 0.1663573328125 0.34733040625 0.195720425 0.3291672046875 0.1987096453125 0.2742479953125 0.1765433296875 0.2431388953125 0.135481696875 0.2433350375 0.0806522640625 0.29803736875000003
11 0 0.400751378125 0.0019919937499999997 0.42048600468749997 0.046545648437499997 0.41228362812499997 0.08341216875 0.3506994734375 0.0713088984375 0.30635025625 0.012084065625 0.27718331093750004 0 0.2783023171875 0 0.400751378125
11 0 0.2145410359375 0.002335971875 0.25911403437499997 0.042260759375 0.2932040640625 0.0814741625 0.29506058749999997 0.11812795000000001 0.26673627187500004 0.13148272656249999 0.22300865937499997 0.112612290625 0.1428316921875 0.0311023375 0.15492667031250001 0 0.1855247734375 0 0.2145410359375
11 0.2168162421875 0.0972765875 0.1791485578125 0.06893568125 0.1478391671875 0.068620734375 0.1172411578125 0.100539290625 0.117437303125 0.1416009234375 0.21332007343749998 0.12386318593750001 0.2168162421875 0.0972765875
11 0.1739146734375 0.062364660937500004 0.21733148125 0.088448459375 0.2530570109375 0.07973084531249999 0.2554329203125 0.013108946875 0.1685868609375 0.016682453125 0.1739146734375 0.062364660937500004
11 0.0615939796875 0.139638034375 0.1082003015625 0.13328389062499998 0.1241229828125 0.08257638125 0.10257412968749999 0.0445896015625 0.069318434375 0.0257965015625 0.0422165953125 0.031128459375 0.018389903125000003 0.0802943953125 0.0615939796875 0.139638034375
11 0.1559600578125 0.0183220984375 0.0681898828125 0.0229219390625 0.10934958749999998 0.0432566125 0.1386063125 0.04172333125 0.1559600578125 0.0183220984375
11 0 0.0777929515625 0.0197270375 0.0684894875 0.026204134375 0.024144415625000002 0 0.026013982812500003 0 0.0777929515625
11 0 0.27456585625 0.008902845312500001 0.2724605171875 0.0020500500000000003 0.16036085 0 0.1605664234375 0 0.27456585625