11 0.37538157499999997 0.511590890625 0.40626848437499996 0.48575980156250004 0.407943303125 0.4413175296875 0.3632855453125 0.3998072015625 0.3153545296875 0.39049035625 0.2707550703125 0.43056828593749996 0.2821282625 0.4795365140625 0.328249778125 0.5083984421875 0.37538157499999997 0.511590890625
11 0.1226109625 0.660430525 0.1438847328125 0.6277566265625001 0.13594641406250002 0.5764715484375 0.0765119546875 0.5649186609375 0.037983021875 0.59423849375 0.0218503015625 0.656762084375 0.0483998046875 0.6788350750000001 0.0871172890625 0.6843713109375 0.1226109625 0.660430525
11 0.169491484375 0.47554927343750003 0.12656684375 0.47118493125 0.0919262609375 0.5112089875 0.08947915625 0.5545063015625 0.14015356875 0.5752996578125 0.18041119375 0.5114964296875 0.169491484375 0.47554927343750003
11 0.2295454640625 0.6016292453125 0.2588608703125 0.5685288015625 0.2505498765625 0.5191609640625 0.21561300156250002 0.5044111984375 0.17852088906250002 0.5161031921875 0.1428430921875 0.5768172859375 0.158742240625 0.6127375046875 0.1936252453125 0.6175283953124999 0.2295454640625 0.6016292453125
11 0.2166321328125 0.62200048125 0.15493469531249998 0.616971596875 0.13683086718749998 0.6691636375 0.1550199296875 0.7035392890625001 0.17728146875 0.71184585625 0.21844605781249998 0.6740847765625 0.2166321328125 0.62200048125
11 0.1214165609375 0.7228733109375 0.1265801234375 0.6860730640625 0.0595305734375 0.68298835625 0.025365981250000003 0.6693835499999999 0.02478225 0.7030946625000001 0.0478699421875 0.7225050625 0.09388371718750001 0.731449234375 0.1214165609375 0.7228733109375
11 0.11617661875 0.8163646171875 0.11335241562500001 0.7899497953125 0.1251477265625 0.7753302796875 0.1092755125 0.7443895031250001 0.0632617390625 0.73544533125 0.028140739062499996 0.757468875 0.0153620859375 0.8027373015625001 0.0254017703125 0.8176217453125 0.0845174265625 0.84105075 0.11617661875 0.8163646171875
11 0 0.9098371453125 0.056616334375 0.92317329375 0.0720037046875 0.864484184375 0.0595932984375 0.836205990625 0.005484017187500001 0.8177294875 0 0.821428503125 0 0.9098371453125
11 0.13308604531249998 0.8266153609375 0.08534358125 0.8521545843749999 0.06409674531250001 0.8898079203125 0.0662025375 0.9250366624999999 0.1505611234375 0.9414343109375001 0.1738868125 0.9340302796875 0.1793422421875 0.880374478125 0.1501301515625 0.861763296875 0.13308604531249998 0.8266153609375
11 0.24018658906249998 0.8693200875 0.183549396875 0.8792025859375 0.17740249218749998 0.94665174375 0.25600935625 0.9619313703125 0.27810928125 0.94036130625 0.27898487968749996 0.8897946390625 0.26116849062499997 0.8535017484375 0.24018658906249998 0.8693200875
11 0.185067028125 0.8765130609374999 0.2218134015625 0.871717746875 0.256907465625 0.8447147656249999 0.26129874375 0.8067695609375001 0.24428157343749998 0.7766010640625 0.1786688484375 0.75588851875 0.1564881171875 0.7625202671875 0.13380445624999998 0.817801440625 0.1555092 0.864798559375 0.185067028125 0.8765130609374999
11 0.28438201093750004 0.7545505859375 0.3056827171875 0.7268561265625 0.30440308125 0.70273121875 0.2555651046875 0.667372221875 0.20052635156249998 0.6895035093749999 0.18385934375 0.7240677109375 0.193207553125 0.752745515625 0.2396478734375 0.7697313234375 0.28438201093750004 0.7545505859375
11 0.3336509609375 0.86958059375 0.36751925937499996 0.828411578125 0.3688214046875 0.785886546875 0.33918276875000003 0.7592337296875 0.29247751875 0.7640829171875 0.2631621125 0.7971833578124999 0.262259578125 0.8427705874999999 0.2903536453125 0.8671334921874999 0.3336509609375 0.86958059375
11 0.32698342343750003 0.69916166875 0.352572090625 0.6852336296875 0.3708106 0.65793878125 0.37940903125 0.6188216843750001 0.36729049375 0.5736879375 0.3128085390625 0.5571286734374999 0.26959202968749996 0.5696198875 0.2472810484375 0.622983821875 0.2736733609375 0.686809559375 0.32698342343750003 0.69916166875
11 0.3371175703125 0.5190757296874999 0.32249805781249996 0.5072804203125 0.2879877265625 0.5005722921875 0.26048181875 0.514127653125 0.26727518125 0.566185015625 0.3388506875 0.5562217125 0.3371175703125 0.5190757296874999
11 0.3741602375 0.5690542359374999 0.4070182578125 0.5535546984375 0.43881212812500003 0.5537657593749999 0.4536696375 0.538746634375 0.4541725625 0.4900972078125 0.42650503906250004 0.47377594062500006 0.38113329687499997 0.5127089125000001 0.34515920625 0.518649184375 0.340633246875 0.53169719375 0.34998145625 0.5603749984374999 0.3741602375 0.5690542359374999
11 0.49178087968749995 0.644643921875 0.4974517953125 0.630823628125 0.501950815625 0.6127961796875 0.48136409531249996 0.560047340625 0.416977134375 0.553500825 0.3768497625 0.57057186875 0.3941362890625 0.6505347484375 0.46044049062500003 0.6574539359375 0.49178087968749995 0.644643921875
11 0.410012928125 0.7531049078125001 0.4401544890625 0.7311082984375 0.44108396250000004 0.6905005078124999 0.4064389515625 0.6588951890625 0.3803968015625 0.65980215 0.3231758765625 0.7033957562500001 0.33561321875 0.7366533859375 0.35904665156250004 0.7491671078125 0.410012928125 0.7531049078125001
11 0.4168645890625 0.8867505250000001 0.4380036828125 0.8291794359375 0.45629605937499995 0.8118434640625001 0.4515546171875 0.785055965625 0.4238601578125 0.7637552609375 0.40623231875 0.7623184375000001 0.373401234375 0.7827974140625 0.36419213125 0.8506461828124999 0.37966473437500003 0.878524765625 0.4168645890625 0.8867505250000001
11 0.45397035781249995 0.6651498359375 0.4458792734375 0.7272468812499999 0.462842575 0.7474565015625 0.520090434375 0.70884233125 0.514015484375 0.6479710515625 0.45397035781249995 0.6651498359375
11 0.5518931593749999 0.8523121484375 0.59114050625 0.8141783968749999 0.5935068015625 0.755942765625 0.5761169578125 0.7276915078124999 0.5231795671875 0.7134221625 0.47698167031249994 0.7412512984374999 0.4716070484375 0.809845415625 0.4970924015625 0.8476290015625001 0.5518931593749999 0.8523121484375
11 0.43090036875 0.932256946875 0.5235655218749999 0.9263930546875001 0.5357604421875 0.9148357421875 0.5397790484375 0.8788077781249999 0.5285674703125001 0.8597161796874999 0.4932579203125 0.846883653125 0.46897139687499995 0.8182866593749999 0.44029359531249995 0.82763486875 0.41611924218749996 0.89058500625 0.43090036875 0.932256946875
11 0.43750518125 0.9494582406250001 0.39836115 0.9358803703125 0.3532543390625 0.9529783453125 0.3338439359375 0.9760660390625 0.432395490625 0.9962173625 0.43878481718750006 0.9735831484374999 0.43750518125 0.9494582406250001
11 0.4143905515625 0.9250684015624999 0.40884988906249997 0.8921565078125001 0.3600657828125 0.8667563906250001 0.3131225390625 0.8984200093749999 0.3041783671875 0.944433784375 0.33078173906249997 0.97646565 0.3536270125 0.9510611062500001 0.4143905515625 0.9250684015624999
11 0.5514936453125 1 0.5562932921875 0.9576257015625 0.5400753390624999 0.9335815999999999 0.4764875984375 0.93315948125 0.43614916406250004 0.9820243937500001 0.43431273125000003 0.9965900359375001 0.451855475 1 0.5514936453125 1
11 0.6968648156249999 1 0.68855595625 0.9783607562500001 0.6302395187500001 0.9610561453124999 0.5677697984375001 0.95488230625 0.557092509375 0.963750096875 0.551502403125 0.99250870625 0.5539443671875001 1 0.6968648156249999 1
11 0.61223900625 0.9615365656250001 0.684106378125 0.9347177046875 0.6969658390625 0.9043875937499999 0.698748403125 0.8798630749999999 0.67672485625 0.8447420749999999 0.6138285906250001 0.830526596875 0.5515474218749999 0.8592088265625 0.5391953140625 0.9125188890624999 0.577728675 0.9548284359375 0.61223900625 0.9615365656250001
11 0.81025720625 1 0.817329878125 0.9914537859375001 0.8171413281250001 0.9565977171875 0.7673694531249999 0.890217134375 0.7401015390625 0.876958065625 0.7041274484375 0.8828983375 0.68570481875 0.9469664953124999 0.703947753125 0.9913010234374999 0.728003778125 1 0.81025720625 1
11 0.6984521078125 0.825089253125 0.6971455359375 0.79598490625 0.6756024093749999 0.7788644171875 0.617285971875 0.761559809375 0.6012296359375 0.7673923375 0.5939108375 0.8306343437500001 0.679014771875 0.8431975062499999 0.6984521078125 0.825089253125
11 0.84704489375 0.9614155406249999 0.8829920484375 0.9504958312499999 0.8790723328125001 0.8631827890625001 0.8624278375 0.83109705 0.8075193359374999 0.8064961531250001 0.7761789453125 0.8193061687500001 0.7583939203125001 0.8596220921875 0.8040125109374999 0.93713344375 0.84704489375 0.9614155406249999
11 0.95075115625 0.8015078609374999 0.9403926703125001 0.7984995328125 0.8941947718750001 0.8263286734375 0.8802980984375001 0.877348821875 0.8863730500000001 0.938220103125 0.9190469453125001 0.9594938734375 0.95075115625 0.8015078609374999
11 0.910143365625 0.8005783890625 0.9529602640625001 0.7850249781249999 0.967521478125 0.7152320343749999 0.9379367140625 0.6985380953125 0.8559219140625001 0.69055475625 0.8112685828125 0.7206738078125 0.8164904453125 0.7654618171875 0.8515081265625 0.795149896875 0.910143365625 0.8005783890625
11 0.7400388140625 0.7237404328125 0.77992819375 0.7334838234375 0.807061428125 0.7218457 0.857677540625 0.6610507984375 0.8512568500000001 0.6070761953125 0.8220447609375 0.588465015625 0.7818365796875 0.590597740625 0.76045506875 0.6033538843749999 0.729195484375 0.6311022140625 0.7224334828125001 0.6556536687500001 0.7400388140625 0.7237404328125
11 0.9352202546875 0.6920410234375 0.927892603125 0.612024271875 0.9024611234375 0.584199559375 0.8706672531249999 0.5839885015624999 0.8531740921875001 0.6074488703124999 0.8629757828125 0.6491477453125001 0.8570130015625 0.6798235953125 0.9352202546875 0.6920410234375
11 1 0.49854288437500005 0.9801027265625001 0.491848784375 0.92160216875 0.5113174828125 0.9150017796875 0.565745565625 0.9242961171875 0.58446449375 0.9898549718749999 0.5952181609375 1 0.543026515625 1 0.49854288437500005
11 0.9408059359375001 0.5916530359375 0.9265096515625 0.6396109875 0.9374832328125 0.6855170187499999 0.967867215625 0.7083353546875 0.99025458125 0.5982803578125 0.9408059359375001 0.5916530359375
11 0.6862889265625001 0.4884585546875 0.7357645078124999 0.500065315625 0.786142625 0.46608484375000003 0.787018225 0.41551817812499997 0.726595996875 0.36298482656250003 0.6756835921875 0.36900590625 0.648604228125 0.390602903125 0.6430141203125 0.4193615125 0.6554783984375 0.45759858124999997 0.6862889265625001 0.4884585546875
11 0.863092753125 0.387527425 0.8462102625 0.38225611875 0.7877097 0.40172481875 0.793865459375 0.4775344171875 0.8387612125 0.492230309375 0.86895664375 0.48019257812499994 0.863092753125 0.387527425
11 0.7573389984375 0.5937946171874999 0.8162930390625001 0.58734699375 0.8519752640625 0.598262275 0.8717852734375 0.578236778125 0.8759116203125 0.562126571875 0.8619835859375 0.5365379015625 0.7717116625 0.489145603125 0.7419158390625 0.5042455328125001 0.72902944375 0.52959620625 0.737713109375 0.5770468046875 0.7573389984375 0.5937946171874999
11 0.720381565625 0.630383803125 0.6526136046875 0.636113015625 0.631101840625 0.6956013453125001 0.6615935640624999 0.7383374359375 0.7091519046875 0.7495715234375 0.7305064828125001 0.7318359390625 0.720381565625 0.630383803125
11 0.6098461515625 0.589995925 0.6395386578125 0.6266076203125001 0.7119133828125 0.6227687140625 0.7297522828125 0.5924116640625 0.727911421875 0.535347928125 0.7039706375 0.4998542546875 0.6598202328125 0.481323878125 0.62810716875 0.49605113593750005 0.613092471875 0.5528230062499999 0.6204965046875001 0.5761486953125 0.6098461515625 0.589995925
11 0.8269566718749999 0.7883878984375 0.804425775 0.730286946875 0.7392934671875 0.7275749109375 0.7248355703125 0.745656234375 0.73455645 0.7724167937499999 0.7702925453125 0.79329095625 0.8028856359375001 0.7996264109375 0.8269566718749999 0.7883878984375
11 0.7272601609375 0.769008859375 0.705187171875 0.7955583609375 0.6992782640625 0.8361930875000001 0.755331721875 0.8600217015625 0.7715991171875001 0.8223953015625 0.7979331328125 0.804632784375 0.7272601609375 0.769008859375
11 0.5883657484375 0.7260930734375 0.6158716562500001 0.7125377078125 0.6314475765625 0.688704665625 0.6369030046875 0.635048865625 0.6167967015625 0.6003005375 0.5730728421875 0.5898118015625 0.536034603125 0.611462671875 0.518249575 0.6517785953125 0.530421984375 0.706871221875 0.5883657484375 0.7260930734375
11 0.5596521578125 0.587203084375 0.5989803125 0.564007646875 0.617537621875 0.5248366812499999 0.619984725 0.48153936406250003 0.5768984703125 0.44729839218749995 0.54393270625 0.4428801765625 0.5111016203125 0.46335915625 0.48884450937499996 0.5266819671875 0.5097500312500001 0.567554690625 0.5596521578125 0.587203084375
11 0.4887098296875 0.501784775 0.51413688125 0.4579801078125 0.548512534375 0.43979104687500004 0.5478974390625 0.39689334062500004 0.525927765625 0.37173121875000004 0.48641106093750003 0.360070584375 0.4459648859375 0.3890177453125 0.43750113125 0.4530320328125 0.4610692421875 0.4904429453125 0.4887098296875 0.501784775
11 0.59937106875 0.42381108906250003 0.573409725 0.439656365625 0.6284529062499999 0.48915445625 0.66019290625 0.4794066390625 0.639260446875 0.43355448125 0.59937106875 0.42381108906250003
11 0.5169968734375 0.6326331265625 0.556244221875 0.5944993734375 0.4897514703125 0.552724115625 0.4887950609375 0.5883524687499999 0.5169968734375 0.6326331265625
11 0.9956517109374999 0.4630363046875 0.9629464515624999 0.36515371406249997 0.9104356078125001 0.35892600625000004 0.8703621046875 0.385955921875 0.8664781781249999 0.44688107656250003 0.8962245578125 0.4934516484375 0.9567770375 0.4992528125 0.9956517109374999 0.4630363046875
11 0.9426021531250001 0.357219825 0.9531986343750001 0.3334137171875 0.9460864687500001 0.293232471875 0.9267793843750001 0.2646085421875 0.882736721875 0.265995921875 0.8526220984374999 0.2929719671875 0.8600036187500001 0.382947596875 0.8981868171875 0.360524440625 0.9426021531250001 0.357219825
11 0.8175055234374999 0.386624890625 0.8510550218749999 0.3573319921875 0.8480422671875001 0.2960611 0.8219193125 0.28202974687500004 0.7744148421875 0.2807545375 0.72518168125 0.3139627234375 0.7269417359375 0.3560881453125 0.7715456203125 0.387639596875 0.8175055234374999 0.386624890625
11 0 0.74507648125 0.0258238890625 0.754034003125 0.057882690625 0.7324100671875 0.02323768125 0.700804746875 0.0207592171875 0.66749324375 0 0.6653825609374999 0 0.74507648125
11 0 0.6589483406250001 0.019959996875 0.66136885 0.0334031890625 0.5973276265624999 0.0249619453125 0.594691975 0 0.6012452546875 0 0.6589483406250001