11 0.4283932859375 0.45369400468750004 0.3573803953125 0.46831666875 0.33996641250000004 0.5107945875000001 0.337890415625 0.5740188515625 0.360232984375 0.659826196875 0.4065880375 0.6767641281250001 0.4666836046875 0.6693853203125 0.5020894546875 0.5971491828125 0.5030428015624999 0.5488212078125 0.4935892359375 0.4958676609375 0.4671302609375 0.46468004374999994 0.4283932859375 0.45369400468750004
11 0.49463820937499997 0.7367934609375 0.47079876406250004 0.6708478359375001 0.40900265625000004 0.680403234375 0.35730795937500004 0.668056515625 0.36662533124999996 0.7279140578125001 0.42501911875 0.7787940859375 0.469606153125 0.7733194875 0.49463820937499997 0.7367934609375
11 0.4444697796875 0.91316743125 0.48092708906250003 0.9696926078124999 0.5260920078125 0.9769377046875001 0.58132521875 0.921945 0.585679646875 0.869263840625 0.5629959734375001 0.8287576046874999 0.5199058125 0.8143704875 0.46974110468749997 0.82249773125 0.44168218281250005 0.8584115109375 0.4444697796875 0.91316743125
11 0.47556052656250003 0.6535369265625001 0.5037187984375 0.7386301937499999 0.5551067546875 0.780531465625 0.634587990625 0.770772396875 0.669040496875 0.746864234375 0.69757546875 0.7148275875000001 0.6992428921875 0.6723153109375 0.6522768375 0.6023220015625 0.6192537296875 0.5817793234375 0.5075309390625 0.601400534375 0.47556052656250003 0.6535369265625001
11 0.6526878968750001 0.46944552812499996 0.6367707859375 0.4920617265625 0.6375854578125 0.56280223125 0.6833957390625 0.6073561484375001 0.751245575 0.5990252359375 0.791173921875 0.5636218656249999 0.7904610828124999 0.501723921875 0.7741709984375 0.47322330937499996 0.743086453125 0.4524426015625 0.68785448125 0.45135306406250003 0.6526878968750001 0.46944552812499996
11 0.62816625 0.49410212812500004 0.5773561796875 0.46492055 0.52647739375 0.467232096875 0.5008674515625 0.4910384234375 0.5116129796875 0.562527365625 0.53953446875 0.5895998234375 0.6318715921875 0.572358875 0.62816625 0.49410212812500004
11 0.5774604953125 0.3615986296875 0.5735146453125 0.39356780156250004 0.5908243140625 0.45441180625 0.6311256375000001 0.47012525 0.6776855953124999 0.4486660640625 0.7019017421875 0.39748177500000004 0.6992159796874999 0.35156841875 0.671668709375 0.319530528125 0.6149742234375 0.3225561546875 0.5967786859374999 0.334629246875 0.5774604953125 0.3615986296875
11 0.8137656859375 0.146627596875 0.7303717203125 0.2286915203125 0.7021078890625 0.3030024171875 0.710983571875 0.343236265625 0.7827092984374999 0.39051154375 0.8350506 0.3840848390625 0.9046365734374999 0.30174853281249997 0.9255878296875 0.24801343281250002 0.9219156046875 0.21009236874999998 0.8718883296875 0.155233375 0.8409056203124999 0.1432952328125 0.8137656859375 0.146627596875
11 0.719761140625 0.20638082343750003 0.739248640625 0.212843128125 0.78053766875 0.16448203125 0.8208058749999999 0.13985979531249998 0.8170318171875 0.0930961671875 0.7841792578125 0.04990293125 0.7456803078124999 0.0408554578125 0.719730503125 0.053880654687499994 0.6999019 0.0927194671875 0.719761140625 0.20638082343750003
11 0.5256002078125 0.1475734984375 0.5293742671875 0.194337125 0.5650156640625 0.23620403906249998 0.609806365625 0.2484145640625 0.69564806875 0.210325434375 0.7101370218749999 0.176077834375 0.706226771875 0.1362182046875 0.677251346875 0.09254891562499999 0.5731135125 0.0777863375 0.5363482203125 0.10689795625000001 0.5256002078125 0.1475734984375
11 0.41955568593750003 0.22946687031250002 0.4094873921875 0.2917046734375 0.415472403125 0.32442228125 0.450637746875 0.362412059375 0.566917390625 0.3638770546875 0.602254525 0.3231340390625 0.608819903125 0.25640685625000004 0.5633151234375 0.2383806296875 0.5248848890625 0.197840040625 0.4684284296875 0.20280422812499999 0.41955568593750003 0.22946687031250002
11 0.7215635140625001 0.21304679375000002 0.7068034171875001 0.20502014218750003 0.677928584375 0.22627566093749998 0.624838846875 0.242633225 0.6238511421874999 0.306707759375 0.6939794046875 0.3089199484375 0.7223450703125 0.2434516171875 0.7215635140625001 0.21304679375000002
11 0.5679357296875 0.45230268906250004 0.5763365984375 0.4325771625 0.569059625 0.3813241578125 0.5397774562500001 0.3672094203125 0.47145157031249996 0.3716632015625 0.45379956093749996 0.41220255000000006 0.4667904015625 0.45389891406249994 0.5000515375 0.4763801609375 0.5679357296875 0.45230268906250004
11 0.46941868593749997 0 0.45942027812499997 0.0012276499999999998 0.448979009375 0.0123486421875 0.44513499218749997 0.053160375 0.48131991718749995 0.12349354531250001 0.520193084375 0.1275755875 0.5486262234375 0.086696378125 0.5990633171875 0.064761140625 0.615525196875 0.014528954687500002 0.6141865171875 0 0.46941868593749997 0
11 0.630381659375 0 0.62110286875 0.011876310937499999 0.6115106265625 0.077991246875 0.694698446875 0.09040668125 0.7255805625 0.0374200171875 0.7007516484375 0 0.630381659375 0
11 0.730538353125 0 0.7556111671875 0.041603893749999996 0.8328470921875001 0.061637404687499994 0.8585588703125 0.046673640625 0.880802090625 0.0114739375 0.8813409375000001 0 0.730538353125 0
11 0.238487428125 0.22119847187500002 0.27770045625 0.2360616421875 0.37126206875 0.21276696562500003 0.3932672625 0.175628696875 0.3899361390625 0.09240652031249999 0.28702279375 0.0715902171875 0.242435759375 0.0770648171875 0.2039355703125 0.12409958593749999 0.20526065 0.182970665625 0.238487428125 0.22119847187500002
11 0.354767071875 0.2226634671875 0.309193575 0.23613035937500002 0.2928004140625 0.2548694234375 0.28052116875 0.3311532453125 0.284091559375 0.3602317453125 0.3018441625 0.38461720312500003 0.351702128125 0.4060445078125 0.380542603125 0.40053555156250004 0.395235225 0.3839730796875 0.4147239640625 0.334353140625 0.4111891734375 0.2334458359375 0.3898992984375 0.2203175625 0.354767071875 0.2226634671875
11 0.1704339265625 0.2118442578125 0.1426473875 0.2339500453125 0.13019883593749998 0.2768021796875 0.1322036375 0.35723551875 0.1779795625 0.41753599531249996 0.20607160000000002 0.42195789687499996 0.2680382609375 0.38975194062499996 0.2775617828125 0.3551301234375 0.2739926328125 0.2699693828125 0.263994296875 0.24463182187500002 0.21791163125000002 0.21388590000000002 0.1704339265625 0.2118442578125
11 0.1781832296875 0.4352211203125 0.1293104859375 0.4618837625 0.11832444687499999 0.5006207390624999 0.12906997656250002 0.57210968125 0.14933903125 0.6089768062500001 0.189606 0.6404368078125 0.26299915 0.645199809375 0.2932346625 0.6109865703125 0.301669890625 0.575514484375 0.2723889625 0.50531750625 0.21015240156249998 0.4391669703125 0.1781832296875 0.4352211203125
11 0.12679403281249998 0.44940209062500003 0.1609741546875 0.4393019234375 0.172877940625 0.424065775 0.13339376875 0.366928353125 0.1238727265625 0.289385684375 0.10727589687500001 0.2904396234375 0.08479465 0.3237007578125 0.081221778125 0.40678674218750005 0.12679403281249998 0.44940209062500003
11 0.4289724125 0.41033145937500004 0.4115596703125 0.39672713437499996 0.308577609375 0.40740394999999996 0.301401228125 0.42107574999999997 0.310276909375 0.46130959843749997 0.34721151093749997 0.46562966875 0.42550261406249995 0.4461777640625 0.4289724125 0.41033145937500004
11 0.4187766125 0.0868975640625 0.4091512546875 0.11267681562500001 0.4210525578125 0.2096051515625 0.48322288437500005 0.1950843203125 0.4852645265625 0.147606615625 0.4445558671875 0.09652292031250001 0.4187766125 0.0868975640625
11 0.41442466875 0.0274142390625 0.436157478125 0.0040839625 0.3616416734375 0.01421725 0.395786196875 0.0759458828125 0.40996840937499995 0.0712528375 0.41442466875 0.0274142390625