11 0.22265625 0.2060546875 0.23046875 0.2470703125 0.2802734375 0.3027343734375 0.3769531265625 0.3154296875 0.4072265625 0.30078125 0.4277343734375 0.2724609375 0.4355468734375 0.1689453125 0.4130859375 0.1386718734375 0.3759765625 0.11914062656249999 0.2841796875 0.11523437343750001 0.23046875 0.1650390625 0.22265625 0.2060546875
11 0.42578125 0.2900390625 0.4638671875 0.3261718734375 0.50390625 0.3310546875 0.5419921875 0.28515625 0.5722656265625 0.2666015625 0.5761718734375 0.2451171875 0.53125 0.1630859375 0.4794921875 0.1464843734375 0.4394531265625 0.1708984375 0.4433593734375 0.2373046875 0.42578125 0.2900390625
11 0.5615234375 0.037109373437499996 0.5292968734375 0.1044921875 0.53125 0.1455078125 0.55078125 0.1923828125 0.5712890625 0.2128906265625 0.6191406265625 0.2158203125 0.6650390625 0.2109375 0.6923828125 0.1953125 0.7207031265625 0.1376953125 0.7109375 0.0712890625 0.69140625 0.0400390625 0.6337890625 0.0136718734375 0.5966796875 0.015625 0.5615234375 0.037109373437499996
11 0.7558593734375 0.1630859375 0.7939453125 0.1894531265625 0.8203125 0.1904296875 0.9003906265625 0.1455078125 0.90234375 0.0419921875 0.8740234375 0.00390625 0.8134765625 0.037109373437499996 0.7666015625 0.037109373437499996 0.7421875 0.0751953125 0.7402343734375 0.1220703125 0.7558593734375 0.1630859375
11 1 0.0009765625 0.9501953125 0 0.9199218734375 0.0439453125 0.91796875 0.1357421875 0.9267578125 0.1542968734375 0.9716796875 0.1660156265625 1 0.1923828125 1 0.0009765625
11 0.8027343734375 0.2314453125 0.8408203125 0.25 0.8808593734375 0.2998046875 0.9980468734375 0.2509765625 0.9980468734375 0.2060546875 0.9716796875 0.1699218734375 0.9384765625 0.16015625 0.8857421875 0.1640625 0.8369140625 0.1855468734375 0.80859375 0.2138671875 0.8027343734375 0.2314453125
11 0.6640625 0.2802734375 0.6582031265625 0.3681640625 0.6884765625 0.4042968734375 0.74609375 0.4248046875 0.7998046875 0.390625 0.84765625 0.3759765625 0.8652343734375 0.2939453125 0.8369140625 0.2519531265625 0.7919921875 0.2363281265625 0.7373046875 0.2363281265625 0.7060546875 0.2441406265625 0.6640625 0.2802734375
11 0.52734375 0.3798828125 0.5917968734375 0.4189453125 0.6660156265625 0.3896484375 0.65234375 0.3525390625 0.6621093734375 0.2841796875 0.6513671875 0.27734375 0.5576171875 0.2792968734375 0.5292968734375 0.3017578125 0.5175781265625 0.3271484375 0.52734375 0.3798828125
11 0.640625 0.5205078125 0.6425781265625 0.5517578125 0.6542968734375 0.5556640625 0.7285156265625 0.5166015625 0.73828125 0.4521484375 0.7353515625 0.4316406265625 0.6708984375 0.3964843734375 0.6025390625 0.4140625 0.5683593734375 0.4521484375 0.6230468734375 0.4912109375 0.640625 0.5205078125
11 0.4003906265625 0.4541015625 0.4140625 0.4599609375 0.4462890625 0.4472656265625 0.5595703125 0.4511718734375 0.5605468734375 0.4150390625 0.5009765625 0.36328125 0.4208984375 0.359375 0.3984375 0.3740234375 0.39453125 0.4287109375 0.4003906265625 0.4541015625
11 0.2568359375 0.4472656265625 0.3056640625 0.4433593734375 0.35546875 0.4716796875 0.3808593734375 0.4521484375 0.3925781265625 0.4248046875 0.390625 0.3564453125 0.3505859375 0.3183593734375 0.2841796875 0.32421875 0.2480468734375 0.3662109375 0.2421875 0.4287109375 0.2568359375 0.4472656265625
11 0.6660156265625 0.2744140625 0.7138671875 0.23828125 0.7958984375 0.234375 0.80078125 0.2158203125 0.7763671875 0.1855468734375 0.7294921875 0.1796875 0.66015625 0.2236328125 0.6503906265625 0.2666015625 0.6660156265625 0.2744140625
11 0.4794921875 0 0.47265625 0.0087890625 0.4589843734375 0.0537109375 0.46484375 0.1044921875 0.4814453125 0.1269531265625 0.5234375 0.1396484375 0.5390625 0.0654296875 0.5917968734375 0.0087890625 0.5888671875 0 0.4794921875 0
11 0.2636718734375 0.0849609375 0.2744140625 0.1171875 0.3564453125 0.11328125 0.3994140625 0.1269531265625 0.44140625 0.1572265625 0.4589843734375 0.1337890625 0.4589843734375 0.0927734375 0.4472656265625 0.0673828125 0.4091796875 0.037109373437499996 0.3251953125 0.021484373437500003 0.2998046875 0.03125 0.26953125 0.0654296875 0.2636718734375 0.0849609375
11 0.8916015625 0.3964843734375 0.9384765625 0.4589843734375 0.96875 0.4599609375 1 0.4501953125 0.9970703125 0.2578125 0.9599609375 0.2636718734375 0.8876953125 0.30078125 0.8671875 0.3251953125 0.8574218734375 0.3623046875 0.8574218734375 0.3779296875 0.8916015625 0.3964843734375
11 0.7363281265625 0.4619140625 0.734375 0.5048828125 0.75 0.5361328125 0.7880859375 0.5605468734375 0.8359375 0.5654296875 0.8876953125 0.5488281265625 0.9296875 0.4775390625 0.9316406265625 0.4521484375 0.9160156265625 0.4248046875 0.8583984375 0.3828125 0.8232421875 0.3847656265625 0.7744140625 0.40625 0.7363281265625 0.4619140625
11 0.7646484375 0.60546875 0.8359375 0.6630859375 0.8574218734375 0.6494140625 0.87890625 0.6044921875 0.8662109375 0.5605468734375 0.7939453125 0.5644531265625 0.7314453125 0.5214843734375 0.6699218734375 0.5654296875 0.6689453125 0.5839843734375 0.7646484375 0.60546875
11 1 0.5517578125 0.9248046875 0.55078125 0.88671875 0.5830078125 0.87109375 0.6376953125 0.875 0.6767578125 0.890625 0.7041015625 0.9287109375 0.7324218734375 1 0.7392578125 1 0.5517578125
11 0.6337890625 0.59765625 0.62109375 0.6083984375 0.60546875 0.6630859375 0.6035156265625 0.7099609375 0.6152343734375 0.7353515625 0.7001953125 0.7832031265625 0.7714843734375 0.7841796875 0.7978515625 0.7753906265625 0.828125 0.7353515625 0.8339843734375 0.6923828125 0.8203125 0.6513671875 0.7822265625 0.6171875 0.7275390625 0.5917968734375 0.6669921875 0.5859375 0.6337890625 0.59765625
11 0.8144531265625 0.8017578125 0.8427734375 0.7792968734375 0.9140625 0.7666015625 0.9140625 0.7294921875 0.8662109375 0.6816406265625 0.8359375 0.6806640625 0.8261718734375 0.7431640625 0.7910156265625 0.7822265625 0.8144531265625 0.8017578125
11 1 0.8310546875 0.9755859375 0.8027343734375 0.9326171875 0.78125 0.9013671875 0.7734375 0.8427734375 0.78125 0.7988281265625 0.8330078125 0.796875 0.8955078125 0.8251953125 0.93359375 0.8720703125 0.9609375 0.91796875 0.9619140625 0.9541015625 0.95703125 1 0.9267578125 1 0.8310546875
11 0.5917968734375 0.8818359375 0.6259765625 0.9082031265625 0.7011718734375 0.9130859375 0.7275390625 0.9042968734375 0.7675781265625 0.8662109375 0.78125 0.7900390625 0.7041015625 0.78515625 0.6357421875 0.7578125 0.6103515625 0.765625 0.578125 0.8251953125 0.5917968734375 0.8818359375
11 0.62109375 0.7509765625 0.6015625 0.7158203125 0.5917968734375 0.6376953125 0.5087890625 0.6425781265625 0.5078125 0.7412109375 0.5419921875 0.7675781265625 0.5878906265625 0.7705078125 0.62109375 0.7509765625
11 0.4150390625 0.4628906265625 0.3964843734375 0.4912109375 0.4082031265625 0.5712890625 0.4277343734375 0.6025390625 0.5068359375 0.6386718734375 0.55859375 0.6396484375 0.5810546875 0.6347656265625 0.62890625 0.5927734375 0.6425781265625 0.5380859375 0.62890625 0.5009765625 0.5869140625 0.4667968734375 0.5419921875 0.44921875 0.4619140625 0.4472656265625 0.4150390625 0.4628906265625
11 0.2236328125 0.47265625 0.19140625 0.5400390625 0.1972656265625 0.5888671875 0.2167968734375 0.6220703125 0.2548828125 0.6464843734375 0.29296875 0.6474609375 0.3193359375 0.6425781265625 0.35546875 0.6162109375 0.3828125 0.5498046875 0.3808593734375 0.5126953125 0.3613281265625 0.4833984375 0.2998046875 0.4433593734375 0.2646484375 0.4472656265625 0.2236328125 0.47265625
11 0.3222656265625 0.7138671875 0.3583984375 0.76953125 0.4296875 0.7802734375 0.4902343734375 0.7373046875 0.5019531265625 0.6474609375 0.4384765625 0.6152343734375 0.3994140625 0.5761718734375 0.3798828125 0.58203125 0.35546875 0.6220703125 0.3261718734375 0.6455078125 0.3222656265625 0.7138671875
11 0.2236328125 0.82421875 0.2734375 0.8271484375 0.3095703125 0.8066406265625 0.33984375 0.7626953125 0.3203125 0.7080078125 0.3222656265625 0.6513671875 0.2314453125 0.640625 0.19140625 0.7060546875 0.1894531265625 0.7822265625 0.2236328125 0.82421875
11 0.5185546875 0.9003906265625 0.5488281265625 0.8994140625 0.58203125 0.8759765625 0.5761718734375 0.8232421875 0.5859375 0.7822265625 0.4951171875 0.7441406265625 0.4550781265625 0.7802734375 0.4511718734375 0.8486328125 0.4775390625 0.8808593734375 0.5185546875 0.9003906265625
11 0.27734375 0.8271484375 0.27734375 0.8486328125 0.3095703125 0.8828125 0.375 0.8857421875 0.4072265625 0.8808593734375 0.4296875 0.8642578125 0.4433593734375 0.8330078125 0.4433593734375 0.7861328125 0.3876953125 0.7832031265625 0.3427734375 0.7675781265625 0.3115234375 0.80859375 0.27734375 0.8271484375