11 0.29420791562500004 0.37102280625 0.296016715625 0.40458323749999997 0.3420518734375 0.420756028125 0.3860197953125 0.4084152203125 0.410126515625 0.3903122453125 0.41341223437499997 0.355668940625 0.384137303125 0.3369320328125 0.3294266234375 0.3425708703125 0.29420791562500004 0.37102280625
11 0.164850903125 0.5452802734375 0.1339145609375 0.568828446875 0.12501745 0.6146482828125001 0.14502629375 0.6273677234374999 0.17788223125 0.6253758765625 0.2036132609375 0.6149146796875 0.24444335781249998 0.5752862109375 0.24628925625 0.55891978125 0.2199676609375 0.54155188125 0.164850903125 0.5452802734375
11 0.077358234375 0.521945475 0.0433209140625 0.5371673671874999 0.01736829375 0.571636771875 0.0159284734375 0.5899136453125 0.025895921875 0.61175610625 0.05099928593750001 0.6233926734375 0.080495809375 0.6181213734375001 0.11091527968749999 0.604666859375 0.13524358593750002 0.5625556765625 0.116933 0.5265125328125 0.077358234375 0.521945475
11 0.0184017859375 0.620337690625 0.029808804687500003 0.692791515625 0.096443625 0.68062460625 0.13904567343750002 0.6555951906249999 0.13845510781249998 0.6277660921875 0.11213351093749999 0.6103981921875 0.0594532203125 0.625589253125 0.033279265625 0.6151786265625 0.0184017859375 0.620337690625
11 0.12830266562499998 0.71778145625 0.1212885546875 0.6973080031250001 0.1046391234375 0.687868015625 0.030620959375 0.6966124046875 0.048599165625 0.7686678609375 0.08595905312499999 0.73776404375 0.12830266562499998 0.71778145625
11 0.1363876203125 0.6681407296875 0.1408544734375 0.6891556203125 0.1471672234375 0.6938040812499999 0.15133879374999998 0.700904421875 0.15576879999999999 0.702957934375 0.16957568750000002 0.699024809375 0.1830872921875 0.6811771375 0.2204471796875 0.6502733203125 0.219228946875 0.6445419859375 0.2057912890625 0.6314241765624999 0.20136128437499998 0.6293706640625001 0.1886249875 0.6320778484375 0.1871483203125 0.63139334375 0.1892895 0.6289414625 0.1848594953125 0.6268879515625 0.1801710546875 0.62988126875 0.1597929796875 0.6342127625 0.1551045375 0.63720608125 0.1433280390625 0.6506914265625 0.1363876203125 0.6681407296875
11 0.13550151875 0.6952853234374999 0.1325481828125 0.693916315625 0.1274536625 0.6949991890625 0.1242418890625 0.6986770109375 0.12708443281249998 0.712050121875 0.134873853125 0.7173830859375 0.1614170375 0.7107427796875 0.1678405828125 0.7033871359375 0.16743450625 0.7014766906250001 0.14569055625 0.6931195765625 0.13550151875 0.6952853234374999
11 0.07366542968749999 0.8302312875 0.0995441 0.8267273656249999 0.1219525625 0.83194809375 0.13509493749999998 0.8311513546875 0.1414076875 0.8357998156249999 0.14757279843749999 0.8334910015625001 0.1720855953125 0.8172984718749999 0.19069171875 0.798367925 0.1981490078125 0.7708249625 0.20804276093750002 0.7547446671875 0.1988874671875 0.7367230953125 0.17566684999999999 0.727681478125 0.168394303125 0.7122548546874999 0.11490185625 0.723625025 0.0978831953125 0.7312359703125 0.0722998078125 0.748654440625 0.0498173984375 0.77439919375 0.05775445781250001 0.7866894328125 0.0662820859375 0.8268087671875 0.07366542968749999 0.8302312875
11 0.1686527375 0.707208025 0.1748546953125 0.7238605890625001 0.20102864999999998 0.7342712140625001 0.21513082187500002 0.7442526390624999 0.22129592968749998 0.741943825 0.2624213109375 0.7162299046875 0.2849405671875 0.7094465296875 0.30572471874999996 0.70702548125 0.3114837515625 0.702806221875 0.316689065625 0.6897192453125001 0.31355123906250004 0.6624315843749999 0.3052081 0.6482309015625 0.291105928125 0.6382494765625 0.2771514 0.6352253265625001 0.261461765625 0.636563503125 0.22661229062500002 0.6479645046875 0.1988877203125 0.6678348578125 0.1738580515625 0.694121046875 0.1686527375 0.707208025
11 0.2032064265625 0.81966895 0.243482553125 0.8400610000000001 0.2602427765625 0.837496884375 0.2765969234375 0.8330223234374999 0.3004452078125 0.8199661781250001 0.3294988046875 0.7938230546875 0.3464806171875 0.76725073125 0.349138671875 0.754705190625 0.3409063265625 0.7285004046875 0.3249214109375 0.7159240312499999 0.29808294062499996 0.708649790625 0.2649685703125 0.7156884671875 0.247949909375 0.7232994140625 0.21380179375 0.750525409375 0.198555084375 0.7727354078124999 0.1940511328125 0.801647378125 0.2032064265625 0.81966895
11 0.3607306828125 0.7153011921875 0.3827330671875 0.7186114765625 0.409276253125 0.71197116875 0.429100609375 0.69877195625 0.4413939796875 0.67519295 0.4331616359375 0.6489881640624999 0.42389554687500003 0.6429706953125 0.412599071875 0.6274010046875 0.3874957078125 0.6157644375 0.358257621875 0.6159889078125 0.3361444421875 0.624682728125 0.3149910609375 0.6441547109375 0.31355123906250004 0.6624315843749999 0.3205653515625 0.6829050375 0.3395036046875 0.69685041875 0.350394003125 0.7105096640624999 0.3607306828125 0.7153011921875
11 0.246178209375 0.6398121234375 0.266556284375 0.6354806296875 0.279698659375 0.6346838906250001 0.2995598625 0.64044605625 0.30572497187500003 0.6381372421875 0.3208608859375 0.6279313484375 0.338248778125 0.60326946875 0.340500753125 0.5888134828125 0.3380642875 0.577350815625 0.32462663125 0.5642330062500001 0.31133661562500003 0.558072471875 0.2952409046875 0.5575002015625 0.27231557031250003 0.5623731328125 0.2416376625 0.5808744765625 0.22114879375 0.597210075 0.20804326718750002 0.616968190625 0.2091507046875 0.634703628125 0.22661229062500002 0.6479645046875 0.246178209375 0.6398121234375
11 0.3372521328125 0.5735299265625 0.350136071875 0.5777800171874999 0.37708533437499997 0.5730501546875 0.4215701296875 0.5506156859375 0.429064265625 0.5420341015625 0.42540956718749995 0.5248401015625 0.4366323484375 0.5024870359375 0.435414115625 0.49675570156250004 0.42869528749999997 0.490196796875 0.4069513390625 0.48183968281249995 0.38616718437499997 0.48426073281250004 0.3517237875 0.4975721796875 0.3261403984375 0.51499065 0.31517605312499997 0.5322968859375 0.317095646875 0.5538532125 0.323002321875 0.5565912281250001 0.3372521328125 0.5735299265625
11 0.1369776828125 0.833746303125 0.086401725 0.8275241046874999 0.06026461875 0.83607485625 0.085441425 0.9545224171875001 0.093083203125 0.9528981078125 0.1441023375 0.911103890625 0.15986591875 0.8788002328125 0.1369776828125 0.833746303125
11 0.1732685796875 1 0.1992188421875 0.9762637375000001 0.19028513593750002 0.9342339578125 0.15377450312500002 0.919031803125 0.0874718125 0.9640746390625001 0.095107984375 1 0.1732685796875 1
11 0.152408628125 0.9063431953125001 0.1698702140625 0.9196040734375 0.18408317968750001 0.9175813937499999 0.22974935937500002 0.8819168796874999 0.24067685781249998 0.8456492656249999 0.21099584531249999 0.8250019140625 0.15377475625 0.850143565625 0.16078886718750002 0.87061701875 0.152408628125 0.9063431953125001
11 0.24388863125000002 0.84197144375 0.2368005703125 0.8524634734375001 0.238904653125 0.8999384515625 0.2669613546875 0.9129440265625 0.283721578125 0.9103799109375 0.382806509375 0.8254224703125 0.3842463328125 0.807145596875 0.3465174640625 0.786212109375 0.2961628453125 0.824869940625 0.24388863125000002 0.84197144375
11 0.2669613546875 0.9129440265625 0.23584052187500001 0.9105735484374999 0.2289740515625 0.89705736875 0.1802068921875 0.9243956000000001 0.2060484640625 0.9708185374999999 0.27260959218749997 0.920728871875 0.2669613546875 0.9129440265625
11 0.370513390625 0.7801132390625 0.396096778125 0.7626947671875 0.39174072031249996 0.7296757734375 0.331603390625 0.7035215578125 0.3211559171875 0.710734134375 0.34467181875 0.7336903015625 0.3412753046875 0.780337709375 0.370513390625 0.7801132390625
11 0.4434609625 0.7725947890625 0.5220570265625 0.703972946875 0.5201374328124999 0.6824166203125 0.49891035468749995 0.663965846875 0.452653609375 0.6718012625 0.39428797968749996 0.7291343375 0.4049567890625 0.766801790625 0.4434609625 0.7725947890625
11 0.4009328609375 0.7666587234375 0.3611365078125 0.786099875 0.39391849843750004 0.8150735093750001 0.43194289843749994 0.78103330625 0.4009328609375 0.7666587234375
11 0.5106134124999999 0.54366950625 0.47148157343749997 0.5599742703125 0.4531707328125 0.592819365625 0.4608862046875 0.6291178109375 0.48144876875 0.6507049703125001 0.500645459375 0.659603521875 0.5250474625 0.6554150953125 0.55063085 0.637996625 0.562370503125 0.6055499 0.54376463125 0.5555922062499999 0.5106134124999999 0.54366950625
11 0.4552011203125 0.6023715875 0.40827986093749996 0.6133433890625 0.40373906093749995 0.62329398125 0.44527026562499994 0.6683787437500001 0.4889797546875 0.6610847640624999 0.4612922828125 0.63102825625 0.4552011203125 0.6023715875
11 0.4610341 0.567186846875 0.4372597625 0.5492775109375 0.3595498015625 0.590754759375 0.3691111734375 0.6106867765625 0.4072092703125 0.6145693296875 0.45398288750000004 0.5966402546875 0.4610341 0.567186846875
11 0.3116316453125 0.6408752578125 0.3170214484375 0.6537069328125 0.327579715625 0.634490253125 0.356780953125 0.6153044046875 0.33370797812499997 0.6132200609375 0.3116316453125 0.6408752578125
11 0.1948274484375 0.5109539359374999 0.185893490625 0.53781239375 0.2199676609375 0.54155188125 0.2511253390625 0.5628837375 0.2674794859375 0.5584091765625 0.31569292656250003 0.5222032265625 0.316320590625 0.5001054640625 0.2798099578125 0.48490330937500004 0.21572239531249998 0.49652878281249996 0.1948274484375 0.5109539359374999
11 0.3455586765625 0.49988099375 0.420056865625 0.46208156562499997 0.4249668953125 0.43508004062500005 0.3970209890625 0.41007036250000006 0.3460758015625 0.4208990953125 0.3116692484375 0.453171921875 0.3096017625 0.493546559375 0.3455586765625 0.49988099375
11 0.2708389 0.561688628125 0.3238144765625 0.5604121171875 0.31155820312500004 0.5340642640625 0.2708389 0.561688628125
11 0.43275606250000004 0.5093012421875 0.4282521109375 0.5382132125 0.45874527499999995 0.5626814546875 0.5131606718749999 0.54312806875 0.5442815046875 0.545498546875 0.5549874124999999 0.5332391421875 0.5539907687500001 0.5034995999999999 0.5247158359374999 0.4847626921875 0.4640984828125 0.4876635125 0.43275606250000004 0.5093012421875
11 0.5054815421875001 0.6635674781249999 0.5255272343749999 0.6952482953125 0.5386696078125001 0.69445155625 0.6062644796875001 0.624174571875 0.6042340921875 0.61462235 0.5795368046875 0.604896228125 0.563847171875 0.606234403125 0.5431367140625001 0.6465782078125 0.5054815421875001 0.6635674781249999
11 0.5840039109374999 0.5570228796875 0.5521817171875 0.5388274078124999 0.541217371875 0.55613364375 0.5641056078125 0.6011875734375 0.574700721875 0.600932271875 0.5850005546875 0.5867624203124999 0.5840039109374999 0.5570228796875
11 0.5887660453125 0.5919523171875001 0.6091809687499999 0.6065822015625 0.62594119375 0.6040180859375 0.7159445265625 0.5389618296875 0.6931816875 0.5194216546875 0.6663296484375001 0.511309028125 0.613879765625 0.5325086515625 0.587363325 0.5603023312500001 0.5887660453125 0.5919523171875001
11 0.618152025 0.5297968828124999 0.5615586 0.532840771875 0.5912396109375 0.553488125 0.609734940625 0.5465616828125001 0.618152025 0.5297968828124999
11 0.5728184796875 0.460560846875 0.551554303125 0.4920369328125 0.55897449375 0.51442083125 0.584483934375 0.5279678421875 0.6275289093749999 0.523810246875 0.68393784375 0.49484770625 0.691542775 0.47426201875 0.6845286640625 0.45378856562500003 0.6319223171874999 0.43801414375 0.5728184796875 0.460560846875
11 0.600100378125 0.35093043281249997 0.5687211109375 0.35360678437500004 0.529995346875 0.37182199531250004 0.5006833140625 0.40301194687499997 0.500572521875 0.41501605 0.52811235 0.43811528437499997 0.5737045828125 0.433416253125 0.6058591578125 0.41559941250000004 0.6253882296875 0.388485653125 0.6209213765625 0.3674707625 0.600100378125 0.35093043281249997
11 0.511831896875 0.48051260156250003 0.5265248859375 0.449434884375 0.5102446875 0.42294396250000005 0.483000140625 0.413759278125 0.4477445875 0.4232498359375 0.420056865625 0.46208156562499997 0.43205470156250003 0.49347624999999995 0.511831896875 0.48051260156250003
11 0.5177385703125 0.4832506171875 0.5523664578124999 0.49585782187499994 0.562777084375 0.4696838671875 0.552034328125 0.46298189531249995 0.531656253125 0.46731338906250003 0.5177385703125 0.4832506171875
11 0.5674655265624999 0.46669055000000004 0.5962606874999999 0.44559425625 0.667067078125 0.4405276890625 0.667547103125 0.41147265156249996 0.64417884375 0.395473759375 0.6229886125 0.3959843640625 0.5573872828125 0.4568521921875 0.5674655265624999 0.46669055000000004
11 0.7480625062499999 0.43329537343749996 0.7161663671875 0.44606538437500004 0.6902137484375 0.48053478906249997 0.693868446875 0.4977287890625 0.7399036031249999 0.5139015812500001 0.7848684218749999 0.46241207656250005 0.7480625062499999 0.43329537343749996
11 0.7166829859375 0.5048599640625 0.68984451875 0.497585721875 0.664371925 0.5030000890624999 0.6568777890625 0.5115816734374999 0.7180857078125 0.5365099484375 0.7275733843750001 0.518519209375 0.7166829859375 0.5048599640625
11 0.749133096875 0.4320694328125 0.7784080296875 0.45080634062499997 0.8104518109375001 0.4449936046875 0.8390993296874999 0.4169400375 0.8372905312500001 0.38337960781249997 0.8029210796875 0.3657255734375 0.7723539671874999 0.3722228125 0.7451831171875 0.400960884375 0.749133096875 0.4320694328125
11 0.041512367187499996 0.4347186984375 0.0559466671875 0.47757605 0.10423380156249999 0.47929285625 0.15300096093749999 0.45195462500000005 0.1734529828125 0.41665765 0.17020436249999998 0.40137409375 0.1480543359375 0.391106534375 0.11158054843750001 0.394865759375 0.041512367187499996 0.4347186984375
11 0 0.510767703125 0.030658562499999997 0.50890906875 0.0533994078125 0.4781174859375 0.039371184375 0.4371705796875 0.010391534375 0.4323482203125 0 0.4351913859375 0 0.510767703125
11 0 0.5446816234375 0.01825414375 0.6133804171875 0.015633190625 0.5759990968750001 0.0394077796875 0.525020196875 0.030400128125 0.5139558984375 0.00034988593749999997 0.5103594796875 0 0.5104739453125 0 0.5446816234375
11 0.0916451453125 0.4889573140625 0.0428779890625 0.51629554375 0.0425087578125 0.533346478125 0.1040490609375 0.5222624421875001 0.1198863359375 0.5278815406249999 0.135760459375 0.5524620171875 0.151044015625 0.549213396875 0.171532884375 0.5328778 0.1772550703125 0.5096971625 0.1434024890625 0.48194946875 0.0916451453125 0.4889573140625
11 0.23716176562500002 0.41297762968749996 0.1880992484375 0.408813965625 0.1770708328125 0.41489027187499994 0.1618241234375 0.4371002703125 0.1633376390625 0.456746153125 0.19552451875000001 0.48297626875 0.2706915109375 0.485843115625 0.296422540625 0.47538192031250004 0.30952806875 0.45562380312500006 0.28907629687499997 0.42203254062499995 0.23716176562500002 0.41297762968749996
11 0.181832715625 0.5187079484375 0.1862627203125 0.5207614609375 0.18733331250000002 0.5195355203124999 0.2063455125 0.50251541875 0.21934024531250002 0.49476140625 0.259014159375 0.48963229375 0.24710504218749998 0.48590984531250003 0.2257277046875 0.48558966249999996 0.20700969374999997 0.48470422500000004 0.1923541359375 0.480529890625 0.18456471562500001 0.4751969265625 0.1718284203125 0.477904109375 0.1592397640625 0.48756856718749997 0.16005191875 0.49138945625 0.16595859375 0.494127471875 0.172677421875 0.5006863765625 0.181832715625 0.5187079484375
11 0.1870016859375 0.3488831171875 0.1799136265625 0.359375146875 0.1721610546875 0.37300355937499996 0.167767896875 0.3899114265625 0.1693922078125 0.3975532046875 0.1765171125 0.406022553125 0.18094711875 0.408076065625 0.1896594875 0.405225815625 0.2052014796875 0.396930365625 0.2332213328125 0.3909745609375 0.2361746703125 0.39234356875 0.2412691890625 0.3912606953125 0.2444809609375 0.38758287343750003 0.241121546875 0.384303421875 0.23624861562500002 0.3613780875 0.2393127484375 0.35074299062500003 0.2376884375 0.34310121250000003 0.24156472343750002 0.33628700624999996 0.23846374531249998 0.3279607234375 0.2249152921875 0.32684701875 0.21003781406250002 0.3320060828125 0.1870016859375 0.3488831171875
11 0.18323594062499998 0.412581459375 0.1851186890625 0.41517640624999996 0.197854984375 0.4124692234375 0.21435677343749998 0.4149519375 0.24318878124999999 0.412817021875 0.2516427140625 0.4150136015625 0.25673723437499996 0.413930728125 0.2626439078125 0.41666874375 0.267738425 0.41558587031250005 0.2706917625 0.416954878125 0.271762353125 0.41572893750000006 0.2739035359375 0.41327705625 0.27309138125 0.4094561671875 0.2671847078125 0.4067181515625 0.2667786296875 0.40480770625 0.25496528125 0.399331675 0.2545592046875 0.39742123125 0.238721928125 0.3918021328125 0.2336274109375 0.39288500625 0.2306740734375 0.39151599843749996 0.2077487390625 0.39638892812500004 0.2056075578125 0.398840809375 0.1979657796875 0.40046511875 0.1932773375 0.4034584375 0.18323594062499998 0.412581459375
11 0.277115309375 0.409599234375 0.2851631640625 0.40988536875000003 0.2938755328125 0.40703511875 0.296016715625 0.40458323749999997 0.2894086796875 0.386020228125 0.29420791562500004 0.37102280625 0.30343715625 0.358078896875 0.320714253125 0.3454211203125 0.31329406406250004 0.32303722343749997 0.2881907 0.31140065625 0.265265365625 0.3162735875 0.24610552343749997 0.32633641406249997 0.2394235421875 0.33873888750000003 0.23665469374999998 0.36328853125 0.23990331406249998 0.3785720875 0.24824645312500002 0.3927727703125 0.277115309375 0.409599234375
11 0.31381043124999997 0.450720040625 0.3155455359375 0.4463577140625 0.3191633859375 0.44459033750000004 0.33308106875 0.428653109375 0.3322689125 0.4248322203125 0.3263622390625 0.4220942046875 0.319643409375 0.4155353 0.30930673125 0.410743771875 0.3038061359375 0.40991620156249997 0.2961643578125 0.4115405109375 0.2912174796875 0.41958065937500005 0.2924357125 0.42531199218750004 0.30251395625 0.43515034999999996 0.30871591249999997 0.4518029140625 0.31381043124999997 0.450720040625
11 0.4145196734375 0.373404378125 0.41614398281250004 0.38104615625 0.4140028015625 0.3834980375 0.4156271125 0.391139815625 0.4134859296875 0.393591696875 0.416328471875 0.40696480937499996 0.414187290625 0.40941669062499997 0.4170298328125 0.42278980156249996 0.42227199375 0.42866420312500003 0.43582044687500004 0.4297779078125 0.43943829687499997 0.42801053125 0.45712147031250006 0.4172632 0.47749954531250005 0.41293170625000003 0.4804528828125 0.4143007140625 0.4880946609375 0.41267640468750005 0.49813605625 0.40355338281249997 0.5037474468750001 0.39237685 0.5004988265625 0.37709329375 0.4680121203125 0.3620342078125 0.4671999640625 0.35821331875 0.46236388125000005 0.3542493625 0.43179676875000006 0.360746603125 0.4296555890625 0.363198484375 0.41732536875 0.3678161125 0.4145196734375 0.373404378125
11 0.4705593796875 0.361492771875 0.4842554734375 0.3695637515625 0.514711790625 0.375070615625 0.52597141875 0.37167892812500003 0.54660793125 0.3623006046875 0.5606732546875 0.35332065 0.566026209375 0.34719094687499996 0.5631836671875 0.33381783593750003 0.547715621875 0.311147803125 0.5281128546875 0.3003388078125 0.5031571328125 0.29565951562500004 0.47768453749999995 0.3010738828125 0.47044883750000005 0.3046086375 0.456125078125 0.31863542031250003 0.45091976562499997 0.3317223984375 0.454980540625 0.35082684375 0.4667938875 0.356302875 0.4705593796875 0.361492771875
11 0.3786367046875 0.3361044625 0.4155534171875 0.35321705937500003 0.426665403125 0.3428680984375 0.42504109375 0.3352263203125 0.4285113015625 0.32650166875000003 0.4240444484375 0.3054867796875 0.4076534546875 0.29099996093749997 0.388456765625 0.2821014109375 0.3694077171875 0.280160134375 0.3460763046875 0.2831226203125 0.3222280203125 0.2961787640625 0.31166975468749997 0.31539544531249997 0.3224493578125 0.3410587953125 0.3294266234375 0.3425708703125 0.3599937359375 0.3360736296875 0.3786367046875 0.3361044625
11 0.5552466046875 0.321527596875 0.5581999421875 0.32289660468750003 0.5598242515625 0.33053838281250003 0.5627775890625 0.33190739062499997 0.566026209375 0.34719094687499996 0.5693856234375 0.35047039999999996 0.5835985890625001 0.3484477203125 0.5865519265625 0.34981672812500003 0.6054533328125 0.34480072968750003 0.6144241375 0.33690365 0.6132059046875 0.3311723171875 0.6153470859375 0.3287204359375 0.61047415625 0.3057951015625 0.603755328125 0.2992361953125 0.582011378125 0.29087908125 0.5663217453125 0.2922172578125 0.5633684078125001 0.29084825 0.546349746875 0.2984591953125 0.5344264625 0.3029752203125 0.5428795390625 0.307183846875 0.5454267984375 0.3066424109375 0.55026288125 0.3106063671875 0.5552466046875 0.321527596875
11 0.429507946875 0.356241209375 0.4339379515625 0.358294721875 0.45538661874999997 0.3527372875 0.45091976562499997 0.3317223984375 0.456125078125 0.31863542031250003 0.46576039687500004 0.3076019546875 0.47768453749999995 0.3010738828125 0.49806261249999995 0.2967423890625 0.4910111578125 0.2933202828125 0.47807717812500006 0.2888759078125 0.4631897796875 0.28934272656250004 0.43663310468749994 0.295822321875 0.4274038640625 0.30876623125 0.425668759375 0.3131285578125 0.42932345625 0.33032255781250003 0.4271822765625 0.3327744390625 0.429507946875 0.356241209375
11 0.5057043906249999 0.29511807968750003 0.508657728125 0.2964870859375 0.5148228390625 0.294178271875 0.51696401875 0.2917263921875 0.5047445953125 0.284339915625 0.5043385171875 0.2824294703125 0.4885012421875 0.276810371875 0.4779061265625 0.277065675 0.474952790625 0.27569666718749997 0.459669234375 0.27894528749999997 0.4575280515625 0.28139716875 0.44774509062499995 0.28547335937499996 0.4413215453125 0.292829003125 0.43877428749999997 0.2933704390625 0.47665577187499997 0.2878292390625 0.49042083437499995 0.2983666984375 0.5057043906249999 0.29511807968750003
11 0.3388406046875 0.28665737343750003 0.3439351234375 0.2855745015625 0.3460763046875 0.2831226203125 0.3694077171875 0.280160134375 0.388456765625 0.2821014109375 0.40577070937500004 0.2884050125 0.40938855937499996 0.28663763593749997 0.41728877343750004 0.2799664953125 0.42437683125000003 0.2694744671875 0.4173627203125 0.2490010140625 0.41023781406250004 0.2405316640625 0.39990113437499997 0.23574013749999997 0.3728042296875 0.23351272656250002 0.3575206734375 0.236761346875 0.3506910515625 0.24220654531250002 0.3455965328125 0.24328941875 0.3303498234375 0.2654994171875 0.3311619796875 0.26932030625 0.32902079687499997 0.2717721875 0.3344105984375 0.28460386249999997 0.3388406046875 0.28665737343750003
11 0.4443119828125 0.2442711515625 0.4213866484375 0.24914408125 0.41817487656249996 0.25282190312499997 0.42020526406250003 0.262374125 0.4231586 0.26374313437499997 0.42397075468749995 0.26756402343749996 0.42050054687499994 0.27628867343749997 0.4162181828125 0.2811924359375 0.41488915625 0.28746520625 0.4260379890625 0.2960776234375 0.43153858593749994 0.29690519375 0.4377036953125 0.29459638125 0.44774509062499995 0.28547335937499996 0.4575280515625 0.28139716875 0.459669234375 0.27894528749999997 0.474952790625 0.27569666718749997 0.48595398124999994 0.277351809375 0.49359575937500005 0.2757274984375 0.4968075328125 0.2720496765625 0.49518322187499997 0.2644078984375 0.4922298875 0.26303889062499997 0.48765223906250005 0.25402810468750003 0.47100280781250004 0.2445881171875 0.4655022125 0.243760546875 0.455313175 0.24592629375000002 0.4443119828125 0.2442711515625
11 0.550890546875 0.28850860312500004 0.5553205515624999 0.290562115625 0.5629623296874999 0.2889378046875 0.5845586375 0.2903376453125 0.5963719859375 0.2958136765625 0.607373178125 0.29746881875 0.6135382875000001 0.2951600046875 0.6310738203125 0.2774554 0.632402846875 0.2711826296875 0.6248718625 0.2608028359375 0.6224353984375 0.24934016875 0.6186699046874999 0.244150271875 0.6094038171875 0.238132803125 0.5876598671875 0.2297756890625 0.5796120124999999 0.22948955468749999 0.556686678125 0.23436248437499999 0.547309796875 0.24034912031250003 0.539815659375 0.2489307046875 0.536751528125 0.25956580156250003 0.5400001484375 0.27484935781250003 0.550890546875 0.28850860312500004
11 0.5439132812499999 0.286996528125 0.5311769843749999 0.28970371250000004 0.529035803125 0.29215559375 0.523941284375 0.2932384671875 0.5207295109375 0.2969162890625 0.5211355890625 0.2988267328125 0.52851893125 0.30224925156250004 0.5424734609375 0.305273403125 0.5460913109375001 0.303506025 0.55251485625 0.29615038125000004 0.5517027015625 0.29232949218750004 0.5439132812499999 0.286996528125
11 0.6225456875 0.375112540625 0.625499025 0.37648154843750004 0.6263111796875 0.38030243750000003 0.624169996875 0.38275431875 0.6266064625000001 0.3942169859375 0.63317765 0.3938186171875 0.6416315828125 0.3960151953125 0.6467261015625 0.394932321875 0.6496794390625 0.3963013296875 0.6507500296875001 0.3950753890625 0.6602377078125 0.37708465 0.6594255515625 0.3732637609375 0.6615667328125 0.3708118796875 0.658724190625 0.3574387671875 0.6498641796875 0.35333174375 0.6494581015625001 0.3514213 0.633620828125 0.3458022015625 0.6230257124999999 0.346057503125 0.620072375 0.3446884953125 0.607336078125 0.347395678125 0.60412430625 0.3510735 0.6049364609375 0.3548943890625 0.6205153 0.36556031875 0.6225456875 0.375112540625
11 0.6391214234375 0.346629771875 0.6553647765624999 0.35415931562499997 0.6595363453124999 0.36125965625 0.66396635 0.36331316875 0.6777732390625 0.35938004375 0.68393835 0.3570712296875 0.6957148484375 0.34358588437500004 0.7009201609375 0.33049890625 0.7022491890625 0.3242261359375 0.6953458703125001 0.2917485796875 0.6886270421875 0.2851896734375 0.6580230828125 0.2727255359375 0.63764500625 0.2770570296875 0.6235796828125 0.286036984375 0.6122092609374999 0.301432775 0.6161592421875 0.332541325 0.623690225 0.34292111875 0.6310735671875001 0.3463436375 0.6391214234375 0.346629771875
11 0.6980773671875 0.3860140328125 0.685747146875 0.3906316609375 0.6714233875 0.40465844375 0.6679531796875 0.4133830953125 0.6728261109375 0.4363084296875 0.68962318125 0.4527056921875 0.697006525 0.4561282109375 0.7035777109375 0.4557298421875 0.7234020671875 0.4425306296875 0.7276844296875 0.4376268671875 0.7404207281249999 0.43491968437499995 0.7483209421875 0.42824854375 0.7433372171875 0.41732731406249995 0.7454783984375 0.41487543281250006 0.7434480109375 0.405323209375 0.7469182203125 0.39659855781250003 0.7452939093750001 0.38895677968750003 0.7423405734374999 0.387587771875 0.741122340625 0.3818564390625 0.7256911421875001 0.37814778437499996 0.7002185484375001 0.3835621515625 0.6980773671875 0.3860140328125
11 0.3112636765625 0.313485 0.3076089796875 0.29629099999999997 0.2896305203125 0.2931237828125 0.2594694859375 0.3015314671875 0.23067432499999999 0.322627759375 0.23846374531249998 0.3279607234375 0.285643440625 0.31194209375000004 0.3112636765625 0.313485
11 0.075549434375 0.48838504531250004 0.058124696875000006 0.49408554687499995 0.04165975625 0.5105642109375 0.04073680625 0.5187474265625001 0.045831325 0.517664553125 0.0746264859375 0.49656825937500004 0.0920512234375 0.4908677578125 0.09781025625 0.4866485 0.078502771875 0.489754053125 0.075549434375 0.48838504531250004