11 0.44927210312500004 0.5996987515625001 0.4671265375 0.6329267703125 0.5212014984375 0.6646591578125001 0.606736459375 0.6561245765625 0.6413251578125 0.62531241875 0.658364921875 0.58779993125 0.6381989421875 0.5036931265625 0.6088149406250001 0.4807358296875 0.562663559375 0.4814830234375 0.4777064828125 0.5027372999999999 0.44645015 0.5606893921875 0.44927210312500004 0.5996987515625001
11 0.7168299078125 0.495022353125 0.7674706671875 0.49077224375000006 0.8045758187500001 0.47244175625 0.8336555593750001 0.41278912187500005 0.8180120750000001 0.365515084375 0.7600599828125 0.33425875 0.6558203140625001 0.310653609375 0.6191568578125 0.34860779062499997 0.62306586875 0.44454966249999994 0.6589796484375 0.4726085828125 0.7168299078125 0.495022353125
11 0.48114192187500004 0.4826375546875 0.5174642796875 0.48998448593750005 0.5982043609375001 0.4584251328125 0.6229309187500001 0.3953714171875 0.5945689765625 0.2925930234375 0.531039209375 0.263989334375 0.504511521875 0.26429483593750003 0.44921082968750004 0.29469841875 0.4253001875 0.37241039531250003 0.45128186875000004 0.455803121875 0.48114192187500004 0.4826375546875
11 0.3851681734375 0.3901286421875 0.42009673125 0.3700976125 0.4436331578125 0.2973510625 0.43475747656249997 0.2571172140625 0.41373998749999996 0.2301809484375 0.304195028125 0.1954204609375 0.25151386875 0.1910660328125 0.2274682703125 0.21959976406249998 0.25457136875 0.34417844375 0.34833540625000003 0.3946511359375 0.3851681734375 0.3901286421875
11 0.036499793749999995 0.3630830953125 0.0620066609375 0.38651644531249996 0.131964371875 0.41137919375000004 0.17243624531249999 0.40444207812500005 0.21828212656249998 0.3771671953125 0.24807594531250002 0.32333026249999997 0.22308072812500002 0.23194524218749998 0.15642226406249998 0.1938867453125 0.076839196875 0.1948032515625 0.0519776890625 0.2086787203125 0.0066409765625 0.280166421875 0.036499793749999995 0.3630830953125
11 0.101250325 0.5538797859375 0.15865764843750002 0.6127521046875 0.25412346874999997 0.6049659625 0.31796121875 0.5479328578125 0.342415390625 0.498687134375 0.3384720203125 0.418491821875 0.3261609015625 0.39835771875 0.29266173906250004 0.37393790312499997 0.239742553125 0.3676449125 0.1506016015625 0.4189297953125 0.0980210359375 0.479500171875 0.101250325 0.5538797859375
11 0.34877461875 0.5264393125 0.4088701859375 0.5190605046875 0.4436969109375 0.4901869125 0.44764276093750005 0.458217740625 0.4278841171875 0.40948118906250003 0.417749590625 0.3910476265625 0.39935038437500003 0.38543559374999997 0.33221462968750004 0.39958220624999996 0.3435049265625 0.4434551625 0.3389799515625 0.5187868796874999 0.34877461875 0.5264393125
11 0.63207401875 0.646126240625 0.6769665546875 0.6671793312500001 0.7208395109375 0.6558890328125 0.7340696171875 0.6434417203125 0.7424030125 0.5991270703125 0.722271390625 0.4992737046875 0.6235075640625001 0.4641733546875 0.6174194796875 0.47869542656249997 0.6505100609375 0.5238272296875001 0.6603034890624999 0.5875619046875 0.63207401875 0.646126240625
11 0.24337421718750002 0.701723746875 0.285817775 0.7348842890625 0.359210925 0.7396472937499999 0.41910282499999996 0.7145833578125 0.4534535 0.68183263125 0.45767173124999994 0.6360554671875 0.4350224171875 0.579802675 0.40199930625 0.5592599953125 0.35608594843749997 0.5619457578125 0.280549325 0.5958178953125 0.24300123906249999 0.6506069343750001 0.24337421718750002 0.701723746875
11 0.5510934296875 0.7879115140625 0.610677346875 0.8484843734374999 0.705905140625 0.838759665625 0.7366510640625 0.792676996875 0.7212799640625 0.7315949671875 0.6694503140625 0.6700700046875 0.6138784828125 0.6581993359375 0.5645296859375 0.68098484375 0.5396338187499999 0.7106068718749999 0.5368781 0.7522688765625001 0.5510934296875 0.7879115140625
11 0.5262675203125 0.72995818125 0.5072904312500001 0.7116264515624999 0.484401846875 0.709517334375 0.3715220453125 0.7597813953125 0.3653983625 0.8461322687499999 0.45147685 0.8660639421875 0.5338831140625 0.8480745546874999 0.5396656984375 0.8070247953124999 0.5262675203125 0.72995818125
11 0.0623452796875 0.4533798203125 0.1044833359375 0.46001267031250004 0.138595984375 0.42532337968749995 0.13607953125 0.41284171093750005 0.04228113125 0.37811557812499996 0.030308632812500003 0.42484484531250005 0.0623452796875 0.4533798203125
11 0.1084598234375 0.5805436671875001 0.097984196875 0.6074112171875 0.10468328281249999 0.645944525 0.170593309375 0.69393388125 0.212765725 0.6848201734375 0.25446332968749996 0.6157470921875 0.1545424890625 0.6112895890625001 0.1084598234375 0.5805436671875001
11 0.09073909687500001 0.6525761375 0.027378640625 0.657404134375 0.0162232921875 0.6627094234375 0.0352653765625 0.817794759375 0.12165060937500001 0.808171884375 0.15117204374999998 0.76814294375 0.13678740312499998 0.6990686203124999 0.09073909687500001 0.6525761375
11 0.3446876125 0.78964145 0.318908359375 0.780016090625 0.24925614999999998 0.781681034375 0.2046004 0.8186487515625 0.20592548125 0.8775198312500001 0.23167037656249997 0.9028917484375001 0.292956075 0.9052057765624999 0.34968615937499997 0.8303513499999999 0.3446876125 0.78964145
11 0.2467409390625 0.7131171203125 0.2449373234375 0.7625333921874999 0.2597992546875 0.7794026046875 0.341933134375 0.7752212125 0.3663185890625 0.7574686109375001 0.357510384375 0.741823884375 0.2896949078125 0.7344082375000001 0.2467409390625 0.7131171203125
11 0.523679871875 0.8611341156250001 0.4555920109375 0.8675264593750001 0.36393584843750004 0.8502474281250001 0.3700901671875 0.9163967218750001 0.4199468921875 0.993906271875 0.51323611875 0.9844195859375 0.542485171875 0.9581986406249999 0.542826271875 0.912897528125 0.523679871875 0.8611341156250001
11 0.1784088484375 0.9979821125000001 0.184734959375 0.9853986046875001 0.235851771875 0.9850256281249999 0.2722428453125 0.9608794406250001 0.28404479375 0.9368007281249999 0.2798621609375 0.9107490890625 0.1341985140625 0.8863267953125 0.1254577859375 0.8952711921875001 0.1297078953125 0.945911953125 0.1479021921875 0.9899210999999999 0.1784088484375 0.9979821125000001