11 0.5966796875 0.4902343734375 0.6640625 0.4462890625 0.6640625 0.3857421875 0.6416015625 0.3417968734375 0.5537109375 0.3300781265625 0.4912109375 0.33984375 0.4511718734375 0.3623046875 0.4453125 0.4345703125 0.4609375 0.4716796875 0.4951171875 0.4941406265625 0.5488281265625 0.4970703125 0.5966796875 0.4902343734375
11 0.7675781265625 0.4365234375 0.7675781265625 0.3916015625 0.7099609375 0.33984375 0.6494140625 0.3378906265625 0.66796875 0.3876953125 0.6660156265625 0.4501953125 0.734375 0.4658203125 0.7675781265625 0.4365234375
11 0.9287109375 0.5292968734375 0.9765625 0.4677734375 0.9638671875 0.4238281265625 0.9033203125 0.39453125 0.8486328125 0.3984375 0.81640625 0.4306640625 0.8144531265625 0.4814453125 0.8339843734375 0.5224609375 0.8769531265625 0.5400390625 0.9287109375 0.5292968734375
11 0.7373046875 0.6699218734375 0.765625 0.6376953125 0.78515625 0.6005859375 0.78515625 0.5205078125 0.7373046875 0.4746093734375 0.6494140625 0.45703125 0.6015625 0.4951171875 0.5957031265625 0.6083984375 0.6201171875 0.6386718734375 0.6953125 0.6767578125 0.7373046875 0.6699218734375
11 0.5986328125 0.78125 0.62890625 0.7373046875 0.62890625 0.6689453125 0.5791015625 0.62890625 0.5087890625 0.63671875 0.48828125 0.6552734375 0.4746093734375 0.6923828125 0.4824218734375 0.7470703125 0.5068359375 0.7753906265625 0.5371093734375 0.7880859375 0.5986328125 0.78125
11 0.5878906265625 0.6220703125 0.59375 0.5283203125 0.5634765625 0.50390625 0.4912109375 0.5019531265625 0.4707031265625 0.5302734375 0.4746093734375 0.5810546875 0.5097656265625 0.6279296875 0.5878906265625 0.6220703125
11 0.4228515625 0.7128906265625 0.4707031265625 0.6826171875 0.4863281265625 0.6337890625 0.4658203125 0.5957031265625 0.4033203125 0.5859375 0.3720703125 0.59375 0.34765625 0.6162109375 0.3378906265625 0.6357421875 0.3417968734375 0.6923828125 0.3769531265625 0.7158203125 0.4228515625 0.7128906265625
11 0.3017578125 0.953125 0.3525390625 0.92578125 0.42578125 0.8466796875 0.42578125 0.7939453125 0.3701171875 0.7285156265625 0.3291015625 0.7246093734375 0.2587890625 0.76171875 0.1875 0.8544921875 0.1875 0.8818359375 0.203125 0.9111328125 0.2636718734375 0.9541015625 0.3017578125 0.953125
11 0.1816406265625 0.8623046875 0.2011718734375 0.8193359375 0.2441406265625 0.7724609375 0.2353515625 0.75390625 0.1201171875 0.7480468734375 0.08398437343750001 0.7724609375 0.07421875 0.7998046875 0.08789062656249999 0.8369140625 0.1347656265625 0.8642578125 0.1816406265625 0.8623046875
11 0.2041015625 0.7480468734375 0.2363281265625 0.7294921875 0.2636718734375 0.6396484375 0.24609375 0.5966796875 0.2001953125 0.56640625 0.1533203125 0.5683593734375 0.1142578125 0.5839843734375 0.08984375 0.6240234375 0.1171875 0.7255859375 0.1640625 0.7490234375 0.2041015625 0.7480468734375
11 0.3369140625 0.6230468734375 0.3730468734375 0.5830078125 0.3574218734375 0.4677734375 0.3154296875 0.4375 0.2822265625 0.4355468734375 0.2216796875 0.453125 0.2011718734375 0.5048828125 0.203125 0.5615234375 0.2480468734375 0.5947265625 0.2714843734375 0.6376953125 0.3369140625 0.6230468734375
11 0.2724609375 0.7519531265625 0.3339843734375 0.7158203125 0.3232421875 0.6464843734375 0.2597656265625 0.6552734375 0.25 0.7099609375 0.2324218734375 0.7412109375 0.2421875 0.7548828125 0.2724609375 0.7519531265625
11 0.4423828125 0.5839843734375 0.4609375 0.5732421875 0.4765625 0.5029296875 0.4501953125 0.47265625 0.4072265625 0.46484375 0.3691406265625 0.4873046875 0.3730468734375 0.5556640625 0.390625 0.5830078125 0.4423828125 0.5839843734375
11 0 0.6748046875 0.0322265625 0.6738281265625 0.08007812656249999 0.6513671875 0.09570312656249999 0.5986328125 0.1328125 0.5654296875 0.1240234375 0.52734375 0.0498046875 0.5 0.009765626562500001 0.5087890625 0 0.5205078125 0 0.6748046875
11 0.1171875 0.7431640625 0.0947265625 0.6621093734375 0.0302734375 0.6796875 0.009765626562500001 0.7001953125 0.021484373437500003 0.7568359375 0.06835937343750001 0.7802734375 0.1171875 0.7431640625
11 0 0.9208984375 0.021484373437500003 0.9443359375 0.0615234375 0.9375 0.09375 0.9111328125 0.10546875 0.8837890625 0.07617187343750001 0.8095703125 0.0302734375 0.7890625 0 0.7958984375 0 0.9208984375
11 0.1650390625 0.43359375 0.19921875 0.4072265625 0.2109375 0.3115234375 0.19140625 0.2744140625 0.1494140625 0.24609375 0.0908203125 0.2519531265625 0.048828126562500004 0.2958984375 0.048828126562500004 0.3408203125 0.08203125 0.4404296875 0.1650390625 0.43359375
11 0.3251953125 0.4355468734375 0.3720703125 0.41015625 0.38671875 0.3935546875 0.3886718734375 0.3642578125 0.3613281265625 0.3173828125 0.3349609375 0.3027343734375 0.3056640625 0.3027343734375 0.2314453125 0.32421875 0.21484375 0.3427734375 0.20703125 0.3896484375 0.2089843734375 0.4248046875 0.2246093734375 0.4443359375 0.3251953125 0.4355468734375
11 0.3291015625 0.296875 0.3623046875 0.2832031265625 0.38671875 0.2177734375 0.37890625 0.1904296875 0.3134765625 0.15234375 0.2333984375 0.16015625 0.1923828125 0.1777343734375 0.1738281265625 0.2080078125 0.1816406265625 0.2548828125 0.2177734375 0.296875 0.2441406265625 0.3037109375 0.3291015625 0.296875
11 0.5849609375 0.28125 0.6152343734375 0.2470703125 0.6015625 0.1748046875 0.5654296875 0.1386718734375 0.5263671875 0.12304687343750001 0.4541015625 0.12109375 0.4169921875 0.13671875 0.3964843734375 0.1884765625 0.4042968734375 0.2197265625 0.4775390625 0.2734375 0.55078125 0.2939453125 0.5849609375 0.28125
11 0.3984375 0.1708984375 0.4042968734375 0.1357421875 0.3564453125 0.09570312656249999 0.2744140625 0.109375 0.2441406265625 0.1357421875 0.2451171875 0.15234375 0.3232421875 0.15234375 0.3847656265625 0.1845703125 0.3984375 0.1708984375
11 0.4375 0.4326171875 0.4472656265625 0.3525390625 0.4384765625 0.31640625 0.3974609375 0.3125 0.3847656265625 0.3212890625 0.38671875 0.4248046875 0.40234375 0.4404296875 0.4375 0.4326171875
11 0.1953125 0.5205078125 0.2021484375 0.45703125 0.1044921875 0.45703125 0.08007812656249999 0.4697265625 0.0927734375 0.4941406265625 0.1484375 0.5283203125 0.1953125 0.5205078125
11 0.0205078125 0.47265625 0.0634765625 0.4628906265625 0.06640625 0.4482421875 0.0009765625 0.421875 0 0.4970703125 0.0205078125 0.47265625