11 0.5638902546875 0.74696945 0.6084693624999999 0.670984553125 0.6155989374999999 0.6317916546875 0.60854741875 0.5635449515625 0.5838181921875 0.489746546875 0.5508295875 0.446370359375 0.4642234421875 0.40881362499999996 0.3668888453125 0.4280934078125 0.3218666125 0.4786915484375 0.30514333125 0.5278190171875 0.3115373171875 0.6703072531250001 0.37254724375000003 0.752262778125 0.434385134375 0.7697409078125 0.5638902546875 0.74696945
11 0.6077540484374999 0.23831395 0.5745900671874999 0.24084625312500002 0.5467001515625001 0.2657508546875 0.5472796265625 0.2989489234375 0.5809208203125 0.32375620625 0.6271069453125 0.283881575 0.6077540484374999 0.23831395
11 0.5061778718750001 0.18246100625 0.541942328125 0.216998340625 0.5748336171874999 0.19884341875 0.5515750609375 0.1533439671875 0.5243036484375 0.1577268390625 0.5061778718750001 0.18246100625
11 0.4564269578125 0.2419320875 0.4909934359375 0.263793084375 0.5134679984375 0.2643775015625 0.5303617093749999 0.2250141703125 0.5241964453125 0.20754098281250002 0.489698140625 0.189585640625 0.4624267296875 0.1939685078125 0.45197591406250004 0.2107550203125 0.4564269578125 0.2419320875
11 0.49311175625 0.3291957640625 0.5083253359375 0.305489140625 0.49321895781249997 0.2793816171875 0.4656748515625 0.2681418703125 0.43165375937499995 0.277526109375 0.42438783750000003 0.308907696875 0.4333971265625 0.3214476859375 0.49311175625 0.3291957640625
11 0.543033103125 0.279488821875 0.5726713250000001 0.24283316875 0.6077540484374999 0.23831395 0.6084066375 0.21974504687500002 0.5681521093749999 0.20775044375 0.5313551671875001 0.225973540625 0.51925830625 0.2603695875 0.543033103125 0.279488821875
11 0.4955758828125 0.358454090625 0.5184253984375 0.3805196078125 0.5448397 0.3829886796875 0.57180433125 0.3610303640625 0.5692720312499999 0.3278663828125 0.5523832578125 0.3115570859375 0.5114079671875 0.3142257359375 0.49509866875 0.33111450468750003 0.4955758828125 0.358454090625
11 0.48838307812500004 0.33806870624999996 0.4650514078125 0.34433622812500003 0.452681853125 0.3631096546875 0.45312498124999995 0.3884964125 0.46891803593750003 0.39798785625 0.5175001140625 0.38346589531249997 0.48838307812500004 0.33806870624999996
11 0.398752590625 0.40702628750000003 0.4105718140625 0.41268025 0.4505536484375 0.4090522328125 0.459119809375 0.3962054625 0.41698062656249996 0.388150603125 0.398752590625 0.40702628750000003
11 0.6129060859375 0.47751828124999995 0.655391078125 0.44942878750000004 0.65679851875 0.41814945937500003 0.63590183125 0.39604985312499996 0.579201659375 0.3931327140625 0.5536736125 0.44143715937500005 0.596290009375 0.47683160625000004 0.6129060859375 0.47751828124999995
11 0.6899185296875 0.5250095859374999 0.6972185390625001 0.4955808265625 0.6683060203125 0.46190060156249996 0.6390136078124999 0.462411903125 0.6169140015625 0.4833085890625 0.6183505859375 0.5096547171875 0.6593599640625001 0.5089388968749999 0.6899185296875 0.5250095859374999
11 0.6786007203125 0.6599932921875 0.7086820687500001 0.6487243968749999 0.7286925015625 0.6200504875 0.720335803125 0.58894159375 0.7054680328125 0.5765038671875 0.625158553125 0.61990425625 0.6443751078125 0.65766056875 0.6786007203125 0.6599932921875
11 0.7359243359375001 0.586716071875 0.7590514859375 0.568731584375 0.7722099765625 0.5392005640625 0.7256879265625 0.5038742921875 0.7043431703125 0.51206055625 0.6939946156250001 0.53470555 0.700500746875 0.5717070140625 0.7359243359375001 0.586716071875
11 0.7857093374999999 0.5291978187499999 0.8375835140625 0.4794567890625 0.8290904687499999 0.4405365859375 0.8103170421874999 0.42816702968750003 0.769478096875 0.43864698750000003 0.741792703125 0.47526855625 0.74833291875 0.514222846875 0.7857093374999999 0.5291978187499999
11 0.7337086984375001 0.45978228281250005 0.782052175 0.4315905296875 0.78945444375 0.40802025156250005 0.7723952374999999 0.3819468171875 0.706067275 0.387011421875 0.6820148421875001 0.40794219531250003 0.684615315625 0.44501183125 0.7337086984375001 0.45978228281250005
11 0.663372821875 0.45905657812499995 0.7091741078125 0.5090460984375 0.738330175 0.5007234875 0.7378529609375 0.4733839015625 0.6699520671875 0.44429106875 0.663372821875 0.45905657812499995
11 0.5734844640625 0.34537365625 0.5780377703124999 0.38240920625 0.62117040625 0.3914234359375 0.651183584375 0.376248884375 0.66739061875 0.35350163125 0.6609185765625 0.31845299531250004 0.6342656671875 0.30231413281249997 0.5877045875 0.3207076640625 0.5734844640625 0.34537365625
11 0.6724260796875 0.3622041359375 0.6447406828125 0.3988257046875 0.6800961015625 0.409929109375 0.7050056437500001 0.3821463953125 0.6724260796875 0.3622041359375
11 0.50849576875 0.31525327812500004 0.5163070796875 0.31511693125 0.55529545625 0.3105295421875 0.5401549921875 0.28246919375 0.51209464375 0.29760965625 0.50849576875 0.31525327812500004
11 0.666436190625 0.298822459375 0.6670497515625 0.33397335625 0.6821902171875001 0.362033703125 0.7079519296875 0.3830716796875 0.7245339203125 0.381805528125 0.7554382921875 0.36173186562500004 0.754722471875 0.3207224875 0.7296474359375 0.2830684328125 0.692407365625 0.275904771875 0.666436190625 0.298822459375
11 0.6126190734375 0.23725232031250001 0.6456758515625001 0.2845341625 0.6682185859375 0.28902423593750004 0.7010417015625 0.2669636578125 0.702653659375 0.24740129687499998 0.667678140625 0.20210636875 0.6323908968749999 0.1949086203125 0.6141628609375 0.21378430312500002 0.6126190734375 0.23725232031250001
11 0.7568457343749999 0.3304525390625 0.7778105921875 0.3564578015625 0.8160100312499999 0.3626280046875 0.8430428390625 0.3445753421875 0.8481514125 0.3015108765625 0.81930706875 0.2717363078125 0.7822374328125 0.27433678125 0.7543816046875 0.3011942125 0.7568457343749999 0.3304525390625
11 0.6319719734375 0.28281994374999997 0.6235080749999999 0.3015251953125 0.6629054921875001 0.3203717359375 0.664415190625 0.29495089218750004 0.6319719734375 0.28281994374999997
11 0.822185178125 0.26875593593749997 0.8611345281249999 0.317888346875 0.8973470562499999 0.3221398109375 0.914615721875 0.3042575828125 0.9156822921875 0.2534499796875 0.8868038640625 0.2217225859375 0.8496660546875001 0.22041740468749998 0.8236948796875 0.2433350921875 0.822185178125 0.26875593593749997
11 0.8623325046874999 0.3305646828125 0.8707914625000001 0.367532059375 0.9021389624999999 0.372845153125 0.9640158828125 0.3366034828125 0.9614494953125 0.3014866734375 0.9386340687500001 0.28137398281250003 0.9200992515624999 0.2826742203125 0.9002933390625 0.323065096875 0.8623325046874999 0.3305646828125
11 0.830395646875 0.403398775 0.8567076890624999 0.4000093640625 0.867192590625 0.3851756796875 0.8688045499999999 0.3656133171875 0.8558214328125 0.349235846875 0.7967885390625 0.38054432031249996 0.8099080015625001 0.40473309999999996 0.830395646875 0.403398775
11 0.8310773812500001 0.4424553265625 0.8424144515625 0.4764423296875 0.8687605812499999 0.47500574687499997 0.8995967796875 0.45102642812499993 0.8803802265625 0.41327011406249997 0.825530621875 0.40446040625 0.795483359375 0.41768212968749996 0.79664725 0.42840563749999994 0.8310773812500001 0.4424553265625
11 0.879849665625 0.215006990625 0.92469158125 0.26598996874999997 0.9452133140625 0.26660847187500003 0.9683063781250001 0.24667115625 0.971598471875 0.21145208750000002 0.940699040625 0.175853121875 0.9074668859375 0.1744797703125 0.8871837609375 0.187531059375 0.879849665625 0.215006990625
11 0.9921300875 0.100725334375 0.9649268484375 0.10901385781249999 0.9315534062499999 0.15550182343750002 0.9426518671874999 0.17581903593749998 0.9750950859374999 0.1879499828125 0.9945551874999999 0.1837034609375 0.9921300875 0.100725334375
11 0.8967433765624999 0.17564365937499998 0.9277500109375 0.16142847968750001 0.9368664984375 0.12415432343749999 0.912064159375 0.10212289062499999 0.8572145546875 0.0933131796875 0.83528538125 0.1239740046875 0.8376472500000001 0.1473738484375 0.8967433765624999 0.17564365937499998
11 0.8332204125 0.229494865625 0.8749846390625 0.216068621875 0.8850945859375001 0.1797538359375 0.8407639687499999 0.1580632703125 0.807702246875 0.16645405468750002 0.7975922984375 0.20276884062499997 0.822496903125 0.23065875781249998 0.8332204125 0.229494865625
11 0.7561299125 0.2894431609375 0.8123187828124999 0.2630678875 0.8175977921875001 0.229767559375 0.8045805874999999 0.21143725937500002 0.7557258124999999 0.21033660156249998 0.7103286234375 0.2394536390625 0.7108740109375 0.2706988796875 0.7561299125 0.2894431609375
11 0.9434506859375 0.053716184374999996 0.926630090625 0.04131254375 0.8888737765625001 0.0605290953125 0.889316903125 0.085915853125 0.9188138390624999 0.09712151718749999 0.9497182109375 0.0770478546875 0.9434506859375 0.053716184374999996
11 0.975859078125 0 0.9563705734375001 0.010515371875 0.9453694296874999 0.0517292703125 0.9623945468749999 0.075849875 0.9928508515625 0.086062084375 0.9848603421875 0 0.975859078125 0
11 0.8330939468749999 0.11033829843750001 0.808393865625 0.09416534843749999 0.7596413515625 0.098923175 0.7398354406250001 0.1393140484375 0.7989315671874999 0.167583859375 0.8299041140625001 0.15141585 0.8330939468749999 0.11033829843750001
11 0.65846433125 0.17784941406250002 0.662779028125 0.20121517031249997 0.686417478125 0.2125230953125 0.7019719249999999 0.20834474531249997 0.7032430171875 0.1692541078125 0.7184906828125001 0.1475003125 0.7115705718750001 0.1427375453125 0.684299159375 0.1471204171875 0.65846433125 0.17784941406250002
11 0.7314347734375 0.2175975828125 0.789712815625 0.1989995328125 0.791290690625 0.17748434375 0.7762524875000001 0.1552824765625 0.7350385875 0.1442813328125 0.706978240625 0.159421796875 0.7019378390625 0.20639191875 0.7314347734375 0.2175975828125
11 0.6912825046875 0.21146146406250002 0.6845669125 0.2184156640625 0.7065252281250001 0.2453802953125 0.719820065625 0.2236605859375 0.6912825046875 0.21146146406250002
11 0.6891300984375001 0.1441059578125 0.7339087828124999 0.135510653125 0.7470672765625 0.1059796328125 0.7358665531249999 0.0798039359375 0.70849288125 0.078328325 0.682521709375 0.10124601250000001 0.6773108718749999 0.13845199531250002 0.6891300984375001 0.1441059578125
11 0.8639350890624999 0.030686351562500002 0.815182575 0.035444178124999996 0.7892795734375 0.062267518749999994 0.7946559 0.090498303125 0.8389183453125 0.1082832109375 0.88722773125 0.0781386296875 0.8639350890624999 0.030686351562500002
11 0.7817409578125 0.0780264859375 0.812168115625 0.0306132375 0.793121996875 0.0026210625 0.763795496875 0.001179534375 0.7376879765625 0.0162859140625 0.7323748796875 0.047633414062500004 0.7513869140625 0.0736727609375 0.7817409578125 0.0780264859375
11 0.7851548578124999 0 0.8092900046875 0.033593609375 0.8356361328125 0.032157025 0.84083033125 0 0.7851548578124999 0
11 0.6863251 0.09531935625 0.73086518125 0.073054259375 0.7338164078125 0.0183069140625 0.72484120625 0.007719753125000001 0.6956169671875 0.012136709375 0.6680679203125 0.0565695859375 0.67063430625 0.0916863953125 0.6863251 0.09531935625
11 0.9169291859375001 0.10106125937499999 0.9428613296874999 0.131863371875 0.989183803125 0.09980005 0.9781194281250001 0.081435665625 0.948792928125 0.079994140625 0.9169291859375001 0.10106125937499999
11 0.6842309859375 0.143214759375 0.6844745343749999 0.10121192500000001 0.6572372093750001 0.107547621875 0.6555229875 0.1212515015625 0.6842309859375 0.143214759375
11 0.7819795640625 0.091696278125 0.7358665531249999 0.0798039359375 0.7480607328125 0.10693900468749999 0.7819795640625 0.091696278125