11 0.442294625 0.25342467812499997 0.39074689218750003 0.2629029296875 0.358333021875 0.30334846875 0.368987596875 0.343719209375 0.4590801390625 0.38147194687499997 0.5154147874999999 0.365785278125 0.5470111984375 0.3136495359375 0.5062772953125 0.27244530624999996 0.442294625 0.25342467812499997
11 0.6948376359374999 0.2063967359375 0.6476680921875 0.20382146875 0.6141642765625 0.22868006875 0.6130651281249999 0.250293765625 0.6469592640624999 0.305681540625 0.68906940625 0.3105684890625 0.720384128125 0.2917366484375 0.733382446875 0.25362772499999997 0.6948376359374999 0.2063967359375
11 0.674549403125 0.4202469625 0.6786366968750001 0.47869798125 0.705155296875 0.50327519375 0.822606909375 0.48429375781250006 0.8287746640625 0.42316774218750003 0.8044451578125 0.3925637703125 0.722958940625 0.38455658125 0.674549403125 0.4202469625
11 0.854452796875 0.5290563406250001 0.839556278125 0.5026874859375 0.8137188921874999 0.487852109375 0.7382457812500001 0.49117180937500005 0.6979021984375 0.530213953125 0.6951589296875 0.565647878125 0.716481884375 0.59058840625 0.8162891046875 0.599272359375 0.8454147328125 0.586467278125 0.854452796875 0.5290563406250001
11 0.6729955046875 0.6220187375 0.68637954375 0.68275650625 0.7831802125 0.685777015625 0.8567413187499999 0.6737804921875 0.8425352187499999 0.6199528375 0.7894934140625 0.58939873125 0.7114224796874999 0.5929000875 0.6729955046875 0.6220187375
11 0.504005365625 0.6132777890625001 0.4735127046875 0.625199515625 0.45805740781250004 0.6468381453125 0.4662458015625 0.707939228125 0.6480934125 0.6952232046875 0.67462121875 0.68259978125 0.66068760625 0.6326688609375 0.602995128125 0.6102715390625 0.504005365625 0.6132777890625001
11 0.44958272343749994 0.63764128125 0.41377197812500005 0.5921770015625001 0.33529231406250004 0.58983325625 0.3024743171875 0.605833375 0.2797705234375 0.635810446875 0.279488834375 0.6691143484375 0.30777859531249996 0.719020334375 0.4274146984375 0.7126124578125 0.4591381484375 0.69962571875 0.44958272343749994 0.63764128125
11 0.15714167343750002 0.580753925 0.0813960765625 0.580176890625 0.010287346875 0.627244025 0.0222905453125 0.7428993921875 0.18581715468749999 0.7295066046875001 0.2191847265625 0.7026996375000001 0.22821358749999998 0.682489334375 0.2183856765625 0.6166081609375 0.15714167343750002 0.580753925
11 0.26375184687500003 0.7240568796875 0.278525928125 0.6926764125 0.272113296875 0.6383037859375 0.2458671828125 0.617623309375 0.21578785156250002 0.6167898187499999 0.1974392375 0.7277149609375 0.26375184687500003 0.7240568796875
11 0.1176477625 0.5012840468750001 0.0021173609375 0.49174167031250005 0.008647826562499999 0.6224639359374999 0.1475724421875 0.574570440625 0.1464917 0.5217828671875 0.1176477625 0.5012840468750001
11 0.27734115625 0.5077382453125 0.21950783437500002 0.5019928734375 0.1503203140625 0.520536196875 0.15290433125 0.57615549375 0.20293958281250002 0.60104615625 0.239990321875 0.6082447875 0.2937317484375 0.5741394578125 0.295521315625 0.5250669609374999 0.27734115625 0.5077382453125
11 0.419676453125 0.489953615625 0.35377717343750004 0.48085648125 0.3024973265625 0.512831784375 0.3008440015625 0.5638526500000001 0.3220307140625 0.5868448093749999 0.43482705 0.5946204765624999 0.46586928437499997 0.5718919015624999 0.46506103125 0.5230010609375 0.419676453125 0.489953615625
11 0.680943625 0.5490208609375 0.6005611609375 0.50079965625 0.5408112296875001 0.504977778125 0.50033600625 0.5234712359375 0.4872060453125 0.541031475 0.4876055703125 0.5840772125 0.5167219937499999 0.6084727671875 0.6507096437500001 0.620640275 0.6862663109375 0.5878065484375 0.680943625 0.5490208609375
11 0.4005656 0.3659847390625 0.36693014375 0.370294653125 0.3331538421875 0.39125651875 0.329184384375 0.4091551390625 0.3885117796875 0.45493286875 0.43021319062499996 0.4539747171875 0.5173175890625 0.4116627390625 0.4954496609375 0.3789287421875 0.4005656 0.3659847390625
11 0.5796561375 0.4445035953125 0.53973969375 0.41498956875 0.4824513421875 0.417037665625 0.45113662187500003 0.43586950625 0.42733827968749993 0.4688599578125 0.43731163906250003 0.4994888609375 0.466019334375 0.5180393140625 0.4948678734375 0.5199378171875 0.569664371875 0.48827596250000005 0.5796561375 0.4445035953125
11 0.26629626093750003 0.38712113125 0.20435723593750002 0.3973260125 0.1761853109375 0.42376966562499996 0.1782289578125 0.452995175 0.20925738749999998 0.486067553125 0.2934730671875 0.5144417703124999 0.3644455546875 0.4654262671875 0.35160188593749997 0.43108228593750003 0.26629626093750003 0.38712113125
11 0 0.475722178125 0.0019811171875 0.489793303125 0.14758624843749998 0.5187694875 0.20009228281250002 0.5043294890625 0.201327675 0.48466415781250005 0.1786376875 0.45884027656250004 0.0997538953125 0.43205111250000006 0.0372699 0.4344625234375 0 0.47077821093749994 0 0.475722178125
11 0.2090217171875 0.333368275 0.22459484999999998 0.388079284375 0.3166086 0.3973082109375 0.36282904375 0.3676445890625 0.34916791875 0.321610403125 0.3069261359375 0.29617476875 0.24703996250000002 0.2984045234375 0.2090217171875 0.333368275
11 0 0.2244368015625 0.0235093453125 0.23767742812499998 0.070542646875 0.238304328125 0.110886228125 0.199262184375 0.1029657203125 0.1606581546875 0.035436126562499996 0.10958029531249999 0 0.10655439687499998 0 0.2244368015625
11 0.22779286718749997 0.1724872796875 0.194016565625 0.1934491453125 0.187449284375 0.21152942343749997 0.1886662703125 0.2662653640625 0.223932040625 0.303936175 0.3100735328125 0.2851862625 0.31773996250000003 0.2454922875 0.2804305453125 0.17859596718749998 0.22779286718749997 0.1724872796875
11 0.1826485625 0.27353879375 0.1915549875 0.1955791703125 0.1635285078125 0.186770553125 0.12469740468749999 0.19144378281250002 0.084626309375 0.23438266093750001 0.1308283453125 0.2791203109375 0.1826485625 0.27353879375
11 0.3353935578125 0.1806262609375 0.2964262125 0.18335112343749999 0.31842117812500004 0.2552341234375 0.36873812031250003 0.246820884375 0.3638287671875 0.1952799796875 0.3353935578125 0.1806262609375
11 0.38255849999999997 0.20180184687499997 0.380223959375 0.24308087500000003 0.4109845046875 0.2536562015625 0.46009625156249995 0.21282682656250002 0.4775880078125 0.17949358124999998 0.4572187546875 0.168191625 0.4312405234375 0.1700082 0.38255849999999997 0.20180184687499997
11 0.57571889375 0.3321999890625 0.6041587046875 0.328253390625 0.6319219 0.2959646359375 0.624273878125 0.26125733906250004 0.5806650624999999 0.23493835000000002 0.5481103484375 0.2920358390625 0.57571889375 0.3321999890625
11 0.43752151250000004 0.2038321421875 0.44079134687500005 0.25059295625 0.5362157796875 0.289930746875 0.5565896343750001 0.282632384375 0.5809375484375 0.238835084375 0.5712366765625 0.212102915625 0.4894825765625 0.1815986734375 0.43752151250000004 0.2038321421875
11 0.3480917796875 0.2502225109375 0.3166408140625 0.267105984375 0.30815692656250004 0.29510975625 0.35299653124999997 0.320363734375 0.39676459999999997 0.2556295 0.3480917796875 0.2502225109375
11 0.5089837484374999 0.3858139234375 0.5422104765625 0.3756589078125 0.5647780265625 0.34373346875 0.56040904375 0.3185863515625 0.538264028125 0.3005559375 0.4965442078125 0.3759153625 0.5089837484374999 0.3858139234375
11 0.12987004062500002 0.2840820578125 0.106062496875 0.3542731453125 0.1623833390625 0.39438743125000003 0.20148692812500002 0.3936109359375 0.21256403750000002 0.38402582500000004 0.220103428125 0.3051828453125 0.1801869828125 0.27566881875 0.12987004062500002 0.2840820578125
11 0 0.3563084234375 0.080633840625 0.345282871875 0.11987827499999999 0.327854425 0.12699973281250002 0.28036698125 0.08667455625 0.245007853125 0 0.24606401249999998 0 0.3563084234375
11 0 0.4336315578125 0.0062322656249999995 0.43859078125 0.133934325 0.435534665625 0.14993459375 0.4216895046875 0.15281410625 0.388203946875 0.10496795 0.357286525 0.023754220312499998 0.3531760703125 0 0.3629004171875 0 0.4336315578125