11 0.4562088375 0.5414111046875 0.4747974984375 0.504254515625 0.46772782656249995 0.4439950546875 0.4333477265625 0.40374702500000004 0.3754558828125 0.3813555375 0.3143786734375 0.3728216265625 0.2521687640625 0.3799935203125 0.2103791609375 0.4222776296875 0.21221080468750003 0.49454643593750003 0.26660647656249997 0.543524521875 0.3334286671875 0.5683816968750001 0.40549718125 0.544068790625 0.4562088375 0.5414111046875
11 0.5554648234374999 0.5880381609375 0.5198498078125 0.5615454875 0.452614596875 0.5474668859375 0.3727484359375 0.5536082999999999 0.338355896875 0.5691013734375 0.3024176375 0.6110788296874999 0.2971713109375 0.6602489109375 0.3114336140625 0.6898164390625 0.544861659375 0.7215886140625 0.572074009375 0.68104636875 0.5750632312499999 0.626127159375 0.5554648234374999 0.5880381609375
11 0.1630365734375 0.5078804765625 0.10338627812500001 0.5452332109375 0.0914625640625 0.6162671 0.1162948578125 0.6609271203125 0.2806394609375 0.6806733625 0.29203549687499997 0.67420870625 0.30365255625 0.597323471875 0.23622534687500002 0.523602871875 0.2100517703125 0.5093281281250001 0.1630365734375 0.5078804765625
11 0.7886027999999999 0.53963751875 0.6891299359375 0.5448506703125 0.6085358046875 0.59308005 0.6010240765625 0.67366174375 0.618770109375 0.7323837765625 0.7410267484374999 0.7514020453125 0.86739286875 0.755536409375 0.8961467937500001 0.7070901515625 0.9055067453125 0.6244557921875 0.8460857687500001 0.5542272140625 0.7886027999999999 0.53963751875
11 0.8589709203125 0.3149436734375 0.8215035265624999 0.3090840359375 0.763705609375 0.325803734375 0.7268390859375 0.387387890625 0.744989846875 0.4724920859375 0.7981506046875 0.535225528125 0.8775015265624999 0.5379122421875 0.9288347859374999 0.509796509375 0.94229178125 0.4680193453125 0.933578315625 0.4137134484375 0.8589709203125 0.3149436734375
11 0.5567743843749999 0.23983617499999998 0.541060284375 0.27586421250000004 0.5420741796875 0.3325294328125 0.5924625921875 0.39834187499999996 0.6202799609375 0.40666305625000004 0.6428675921875 0.3898328453125 0.6995576921875 0.27733674218750004 0.654607603125 0.22199621875000003 0.604824209375 0.2050472015625 0.5567743843749999 0.23983617499999998
11 0.852322559375 0.206744903125 0.8610692 0.1124078546875 0.8478332343750001 0.083764440625 0.7956946625 0.0405354828125 0.7286638890625 0.030357778125000002 0.6707596031249999 0.063707396875 0.6371765218750001 0.13196479375 0.6336762078125 0.1771317609375 0.6530701765625 0.21131986249999998 0.7055154031249999 0.260400165625 0.773163634375 0.2637001921875 0.8028333812499999 0.2513883390625 0.852322559375 0.206744903125
11 0.6560994140624999 0.43705662656250005 0.6456316421875 0.42391458281250005 0.5937831421875 0.46085844062500003 0.5838181671875 0.49462937343749996 0.5879152078125001 0.53548656875 0.611929753125 0.564543003125 0.6402623625 0.56403605625 0.683176371875 0.5432068765625 0.7755671203125 0.5334753703125 0.7252850734375 0.451033009375 0.6560994140624999 0.43705662656250005
11 0.477565696875 0.5197558828125 0.503632909375 0.550660546875 0.5322721734375 0.5560049453125 0.5562950140625 0.5479006421875 0.569952296875 0.52860474375 0.5814671375 0.4497690625 0.5480070078125 0.42707506562499997 0.47768865 0.4288044875 0.477565696875 0.5197558828125
11 0.272728609375 0.24983287031249998 0.2267314515625 0.2864700734375 0.2310287828125 0.34980853437500004 0.2749608328125 0.36706420624999997 0.4177482875 0.3859844046875 0.43612836250000003 0.3635072875 0.4366477515625 0.3360987921875 0.41099356093750006 0.294415553125 0.3672700953125 0.2624804078125 0.272728609375 0.24983287031249998
11 0.2129636546875 0.3409762578125 0.17395054375000002 0.3616010015625 0.15504278437500002 0.44864735156249996 0.167554928125 0.5007983625 0.21467234375 0.504196459375 0.21048137812499998 0.42422807812499996 0.247139315625 0.37732339375 0.23964832500000002 0.3650032453125 0.2231206234375 0.366847328125 0.2129636546875 0.3409762578125
11 0.43453848125 0.1279160625 0.3783926484375 0.1015214625 0.30109024687499997 0.1192633453125 0.2684395703125 0.14933367343749998 0.2585768203125 0.1850550546875 0.2606211921875 0.2240640203125 0.2742701828125 0.2419288578125 0.329904921875 0.25857121875 0.36983800312500004 0.2555005125 0.40567819062500005 0.192992240625 0.4488007828125 0.157483590625 0.43453848125 0.1279160625
11 0.4196379828125 0.19812805625000002 0.4001252078125 0.236310978125 0.39981025625 0.2676203703125 0.45594365000000003 0.34975607656249996 0.50398518125 0.352127840625 0.5304737078125 0.3350931921875 0.53707375625 0.199796728125 0.511210984375 0.1727929625 0.467892246875 0.16723998125 0.4196379828125 0.19812805625000002