11 0.711791109375 0.4104399703125 0.7495639078125 0.380246840625 0.7472638875000001 0.3404772046875 0.718476909375 0.313749784375 0.6585506328124999 0.31913393437500004 0.6343009765625001 0.344324496875 0.63079864375 0.383278665625 0.711791109375 0.4104399703125
11 0.760259065625 0.346248196875 0.79443545 0.3135773046875 0.796850490625 0.2823596046875 0.7757372640625 0.2290981859375 0.7456068546875 0.21894667656250003 0.703134675 0.24749319062500003 0.69715458125 0.290043771875 0.760259065625 0.346248196875
11 0.5477152625 0.2867923203125 0.558839040625 0.319912778125 0.62049033125 0.3443558578125 0.66654324375 0.3113817828125 0.6628527515625 0.26747208906250003 0.643192715625 0.24597201875 0.6149964234375 0.23609232812499997 0.5683371453125 0.24531334999999999 0.5477152625 0.2867923203125
11 0.54524791875 0.41661864375 0.5617297437500001 0.376530146875 0.6172598203125 0.381375909375 0.6163659546875 0.352651653125 0.5607888375 0.32708992187499997 0.52463129375 0.3387730265625 0.514814325 0.39459060625000003 0.54524791875 0.41661864375
11 0.4353587140625 0.31439266718750003 0.4335500375 0.36936341875 0.471448275 0.3944128640625 0.5045687328125 0.383289084375 0.520491234375 0.3401634984375 0.5198535109375 0.3025998015625 0.4996498296875 0.2849679625 0.45988019375 0.2872679828125 0.4353587140625 0.31439266718750003
11 0.3826932421875 0.2330290390625 0.3553908203125 0.2518736046875 0.34333654999999996 0.29554283593749997 0.3726985328125 0.332212665625 0.41000608437499997 0.3404143796875 0.4265663125 0.3348524890625 0.448562990625 0.290608253125 0.4449038578125 0.260509203125 0.42717794062500003 0.23928095468750002 0.3826932421875 0.2330290390625
11 0.3610990921875 0.21125714218749997 0.3688826 0.23306039687500002 0.44901255625000003 0.2453080875 0.46143272812499997 0.24113667031250002 0.4757242953125 0.20961578749999998 0.4623788984375 0.1712523046875 0.4140259640625 0.16445674375 0.38200847968749996 0.174749375 0.3610990921875 0.21125714218749997
11 0.1319008734375 0.48081031249999995 0.1862652609375 0.4588659375 0.188983484375 0.43952476406249996 0.1718012109375 0.41442827812500005 0.14472356875 0.4106227640625 0.10306685468750001 0.433366928125 0.10119545625 0.46071639218750005 0.1319008734375 0.48081031249999995
11 0.8725893015624999 0.9152707953125001 0.8565727187500001 0.91696445 0.844152546875 0.9211358687500001 0.836431759375 0.9269539 0.8345290015625 0.9404927203125 0.8392440625 0.9490446578125 0.839547246875 0.960921184375 0.8437029828125 0.9664360328124999 0.868574684375 0.97190384375 0.8702369796875 0.9741097828124999 0.9194210593750001 0.9820083140625 0.9370999390625 0.9825205984375 0.9428082109375 0.9419041343749999 0.9245386468750001 0.9245441203125001 0.914868059375 0.9231850078124999 0.9076752359375 0.91822948125 0.8725893015624999 0.9152707953125001
11 0.8353131078124999 0.920879725 0.8328039859375 0.91066549375 0.7967928234375 0.8651719046874999 0.7873940593750001 0.861878675 0.778842121875 0.8665937375 0.7501335453125 0.874392928125 0.74241275625 0.880210959375 0.7385758828125 0.8934779578125 0.741628646875 0.8998239546875 0.7436098062500001 0.9208117437500001 0.806076565625 0.939452471875 0.8152035078125 0.944679815625 0.831779415625 0.94602325 0.8353131078124999 0.920879725
11 0.7063859140625001 0.82781205 0.7053299859375 0.8493591625000001 0.7238713703124999 0.8647850625 0.7556483953125 0.870237190625 0.7791139453125 0.864659621875 0.791246615625 0.8555169984375001 0.8011576640625 0.84113135 0.8025167765625 0.8314607640625 0.8000076515625001 0.8212465312499999 0.7958362359375 0.8088263609374999 0.788355909375 0.7988996296875001 0.76732108125 0.7801648218749999 0.7385811437500001 0.77415336875 0.7244986765625 0.776118846875 0.7104318890625 0.7849896453125 0.7010644859374999 0.795507059375 0.69943355 0.8071117640625 0.7063859140625001 0.82781205
11 0.6349385953125 0.7467672828125 0.6374477171875 0.7569815140625 0.6501867515625 0.7715919437500001 0.67119021875 0.7765161093749999 0.6889004578125 0.7908390375 0.6958057796875 0.7908233578125 0.7071229812500001 0.7874830859374999 0.7225645593750001 0.775847025 0.7327787906250001 0.7733379015625 0.76372466875 0.7776870609375 0.7692395171874999 0.7735313234375 0.7680895078125001 0.75364650625 0.754503646875 0.73102778125 0.7315347015625 0.7120211515625 0.7204736421875 0.7065219843749999 0.6895277640625 0.702172825 0.6715770640625001 0.7035946546875 0.6489583390625 0.7171805171875001 0.636841353125 0.7332284609374999 0.6349385953125 0.7467672828125
11 0.616559271875 0.6810700140625 0.6292983046875 0.6956804453125 0.6422934812500001 0.7014514359375 0.65113291875 0.701707578125 0.6599723609375 0.7019637203125 0.6809287890625 0.6861719203125001 0.690568015625 0.6737203890625 0.6968826499999999 0.656856978125 0.6990572296875001 0.6413840390625001 0.6970917546875001 0.6273015734375 0.6829622468750001 0.6085510843749999 0.6719011890625 0.6030519156249999 0.6583623671875001 0.6011491578125 0.6379339046875 0.606167403125 0.625257590625 0.619178259375 0.6150747187500001 0.635498025 0.610725559375 0.666443903125 0.616559271875 0.6810700140625
11 0.535498825 0.7456120109375 0.575284140625 0.7502173125 0.6015306359375 0.7529198593750001 0.613663303125 0.7437772359375 0.614719234375 0.722230121875 0.6077668734375 0.7015298375000001 0.5952996609375 0.6849852875 0.5737211875 0.6701187171874999 0.5543800140624999 0.6674004921875001 0.5361574921875001 0.6707564406250001 0.5284367 0.676574471875 0.5182538296875 0.6928942375 0.516351071875 0.706433059375 0.5291057859375 0.7279488125 0.5313430890624999 0.7400971609375 0.535498825 0.7456120109375
11 0.8756263890625 0.9147114703125 0.8825317109374999 0.9146957890625 0.90350381875 0.9058093125 0.9230697749999999 0.8858774531250001 0.9219197640625 0.865992634375 0.9099961984375 0.8455798515625 0.8831590171875 0.8260295765624999 0.8502790234375001 0.82140859375 0.8317846781249999 0.8266986609375 0.8044822515625001 0.8455432296875 0.8009172 0.8568761109375 0.8050886187499999 0.8692962828124999 0.8239331859375 0.8965987078125 0.8493798937499999 0.912008925 0.8756263890625 0.9147114703125
11 0.7672113203125 0.7318275703125 0.7917955203125 0.7323241765625 0.7997881328124999 0.7245720265625 0.802234534375 0.7071649703125 0.7952821703125 0.686464684375 0.78447725625 0.672126075 0.7681574906249999 0.661943203125 0.7380898 0.6794129812499999 0.72427915625 0.6794443390625 0.7209702484375 0.6819377828125 0.71879566875 0.6974107218750001 0.7246136984375 0.7051315109375 0.746192171875 0.719998084375 0.75477546875 0.729093665625 0.7672113203125 0.7318275703125
11 0.808068246875 0.72179108125 0.8155485734375001 0.731717809375 0.83492110625 0.748246678125 0.8454228421875 0.7507087609374999 0.8810367390625 0.742893890625 0.8912352890624999 0.733479446875 0.893138046875 0.719940625 0.8878479796875001 0.7014462796875 0.8778742140625001 0.6882106421875 0.881982909375 0.673009525 0.8789301421875001 0.666663528125 0.8659192859375 0.6539872140625 0.8432535234375 0.6468571109375 0.8349734078125 0.6496380546875 0.8115392187499999 0.6690262687499999 0.8057682265624999 0.6820214453125 0.8027781796875001 0.7032967359375 0.808068246875 0.72179108125
11 0.713218096875 0.6739451734374999 0.7187486265625 0.6766947562500001 0.7353245359375 0.6780381875 0.7425016796875 0.676088390625 0.7568402890625 0.6652834750000001 0.7642735765625 0.6544942375 0.7686540953125001 0.6373590046875 0.766929078125 0.6075317765625 0.7494749828125 0.5843694109375 0.7326115734374999 0.5780547703125001 0.7129985765625 0.577270665625 0.7008659078125 0.5864132875 0.6959103843750001 0.5936061109375 0.6929203359375 0.6148814015624999 0.7004163421875 0.6317134531249999 0.7007508875 0.6574006234375 0.713218096875 0.6739451734374999
11 0.897257165625 0.8309694203125 0.9135142093749999 0.8135310046875001 0.9333676687500001 0.7985703515625 0.9302835406250001 0.7784137109375 0.91754450625 0.7638032796875 0.8979001500000001 0.7492085281249999 0.8788308 0.7445561875 0.8603364546875 0.7498462546875 0.8310999109375 0.7684189984375001 0.82862215 0.7720154109374999 0.8267507515625001 0.7993648765625 0.840880259375 0.818115365625 0.885093134375 0.8263013984375001 0.8922859593749999 0.8312569234374999 0.897257165625 0.8309694203125
11 0.8231543421874999 0.7968871140625 0.8264162109375001 0.77367770625 0.8385331984375 0.7576297624999999 0.8363115796875 0.7523867359375 0.8169390453125001 0.7358578687499999 0.809746221875 0.7309023406249999 0.8039438703125 0.7300868734375 0.7810533234375 0.7456068546875 0.7760978 0.7527996781249999 0.7728359296875 0.7760090859375001 0.7769916671875 0.781523934375 0.782522196875 0.7842735203125 0.799929253125 0.7867199234375 0.8181831359375 0.7971746171875 0.8231543421874999 0.7968871140625
11 0.8028199578124999 0.843337290625 0.82296091875 0.833347840625 0.8328876468749999 0.8258675140625 0.8337031140625 0.8200651625000001 0.8198454312499999 0.7993805578125001 0.80905619375 0.7919472703125 0.7979951359374999 0.7864481 0.7786539625 0.783729875 0.775345053125 0.7862233171875 0.7748014078125001 0.790091553125 0.7795007890625001 0.7917381671875 0.7955644125 0.810760478125 0.8000076515625001 0.8212465312499999 0.7989517234375 0.8427936453125 0.8028199578124999 0.843337290625
11 0.663113946875 0.8690662390625 0.6962344046875 0.857942459375 0.7036676890625 0.8471532234374999 0.7052986234375 0.8355485187499999 0.7019426765625 0.8173259953124999 0.6925125484375 0.800222121875 0.6728525140625 0.7787220515625 0.642178459375 0.772438771875 0.6300301109374999 0.774676071875 0.617081975 0.7896210453125 0.609439584375 0.8299656875 0.61222053125 0.8382458015625 0.63160874375 0.8616799921875 0.6446039203125 0.867450984375 0.663113946875 0.8690662390625
11 0.5365338125 0.8364841640625 0.5705167765625 0.8402739984375 0.5898422703125 0.8360869015624999 0.5997689984375 0.828606575 0.6094082249999999 0.81615504375 0.615419678125 0.78741510625 0.6081954953125 0.7686489375 0.597390578125 0.7543103296875 0.5529058796874999 0.7480584125 0.52640324375 0.75419530625 0.5139987515625 0.7652720468750001 0.5087714046875 0.7743989874999999 0.505509534375 0.7976083953125 0.5127337203125 0.8163745640625001 0.5238104578125 0.8287790578124999 0.5365338125 0.8364841640625
11 0.6023617828125001 0.7540228265625 0.6018181390625 0.7578910609375 0.6104327953124999 0.7807972875 0.6145885328125 0.7863121375000001 0.6195597390625001 0.786024634375 0.6289271421875 0.7755072203125 0.6300144328124999 0.7677707500000001 0.6258430140625 0.7553505796875 0.6142226296875 0.7468143234375 0.6023617828125001 0.7540228265625
11 0.672078825 0.9245649546875001 0.6817494125 0.9259240671875 0.68341170625 0.9281300078125 0.698053496875 0.9292016171874999 0.7101861671874999 0.9200589953125 0.7356015140625 0.921658571875 0.7408445421875001 0.91943695 0.739966353125 0.8976180156250001 0.7266523140625 0.8730651765624999 0.7086702546875 0.8606763640624999 0.6951314328125 0.85877360625 0.6479441890625 0.878768184375 0.646585078125 0.888438771875 0.6482473703125 0.8906447109375 0.646072790625 0.90611765 0.643866853125 0.9077799453125 0.6477507671875 0.9152289109374999 0.672078825 0.9245649546875001
11 0.5465703015625001 0.877341090625 0.559565478125 0.8831120828125 0.560124803125 0.8861491703125 0.5454830125 0.8850775593750001 0.542174103125 0.8875710031249999 0.538337228125 0.9008380015625 0.541118171875 0.909118115625 0.562440503125 0.9328241265624999 0.5903649734374999 0.9446379328125 0.5992044125 0.9448940765625 0.614118025 0.9440315703125 0.6281848125 0.9351607703125 0.631749865625 0.9238278890625 0.625372509375 0.9130700125000001 0.6413890921875 0.9113763578125 0.646585078125 0.888438771875 0.6349333328125 0.866091871875 0.603381090625 0.837989659375 0.5959164453125 0.83496825 0.585430390625 0.8394114921875 0.561405515625 0.841951975 0.549816490625 0.8472263609375 0.541024090625 0.867686184375 0.5465703015625001 0.877341090625
11 0.43984362812500005 0.8297983640625001 0.4324103390625 0.8405875999999999 0.42802982187499994 0.8577228343750001 0.4382910921875 0.8759296750000001 0.452676740625 0.8858407234375001 0.4858442390625 0.8954329124999999 0.5007578515625 0.8945704046875 0.5208988109375 0.8845809546875 0.5217142796875 0.878778603125 0.51616806875 0.8691236968749999 0.5316410078125 0.8712982765625 0.5368840359375 0.8690766562500001 0.54211138125 0.8599497140624999 0.5406895515625 0.8419990140625 0.5182799296875 0.8260294703125 0.5016569796875 0.8039700734374999 0.47237339843750004 0.8018268515625 0.45829093125 0.8037923328125001 0.44174638593750004 0.8162595421875001 0.43984362812500005 0.8297983640625001
11 0.44722987343750004 0.798293159375 0.4674021953125 0.80211435625 0.48452174687499994 0.7995895546875 0.49886035624999997 0.7887846374999999 0.5120646359375 0.765000225 0.5277780359375 0.7514300421875 0.5294089703125 0.7398253390625 0.52245660625 0.719125053125 0.4981128703125 0.7028836859375 0.47849987499999996 0.7020995796875 0.4575277671875 0.7109860593749999 0.43602769375 0.7306460953125 0.42832258593750006 0.74336945 0.42614800625000004 0.7588423875 0.42950395468749997 0.7770649109375001 0.44722987343750004 0.798293159375
11 0.9118832749999999 0.8251357078125 0.910252340625 0.8367404125 0.9194106421875 0.855778403125 0.9272098312500001 0.8844869796875001 0.9380147484375 0.8988255875 0.941611159375 0.9013033515625001 0.9485164812500001 0.901287671875 0.9626512500000001 0.8007135703125 0.9521495156249999 0.7982514859375 0.9361329328125001 0.7999451453125 0.9195883828125 0.8124123546875 0.9118832749999999 0.8251357078125
11 0.8855688 0.914136465625 0.891930475 0.9179890203125 0.9273039093750001 0.9259189109375001 0.930597140625 0.916520146875 0.9225261296875 0.8897456874999999 0.9233415968750001 0.8839433359375001 0.92057633125 0.88256854375 0.9070845500000001 0.9013817515625 0.8855688 0.914136465625
11 0.9367183562499999 0.9361174625 0.9433518546874999 0.9380359 0.946613725 0.9148264921875 0.943848459375 0.9134517000000001 0.934193553125 0.918997909375 0.930900325 0.9283966734375 0.9367183562499999 0.9361174625
11 0.9452441921875 0.79826716875 0.9629230718749999 0.798779453125 0.966441084375 0.76673060625 0.9484903843750001 0.7681524390625001 0.9344235968750001 0.7770232375 0.9341831359375 0.7927679984375 0.938338871875 0.7982828484375 0.9452441921875 0.79826716875
11 0.9773139828125 0.6893659125 0.9424998718750001 0.684473109375 0.923733703125 0.6916972921875 0.906917334375 0.706098621875 0.893713053125 0.729883034375 0.8962221765624999 0.7400972671875 0.903702503125 0.7500239953125 0.92833374375 0.7712365640625001 0.9391073000000001 0.77176453125 0.942416209375 0.769271090625 0.9675440546875 0.765899459375 0.9773139828125 0.6893659125
11 0.8642569906249999 0.6517812734375 0.871449815625 0.6567368015625 0.8850199968749999 0.6724502 0.8899912015625 0.6721626984375 0.9093166937499999 0.6679756 0.9153751890624999 0.659951628125 0.9205711734375001 0.63701404375 0.9166872609375 0.6295650765625 0.9130908484375 0.6270873124999999 0.8976179109375 0.6249127328124999 0.895955615625 0.6227067953125001 0.8594792078125 0.6156080515625 0.8578169140625 0.6134021109375001 0.8462122093750001 0.6117711765625 0.8429033 0.6142646187499999 0.8410319015625 0.6416140828125 0.845187640625 0.6471289328125 0.8642569906249999 0.6517812734375
11 0.7742159843749999 0.6539192328125 0.7783717218749999 0.6594340843750001 0.7839022515625 0.6621836671875 0.8062805093750001 0.6643425656249999 0.8175977124999999 0.6610022953125 0.8222814140624999 0.6557435890625001 0.8382823187499999 0.6471446125 0.8423596546875001 0.618132853125 0.840969184375 0.6139927968750001 0.8368134453125 0.6084779453125 0.831282915625 0.6057283625000001 0.8006088609375 0.5994450859375 0.7989465671875 0.5972391453125 0.7680006890625 0.5928899859375 0.764419959375 0.5973175453125 0.768591375 0.6097377171875 0.7686540953125001 0.6373590046875 0.7742159843749999 0.6539192328125
11 0.892866225 0.72187474375 0.8967344625000001 0.7224183890625 0.9044395703125 0.7096950343749999 0.9160129156249999 0.697515325 0.9416687250000001 0.6833701390625 0.9375129875000001 0.6778552875 0.9303201624999999 0.6728997671875 0.9112508109374999 0.6682474234375 0.909044871875 0.6699097187499999 0.9013084015624999 0.6688224296875 0.8968965234375 0.672147015625 0.8847481734375 0.6743843187499999 0.8792333265625001 0.6785400546875 0.8795365078125 0.6904165812499999 0.8881198015624999 0.6995121625 0.892866225 0.72187474375
11 0.916765659375 0.6640916859375 0.9209213984375 0.6696065359375 0.9322542796875 0.6731715890625 0.9427716937499999 0.6825389937499999 0.9784169531250001 0.6885347656249999 0.98410954375 0.6410129812500001 0.9357566109375 0.6342174203125001 0.9241675890625001 0.63949180625 0.9186684171874999 0.6505528640625 0.916765659375 0.6640916859375
11 0.633244940625 0.7307506984375001 0.6412218703125 0.716093228125 0.6425809828125 0.706422640625 0.6403593640625 0.7011796140625 0.6290264828125001 0.6976145609375 0.6113162437499999 0.683291634375 0.6016456578125 0.6819325234375 0.5964026312499999 0.684154140625 0.6122101125 0.712015890625 0.6144474125 0.7241642390624999 0.6128164765624999 0.73576894375 0.613935125 0.7418431171875 0.6178033640625 0.7423867625 0.633244940625 0.7307506984375001
11 0.6966265093749999 0.6656964171875 0.6809287890625 0.6861719203125001 0.6698990890625 0.6944833953125 0.667149503125 0.7000139234375 0.67074591875 0.7024916859375 0.70720664375 0.7026851093750001 0.712993315625 0.6965952546875 0.7137774234375 0.676982259375 0.7024288609375 0.666511884375 0.6966265093749999 0.6656964171875
11 0.6108092218750001 0.5816459234375 0.6127746984375 0.5957283890625 0.6221891421875 0.6059269421875 0.6348968171875 0.6067267281250001 0.6404116656250001 0.6025709906250001 0.646485840625 0.6014523421875 0.67383530625 0.6033237375 0.694248090625 0.5914001718749999 0.6950635578125001 0.5855978203125 0.6922826093750001 0.5773177046875 0.6834118124999999 0.5632509171875 0.672350753125 0.5577517515625 0.6416766984375 0.5514684734374999 0.640014403125 0.54926253125 0.6284097 0.547631596875 0.6206889125 0.55344963125 0.612711978125 0.5681071015625 0.6108092218750001 0.5816459234375
11 0.5533450265625001 0.5765283343750001 0.5746203171875 0.57951838125 0.5870718484374999 0.5891576078125 0.5939771703125001 0.5891419296875 0.6050068671875 0.5808304546875 0.611865153125 0.5600988109375 0.6198420828125 0.5454413390624999 0.613752228125 0.5396546671875 0.6026911687500001 0.534155496875 0.587490053125 0.5300468015625001 0.565367934375 0.5190484625 0.55376323125 0.517417528125 0.547976559375 0.52350738125 0.544955153125 0.530972028125 0.5414214625 0.5561155531249999 0.5436587578125 0.5682639015625 0.547814496875 0.5737787515624999 0.5533450265625001 0.5765283343750001
11 0.52949263125 0.655027359375 0.5389070765625 0.6652259125 0.5844947421875 0.6706466796874999 0.5930466796875 0.6659316171875 0.6004799671875001 0.65514238125 0.6042854828124999 0.6280647390625 0.5989954156249999 0.6095703921875 0.5917869109375 0.5977095453125 0.5743484953125 0.5814524999999999 0.5492049703124999 0.5779188093750001 0.5367847984375 0.582090225 0.524652128125 0.591232846875 0.5219025453125 0.5967633765625 0.5172815625 0.6296433718750001 0.5200625078125001 0.6379234859375 0.5267116875 0.6467472453124999 0.52949263125 0.655027359375
11 0.4510720078125 0.6657015734375 0.4527343046875 0.6679075140624999 0.45249384375 0.683652275 0.46468923125000006 0.7021309421875 0.4754627875 0.7026589046875 0.4807058140625 0.700437284375 0.5058493390625001 0.703970975 0.5185256515625001 0.6909601203125 0.5287085234375 0.6746403546875 0.5303394578125 0.6630356500000001 0.5261680421875 0.6506154796875 0.5078984796875 0.6332554625 0.500162009375 0.632168171875 0.49849971406250004 0.629962234375 0.48082083593749997 0.6294499484375 0.472540721875 0.6322308953125 0.460408053125 0.641373515625 0.45545252812500003 0.648566340625 0.4510720078125 0.6657015734375
11 0.47915854218750004 0.627244009375 0.5109355640625 0.6326961390625 0.5172815625 0.6296433718750001 0.5158910921875 0.6255033140624999 0.5219025453125 0.5967633765625 0.52685806875 0.589570553125 0.535681828125 0.5829213734375001 0.5362254734375 0.5790531390625 0.5284733234375001 0.5710605265625001 0.5055357390624999 0.5658645421874999 0.4953215078125 0.5683736609375 0.485394778125 0.5758539890625001 0.482676553125 0.5951951625 0.47744920625000004 0.6043221046875 0.4752746265625 0.6197950421875 0.47915854218750004 0.627244009375
11 0.42856830781250005 0.6083000984375 0.4432257796875 0.6162770296875 0.455933453125 0.61707681875 0.466691328125 0.6106994609374999 0.47880831874999996 0.5946515171875 0.48152654375 0.57531034375 0.47454282187499996 0.540799415625 0.46706249375000003 0.5308726859374999 0.45433914062499997 0.523167575 0.4311297328125 0.51990570625 0.412907209375 0.5232616578125 0.3985686 0.5340665734375001 0.39334125625 0.543193515625 0.389535740625 0.5702711578125 0.391501215625 0.5843536234375 0.4094989578125 0.60364775625 0.42856830781250005 0.6083000984375
11 0.47171483593749997 0.5118033359374999 0.45737622812499995 0.5226082515625 0.47454282187499996 0.540799415625 0.47928924375 0.5631619953125 0.483157478125 0.5637056406250001 0.48784117968749996 0.5584469328125 0.4919185171875 0.5294351734375 0.49079986875000003 0.523361 0.4813854234375 0.513162446875 0.47171483593749997 0.5118033359374999
11 0.399593171875 0.49870881718750004 0.4034770859375 0.506157784375 0.41565679375000003 0.5177311265625 0.43029858593750003 0.5188027374999999 0.450742728125 0.5206898140625 0.4648095125 0.511819015625 0.469765040625 0.504626190625 0.47193962031250003 0.489153253125 0.470549146875 0.4850131953125 0.46195017031249996 0.469012290625 0.44535858125 0.4607635375 0.43317887187500004 0.4491901921875 0.414653165625 0.4406696171875 0.4011143453125 0.438766859375 0.393968559375 0.4545273015625 0.39563085625 0.45673324062500004 0.3956935765625 0.484354528125 0.399593171875 0.49870881718750004
11 0.3963626609375 0.5357288687499999 0.4101419453125 0.5218868640625 0.39546879375 0.507004609375 0.381929971875 0.505101853125 0.3634356265625 0.5103919203125 0.3446851375 0.5245214265625 0.341391909375 0.5339201921875001 0.3438853515625 0.5372291015624999 0.3554900546875 0.5388600359375 0.3682134078125 0.546565146875 0.384005209375 0.5675215734375 0.3881452671875 0.5661311015625 0.3963626609375 0.5357288687499999
11 0.338992546875 0.5720432125 0.3481194890625 0.5772705593749999 0.3558559578125 0.57835785 0.369969784375 0.5902030140625001 0.37300687187500003 0.589643690625 0.37741875 0.5863191015625 0.3795933296875 0.5708461625 0.37735603125 0.5586978140625 0.3682134078125 0.546565146875 0.3516218203125 0.538316390625 0.3438853515625 0.5372291015624999 0.33173700156249997 0.5394664015624999 0.31850136406249996 0.5494401703125 0.3058093703125 0.5555457046875001 0.29561082031249997 0.5649601484375 0.2956264984375 0.57186546875 0.30142885 0.5726809359375 0.31384902187499997 0.5685095203125 0.338992546875 0.5720432125
11 0.2802946796875 0.6318387875 0.296358303125 0.650861096875 0.3201427171875 0.6640653765625 0.3289821578125 0.6643215203125 0.34996994375 0.6623403640625 0.362390115625 0.6581689453124999 0.37011090625 0.6523509125 0.37533825 0.6432239703125 0.37775329375 0.612006271875 0.3688668140625 0.5910341640625 0.3558559578125 0.57835785 0.3409266640625 0.5723150359375 0.307774846875 0.569628171875 0.2873620640625 0.5815517375 0.2777228375 0.59400326875 0.274429609375 0.6034020328125 0.2775137359375 0.6235586734375 0.2802946796875 0.6318387875
11 0.3731636703125 0.6586969093749999 0.38064399843749996 0.6686236390625 0.391433234375 0.6760569265624999 0.39530146875 0.676600571875 0.40056017656250004 0.6812842703124999 0.41133373281249996 0.6818122375 0.43093104843749996 0.6756910234375 0.440857778125 0.6682106953125 0.44856288906249997 0.6554873421875 0.4515529359375 0.6342120515625 0.4429539578125 0.6182111484374999 0.4321647203125 0.6107778625 0.42249413437500005 0.60941875 0.4208318390625 0.607212809375 0.3992847265625 0.60615688125 0.3910046125 0.6089378234375 0.3810778828125 0.6164181515625 0.3764569015625 0.6492981453125 0.37425095937499997 0.650960440625 0.3731636703125 0.6586969093749999
11 0.3443871125 0.7581994 0.3548888484375 0.7606614828125 0.399582646875 0.7373579953125 0.40260405312499997 0.7298933484375 0.40529091875 0.69674153125 0.39669194218750004 0.6807406265625 0.3842404109375 0.6711014 0.3767757640625 0.6680799937499999 0.3378215953125 0.6645776609375 0.3168494859375 0.6734641421875 0.308856875 0.681216290625 0.30115176718750003 0.6939396453125 0.29761807500000004 0.7190831703125 0.30206131406250003 0.7295692234375 0.3114757578125 0.7397677734375 0.3443871125 0.7581994
11 0.4261166453125 0.74503174375 0.43382175156249997 0.7323083890625 0.46304261562500004 0.706830321875 0.45887120000000003 0.6944101515625001 0.451390871875 0.6844834234375 0.4441980484375 0.6795278953125 0.422650934375 0.6784719671875 0.4102307640625 0.6826433828125 0.4044440921875 0.6887332390625 0.4061377453125 0.704749821875 0.4015167625 0.7376298171875 0.40954073593749996 0.7436883109375 0.4219765875 0.746422215625 0.4261166453125 0.74503174375
11 0.36069119843749997 0.76147695 0.36126620468750004 0.7714193593750001 0.3693058546875 0.784383175 0.36441305156250003 0.8191972875 0.3699592609375 0.8288521937500001 0.3746586421875 0.830498809375 0.379070521875 0.82717421875 0.38263557187499997 0.8158413375 0.3944964203125 0.8086328328124999 0.40830706406250006 0.8086014718750001 0.42269271249999996 0.8185125203125001 0.43402559375000005 0.8220775734375 0.4420182078125 0.814325425 0.44171502343749997 0.8024488984374999 0.42756983593750003 0.7767930875 0.42255159062500003 0.756364625 0.40954073593749996 0.7436883109375 0.396001915625 0.7417855546875 0.38358174375 0.7459569734375 0.36069119843749997 0.76147695
11 0.22210909843749999 0.673955484375 0.2578013984375 0.7006672218750001 0.261397809375 0.7031449859375 0.27797371875 0.70448841875 0.2851508625 0.7025386218749999 0.29976129375 0.6897995875 0.3019358734375 0.6743266484375 0.296373984375 0.6577664203125 0.2783605640625 0.631566965625 0.27390164375000003 0.6141755890625 0.262840584375 0.6086764203125 0.2512358796875 0.6070454859375001 0.23494747500000002 0.61067325625 0.22474892343750003 0.6200877015625 0.21181646718749997 0.6419379968750001 0.20879505781250002 0.64940264375 0.20964188749999998 0.6574109359375 0.22210909843749999 0.673955484375
11 0.16234488281249998 0.6290682609375 0.157964365625 0.6462034953125 0.160473484375 0.6564177265625 0.16795381250000002 0.6663444546874999 0.1768089328125 0.67350591875 0.1873106671875 0.6759680015625 0.19199436875 0.6707092953125 0.190332071875 0.6685033546875 0.193897125 0.6571704734375 0.1972060359375 0.65467703125 0.20797959062500002 0.6552049953125 0.20879505781250002 0.64940264375 0.22172751562499998 0.6275523484375001 0.22254298281249998 0.621749996875 0.20040518437500002 0.6038463359375 0.18520406875 0.599737640625 0.17084977968749998 0.603637234375 0.16258534687499998 0.6133235 0.160682590625 0.626862321875 0.16234488281249998 0.6290682609375
11 0.21479083281250003 0.613757384375 0.22749850781249997 0.614557171875 0.239359353125 0.60734866875 0.26918658125 0.605623653125 0.2834938296875 0.5810080921874999 0.282647 0.5729998000000001 0.2784912640625 0.5674849515625 0.2618996765625 0.5592361953125 0.240593025 0.54243550625 0.22678238125 0.5424668687499999 0.2143622109375 0.546638284375 0.20195772031249998 0.5577150234375 0.1989363125 0.5651796703125 0.1954026203125 0.5903231953125 0.198183565625 0.598603309375 0.21479083281250003 0.613757384375
11 0.12524643124999998 0.5913111437499999 0.15759846093750002 0.60670568125 0.1865788609375 0.5969723734375 0.1915343859375 0.58977955 0.193708965625 0.5743066109375 0.19591490312499998 0.5726443156250001 0.1966990125 0.5530313203125 0.162653328125 0.521620196875 0.15712279843750002 0.5188706140625 0.1413780375 0.51863015 0.1204059296875 0.5275166328124999 0.1124133171875 0.5352687796875 0.10966373437500002 0.540799309375 0.108879625 0.56041230625 0.11583198593749999 0.581112590625 0.12524643124999998 0.5913111437499999
11 0.16284674999999998 0.485159471875 0.15683529375 0.513899409375 0.171508446875 0.5287816624999999 0.187556390625 0.54089865 0.19308692031250002 0.5436482359375 0.20579459375 0.5444480234375 0.22512008749999998 0.5402609265625 0.232840875 0.53444289375 0.23861187031250003 0.52144771875 0.24353603281249997 0.5004442499999999 0.24574197031249997 0.49878195468750003 0.24543879062500001 0.48690542968750006 0.241554875 0.47945646249999996 0.2307656390625 0.4720231765625 0.2136304046875 0.46764265624999996 0.211424465625 0.469304953125 0.194017409375 0.46685855 0.187943234375 0.46797719843749996 0.1733171234375 0.47381091093750005 0.16284674999999998 0.485159471875
11 0.2526316140625 0.49186095312500006 0.2617271953125 0.48327765625 0.2630863078125 0.4736070703125 0.25089091875 0.45512840312499997 0.2401016828125 0.4476951171875 0.23070291874999999 0.4444018859375 0.21441451250000002 0.4480296609375 0.1978699640625 0.46049687187500005 0.19732631875 0.46436510625 0.1998197609375 0.4676740171875 0.2020257015625 0.466011721875 0.2307656390625 0.4720231765625 0.241554875 0.47945646249999996 0.2495945265625 0.492420278125 0.2526316140625 0.49186095312500006
11 0.254978675 0.5523465546875 0.26603973281250004 0.557845725 0.2884179953125 0.560004625 0.308015309375 0.5538834109375 0.3223539203125 0.5430784937500001 0.33199314687500003 0.5306269625 0.3341677265625 0.5151540234375 0.32556874687500004 0.4991531203125 0.313117215625 0.48951389375 0.30565256875 0.486492484375 0.2785749265625 0.4826869703125 0.2642206375 0.48658656718750004 0.250153853125 0.495457365625 0.24217692031250002 0.5101148375 0.2408491671875 0.5335960671875 0.2436301140625 0.5418761812499999 0.254978675 0.5523465546875
11 0.323906453125 0.496947178125 0.3344395484375 0.51321990625 0.3352863734375 0.5212281984375 0.341088728125 0.522043665625 0.3562584828125 0.51234171875 0.3656258859375 0.5018243046875 0.367800465625 0.48635136562500003 0.3658349890625 0.4722689 0.359745134375 0.4664822296875 0.35200866406250003 0.46539493906249996 0.33735119375 0.45741800625 0.32768060625 0.45605889375 0.313598140625 0.458024371875 0.2987158875 0.47269752187499997 0.295694478125 0.48016216875 0.301784334375 0.48594883906249997 0.3075866875 0.4867643078125 0.323906453125 0.496947178125
11 0.3464781359375 0.462645353125 0.366922278125 0.46453242968749997 0.38456979687500004 0.451234071875 0.389525321875 0.444041246875 0.391428078125 0.4305024265625 0.3781454 0.4197602296875 0.3687466359375 0.4164669984375 0.3543609875 0.40655595 0.3402471609375 0.394710784375 0.3305765734375 0.393351671875 0.31983437812500004 0.40663435156250005 0.316812971875 0.41409899843750003 0.315453859375 0.423769584375 0.3190816296875 0.440057990625 0.3354170765625 0.457146184375 0.3464781359375 0.462645353125
11 0.3137915625 0.42156364531249996 0.31983437812500004 0.40663435156250005 0.3316795421875 0.392520525 0.330289071875 0.3883804671875 0.3117476859375 0.3729545703125 0.2968183921875 0.366911753125 0.28989739062500003 0.3600221125 0.2821609203125 0.3589348234375 0.272234190625 0.36641515 0.2645290828125 0.3791385046875 0.265135446875 0.40289155625 0.2676288890625 0.4062004671875 0.2947065328125 0.41000598281249995 0.3107544765625 0.4221229703125 0.3137915625 0.42156364531249996
11 0.25448733125 0.4576061671875 0.267785690625 0.475253684375 0.286295715625 0.4768689390625 0.29457582968749996 0.4740879953125 0.310832878125 0.45664957968750003 0.3152133953125 0.4395143453125 0.3129760953125 0.427365996875 0.30549576875 0.4174392671875 0.2927724140625 0.409734159375 0.2637606546875 0.4056568234375 0.251340484375 0.4098282390625 0.24141375312500002 0.41730856562499996 0.236186409375 0.4264355078125 0.237848703125 0.42864144687500005 0.2359459453125 0.44218026874999994 0.2401016828125 0.4476951171875 0.25448733125 0.4576061671875
11 0.1912364640625 0.45857843593750003 0.1962076671875 0.45829093125 0.21441451250000002 0.4480296609375 0.22462874375 0.44552053750000004 0.23455547499999999 0.4380402109375 0.2356427640625 0.43030374218749995 0.23148702499999999 0.42478889375 0.22429420156250002 0.419833365625 0.19748838124999998 0.4140937359375 0.1958260859375 0.41188779843749995 0.18201544218750002 0.41191915625000003 0.17456647812499998 0.415803071875 0.1859307171875 0.43317876718750004 0.1887116625 0.44145888125 0.1887430203125 0.455269525 0.1912364640625 0.45857843593750003
11 0.1701232359375 0.4053170171875 0.1742789734375 0.4108318671875 0.17787538593750002 0.41330962656250003 0.18008132500000001 0.411647334375 0.20522485000000001 0.41518102656250006 0.2068871453125 0.4173869640625 0.22042596718750002 0.41928972187499997 0.22208826093749998 0.42149566250000003 0.228993584375 0.4214799828125 0.2311995234375 0.4198176875 0.23310228125000002 0.40627886718750006 0.23032133593749998 0.397998753125 0.23113680312499998 0.3921964 0.2272528875 0.3847474359375 0.22199418125 0.3800637296875 0.2084553609375 0.3781609734375 0.1976661234375 0.37072768749999996 0.1879955375 0.36936857500000003 0.1783406296875 0.374914784375 0.1725696390625 0.38790996093749996 0.1712105265625 0.3975805484375 0.1690045875 0.3992428421875 0.1701232359375 0.4053170171875
11 0.26176381718749997 0.37776370937500003 0.25209323125 0.3764045984375 0.24381311718749998 0.37918554531250004 0.23582050468750002 0.38693769375 0.2344927515625 0.4104189234375 0.23644254999999997 0.4175960703125 0.24141375312500002 0.41730856562499996 0.265135446875 0.40289155625 0.2637449765625 0.39875150000000004 0.2653759109375 0.38714679531249996 0.26176381718749997 0.37776370937500003
11 0.13530386249999998 0.5197488015625 0.156563471875 0.5158335265625 0.1587380515625 0.5003605875 0.164509046875 0.4873654125 0.1647651875 0.478525975 0.161168775 0.47604821093750005 0.1451521921875 0.477741865625 0.136872078125 0.48052281093750004 0.12253346875 0.4913277265625 0.115100184375 0.5021169640625 0.11292560468749999 0.5175899015625001 0.11653769375 0.5269729875 0.12150889843749998 0.526685484375 0.13530386249999998 0.5197488015625
11 0.10378298125 0.5054572312500001 0.0897005140625 0.5074227125 0.08639160312500001 0.509916153125 0.08557613593749999 0.5157185046875 0.08862890625 0.5220645015625001 0.10248658906250001 0.5427491078125 0.10745779375 0.5424616046875 0.11489107812499999 0.5316723671875 0.11401289375000001 0.5098534328125 0.11151945 0.506544521875 0.10378298125 0.5054572312500001
11 0.0442592296875 0.44482524999999995 0.041812828125 0.4622323046875 0.0457124203125 0.47658659375 0.060657395312499994 0.4895347296875 0.0736525703125 0.495305721875 0.0858322796875 0.5068790671875 0.0908034859375 0.5065915640624999 0.10378298125 0.5054572312500001 0.115643828125 0.4982487296875 0.11866523437500001 0.49078408125 0.1178184078125 0.482775790625 0.11366267031249999 0.477260940625 0.10813214062500001 0.47451135468750005 0.09898951875 0.46237868750000005 0.09451491875 0.4380819890625 0.09560220781249999 0.4303455203125 0.091446471875 0.42483066875000003 0.07210529843749999 0.42211244531250003 0.057751009374999995 0.42601204062500003 0.052236159375 0.43016777812500007 0.0442592296875 0.44482524999999995
11 0.05388277500000001 0.4254683953125 0.058853978125 0.42518089375 0.07017118125 0.42184062187500004 0.09171829375 0.422896553125 0.097504965625 0.41680669843749996 0.1035477796875 0.40187740468750005 0.1046350703125 0.3941409359375 0.0882996234375 0.377052740625 0.0769353828125 0.3596770453125 0.065330678125 0.3580461109375 0.057050564062499996 0.3608270578125 0.047123835937500004 0.368307384375 0.04437425 0.3738379140625 0.044740151562500004 0.41333572656250006 0.0502863625 0.42299063593749997 0.05388277500000001 0.4254683953125
11 0.101070015625 0.4054738171875 0.094483559375 0.4242713453125 0.1011327390625 0.43309510468749995 0.114640196875 0.42118721875 0.118492753125 0.41482554218749995 0.1262292234375 0.41591283125 0.1325752203125 0.4128600640625 0.138377571875 0.41367553125 0.1527318609375 0.4097759359375 0.162402446875 0.411135046875 0.16571135625 0.40864160624999996 0.1645927046875 0.40256743281249996 0.16043697031249998 0.3970525828125 0.1496477328125 0.3896192984375 0.130306559375 0.3869010734375 0.120092328125 0.3894101921875 0.101070015625 0.4054738171875
11 0.09383015312500001 0.379802328125 0.1026852734375 0.38696379062499997 0.10821580156249999 0.3897133765625 0.115121125 0.389697696875 0.1383148515625 0.38605424374999997 0.1518536734375 0.3879570015625 0.16619228125000002 0.377152084375 0.1689418640625 0.3716215546875 0.172203734375 0.348412146875 0.1616706421875 0.3321394203125 0.1508814046875 0.324706134375 0.13181205468749999 0.320053790625 0.130149759375 0.317847853125 0.1047344125 0.3162482765625 0.085440278125 0.33424601875 0.08024429375 0.3571836046875 0.0830252359375 0.36546371875 0.09383015312500001 0.379802328125
11 0.29110496406249997 0.16197371875 0.30114145312499996 0.2028306453125 0.331000040625 0.2149162734375 0.36439231875 0.2018583765625 0.3830644078125 0.1532022625 0.36143889375 0.1176197234375 0.33269895781250003 0.11160826718750001 0.3034624140625 0.1301810140625 0.29110496406249997 0.16197371875
11 0.5236903875000001 0.289332803125 0.54714025625 0.2768499109375 0.5815571046875 0.22843425781249999 0.5408936 0.202010021875 0.4936593171875 0.2012886359375 0.4672037203125 0.22814149375 0.4697755625 0.2659770125 0.5236903875000001 0.289332803125
11 0.465353265625 0.1430716921875 0.46375369062500005 0.1684870390625 0.490894053125 0.1999138421875 0.5450336578125 0.20061955 0.5579817921875 0.185674575 0.561212303125 0.14865452343750002 0.5277102640625 0.1133751671875 0.4904183890625 0.112078775 0.465353265625 0.1430716921875
11 0.45865704531249996 0.11353196562500001 0.4332887375 0.1326483578125 0.42643045625 0.1533800046875 0.42810843125 0.162491265625 0.461819575 0.16821521718750002 0.47882936562499995 0.11735316250000001 0.45865704531249996 0.11353196562500001
11 0.4409938453125 0.1199250046875 0.4326666921875 0.1019899828125 0.3884538171875 0.09380395 0.36695374531249997 0.1134639859375 0.3908322390625 0.1681001953125 0.42340904999999995 0.1608446515625 0.4409938453125 0.1199250046875
11 0.41800922187499995 0.0940130515625 0.46169413437499995 0.1129726421875 0.48020415781250003 0.114587896875 0.49895464531249994 0.10045839062499999 0.4226458828125 0.0680383796875 0.41800922187499995 0.0940130515625
11 0.564249390625 0.1480952 0.54807074375 0.20006022343750002 0.5754515703124999 0.21574226406250002 0.5933395515625 0.1866991453125 0.564249390625 0.1480952
11 0.642633390625 0.2429349296875 0.6804689125000001 0.24036308750000002 0.679590721875 0.2185441515625 0.6579965703124999 0.19677225468749998 0.617651928125 0.1891298671875 0.5801352718749999 0.2104835578125 0.5895810765625 0.2344927515625 0.642633390625 0.2429349296875
11 0.8065837984374999 0.3113400046875 0.8363796656250001 0.2958043453125 0.848402575 0.23832447031249998 0.834544890625 0.2176398671875 0.7654603125 0.2039860203125 0.7585863484375001 0.2178123453125 0.7848798859375 0.24123085625 0.8065837984374999 0.3113400046875
11 0.7452723125 0.1932595046875 0.6659578234375 0.1752094625 0.6599150046875 0.19013875625 0.6837621406250001 0.230964321875 0.70615608125 0.24002854375 0.7472534703125 0.21424729375 0.7452723125 0.1932595046875
11 0.579738009375 0.15717509999999998 0.59612049375 0.194979259375 0.6566060968749999 0.1926322 0.6623614078125 0.1727317 0.5932297906249999 0.1383618921875 0.579738009375 0.15717509999999998
11 0.3991176125 0.0459946625 0.365390790625 0.0333653890625 0.33282965781249996 0.047526254687500005 0.333148521875 0.06630810312499999 0.379614378125 0.0935478078125 0.40527018750000005 0.0794026203125 0.3991176125 0.0459946625
11 0.2960291265625 0.14097025000000002 0.32248472499999997 0.11411739218750001 0.36308550781250004 0.112920340625 0.35472699531249996 0.0811746765625 0.315741465625 0.0638617 0.29146044843749996 0.075241621875 0.281340296875 0.11918267499999999 0.2960291265625 0.14097025000000002
11 0.3262326765625 0.3049729609375 0.3408587890625 0.2991392484375 0.363095928125 0.2391502515625 0.3536501234375 0.21514105625000002 0.3033944328125 0.2218843171875 0.285762596875 0.242087996875 0.28392255624999996 0.2832481046875 0.3262326765625 0.3049729609375
11 0.28025723125 0.170166315625 0.28664604374999997 0.1445823421875 0.271444928125 0.140473646875 0.2322659765625 0.15962139687500002 0.26078113125 0.1882829328125 0.28025723125 0.170166315625
11 0.2484064734375 0.2030520375 0.24838683125 0.2596487828125 0.285288971875 0.2643060734375 0.289590165625 0.23370149218749997 0.29945149375 0.20493627343749998 0.2892284796875 0.172290446875 0.2484064734375 0.2030520375
11 0.2286695640625 0.157143634375 0.24385500000000002 0.1543470078125 0.26012772812499996 0.143813915625 0.26398168593750004 0.114520471875 0.25113148750000003 0.0745045546875 0.23396489374999999 0.0563133921875 0.2148955421875 0.051661051562500004 0.20274719375 0.0538983484375 0.19446707968750002 0.0566792953125 0.179856646875 0.069418328125 0.17656341874999998 0.0788170921875 0.177169784375 0.1025701453125 0.19214611718750002 0.12932892499999998 0.214843240625 0.150269671875 0.2286695640625 0.157143634375
11 0.25873725468750003 0.13967385937500001 0.2626054890625 0.140217503125 0.27804706874999996 0.12858144062500002 0.27913435781249996 0.12084497031250001 0.281340296875 0.11918267499999999 0.28429898593749997 0.08409674218749999 0.2782091296875 0.07831006874999999 0.2569338390625 0.075320021875 0.25362493124999996 0.0778134640625 0.256405871875 0.086093578125 0.2555904046875 0.09189593125 0.2589149984375 0.0963078109375 0.2594900015625 0.10625021875 0.264205065625 0.11480215625000001 0.2612150171875 0.136077446875 0.25873725468750003 0.13967385937500001
11 0.24673466406250003 0 0.2424070703125 0.0032610765625000005 0.2344301359375 0.017918546875 0.233342846875 0.0256550171875 0.23778608750000002 0.0361410703125 0.23754562343750002 0.05188583125 0.25167513124999996 0.0706363203125 0.285114453125 0.0782943890625 0.30359311718750004 0.06609899999999999 0.315741465625 0.0638617 0.323462253125 0.05804366875 0.3237027171875 0.042298907812499995 0.309845034375 0.0216143 0.293797090625 0.0094973125 0.28881020625 0.0028794921875 0.2830183765625 0 0.24673466406250003 0
11 0.17432611874999998 0.06666874375000001 0.179856646875 0.069418328125 0.1922611390625 0.0583415890625 0.20882136875 0.0527797 0.216829659375 0.051932873437500006 0.23589901093750001 0.0565852140625 0.23754562343750002 0.05188583125 0.23588333125 0.049679892187500005 0.23612379374999998 0.03393513125 0.23030576093750002 0.026214340625 0.2192447015625 0.0207151734375 0.203499940625 0.0204747109375 0.1930138859375 0.0249179515625 0.180609396875 0.0359946890625 0.1723606421875 0.052586278125 0.17432611874999998 0.06666874375000001
11 0.149391696875 0.033579646875 0.15190081718749998 0.043793878125000005 0.15605655624999998 0.049308728125 0.164064846875 0.0484618984375 0.1693235546875 0.053145603124999996 0.1723606421875 0.052586278125 0.1828153359375 0.03433239375 0.190807946875 0.0265802453125 0.20543405781250001 0.0207465328125 0.2192447015625 0.0207151734375 0.2225536125 0.01822173125 0.21894152031249997 0.0088386453125 0.206218165625 0.0011335375 0.198481696875 0.000046246875 0.19627575625 0.0017085437500000001 0.172522703125 0.00231490625 0.1642425890625 0.005095853125 0.1565217984375 0.010913884375 0.1512944546875 0.020040825 0.149391696875 0.033579646875
11 0.20416417656250002 0 0.2095427546875 0.0055454171875 0.2153451078125 0.0063608843750000005 0.22477523124999998 0.0234647578125 0.231680553125 0.0234490765625 0.23992930937499998 0.0068574890624999996 0.2471960796875 0 0.20416417656250002 0
11 0.19434153437499999 0.3663158078125 0.20319665312500002 0.3734772734375 0.2087271828125 0.3762268578125 0.22530309062499998 0.3775702890625 0.23441435312499997 0.3758923140625 0.24213514218749999 0.3700742828125 0.2470906671875 0.36288145781250003 0.24984025 0.35735092812499997 0.25310211875 0.3341415203125 0.24755591093749998 0.32448661562500003 0.23483255781249998 0.3167815046875 0.2212623765625 0.301068103125 0.2102013171875 0.2955689359375 0.2027523484375 0.2994528484375 0.20441464531250003 0.3016587890625 0.193688128125 0.32184678906249997 0.1904576203125 0.3588668421875 0.19434153437499999 0.3663158078125
11 0.139820346875 0.319206965625 0.141482640625 0.32141290312500004 0.151153228125 0.322772015625 0.15834605156249998 0.32772754375 0.1707819046875 0.330461446875 0.1798774859375 0.32187815 0.1828988921875 0.314413503125 0.18398618125 0.306677034375 0.1892135296875 0.2975500921875 0.1891821671875 0.2837394484375 0.183635959375 0.2740845421875 0.176443134375 0.2691290171875 0.1629043140625 0.267226259375 0.1466159078125 0.270854034375 0.1259313 0.284711715625 0.12182260468749999 0.2999128328125 0.12405990468750001 0.31206118125 0.130149759375 0.317847853125 0.139820346875 0.319206965625
11 0.141681325 0.1656275890625 0.1190626015625 0.1792134515625 0.114410259375 0.1982828015625 0.1376667078125 0.22226063906250002 0.15811085 0.22414771406249998 0.1555076484375 0.1725015515625 0.141681325 0.1656275890625
11 0.050175965625 0.33793591875 0.0583632625 0.35632023749999997 0.07887719062500001 0.35597196875 0.08488349843750001 0.343890846875 0.10397579374999999 0.31533806875 0.0742525796875 0.312237846875 0.0611323421875 0.3136252296875 0.050175965625 0.33793591875
11 0.08264981875 0.29198356406250003 0.07068305312499999 0.30856119375 0.096057640625 0.315677809375 0.1219134828125 0.3157611609375 0.11270249531250001 0.294685571875 0.0952860328125 0.288687396875 0.08264981875 0.29198356406250003
11 0.065321134375 0.313240971875 0.042023471875 0.3182886875 0.033919381250000005 0.3421156953125 0.0451050296875 0.355576290625 0.065321134375 0.313240971875
11 0.07019086875 0.2653226984375 0.0658500765625 0.3091002234375 0.0928863203125 0.2875355859375 0.1216872 0.2888656765625 0.1424571625 0.27321438750000004 0.11620121718750001 0.24733056250000002 0.093306484375 0.2490951984375 0.07019086875 0.2653226984375
11 0.1059677765625 0.24410787968749997 0.1175337 0.24751783125000001 0.1407429390625 0.2725205359375 0.170480159375 0.267188203125 0.1796467 0.2535296375 0.17102516875 0.22785949687499998 0.13827485625 0.2191803265625 0.115144834375 0.2290647171875 0.1059677765625 0.24410787968749997
11 0.8039387140625 0.48453237656250003 0.8127311125000001 0.464072553125 0.7806352249999999 0.439838575 0.8102063093749999 0.44695299843749997 0.8220357953124999 0.4259338515625 0.795998403125 0.393675903125 0.75979381875 0.3846430390625 0.7197994015625 0.40959314375 0.7295013453125 0.4247628984375 0.7052046484375001 0.4292374984375 0.6961717890625 0.4654420828125 0.72109053125 0.4916258578125 0.7680686718749999 0.501186684375 0.8039387140625 0.48453237656250003
11 0.75204166875 0.376650428125 0.79157084375 0.3900951703125 0.808611996875 0.35304375781249997 0.79085471875 0.3180048625 0.755031715625 0.3553751375 0.75204166875 0.376650428125
11 0.8854173640624999 0.36087956875 0.859698834375 0.3474034703125 0.8089151781249999 0.364920284375 0.7993073125 0.391182459375 0.8289254390625 0.41901285 0.8920822234375001 0.37660865 0.8854173640624999 0.36087956875
11 0.831383475 0.420528296875 0.8190187968749999 0.44054634843749996 0.827802875 0.4799861640625 0.856228115625 0.4967161703125 0.8858796999999999 0.4971690234375 0.9184733828124999 0.48423900781249996 0.9354565296875 0.46911507343750003 0.9472361609375 0.45325983125 0.9530866093749999 0.41163173124999997 0.95148336875 0.3928343921875 0.9283516484375 0.38374652187499997 0.8956426499999999 0.37861894218750003 0.831383475 0.420528296875
11 1 0.45231510156250004 0.9801054515625 0.45899685156250003 0.9657668421875 0.46980176562500003 0.9605394953124999 0.47892870781249997 0.9599958515625 0.4827969421875 0.96248929375 0.4861058515625 0.9735503515625 0.491605021875 0.9812868218749999 0.4926923109375 0.9818461468749999 0.4957293984375 0.9788090593750001 0.49628872343749997 0.9771467640625 0.4940827828125 0.9669325328125 0.4965919078125 0.9572619453125 0.4952327953125 0.9514752765625 0.5013226484375 0.9509316312499999 0.5051908828125 0.9526252828124999 0.5212074656250001 0.96288655625 0.5394143078125 0.9883332640625 0.5548245296875 0.997172703125 0.5550806703125 1 0.5349634062499999 1 0.45231510156250004
11 1 0.337265390625 0.999164384375 0.33741928125 0.98426645 0.34518710937499997 0.9740678984375 0.3546015546875 0.9666346109375 0.365390790625 0.961469984375 0.4021390203125 0.9650977578125 0.4184274265625 0.9759026734375 0.432766034375 0.9994152640625 0.44790443125 1 0.4479412328125 1 0.337265390625
11 0.9321393625000001 0.379279834375 0.94235359375 0.3767707125 0.955892415625 0.3786734703125 0.9616790890625 0.37258361562500003 0.95058666875 0.3532738015625 0.9359135171874999 0.338391546875 0.9143664046875 0.33733561875 0.9022180546874999 0.33957291875 0.892019503125 0.3489873625 0.890116746875 0.362526184375 0.8953911343750001 0.37411520781249996 0.9009216625 0.37686479375 0.9194316890625001 0.378480046875 0.9321393625000001 0.379279834375
11 0.8626104828125 0.29160156875 0.8806395828125 0.3247063453125 0.8930911140625 0.334345571875 0.9057987875 0.335145359375 0.9303829875 0.3356419640625 0.9419720109374999 0.3303675765625 0.9579258749999999 0.301052634375 0.968955571875 0.292741159375 0.9722488031250001 0.2833423953125 0.9633623234375 0.2623702875 0.9470268781250001 0.24528209374999999 0.9122127671875001 0.24038928906249998 0.881810534375 0.2321718984375 0.8658096296875 0.24077087343749998 0.85837634375 0.251560109375 0.8548112906249999 0.262892990625 0.8556581187500001 0.27090128281250003 0.8626104828125 0.29160156875
11 1 0.2658889390625 0.9761170375000001 0.283886040625 0.9755733937500001 0.287754275 0.9634564062500001 0.30380221875 0.9621286515625 0.32728345000000003 0.964909596875 0.3355635640625 0.9709994515625 0.34135023593749997 0.9745958640625 0.343827996875 0.983435303125 0.34408414062500003 1 0.336792228125 1 0.2658889390625
11 0.8155329984374999 0.35993339999999996 0.8558306 0.346859825 0.8768340671875 0.3517839875 0.885370325 0.340163603125 0.8651352828125001 0.30872112343749997 0.8408072265625 0.299385078125 0.8032905703125 0.32073876874999996 0.8155329984374999 0.35993339999999996
11 0.514814325 0.39459060625000003 0.565451596875 0.43425048125 0.601368678125 0.4383121390625 0.6275681328125 0.4202987171875 0.618859396875 0.3559605609375 0.57212171875 0.33065497499999996 0.5367639625 0.329630403125 0.519132121875 0.34983408437499997 0.514814325 0.39459060625000003
11 0.7268459468749999 0.106846271875 0.7820258046874999 0.07909954375 0.7993701375 0.0539246578125 0.7968453359375001 0.0368051046875 0.689094090625 0.024620134374999998 0.681754884375 0.07684130156249999 0.7011430984375 0.100275490625 0.7268459468749999 0.106846271875
11 1 0.09207062499999999 0.9753591343749999 0.0717551828125 0.9297557859375001 0.059429089062499996 0.8809376078125 0.091028371875 0.8746543296875 0.12170242656250001 0.9001480796875001 0.1578286109375 0.9509944562499999 0.1679330828125 0.9934823171874999 0.14629188906249999 1 0.10977969218750001 1 0.09207062499999999
11 0.788162696875 0.10560218125000001 0.801173553125 0.118278496875 0.8445552812500001 0.125361559375 0.8660710343750001 0.11260684531250001 0.8894268249999999 0.058692021875 0.862605325 0.046047068749999996 0.809568690625 0.0445102125 0.7880999765625 0.07798089375 0.788162696875 0.10560218125000001
11 0.60963321875 0.0637467828125 0.6640760078125 0.0763290171875 0.68466653125 0.0210394015625 0.6117293984375001 0.0137472359375 0.6021215296875 0.0400094109375 0.60963321875 0.0637467828125
11 0.46129807500000003 0 0.47251999062500005 0.014891984375 0.53028736875 0.031886096875 0.5534654171875 0.0213373234375 0.5589489046875 0.0033709421875 0.53325523125 0 0.46129807500000003 0