11 0.3487721375 0.6386037984375 0.328840459375 0.7246822859375001 0.3535976515625 0.8141287390624999 0.3982521625 0.8332432609374999 0.4559331109375 0.8222253484375001 0.488651959375 0.7601580953125 0.485524503125 0.6946210453125 0.4763089609375 0.6436060671875 0.45804595 0.6310900375 0.378361046875 0.623163978125 0.3487721375 0.6386037984375
11 0.465524109375 0.8121926531250001 0.4990220296875 0.892694709375 0.530106575 0.9134754140625001 0.5700680390625 0.9184077281249999 0.645468471875 0.891439584375 0.6788670421874999 0.8509345921874999 0.679786028125 0.818353178125 0.6294188921874999 0.7527130515625 0.59493326875 0.73628553125 0.4994330890625 0.759818234375 0.465524109375 0.8121926531250001
11 0.4450820234375 0.9101405703125 0.47419488281250005 0.89082361875 0.480044940625 0.87436298125 0.4598102453125 0.821749296875 0.3984901875 0.8351818281250001 0.3543117296875 0.8199444390625 0.3585618421875 0.8705851984375 0.40365804531249994 0.9093234156250001 0.4450820234375 0.9101405703125
11 0.6168035109375001 0.6499690171875 0.6154415921874999 0.71900898125 0.63948594375 0.7465574921875 0.6707066796875 0.7604342 0.7189328203125 0.7525449828124999 0.763214353125 0.72054269375 0.76321559375 0.6644604515625 0.7240712828125 0.6181041609375 0.691864084375 0.6122197453125 0.6458145359375 0.6218095015625 0.6168035109375001 0.6499690171875
11 0.6106135921875 0.6556485249999999 0.5636806562500001 0.625990896875 0.5077002484375 0.634832221875 0.48185227968750005 0.65669998125 0.49334624375 0.7182580640625 0.522968275 0.74315393125 0.6111902390624999 0.724450465625 0.6106135921875 0.6556485249999999
11 0.3944180703125 0.425397059375 0.3940082546875 0.502191290625 0.41563799062499995 0.52610069375 0.4466207 0.5380388359375 0.5289926046875 0.5357960078125 0.5742606 0.4958014265625 0.577662921875 0.43536599843749996 0.5270565203124999 0.4238695484375 0.48451112656250006 0.3818664421875 0.4282926921875 0.3887691984375 0.3944180703125 0.425397059375
11 0.69656209375 0.40207298593749996 0.6658836453125 0.47274477499999995 0.6728207578125 0.51321665 0.7421318671875 0.5568528203125 0.807805109375 0.5468213656249999 0.8689227390625 0.459621465625 0.8725630875 0.40112460624999996 0.8606261828124999 0.3760250703125 0.8201211921875 0.34262650156249996 0.766113709375 0.335483240625 0.69656209375 0.40207298593749996
11 0.648977590625 0.61551775 0.6731937359375 0.5643334624999999 0.6709840265625 0.5222972390625 0.639083571875 0.4868582703125 0.5741244078125 0.5027054234375 0.551370775 0.5497745515625 0.5669799015625 0.6127951484375 0.6111583609375 0.6280325390625 0.648977590625 0.61551775
11 0.5336574953125 0.28531356875 0.509884284375 0.3000393046875 0.494681253125 0.3284712046875 0.4986589796875 0.3929199578125 0.5331102453125001 0.4250940390625 0.5830025703125 0.4307747875 0.6555123328125 0.3962904046875 0.668776796875 0.36809653125 0.665580625 0.3340526015625 0.6529296453125 0.3031373671875 0.6298373953125 0.283343125 0.5336574953125 0.28531356875
11 0.6450710625 0.40741139375 0.5939198921875 0.4235309296875 0.59609524375 0.4813137140625 0.6611562421875 0.474309125 0.6908825843749999 0.395883065625 0.6698307359375 0.3846933609375 0.6450710625 0.40741139375
11 0.6942836671875 0.391529884375 0.775330490625 0.3304159734375 0.7768273640625 0.3105542578125 0.7552663453124999 0.255151734375 0.7002049218749999 0.23141164062500003 0.6764317125 0.2461373796875 0.6563650859375 0.28303762187500003 0.6736060359375 0.375374746875 0.6942836671875 0.391529884375
11 0.44947577031249997 0.617383878125 0.486614040625 0.6393890734375 0.539703778125 0.6230315109375 0.5553828625 0.5984767453125001 0.5478678609375 0.5452851734374999 0.5331077640624999 0.537258525 0.45485101875 0.540963865625 0.441382884375 0.5514726109375 0.43573649531249997 0.5856183749999999 0.44947577031249997 0.617383878125
11 0.3803352125 0.5510971515625 0.39373587187500003 0.5159992828125 0.392615696875 0.41873108906249995 0.35921836875 0.4031538375 0.2812671265625 0.4333868703125 0.266062853125 0.5179010109375 0.29224944062499997 0.56289661875 0.3525486765625 0.5732029390625 0.3803352125 0.5510971515625
11 0.1370597890625 0.6852606265625 0.127298240625 0.7179438765625 0.14124118593749999 0.7673945062499999 0.2035464625 0.8020519203124999 0.26316597812500003 0.7907959828125 0.28806184375 0.7611739531249999 0.2952725828125 0.73175559375 0.2720110234375 0.6785296625 0.23851186093750001 0.65410985 0.1575681109375 0.6679840765625 0.1370597890625 0.6852606265625
11 0.20548502812499997 0.8018138953125 0.2558877625 0.7956252171875 0.28806184375 0.7611739531249999 0.29285796249999996 0.7281164828125 0.279016853125 0.6875084171875 0.249531015625 0.65570855625 0.25493938125 0.619624225 0.2388529609375 0.6088087359375 0.2221199390625 0.616766671875 0.16933694375 0.6035696828125 0.1319937671875 0.6199616031249999 0.12117827656249999 0.6360480234375 0.11410373124999999 0.6585623875 0.1287951109375 0.6980821578125 0.127977959375 0.7395061359375 0.138826565625 0.7637554 0.1706251859375 0.7903518046875 0.20548502812499997 0.8018138953125
11 0.329078484375 0.726620853125 0.3410178703125 0.639555903125 0.28459452500000004 0.6848557734375 0.2908175625 0.719511946875 0.3095566265625 0.735905109375 0.329078484375 0.726620853125
11 0.31731089375 0.7349530046874999 0.31343251875 0.7915113 0.337476875 0.8190598093749999 0.3512848671875 0.8193321953125 0.351795278125 0.8074627671875 0.3285680765625 0.738490278125 0.31731089375 0.7349530046874999
11 0.1353948484375 0.61560841875 0.11362767968750001 0.6546852546874999 0.1179121484375 0.6895794546875 0.13182197499999998 0.6986944015625001 0.159506678125 0.6677460515625 0.24796666875 0.6509811531249999 0.25385108437500004 0.61877395625 0.24684525468750002 0.6097952 0.22623509843749998 0.618229184375 0.1688608921875 0.5996925484375 0.1353948484375 0.61560841875
11 0.3854012359375 0.616396175 0.4168268796875 0.59187576875 0.41822191875000003 0.5631714859375 0.389653828125 0.554872453125 0.35836437656250003 0.5724888609375001 0.2994932984375 0.5738139453125 0.2942211265625 0.602994278125 0.30544395 0.6222781109375 0.3854012359375 0.616396175
11 0.20464344375 0.41032649687499995 0.1430853609375 0.4218204640625 0.1244812484375 0.45460554843749995 0.1197869609375 0.49650557968750003 0.126689715625 0.5527240140624999 0.15182236875 0.58112279375 0.185831940625 0.59367318125 0.21878757499999998 0.5896267374999999 0.2517775671875 0.569833734375 0.2626274140625 0.53800075625 0.2592962890625 0.4547785796875 0.2497740078125 0.433318153125 0.20464344375 0.41032649687499995
11 0.168384840625 0.595815415625 0.12716576875000002 0.5566011468750001 0.111251140625 0.467052859375 0.0807776 0.499327534375 0.0704369265625 0.575373328125 0.0849246359375 0.5972079734375 0.11988631406250001 0.6175126265624999 0.168384840625 0.595815415625
11 0.21457430312499998 0.41107493437500003 0.24943414531250002 0.422537025 0.345648403125 0.4048200203125 0.3693541375 0.365505159375 0.36139744375 0.29268989375 0.3192937453125 0.27031048125 0.224780028125 0.2858508921875 0.1877767125 0.31302394375000003 0.1859387375 0.378186775 0.21457430312499998 0.41107493437500003
11 0.4257124859375 0.1834516796875 0.39765232500000003 0.275447703125 0.4589367828125 0.33384397187500003 0.488253309375 0.332212146875 0.509646259375 0.29810074062499997 0.5609679796875 0.25933064687499996 0.5718865421875 0.19600454843749998 0.5378438531249999 0.1431184796875 0.5112143296875 0.13458141562499998 0.46856586250000004 0.1398179890625 0.4257124859375 0.1834516796875
11 0.5907961578125 0.1897471546875 0.5770556421874999 0.2140638921875 0.57086448125 0.27582564375 0.6516376796875 0.284601971875 0.6815676921875 0.22386104062499998 0.6540204234375 0.1918231546875 0.5907961578125 0.1897471546875
11 0.7595176953125 0.249710253125 0.8116553296875001 0.225598421875 0.8246142921875 0.1708768625 0.7754704046875001 0.15526525156249998 0.7220420484375001 0.1047594453125 0.6889158625 0.13145644218750002 0.6778954671874999 0.18593997812500002 0.6984025484374999 0.2247456703125 0.7595176953125 0.249710253125
11 0.5921568374999999 0.17678943125 0.6179360921875 0.1864147890625 0.6666382859375 0.18240270625 0.7073837843749999 0.10557535468749998 0.7070782828125 0.0790476640625 0.6969437562499999 0.0606141046875 0.6187213671875 0.0485728859375 0.581887359375 0.1091776234375 0.582022309375 0.15835586875000002 0.5921568374999999 0.17678943125
11 0.6029007156249999 0 0.615014784375 0.026398381250000002 0.6630360171875 0.05690628125 0.707861078125 0.053370246875000006 0.72153411875 0.004464384375 0.6664515484375 0 0.6029007156249999 0
11 0.4694186875 0 0.42840321093749995 0.0050360671875 0.40493550312500004 0.046289496875 0.4118382578125 0.10250793124999999 0.447990065625 0.1325054171875 0.5473330187500001 0.124243221875 0.576683903125 0.1068648390625 0.6040287453125 0.0651353578125 0.6052201171875 0.0187459484375 0.5963048703125 0 0.4694186875 0
11 0.350245815625 0.1297484578125 0.3314711546875 0.18518409687499998 0.332116515625 0.2224929171875 0.3682339640625 0.2682369640625 0.3781648234375 0.2689853984375 0.384661484375 0.23375133906249998 0.40989720937499996 0.21491044062500003 0.44370435625000004 0.153693459375 0.4426504171875 0.1370966296875 0.4054103140625 0.10624887187500001 0.3702780875 0.108594775 0.350245815625 0.1297484578125
11 0.3951015140625 0.27871259375 0.3850344609375 0.2848681515625 0.398976165625 0.3904010234375 0.4900888015625 0.3792138 0.490667928125 0.335851253125 0.4531210828125 0.33455805 0.3951015140625 0.27871259375
11 0.23158219062500002 0.277144521875 0.358065078125 0.2655499609375 0.3167785328125 0.2017465703125 0.2475005421875 0.1984460796875 0.2199176734375 0.2382369953125 0.23158219062500002 0.277144521875
11 0.31171126875 0.1925297875 0.3268799421875 0.17984445 0.3509942546875 0.11981759843749999 0.3478324390625 0.0700271078125 0.3275977421875 0.0174134234375 0.1918980734375 0.034075246875 0.1776127875 0.086007971875 0.186657778125 0.15967350625 0.27293993437499997 0.197290309375 0.31171126875 0.1925297875
11 0.0885724296875 0.20221765625 0.0605135109375 0.2381314390625 0.0655120578125 0.2788413390625 0.090372321875 0.3210481140625 0.1451613609375 0.3585962 0.17825318750000002 0.34764575937500003 0.18682460781250002 0.3052696765625 0.21716195312500003 0.279899 0.2158699890625 0.2613636046875 0.1872687796875 0.2127288859375 0.139485575 0.18415955625 0.0885724296875 0.20221765625
11 0.1681517765625 0.36954788125000004 0.1565534921875 0.41131171875000005 0.2036913390625 0.4025722296875 0.1825720125 0.3667934015625 0.1681517765625 0.36954788125000004
11 0.40772309843750004 0.101045415625 0.40704461875 0.0234009140625 0.3755515 0.023332196875 0.34364980625 0.0439754703125 0.36252382031249997 0.10954687968750002 0.40772309843750004 0.101045415625
11 0.2582373859375 0.66251071875 0.2832682046875 0.682066934375 0.3415282796875 0.6276864734375 0.26714866718749997 0.630915765625 0.2582373859375 0.66251071875
11 0.5178552890625 1 0.5732973296874999 0.9927873375 0.5474506 0.958572859375 0.49150455 0.9516676234375 0.45147436875 0.9782284296875 0.44279288906250003 1 0.5178552890625 1