11 0.139130515625 0.21163725000000003 0.12143916875 0.236683990625 0.11338357031249999 0.2858231859375 0.1325187375 0.330104228125 0.2005204515625 0.374633128125 0.261619115625 0.3334132046875 0.2620032984375 0.2884505328125 0.2152559890625 0.208978890625 0.1622129234375 0.20105961875 0.139130515625 0.21163725000000003
11 0.5442717125 0.22875845625000002 0.4661943046875 0.23148497968749998 0.44802581718749995 0.242868171875 0.42442290156249995 0.2945046078125 0.4222912671875 0.34539125 0.45623635937499996 0.3940409078125 0.516008953125 0.39879370625 0.5668026390625001 0.3422991171875 0.586706175 0.29665481250000003 0.585683728125 0.267375784375 0.5442717125 0.22875845625000002
11 0.21857740468750003 0.41602034843749996 0.1777354890625 0.4496927859375 0.1694072359375 0.491024240625 0.19689545 0.5506481125 0.27753826406250004 0.5654208421875 0.3344046375 0.5429147109375 0.373021965625 0.501502696875 0.3771736953125 0.452499828125 0.351104509375 0.4055294546875 0.21857740468750003 0.41602034843749996
11 0.17785324062500002 0.5649932890625 0.1770352828125 0.5415700671875 0.1521806359375 0.5013973843749999 0.0973777265625 0.4710649375 0.0409760953125 0.478897475 0.00033866875 0.5184257156250001 0.0093299734375 0.6080102468749999 0.0425252703125 0.6351886171875 0.0866142203125 0.638534784375 0.1206026796875 0.63246209375 0.162659134375 0.6055873468749999 0.17785324062500002 0.5649932890625
11 0.40188583906249997 0.6285024156250001 0.3077406015625 0.67478498125 0.2830594734375 0.7235275953125 0.286783646875 0.774209746875 0.30523718125 0.7989714375 0.336071565625 0.814506359375 0.3781404171875 0.8159687546875001 0.425984515625 0.7869375859375001 0.45321865 0.7273570828125 0.4504921265625 0.6492796750000001 0.40188583906249997 0.6285024156250001
11 0.347107721875 0.654844253125 0.32401291875 0.6370847421875 0.2886054328125 0.6305039375 0.22689330000000002 0.65415644375 0.19258881875 0.70714374375 0.1957676921875 0.742210415625 0.2214278984375 0.7774691796875 0.2452601 0.78836283125 0.28133681718750003 0.786125846875 0.28802915625000003 0.6979479484375 0.305788665625 0.6748531437499999 0.347107721875 0.654844253125
11 0.2046846171875 0.6617720921875 0.18568577656250002 0.621394921875 0.1666993296875 0.6093548921874999 0.1284104203125 0.6321894421875001 0.062385439062500006 0.6442666609375001 0.05027724375 0.6613011703125 0.057316618750000006 0.7509538640625 0.1083519828125 0.7853265046875 0.13076515625000001 0.7835666640625 0.18359133593750002 0.7572929890625 0.1918638203125 0.7423467406250001 0.2046846171875 0.6617720921875
11 0.0046205453125 0.61306049375 0.0137853703125 0.79156031875 0.0418374640625 0.7554030390625 0.04934775625 0.6906483625 0.041719709375000004 0.6401025359375 0.0046205453125 0.61306049375
11 0.6342962765625 0.7640286546875 0.640331778125 0.7130056859375 0.6273250671875 0.6763278953125 0.5937889562499999 0.6393898515625 0.5580406546875001 0.62304936875 0.505065753125 0.61708203125 0.4722918328125 0.6299524140625 0.45333018281250004 0.6745866687500001 0.47085423125 0.7286955500000001 0.528836009375 0.7940946656250001 0.57696515625 0.8012083796875 0.6108172875 0.7912318171875 0.6342962765625 0.7640286546875
11 0.6128993296874999 0.62699660625 0.596819103125 0.6422155078125 0.6335216906250001 0.6858830828125 0.6362482140625 0.7639604906249999 0.6460078874999999 0.7636196749999999 0.6841604718750001 0.73688125625 0.6940316796875 0.6837700265625 0.6702552453124999 0.646491165625 0.6382744875 0.6261104859375 0.6128993296874999 0.62699660625
11 0.8449069671875 0.611077459375 0.811246928125 0.5985726859375 0.7387526734375001 0.5932869796875 0.7096223687500001 0.6265504390625 0.7010462562499999 0.7167484359375 0.7448191875 0.767009215625 0.8103794234375 0.7696055875 0.8498704734375 0.7252315890625 0.867072284375 0.6581841609375 0.8622822906250001 0.6329453296875001 0.8449069671875 0.611077459375
11 1 0.6318392390625001 0.9802039656250001 0.6239416249999999 0.9083913406249999 0.6381752703125 0.8693650343750001 0.6678756734375 0.8569965843749999 0.705439584375 0.86212739375 0.7404380921875 0.8856993375 0.7718611484375 0.921379475 0.78624969375 0.9653321015625 0.7856919921875 1 0.7753432874999999 1 0.6318392390625001
11 0.6805230328125 0.57675440625 0.71235506875 0.5648940734375001 0.7338139578125 0.5358071359375 0.7285220328124999 0.4402304734375 0.74749608125 0.42393336093749995 0.7298481031249999 0.3942577515625 0.6981399984375 0.38168481249999997 0.651293553125 0.3833207265625 0.61091638125 0.40231957031250004 0.59490431875 0.4194904046875 0.5864397421875001 0.4569179890625 0.5991985921875 0.5424623234375 0.611591834375 0.561572696875 0.63071460625 0.577516596875 0.6805230328125 0.57675440625
11 0.7796689296875 0.4218327046875 0.736875078125 0.455573303125 0.734427425 0.5533745531250001 0.757999371875 0.5847976078125 0.816024521875 0.5954743765625 0.8716081984375 0.56421861875 0.87703023125 0.495628234375 0.8329846484375001 0.43755971718750003 0.8050440875 0.42094658437500004 0.7796689296875 0.4218327046875
11 0.6663513328125 0.3388228 0.6842719625 0.37630615 0.7503775046875 0.39451800625 0.7770911296875 0.37599630624999997 0.810181071875 0.316211315625 0.7975833406249999 0.2912451359375 0.7626405984375 0.2699907328125 0.737333603125 0.272828790625 0.6663513328125 0.3388228
11 0.831088478125 0.4112426734375 0.8817396593750001 0.49057798906250005 0.9532238656249999 0.49492180937499997 0.9905584921875 0.4447601671875 0.9864253375 0.382366403125 0.9379305828125 0.30881873125000003 0.8889958765625 0.3066189375 0.829248075 0.358540421875 0.831088478125 0.4112426734375
11 0.686192884375 0.1514927875 0.6355788953125 0.1571688953125 0.6120317421875 0.182420125 0.593082490625 0.25539152187499997 0.5984177859375001 0.29624583437499996 0.6155886203125001 0.3122578984375 0.67556570625 0.322866503125 0.7287203046874999 0.27801536250000003 0.7540025015625 0.2185030234375 0.7448315 0.1797369703125 0.686192884375 0.1514927875
11 0.5906596328125 0.40986705468749995 0.6434858125 0.3835933796875 0.6571369609375 0.35477909687500003 0.651336921875 0.32859837812500003 0.589804484375 0.30143240625 0.5277205640625 0.39838472812500003 0.5447550734375 0.41049291875 0.5906596328125 0.40986705468749995
11 0.8820804750000001 0.5003376625 0.8716763609375 0.566170553125 0.8277361328125 0.5950653984375001 0.8507627734375 0.6108729703125 0.8830719484375 0.6126761828125 0.928363040625 0.5944829015625 0.9558140625 0.569095346875 0.962872009375 0.5473514078124999 0.9446105640625 0.50010838125 0.8820804750000001 0.5003376625
11 0.720094646875 0.562669484375 0.6299772109374999 0.5843824515625 0.6351761765624999 0.6213328953125 0.6642631140625 0.6427917843750001 0.6907846453125 0.646751421875 0.739558234375 0.5883730609375 0.720094646875 0.562669484375
11 0.6094997296875 0 0.5960940234375001 0.0618091203125 0.6076941015624999 0.11417055625000001 0.6411620484375 0.1491566640625 0.690902315625 0.146442540625 0.720577925 0.12879456250000001 0.745599871875 0.08981162499999999 0.7519942515625 0 0.6094997296875 0
11 0.855850128125 0.08498444375 0.824904215625 0.1222199359375 0.8272899234375 0.1905376671875 0.8552428796875 0.23548794218750002 0.8936805124999999 0.2448944078125 0.9332521249999999 0.2308094859375 0.9549836671874999 0.209530290625 0.964377734375 0.1427555140625 0.9550146390625001 0.1264708 0.855850128125 0.08498444375
11 0.91101393125 0 0.8962149015625 0.037648459375 0.902027340625 0.09216631875 0.9173825656249999 0.1121504171875 0.963696103125 0.1232361625 0.9869148359375 0.1165624 0.9828443874999999 0 0.91101393125 0
11 0.8890392453124999 0.2518965875 0.835928015625 0.2420253796875 0.8052547546875 0.28706861250000004 0.8143575937499999 0.3238827296875 0.8402098953125 0.33666015625 0.8936371453125 0.29961675625 0.8890392453124999 0.2518965875
11 0.7236762375 0.13357215625000002 0.72254225625 0.15706354218750002 0.75506831875 0.19305970156250002 0.749509959375 0.257746215625 0.7672137046875 0.26103661875 0.804957309375 0.22258658750000002 0.8111973000000001 0.1774194265625 0.79017835625 0.1351584828125 0.7495843 0.1199643765625 0.7236762375 0.13357215625000002
11 0.3757794203125 0.188715921875 0.377483496875 0.237514303125 0.423195965625 0.2593697734375 0.471913784375 0.2273766203125 0.528247253125 0.21759214999999998 0.5178617109375 0.17202840625 0.4651470640625 0.1455316671875 0.389635059375 0.1657574421875 0.3757794203125 0.188715921875
11 0.3088063765625 0.34153696718750004 0.35648317343749997 0.39166141875 0.3946481546875 0.393260140625 0.415437809375 0.3729909953125 0.41593352968749997 0.27525790781250004 0.4025984 0.25715758437499997 0.3497598234375 0.25509411718749997 0.3126854515625 0.2847263578125 0.3088063765625 0.34153696718750004
11 0.22537509843749998 0.4148058109375 0.3218936453125 0.4085038359375 0.3357492828125 0.3855453578125 0.29817297656249997 0.34483976875 0.2589297828125 0.3403472234375 0.20846451875 0.37826434531249997 0.2057875796875 0.41353550625 0.22537509843749998 0.4148058109375
11 0.0358328921875 0.4155618234375 0.07556562343749999 0.4620550578125 0.1355427078125 0.4726636609375 0.19044475 0.4218885515625 0.1869932296875 0.379014140625 0.137637146875 0.33676559375 0.07329144843749999 0.3409669078125 0.042072882812500004 0.3703946609375 0.0358328921875 0.4155618234375
11 0.3865925546875 0.4423993359375 0.38977142656249997 0.4774660078125 0.4076796609375 0.486612215625 0.45882655625 0.46821444375 0.5312526484375 0.47154821562500004 0.5328513703125 0.43338323437500004 0.507395653125 0.40398027656249996 0.42116968750000006 0.39721977656249996 0.3865925546875 0.4423993359375
11 0.36375182968750003 0.5438442015625 0.3459799234375 0.538601865625 0.2702076640625 0.5793570421875 0.2826133015625 0.626804559375 0.3641979984375 0.6405672390625 0.3909797875 0.6239974734375 0.36375182968750003 0.5438442015625
11 0.13394394375000002 0.20302395 0.14928677343750002 0.19467090468749998 0.14867330625 0.1771034875 0.1233539140625 0.1516043984375 0.048771396875 0.1424829875 0.006591015625 0.193791003125 0.006888459375 0.25827302812499997 0.0447374203125 0.3067863609375 0.086874434375 0.310200690625 0.104032875 0.2978756125 0.11571969062500001 0.24079235 0.13394394375000002 0.20302395
11 0.3660197453125 0.18905673750000002 0.3571213953125 0.1580984265625 0.34399075625000003 0.14585390781250002 0.2989599203125 0.14351778906249998 0.25930774843750004 0.127313634375 0.22242546718749998 0.1344645375 0.20285034999999998 0.161531375 0.20205718906249998 0.1947824359375 0.2462948578125 0.2303696171875 0.266167425 0.26778480625 0.314160246875 0.270994646875 0.35984791875 0.236175834375 0.3660197453125 0.18905673750000002
11 0.3447963140625 0.1409399890625 0.3801914046875 0.11918365 0.399630196875 0.08821294375 0.35995323125 0.0153345046875 0.3312752734375 0.0055872249999999995 0.24929399375 0.008450075 0.23478151875000003 0.068563484375 0.25371219843750004 0.1069887203125 0.2850237203125 0.1361871890625 0.3447963140625 0.1409399890625
11 0.40163789687499996 0.06175957343750001 0.43206330312499996 0.065582884375 0.4714985859375 0.0475940921875 0.511863359375 0.0002581078125 0.363516284375 0.0054385015625 0.40163789687499996 0.06175957343750001
11 0.5311162796875 0.15983965312499998 0.5616656125 0.1392296921875 0.5709915156250001 0.07050298125 0.5210219671874999 0.0106870171875 0.46504171093749996 0.05856830625 0.45873355781249997 0.10178353281250001 0.480898871875 0.1488902328125 0.5311162796875 0.15983965312499998
11 0.056907556250000005 0.12363286874999999 0.0936659078125 0.14091523749999998 0.1436106625 0.144056915625 0.16453664375 0.1276916390625 0.1806726375 0.0860875328125 0.16839092656250002 0.0142067453125 0.0326973484375 0.0179681125 0.03164393125 0.07174857500000001 0.056907556250000005 0.12363286874999999
11 0 0.1830633796875 0.026767203125 0.155954440625 0.0312597453125 0.11671124687500001 0.0138038609375 0.0645543015625 0 0.05257398125 0 0.1830633796875
11 0 0.39009648750000003 0.0027181546875 0.41867253125000004 0.025936889062500003 0.41199876875 0.0434795140625 0.3547110171875 0.036942076562499995 0.335396153125 0.00610769375 0.31986123125 0 0.3205461796875 0 0.39009648750000003
11 0 0.4722572875 0.0016771375000000002 0.5007901359375 0.037741457812500004 0.47021600937499997 0.021227459375 0.41704901562499996 0 0.4186416171875 0 0.4722572875
11 0.5672178359375 0.5220816453125 0.5312526484375 0.47154821562500004 0.43951169375 0.47475188125 0.407010425 0.4954300046875 0.37250145625000003 0.5425614999999999 0.37191278437499997 0.5816683671875 0.38861887500000003 0.6123540249999999 0.4196577453125 0.6337447515625 0.450014984375 0.635616128125 0.52996376875 0.602532365625 0.5571421375 0.56933706875 0.5672178359375 0.5220816453125
11 0.5350140140625 0.6072417953125 0.5964782875 0.6324558328125 0.6189472265625 0.6043107828125 0.6218968171875 0.5768473625 0.5705206359375 0.53271504375 0.5350140140625 0.6072417953125