11 0.48757358906250003 0.31064988437499996 0.460502371875 0.28248913125 0.4480207 0.285005584375 0.384862671875 0.36360095000000003 0.36431874999999997 0.4527063015625 0.36411260156249997 0.5471856609375 0.378803984375 0.58670543125 0.4181863203125 0.6350002890625001 0.4855588609375 0.6788744859375 0.518004084375 0.68669746875 0.6094234625 0.6459556921875 0.68142405625 0.5672584921875 0.7002674343749999 0.48032973281249997 0.6929917015625 0.3729944859375 0.6458219796875 0.28531605 0.5221954046875 0.32017341093749996 0.48757358906250003 0.31064988437499996
11 0.46460884374999994 0.6765273421875 0.45797599531250005 0.7186653984375 0.48042164062500003 0.757233065625 0.5163697796875 0.7695454265625 0.5478972578125 0.7538675828125 0.557998665625 0.7319654640625 0.542320825 0.7004379859375 0.46460884374999994 0.6765273421875
11 0.506302728125 0.7757009859374999 0.4570913640625 0.73550025625 0.4383179421875 0.734853653125 0.414272346875 0.763387384375 0.42025735781250007 0.7961049921875001 0.4501174109375 0.8229394265625001 0.49130336406249997 0.821818009375 0.507696528125 0.8030789468749999 0.506302728125 0.7757009859374999
11 0.6051033953125 0.6828902921875 0.5638487234375 0.715504825 0.5681331921874999 0.7503990265625 0.5844576406249999 0.7631530796875 0.6154747078125 0.7593446625 0.6490769453125 0.7365247984375001 0.6147962265625 0.6817001625 0.6051033953125 0.6828902921875
11 0.7255987890625 0.7507426078125 0.7066217 0.7324108781249999 0.6880863046875 0.7337028437499999 0.5987416859375 0.7673025984375 0.59421795 0.7865520734375 0.6337708375 0.8121963734375001 0.7052597796875 0.80145084375 0.7231154562500001 0.7785966203125 0.7255987890625 0.7507426078125
11 0.72767355 0.7436005859375 0.749235809375 0.7429208640625 0.7678055640625 0.7258823421875 0.7683503328125 0.69826635625 0.7511756171874999 0.686600596875 0.7082204078125 0.7213917234375 0.72767355 0.7436005859375
11 0.77933513125 0.7156116203125 0.806713090625 0.7142178234375 0.8413017890625 0.6834056656249999 0.8404184015625 0.6441582796875001 0.8087216156249999 0.6264044359375001 0.7601543734375 0.6795947671875 0.77933513125 0.7156116203125
11 0.9077578265625 0.64769679375 0.8839171390624999 0.637833409375 0.8539883671874999 0.6424920968750001 0.8452476390625 0.65143649375 0.8456206156249999 0.70255330625 0.8854458890625001 0.7143896171875 0.9176874453125 0.704527471875 0.924660159375 0.6731705453125 0.9077578265625 0.64769679375
11 0.8599746187499999 0.6191274609375 0.90428926875 0.62746085625 0.930375265625 0.6075316609375 0.9225878812499999 0.568148084375 0.8665056390625001 0.5681468421875 0.8477996890625 0.5920893625 0.8599746187499999 0.6191274609375
11 0.8270839796875 0.7599275125 0.848510046875 0.766151790625 0.86221620625 0.7575816109375 0.8717397281249999 0.7229597937500001 0.8318126234375001 0.702280921875 0.8075290031250001 0.7288760875 0.8270839796875 0.7599275125
11 0.5934351546875 0.8122294921875 0.5744911828125 0.834233446875 0.5833668609375 0.8744672953125001 0.6009157968750001 0.8811676234375 0.64648929375 0.86770073125 0.6568287296875 0.8477371781249999 0.6532583375 0.818658678125 0.5934351546875 0.8122294921875
11 0.5696275859375 0.8427017921875001 0.55500368125 0.82777114375 0.5020844953125 0.8214781515625 0.47902536093750003 0.8420195906249999 0.48330982968749997 0.876913790625 0.508340646875 0.8964700078125001 0.54612551875 0.8997017796875 0.5646952749999999 0.8826632562500001 0.5696275859375 0.8427017921875001
11 0.4893279578125 0.94996708125 0.507013084375 0.9497634156249999 0.5238823 0.93490148125 0.524665090625 0.9092240625000001 0.493682384375 0.8972859203124999 0.4744660265625 0.9330978671875 0.4893279578125 0.94996708125
11 0.4551127265625 1 0.4826951046875 0.9921051406249999 0.48725319999999994 0.9571091031250001 0.47494207812499994 0.936975 0.41586732968750006 0.92061495625 0.399099953125 0.9443194500000001 0.40749957812500004 0.980676165625 0.44219009531250003 1 0.4551127265625 1
11 0.48980525 0.8977619718750001 0.4757935890625 0.8798044624999999 0.4391301296875 0.91775864375 0.4586176328125 0.924220946875 0.477289221875 0.916024984375 0.48980525 0.8977619718750001
11 0.4255282875 0.8230069 0.40393167031250005 0.8394331796875001 0.41205891250000004 0.8895978890625 0.43103600468750003 0.9079296156250001 0.4628015078125 0.894190340625 0.47606597500000003 0.86599646875 0.4681423953125 0.8335168875000001 0.4255282875 0.8230069
11 0.5464984953124999 0.9508185921875001 0.6097571187499999 0.9371480343749999 0.62761279375 0.9142938078125 0.614961815625 0.883378575 0.5702729468750001 0.8800106109374999 0.532895409375 0.9121490921875001 0.5464984953124999 0.9508185921875001
11 0.6446182031250001 0.8925278796875 0.6317623140624999 0.9000097625000001 0.6224768140625 0.9365701468750001 0.6448206296875 0.9662952484374999 0.6790007515625 0.9561950781249999 0.6888641375 0.9323543937500001 0.6787639671875 0.8981742703125001 0.6446182031250001 0.8925278796875
11 0.5816981984375 0.9730618124999999 0.62587665625 0.988299203125 0.6417937640625 0.9656830046874999 0.6205382484374999 0.936808171875 0.6089068484375 0.9382363281250001 0.581392696875 0.9465341234375 0.5816981984375 0.9730618124999999
11 0.69937288125 0.945822525 0.72239765625 0.9410276468750001 0.7383147640625001 0.9184114484375 0.7381798140625 0.8692332031250001 0.7173659906250001 0.8599820640625 0.679750428125 0.890181978125 0.69937288125 0.945822525
11 0.7394730203125001 0.8316863578125 0.715428665625 0.804137846875 0.7010084265625001 0.8068923265624999 0.671555709375 0.8154281453125 0.6592777062499999 0.8356297265625001 0.6584949109375 0.8613071453125001 0.677710028125 0.8815774421875 0.7114140984375 0.8676001390625 0.7394730203125001 0.8316863578125
11 0.5475230390625 0.7588330125 0.5101798609375 0.775224934375 0.5103491703125 0.8086566203125001 0.5644584890625 0.8246424484375 0.5883678906250001 0.8030127109375 0.586974090625 0.7756347515625001 0.5619432765625 0.756078534375 0.5475230390625 0.7588330125
11 0.6087768609374999 0.6647291140625 0.5940167625 0.6567024625 0.541028859375 0.6819025875 0.542320825 0.7004379859375 0.5877581281250001 0.693875090625 0.6087768609374999 0.6647291140625
11 0.40447891875 0.699652709375 0.42998578906249996 0.7230860625 0.45202410156250006 0.7262834734375 0.4653572828125 0.6665964828125001 0.41743788437499996 0.6449311484375 0.4006705015625 0.6686356421874999 0.40447891875 0.699652709375