11 0.1862531328125 0.6280981375 0.21035017968749997 0.6552418375 0.29373496875 0.676032 0.33036355156249997 0.66906119375 0.340224359375 0.6564228890625 0.351564446875 0.610940278125 0.3260498890625 0.5894819046875 0.2215055984375 0.5674419203125 0.1846509515625 0.591466159375 0.1862531328125 0.6280981375
11 0 0.6316037203125 0.004281290625 0.6421085203125 0.0402934515625 0.6591390296874999 0.07045090000000001 0.6565935390625001 0.1186660125 0.6192984453125 0.1303346875 0.59402693125 0.1180706078125 0.5517172671874999 0.03721263125 0.531557109375 0.0202438921875 0.5404102890625 0 0.585425628125 0 0.6316037203125
11 0.1542884578125 0.5194825875 0.163266028125 0.48347551875 0.087523446875 0.43741638906249997 0.0227095765625 0.444405025 0.0145330953125 0.4987280828125 0.049846690625 0.5347071328124999 0.1089083703125 0.5454070296875 0.1542884578125 0.5194825875
11 0.067206428125 0.39511181875 0.10490291874999999 0.45382708125000004 0.1500773203125 0.4771678296875 0.1893970078125 0.4809325765625 0.2199448140625 0.471439203125 0.23066848125 0.44995790625 0.2054417578125 0.3842871203125 0.1484140109375 0.34390058125 0.07712900624999999 0.3553145328125 0.067206428125 0.39511181875
11 0.24344581562499998 0.554795975 0.3063078984375 0.58254675625 0.352016575 0.5768334125 0.3639934609375 0.539561240625 0.347949353125 0.512412446875 0.25176621250000003 0.4783667109375 0.2292713453125 0.4878549890625 0.2187119703125 0.519441834375 0.24344581562499998 0.554795975
11 0.3743885421875 0.497868846875 0.38661186718749996 0.4757549984375 0.2640309328125 0.3968821234375 0.2333188328125 0.39626994843749996 0.2279773765625 0.439222353125 0.268981390625 0.48467185312499994 0.3293166625 0.5117926296875 0.3743885421875 0.497868846875
11 0.24722712812499997 0.292046603125 0.199381996875 0.2901820578125 0.1631641484375 0.3224167375 0.20338745 0.38176200625 0.2634762828125 0.393724459375 0.2838143171875 0.344446534375 0.24722712812499997 0.292046603125
11 0.10420499218749998 0.3489813734375 0.1394160640625 0.3476958921875 0.157802315625 0.3331573859375 0.17466853124999998 0.287039675 0.168813815625 0.267463675 0.0621126953125 0.20563404687500003 0.034625334375 0.310497584375 0.0621942 0.334481071875 0.10420499218749998 0.3489813734375
11 0.099543009375 0.093184978125 0.07211741875 0.170889534375 0.09007191875000001 0.22266965 0.1196129453125 0.2441254765625 0.1646230546875 0.2573606734375 0.20441524531250002 0.2592303125 0.2288001265625 0.242161596875 0.2669697609375 0.17518750156250001 0.259779684375 0.166349603125 0.11714854687500001 0.0925422390625 0.099543009375 0.093184978125
11 0.3938032296875 0.2370043953125 0.404547275 0.24773485625 0.40793694687500004 0.23952186874999998 0.3938032296875 0.2370043953125
11 0.25513679218749996 0.190353465625 0.230854434375 0.2446867109375 0.2555265078125 0.30719983281249996 0.29242190625000003 0.34759910625 0.367116959375 0.3601839234375 0.43129403125000004 0.344984846875 0.4590685859375 0.3197031453125 0.46662864531250003 0.289381403125 0.4460034171875 0.259077490625 0.2861571015625 0.178964984375 0.25513679218749996 0.190353465625
11 0.2705638375 0.3652978265625 0.277075725 0.42529602187500004 0.3025902828125 0.44675439531250005 0.4275133609375 0.48393996875 0.48458250156249993 0.46495576875 0.49275898125 0.4106327109375 0.47765988125 0.37969369999999997 0.41179848124999996 0.353208021875 0.2868957796875 0.3482342046875 0.2705638375 0.3652978265625
11 0.466854709375 0.272327971875 0.4192967703125 0.3500452625 0.4831860078125 0.37905859999999997 0.5287303921875 0.3632397078125 0.5405633609375 0.34807374375 0.5535674 0.312064128125 0.466854709375 0.272327971875
11 0.546910953125 0.397966390625 0.5781159312499999 0.42889521249999996 0.66544504375 0.44463005468750005 0.6899942171875 0.4376668890625 0.71224264375 0.4130202859375 0.7118319109375 0.3877564140625 0.58247163125 0.3253095140625 0.564783946875 0.3208994796875 0.5449801859375001 0.3411233125 0.546910953125 0.397966390625
11 0.725575271875 0.39722176875000004 0.6855773921874999 0.4446173203125 0.712838046875 0.48060146406250004 0.7816987609375 0.5058220375 0.8595988171875 0.46787656093749996 0.8320299515625 0.44389307499999997 0.725575271875 0.39722176875000004
11 1 0.52765825625 0.899000653125 0.47669408437499994 0.8385214624999999 0.47167951406249997 0.7936138781250001 0.4957088484375 0.7953803515625 0.542446375 0.8401643953125 0.5727350062500001 0.9360189515625 0.5865696453125 0.9941973921875 0.5739007765624999 1 0.537817 1 0.52765825625
11 0.859597534375 0.7154650625000001 0.863993984375 0.6763028765625 0.8389519312499999 0.6529493937499999 0.7436724015625 0.674484178125 0.746219590625 0.7073259390625 0.779314584375 0.7306743265625 0.82621470625 0.7363290890624999 0.859597534375 0.7154650625000001
11 0.96198499375 0.697715403125 0.9826108625 0.6042250640625 0.944071890625 0.5865645500000001 0.84230085 0.5803128937500001 0.8287421609375001 0.61316484375 0.8444780578125 0.6523142953125001 0.8898167515625 0.6857605906249999 0.96198499375 0.697715403125
11 0.829522875 0.5992690765625001 0.8411915499999999 0.5739975625 0.7842255734375 0.5064520421875 0.7277728546875 0.5014349265625 0.70946875 0.5210262078125 0.731367571875 0.5677510015625 0.7967564687500001 0.5961317875 0.829522875 0.5992690765625001
11 0.518314290625 0.496514596875 0.596172953125 0.517939859375 0.666985453125 0.508421015625 0.6851252640625 0.47872418437500003 0.6679718546875 0.44526005937499996 0.54352128125 0.40617937656249997 0.509974159375 0.41693785468750005 0.49310794375 0.46305556562500005 0.518314290625 0.496514596875
11 0.7263750765625 0.663126259375 0.7824374390625 0.675091259375 0.8259275140625 0.656747253125 0.8215520812499999 0.6043269453125 0.7476377421875 0.5778463625 0.7279778984374999 0.5759639875 0.6792081375000001 0.6101014171875 0.6954165390625 0.6473557609375 0.7263750765625 0.663126259375
11 0.6322258671875 0.5993938812499999 0.67012804375 0.6088439546875 0.7161449296875 0.591129953125 0.7262318015625 0.561438215625 0.6958075375 0.5166136265625 0.6735387359375 0.5090484734375 0.6008362203125001 0.5261477515624999 0.5954947625 0.56910015625 0.6322258671875 0.5993938812499999
11 0.4698934921875 0.5830748812500001 0.51395859375 0.6001002953125 0.5595029765625 0.584281403125 0.5711716515624999 0.5590098890624999 0.55479895625 0.511649996875 0.48466464687500005 0.47000854375 0.43612095 0.48709253906249994 0.4314162890625 0.538255384375 0.4698934921875 0.5830748812500001
11 0.7362766359374999 0.71491146875 0.74272739375 0.6782743953125 0.6747091640625 0.6119990734375 0.627418684375 0.61329219375 0.609915671875 0.651199465625 0.6420860312500001 0.7105498265625 0.7093649421875 0.731350178125 0.7362766359374999 0.71491146875
11 0.70044914375 0.7401982640625 0.691800159375 0.7964164312500001 0.7143154015625 0.8191399078125 0.7537993843749999 0.8330102046875 0.795871946875 0.8203515234375001 0.806903825 0.7868695703124999 0.8002480203125 0.7489775812499999 0.7889493265625 0.7350894546875 0.7398306015625 0.7168040296875 0.70044914375 0.7401982640625
11 0.68988976875 0.771785109375 0.6887600921875 0.733258021875 0.6149075234375 0.67961845625 0.553729765625 0.6935524281250001 0.5572219625 0.722603971875 0.5982259765625 0.7680534734375 0.64276358125 0.7831837796875 0.68988976875 0.771785109375
11 0.459272346875 0.6418207078125 0.47689825937499997 0.6733897234375 0.5209633593749999 0.6904151390625 0.580805753125 0.6872192687500001 0.6042456265625 0.673940771875 0.608477784375 0.6246730359375 0.58896185625 0.6006844546875 0.5621119343750001 0.5899641828125 0.4837189984375 0.5975930109375 0.459272346875 0.6418207078125
11 0.375024696875 0.6298735375 0.43314136718749996 0.6443636500000001 0.471105315625 0.6266547421875 0.4796103828125 0.592542784375 0.4488779078125 0.5597188515625 0.423281203125 0.5332077046875 0.38151685 0.5338657265625 0.35518018281249997 0.5856738578125 0.375024696875 0.6298735375
11 0.23752933125000003 0.5623789578125 0.2169658734375 0.5049160625 0.1870344890625 0.49040812031250003 0.1650121265625 0.498001290625 0.12256958124999999 0.5498196109375 0.1378329765625 0.5908641718750001 0.1738451375 0.60789468125 0.23752933125000003 0.5623789578125
11 0.041260118750000005 0.43997206718750004 0.071807925 0.43047869375000003 0.06182421875000001 0.3736407109375 0.024148104687499998 0.3471372046875 0.0018582843750000002 0.4311545453125 0.041260118750000005 0.43997206718750004
11 0.40698937187500006 0.7384890875 0.4810476265625 0.7428634640625 0.5169572671875 0.7226294421875 0.5230998140625001 0.697993028125 0.45635517812500004 0.6481385859375 0.42114410625 0.649424065625 0.377818325 0.677873621875 0.3844741296875 0.7157656109375 0.40698937187500006 0.7384890875
11 0.5009742875 0.7921159171875 0.538403959375 0.8034611 0.5784222156250001 0.78827730625 0.5941995078125 0.7680560203125 0.5487582890625 0.69734519375 0.5331249140625001 0.695460271875 0.479075465625 0.745391125 0.477986540625 0.77128755 0.5009742875 0.7921159171875
11 0.6432564609375 0.8135004265625 0.689437640625 0.805891975 0.6849182921875 0.775577875 0.6017799421875 0.769946034375 0.610243615625 0.7952048140625 0.6432564609375 0.8135004265625
11 0.6902177125 0.9157904578125 0.7172936984375 0.9094572968750001 0.7575380171874999 0.877220071875 0.755853690625 0.8355353171875001 0.6869929765625 0.81031474375 0.64003108125 0.8318189640625 0.62727348125 0.8829869015625 0.6497887234374999 0.9057103796874999 0.6902177125 0.9157904578125
11 0.591919134375 0.7825843390625 0.5670617499999999 0.8015481624999999 0.566917834375 0.8236543703124999 0.592596684375 0.8552182921875 0.6285267 0.8671960265624999 0.6438111109375 0.8166580921875 0.591919134375 0.7825843390625
11 0.37105935625 0.726511353125 0.3781469109375 0.6980847203125 0.3591034890625 0.67220103125 0.26349537343749996 0.6735247156249999 0.2690418765625 0.7051013734375 0.2961382390625 0.73097996875 0.3390940390625 0.7416900531249999 0.37105935625 0.726511353125
11 0.185163565625 0.7777888125 0.22970117031249998 0.7929191203125 0.27208194531249996 0.76825978125 0.27789590625 0.72341226875 0.252525265625 0.6798476875 0.210514471875 0.6653473859375 0.1614982703125 0.6843264921875 0.15268499375 0.730439109375 0.185163565625 0.7777888125
11 0.17396803593750002 0.6773709671875 0.2083780171875 0.6577694984375 0.17589944531249999 0.61041979375 0.138469771875 0.5990746109375 0.0915282546875 0.6527905875 0.12162393281249999 0.677404078125 0.1494188625 0.6843341328125 0.17396803593750002 0.6773709671875
11 0 0.6331771125000001 0.0276593921875 0.6559890046875 0.0593986453125 0.6578637374999999 0.092945765625 0.6471052609375 0.1230828375 0.6123480140625001 0.12906109375000002 0.57760605 0.1180706078125 0.5517172671874999 0.03721263125 0.531557109375 0.0039940984375 0.5625266843750001 0 0.58183674375 0 0.6331771125000001
11 0 0.5548596453125 0.008410923437499999 0.555576253125 0.0341311703125 0.5277694375 0 0.463213990625 0 0.5548596453125
11 0.354481615625 0.6046223984375 0.3323357140625 0.6665335328124999 0.3790715421875 0.662082746875 0.392322021875 0.6412314546875 0.354481615625 0.6046223984375