11 0.22193517499999998 0.7430700234375001 0.31018211406249996 0.7159681531250001 0.3294892 0.6873442234375 0.3154847828125 0.656241828125 0.310828571875 0.59646163125 0.25192840312500003 0.58005513125 0.17742095 0.6164244015625 0.1349453625 0.6793970500000001 0.151131953125 0.731961765625 0.22193517499999998 0.7430700234375001
11 0.2362447390625 0.5761398421874999 0.217822109375 0.5120716828125 0.22072711875 0.47071854531249996 0.166299034375 0.47731893124999997 0.11280041874999999 0.5245271078125 0.102518315625 0.5842264968750001 0.13524165625 0.6246232265625 0.163201046875 0.625157515625 0.2362447390625 0.5761398421874999
11 0.24890199375000002 0.43141732812500005 0.2194205453125 0.4998228921875 0.23784317812500003 0.5638910515625 0.280260465625 0.582506659375 0.330907940625 0.5666927453125 0.3609461859375 0.5369777296875 0.36643297656249996 0.5140247125 0.346703775 0.4790609015625 0.3401033859375 0.42463281718749996 0.3084441953125 0.3999466828125 0.24890199375000002 0.43141732812500005
11 0.3656426109375 0.3768903546875 0.3419667546875 0.4342190203125 0.34899368750000004 0.48060546875 0.3664599125 0.509045275 0.430231778125 0.545396465625 0.49126467500000004 0.5215947859375001 0.5074062453125 0.4408596203125 0.480008078125 0.40738650468750004 0.4360731578125 0.38608137343750004 0.4029232734375 0.3537262796875 0.3656426109375 0.3768903546875
11 0.469268065625 0.5517363453125 0.3827811796875 0.5367127968750001 0.35013421875 0.5530071296875 0.3223589515625 0.5892461499999999 0.3118657875 0.6171516687499999 0.31665667656249996 0.6520346734375 0.3352409203125 0.6862262015625 0.37648631718750003 0.7090489671875 0.4745843890625 0.701918715625 0.5093910109374999 0.6404367671875 0.5080888671875 0.5979117359375 0.49597475312499995 0.5714161062499999 0.469268065625 0.5517363453125
11 0.3780168515625 0.0720535265625 0.35785667656250003 0.116760728125 0.3625398203125 0.1715614859375 0.3895653125 0.20311736093750002 0.432597696875 0.17883526562500002 0.47131518281250007 0.17329903124999999 0.5088069046875 0.1819288265625 0.5477354484375 0.2081864609375 0.5364519171875 0.09895761875 0.47387888125 0.05341983593750001 0.40416674375 0.05304273281250001 0.3780168515625 0.0720535265625
11 0.4636462203125 0.1747897265625 0.4291358890625 0.1814978546875 0.395689709375 0.20391658281249997 0.37947175781250003 0.22796068125 0.3742498953125 0.27274869218750003 0.41397323437500005 0.364511309375 0.4433425125 0.387652875 0.5018700093749999 0.402142134375 0.5413867140625 0.39048150625 0.56916198125 0.35424248281250004 0.573508240625 0.25888780625 0.523691346875 0.191968509375 0.4636462203125 0.1747897265625
11 0.6281248749999999 0.2174313515625 0.636067621875 0.0945168953125 0.6739095078124999 0.03841399375 0.6192703640625 0.0132205046875 0.5743207390625 0.037875275 0.5488353874999999 0.0756588640625 0.5419073453125 0.15261341875 0.581231075 0.24743823593749997 0.6281248749999999 0.2174313515625
11 0.720776371875 0.013386548437500001 0.6615529734375001 0.0567333078125 0.639529428125 0.09185430624999999 0.62785994375 0.1955963578125 0.6465475046875 0.2814995109375 0.675463303125 0.3176621515625 0.7213423984375 0.333615171875 0.8283351984375 0.3108281984375 0.8568288765625001 0.2834030953125 0.8758171578124999 0.24290304843750002 0.8751570453124999 0.15250087343750002 0.8478171765625 0.0374395015625 0.720776371875 0.013386548437500001
11 0.6284706124999999 0.22432803125 0.5811502671875 0.26237655000000004 0.5746487703125001 0.3312894671875 0.5849758953124999 0.4048899578125 0.616926953125 0.446431646875 0.6493853656249999 0.46499338437500004 0.7182982828125 0.471494878125 0.7548335984375 0.44449632499999997 0.7622420562500001 0.34954125625 0.6689662328125 0.3149456921875 0.644630265625 0.281872184375 0.6284706124999999 0.22432803125
11 0.8376970625 0.4920590921875 0.8732715421874999 0.5010615625 0.9154508359375001 0.49286273906250005 0.9921179499999999 0.41130584375 0.962277109375 0.2629060359375 0.8799973781249999 0.249054378125 0.8417558828124999 0.30821948125 0.76828564375 0.365278790625 0.773660265625 0.43387290624999997 0.8376970625 0.4920590921875
11 0.9429523156249999 0.578047478125 0.9189351531250001 0.5568500875 0.9175521984375001 0.529263371875 0.876944409375 0.53019284375 0.8270422828124999 0.549841240625 0.799267015625 0.5860802609375 0.786748865625 0.63427620625 0.78956864375 0.6794907609374999 0.8035999968749999 0.70561371875 0.8853498656250001 0.6757953859375 0.9534635640625 0.6884212749999999 0.9704268640624999 0.6682116578125 0.9713607609375 0.6371900687500001 0.9429523156249999 0.578047478125
11 1 0.4569734890625 0.9924636874999999 0.41820252187499996 0.9508411921875 0.465091896875 0.9351800390625 0.5278265484375 0.9660625203125001 0.6252870171875 1 0.654533109375 1 0.4569734890625
11 0.8569639296875 0.68330273125 0.8116416328125 0.7060402625 0.7857836078125 0.7419066109375 0.7767811375 0.777481090625 0.8075558765625 0.8948593125000001 0.8666940421874999 0.938080246875 0.9836457171875 0.91534714375 0.999791715625 0.762982603125 0.9361814640624999 0.6967547796875 0.9067583140625001 0.683572090625 0.8569639296875 0.68330273125
11 0.8673582062499999 0.5320562125 0.90996404375 0.5158157531249999 0.9192314453125 0.502076265625 0.8380697359375 0.49397633125 0.768308153125 0.4319287296875 0.732437378125 0.4777000828125 0.7452160343750001 0.522968509375 0.789124015625 0.54925308125 0.8673582062499999 0.5320562125
11 0.7234529921874999 0.65155388125 0.7804897921875 0.658374178125 0.8097871171875 0.55319530625 0.7612184984375 0.538759915625 0.7353648984375 0.502996884375 0.7181366687499999 0.501371509375 0.6767791046875 0.570095878125 0.675872140625 0.596138028125 0.7234529921874999 0.65155388125
11 0.6815699937499999 0.6049788828125 0.651028821875 0.586044471875 0.5529846203125001 0.583215840625 0.51983030625 0.622490125 0.50305113125 0.6794730546875 0.502090296875 0.71547408125 0.5201941265625 0.7676661218749999 0.5621848703125 0.7943233671875001 0.602446921875 0.7864972171875 0.637222184375 0.8016240828125 0.6725317328125 0.7887915578125 0.706166465625 0.7315167609375 0.706624371875 0.646866309375 0.6815699937499999 0.6049788828125
11 0.7930710421875 0.88175743125 0.77523656875 0.7797710062500001 0.7955583609375 0.705187171875 0.785334553125 0.68329830625 0.7546587031249999 0.6892610875 0.672877471875 0.7956882359375 0.6821943171875 0.8436192515625001 0.7123089421875 0.8705952968749999 0.7930710421875 0.88175743125
11 0.5031544453125 0.7311846796875 0.4859800890625 0.7196004296875 0.4477430203125 0.70713615 0.4032738125 0.7137904078124999 0.36716504375 0.732747328125 0.3459407203125 0.7617439328125 0.3349671359375 0.8076499640625 0.33975802499999996 0.8425329687499999 0.3888834421875 0.8956589078125001 0.428665078125 0.905833271875 0.4631754078125 0.8991251421875001 0.528177465625 0.849680921875 0.5323621109375 0.784202875 0.5031544453125 0.7311846796875
11 0.62741606875 0.9149523374999999 0.670767253125 0.90254635625 0.6852026437500001 0.8539777375 0.66595385625 0.8010134125 0.611180034375 0.8007171203125001 0.5751251359375 0.8097151609375001 0.5342479890625 0.86043901875 0.539918903125 0.8742593125000001 0.62741606875 0.9149523374999999
11 0.545861215625 1 0.6404596515625001 0.98205575625 0.63790480625 0.9586761953125 0.6074983140625 0.9148445921875 0.531450721875 0.8818744015625001 0.4965677171875 0.886665290625 0.47079049843750004 0.9075933234375 0.426716475 0.9828147609375 0.4274575546875 1 0.545861215625 1
11 0.2500203890625 0.8619658781249999 0.28711250312500003 0.8736578703125 0.336588084375 0.8620511125 0.3358202296875 0.7915666906250001 0.3580053859375 0.7265690609375001 0.33856805 0.70846080625 0.22726035156250002 0.7499936390624999 0.2190840375 0.7744642875000001 0.22573829375 0.8189334953125 0.2500203890625 0.8619658781249999
11 0.42259990312499995 1 0.4220827765625 0.9896845031250001 0.4473031953125 0.9300659203125001 0.4290377515625 0.9077505109375 0.3735993890625 0.8886814203125001 0.34942060937499997 0.8973606640625 0.3188750125 0.9500556281250001 0.3129028046875 1 0.42259990312499995 1
11 0.29120748750000003 0.9663768968750001 0.3274509359375 0.922522784375 0.3211962875 0.8749913781249999 0.2427510390625 0.8603943749999999 0.21399242968749999 0.8659844828125 0.1815834625 0.9090932468749999 0.1824859984375 0.9546804765625 0.2302284625 0.9802196984375 0.29120748750000003 0.9663768968750001
11 0.28915535625 1 0.28540189374999997 0.97745379375 0.1889022609375 0.9723352500000001 0.18344240625 0.990308828125 0.192481271875 1 0.28915535625 1
11 0.2200135078125 0.8150720765624999 0.22651500468750002 0.7461591609375 0.162181915625 0.7427467984375 0.1638567328125 0.7871890687499999 0.1958886 0.8137924421875 0.2200135078125 0.8150720765624999
11 0.20353025156250001 0.39248435625 0.153309321875 0.4002566328125 0.13059430156250001 0.421584275 0.12201837499999998 0.4491171203125 0.1309086765625 0.5050897703125 0.10427836875 0.5421010749999999 0.0999095984375 0.5708058125 0.11236944687499999 0.604198121875 0.13524165625 0.6246232265625 0.1739591421875 0.6190869921875 0.23587206562500002 0.5742226015624999 0.218248653125 0.504030046875 0.2397423359375 0.4252390609375 0.20353025156250001 0.39248435625
11 0.231440196875 0.33134814375 0.271275703125 0.3315636296875 0.3046949484375 0.31412433906250004 0.28552697031249996 0.2462216984375 0.303877646875 0.18196941875 0.2775166953125 0.1691863375 0.2372546421875 0.1770124875 0.18338335625 0.2223034234375 0.1853500390625 0.2836012515625 0.231440196875 0.33134814375
11 0.2871254046875 0.2339729078125 0.306239515625 0.3118344234375 0.333664615625 0.340328103125 0.369584834375 0.35622725 0.4006602953125 0.34720227187499997 0.3727592 0.2650797296875 0.3864761796875 0.20769719062499997 0.3591318859375 0.16426519687500002 0.34190365625 0.16263982187499998 0.30536834218750003 0.18963838125000002 0.2871254046875 0.2339729078125
11 0.35303442500000004 0.15848653906250001 0.3563121109375 0.11905064218750001 0.3788160703125 0.0659291296875 0.33823521562500003 0.061879162499999994 0.28790654375 0.0895691953125 0.27392463437500003 0.1251167390625 0.2840407 0.1669233578125 0.311546609375 0.1804787234375 0.35303442500000004 0.15848653906250001
11 0.1961395 0.200921909375 0.164906853125 0.168194140625 0.1422501296875 0.10793352812499998 0.0949297828125 0.145982046875 0.09348853593749999 0.199983584375 0.114816175 0.2226986046875 0.1610948796875 0.235589428125 0.1961395 0.200921909375
11 0.20615224687499997 0.19101690468750002 0.2771440203125 0.1672690953125 0.2790656875 0.09526704375 0.22756954999999998 0.0555348546875 0.18006507968750002 0.0568100625 0.15508708124999998 0.0716136984375 0.1445669796875 0.10449865625000002 0.15889019843750002 0.14747716875 0.20615224687499997 0.19101690468750002
11 0.108076684375 0.26479709218749997 0.1603989765625 0.293425446875 0.1630121203125 0.2352167546875 0.10831910625 0.21998214843750002 0.108076684375 0.26479709218749997
11 0.28524395468749997 0.0861073859375 0.339407109375 0.0576720078125 0.34303053125 0.0251327890625 0.22647846249999998 0.04480369375 0.28524395468749997 0.0861073859375
11 0.4518554734375 0 0.432395490625 0.0037826375000000003 0.43002476874999995 0.0171763859375 0.440594315625 0.04596193125 0.47963060312500005 0.05230181406249999 0.5315532875 0.0839923671875 0.595091584375 0.021899748437499998 0.5924828671875 0.008479062499999999 0.5893190296874999 0 0.4518554734375 0
11 0.530467003125 0.42642865937499996 0.5025839921874999 0.48258543437499996 0.5164806703125 0.53360558125 0.5423612015625 0.564389175 0.574446940625 0.5810336703125001 0.6226967578125 0.5835929421875 0.660296221875 0.572304984375 0.6926513187500001 0.539155096875 0.7043433109375 0.5020629875 0.626831959375 0.45644439531250003 0.58036913125 0.40678026406249995 0.530467003125 0.42642865937499996
11 0.761245809375 0.9585773062499999 0.8425691328125 0.9368006125000001 0.7976239359374999 0.8898260046875001 0.773018609375 0.9065468781250001 0.757864809375 0.9463015796875001 0.761245809375 0.9585773062499999
11 0.8746016546875 0 0.8617182796874999 0.016830271875 0.8606497 0.0727490515625 0.9020747921875 0.20397450312499998 0.9547158890624999 0.2444789765625 0.9106368078125 0 0.8746016546875 0
11 0.110909740625 0.0951235125 0.13921486875 0.10255448125 0.1620645671875 0.05632964687499999 0.0941888625 0.0705181875 0.110909740625 0.0951235125
11 0.3792964875 0.0479286171875 0.42834552343750004 0.0443634921875 0.42856100937499997 0.0045279859375 0.3438028140625 0.02398783125 0.3792964875 0.0479286171875