11 0.27868245625 0.90546073125 0.30642075 0.9185339875 0.3562122515625 0.9179342703125 0.396497778125 0.8914004890625 0.4285418109375 0.8166995109374999 0.3773384390625 0.7636868359375 0.3329921375 0.7711161765625001 0.262845434375 0.8309533953124999 0.26425730625 0.8845657843750001 0.27868245625 0.90546073125
11 0.2251915234375 0.5035014734375001 0.2414346234375 0.5799192546875 0.25579980468749997 0.5958350515624999 0.31075037031249997 0.6101128124999999 0.36123408437500004 0.6033756890624999 0.4032501421875 0.5614983765625 0.39755133125 0.501808546875 0.333094790625 0.4615967140625 0.28468771406250004 0.4499216078125 0.256031046875 0.45601277187499994 0.2251915234375 0.5035014734375001
11 0.466164709375 0.7917300671875 0.5064177109375 0.8261043453125 0.548567434375 0.8271289421875 0.60251220625 0.7897047578125 0.6030570281250001 0.7077218328125 0.571018071875 0.655627534375 0.523529371875 0.6247880125 0.4745500265625 0.629208615625 0.43282010625 0.6630380703125 0.466164709375 0.7917300671875
11 0.61994609375 0.8059666609375 0.597020759375 0.8108395906249999 0.561774353125 0.842292553125 0.5414191515625 0.90153005625 0.558926734375 0.955714715625 0.6049110671875 0.9888707609375 0.691573284375 0.9644598640625001 0.7125744515625 0.927049403125 0.7082138171875 0.8830492078125 0.6963313515625 0.850631621875 0.6625618656250001 0.81388085 0.61994609375 0.8059666609375
11 0.6435875203125 0.5743093765625 0.7055150984375 0.658987453125 0.7578030359375 0.674829553125 0.807068515625 0.6623610953125 0.8282495984375 0.6398880874999999 0.8381941749999999 0.6068245375 0.8323291749999999 0.5651408640625 0.7954310125 0.5230648343750001 0.7320265140625 0.50659049375 0.6556087328125 0.5228335937499999 0.6435875203125 0.5743093765625
11 0.6790412859375 0.623681078125 0.665561953125 0.649508925 0.6652295703125 0.6855212374999999 0.6992389421875 0.7421886093750001 0.7573781562499999 0.7667707796875 0.79136008125 0.7575509390625 0.8216273375 0.7261579484375 0.8282170703125 0.7007961484375 0.819749415625 0.665655965625 0.7317490249999999 0.6743772296875 0.7059211750000001 0.6608978984375 0.6790412859375 0.623681078125
11 0.7105953890625 0.76273745 0.6741307515625 0.788459078125 0.6655705984375 0.8092478062499999 0.694707040625 0.8429898437500001 0.7180658984375 0.9059145703124999 0.7369441796875 0.9148808015625001 0.8240124734375 0.89238034375 0.8490007187499999 0.8361515765625 0.8433756062500001 0.8143845031250001 0.8083279187500001 0.766923246875 0.7921722359375 0.7613718281249999 0.7105953890625 0.76273745
11 0.697364590625 0.9682207796875 0.871561146875 0.9281990203125 0.8310819828125 0.9068517453125 0.766006925 0.9107000828125 0.7175536 0.9269894328125 0.697364590625 0.9682207796875
11 0.7366971625 0.321895890625 0.68540129375 0.324812128125 0.6515393125 0.34399026875 0.620985925 0.3834311140625 0.6111013187500001 0.4214738140625 0.6144236328125 0.47468012656249997 0.6327896187500001 0.50472121875 0.680038434375 0.515644140625 0.7302822609375 0.4889904140625 0.7846193859375 0.420533071875 0.7832674890625 0.37189983125000003 0.76756413125 0.3402944015625 0.7366971625 0.321895890625
11 0.6054624796875 0.366763134375 0.623242475 0.3799563328125 0.659873303125 0.3362285453125 0.736291084375 0.3199854453125 0.7342606968750001 0.3104332234375 0.7013033671875 0.277503340625 0.6472849 0.2770047671875 0.6147011234375 0.306893390625 0.600183471875 0.34192735625 0.6054624796875 0.366763134375
11 0.5494974765625 0.1410445453125 0.5430276843749999 0.1763646453125 0.550410775 0.24867540312499997 0.5882273109375 0.2715870125 0.678544225 0.26437011718750003 0.7204403390625 0.21253450312500002 0.7116128515625 0.1475194171875 0.6610554453125 0.1163337890625 0.5920395546874999 0.1110359765625 0.5680159312499999 0.1201358765625 0.5494974765625 0.1410445453125
11 0.53983046875 0 0.5386721296875 0.005569175 0.565159665625 0.07381915781250001 0.6011857 0.10709514687499999 0.6403266890625 0.1127527859375 0.6739025359374999 0.1016224984375 0.7007549796875 0.07295210937499999 0.7087291390625 0.0353154875 0.702038990625 0 0.53983046875 0
11 0.5442408390625 0.3088912546875 0.527033115625 0.27960234375000004 0.4946617765625 0.2635203578125 0.40145607187500004 0.28532860000000004 0.382111740625 0.269472775 0.355951509375 0.2920057546875 0.3490756359375 0.325415409375 0.358821496875 0.371266078125 0.384543128125 0.40773071562499996 0.40423356562499996 0.42051783593750003 0.4425623984375 0.422354584375 0.5245915703125 0.39493495156249997 0.54125955 0.379411509375 0.5536405921875 0.35781062656249996 0.5442408390625 0.3088912546875
11 0.374456240625 0.238153478125 0.41511531875 0.2744382015625 0.5118557781249999 0.25986566093749996 0.5387082203125 0.2311952671875 0.5391468234375 0.17219765 0.49871390781249997 0.12288592031250001 0.4302240390625 0.12945685468749998 0.380686146875 0.182916778125 0.3691772328125 0.21331769843749998 0.374456240625 0.238153478125
11 0.3123848375 0.36416404375 0.346186846875 0.340006753125 0.35264291718749996 0.27174304843749997 0.32976383125000003 0.248651521875 0.2651411 0.226445846875 0.2427417859375 0.243187521875 0.22787802968749998 0.2812901921875 0.23506748281249998 0.30571989374999997 0.3123848375 0.36416404375
11 0.35509818593750003 0.1893540484375 0.424432734375 0.1256959390625 0.41629745937499996 0.0545434421875 0.360414796875 0.0264864890625 0.2996866484375 0.041391415625 0.23567735625 0.10192084531250001 0.2420084046875 0.1504941140625 0.30351618281250003 0.2003181421875 0.35509818593750003 0.1893540484375
11 0.12445534062500001 0.3771534453125 0.1388342421875 0.42601285000000005 0.16779076875 0.44481743749999997 0.24294406875000002 0.4508074578125 0.28225125 0.438458940625 0.29503836875 0.418768503125 0.29507089375 0.357860440625 0.24167094374999998 0.3133016984375 0.1786725234375 0.298737803125 0.1420879421875 0.3145011328125 0.12445534062500001 0.3771534453125
11 0.395493496875 0.42636911250000004 0.3604458078125 0.37890785625 0.32969878124999996 0.3704676484375 0.30492297343749997 0.3807258046875 0.288854709375 0.44604074843749997 0.395114865625 0.49034587968750004 0.40408109531249997 0.47146759843749997 0.395493496875 0.42636911250000004
11 0.4339849546875 0.1236655515625 0.5006243515625 0.12247984218750001 0.5367103578125 0.1607349828125 0.5482792437499999 0.1353132125 0.5444446328125 0.1031817609375 0.5186630328125 0.0617379734375 0.4888943515625 0.039112496875 0.4662551515625 0.0359375703125 0.4229009203125 0.0621252484375 0.4339849546875 0.1236655515625
11 0.523498359375 0.27236664374999997 0.5605301875 0.35734457656249996 0.5960164781249999 0.3458082171875 0.6120984671875 0.3134368796875 0.61139253125 0.28663068593749996 0.5454316234375 0.24873537343750002 0.523498359375 0.27236664374999997
11 0 0.47943399375 0.051779671875 0.48145690781250006 0.1013312875 0.46094059375 0.12997423125000002 0.42190582499999996 0.1186640328125 0.373392528125 0.096131053125 0.347232296875 0.053395337499999994 0.32935980625 0 0.334903621875 0 0.47943399375
11 0.0294967359375 0.22162272968750002 0.0715402390625 0.2456326296875 0.13840579687500001 0.231419915625 0.17781919531249998 0.19608609531250001 0.18040813125 0.156599 0.1596656515625 0.120074390625 0.13493609374999999 0.10236809218750001 0.0675445140625 0.1047120609375 0.053133085937500005 0.1167607203125 0.0294967359375 0.22162272968750002
11 0 0.18313296875 0.0285509140625 0.1748999328125 0.045565003124999996 0.15630778750000002 0.048440068749999995 0.1087728359375 0.0378358046875 0.08706573437500001 0 0.0951079828125 0 0.18313296875
11 0.18810988125 0.159953840625 0.18761130625 0.21397230781249998 0.2372965875 0.23635789843750002 0.2719707234375 0.221000646875 0.2800648265625 0.1933223234375 0.23430665468749998 0.147139271875 0.18810988125 0.159953840625
11 0.10029804843750001 0.34335143437500004 0.123629459375 0.3403889515625 0.15343066562500002 0.302106365625 0.2180996453125 0.2963475859375 0.21826583593749999 0.27834142812499996 0.173845840625 0.2478480109375 0.12828130625 0.249546015625 0.0903123015625 0.27758416874999997 0.0823981125 0.3201999390625 0.10029804843750001 0.34335143437500004
11 0.2150157046875 0.6763873031250001 0.2627768171875 0.6662353640625 0.27636236875 0.6174222078125 0.23639550156250003 0.5750000765625 0.21697747500000003 0.5212214953125 0.173909378125 0.5393613187499999 0.1569689859375 0.5958762203125 0.190000009375 0.6667288609375001 0.2150157046875 0.6763873031250001
11 0.37714480156249997 0.7158057796875 0.418228759375 0.6601492796875 0.413175915625 0.6222864953125 0.3896046171875 0.6053323828125 0.293270234375 0.6218153671875 0.277760515625 0.63809099375 0.2849037203125 0.6904851515625 0.320523678125 0.7218506953125 0.37714480156249997 0.7158057796875
11 0.463788215625 0.7852465484375 0.4408217109375 0.6912886625 0.41580601875 0.68163021875 0.38224389687500004 0.725704109375 0.3846341109375 0.7651312328125 0.4307383890625 0.808245578125 0.465938546875 0.8047570734375 0.463788215625 0.7852465484375
11 0.49744640156250003 0.9717779015625 0.5363337828125 0.924575334375 0.5363663062499999 0.863667271875 0.4768289453125 0.8184163203124999 0.4352052421875 0.82926046875 0.40216913906249996 0.8852031046875 0.41748014062500005 0.9478416968750001 0.45188186718749995 0.97347590625 0.49744640156250003 0.9717779015625
11 0.462967415625 0.62168678125 0.49694934062499996 0.612466940625 0.5028468640625 0.59324255 0.47584703125 0.54606743125 0.46655349687500003 0.47416274999999997 0.4286907125 0.4792155953125 0.404154790625 0.5093903546874999 0.41246997968750004 0.5954803 0.462967415625 0.62168678125
11 0.56683735625 0.6265647890625 0.564760721875 0.6449770218750001 0.61805445 0.71252106875 0.6626269171875 0.692064725 0.6620134765625 0.60932961875 0.6410448343749999 0.585832015625 0.56683735625 0.6265647890625
11 0.37245489374999996 1 0.38877722812500004 0.9818973140624999 0.3848226703125 0.9398075640625001 0.36970530625000003 0.9250500265625 0.311459871875 0.9234531640625001 0.27110065 0.9120641921875 0.2602102515625 0.8984049453124999 0.2430162515625 0.90205964375 0.2223012171875 0.931422246875 0.22592808281250001 1 0.37245489374999996 1
11 0.2170460921875 0.6859395234375001 0.1881032890625 0.7000785421875 0.178324903125 0.7151359375 0.1838437984375 0.759888315625 0.1747713484375 0.8017519046875 0.188218153125 0.83683211875 0.21827296875000002 0.8514097390625001 0.251156603125 0.8464168640624999 0.2785213453125 0.796671615625 0.31191727812500003 0.770603878125 0.3067444875 0.7227827921875 0.2645210703125 0.683835440625 0.2170460921875 0.6859395234375001
11 0.1733457546875 0.715195909375 0.14577365 0.6841164984375 0.1118979484375 0.6703510328125 0.047016528125 0.7220804234375 0.0423972078125 0.752015296875 0.0594524640625 0.8322539671875001 0.12117268125 0.8361073812500001 0.1557268734375 0.8107918281250001 0.1790445625 0.7748857375 0.1733457546875 0.715195909375
11 0.0854978296875 0.6729674125 0.0839797390625 0.6423403265625 0.059416371875 0.606627875 0.0057902593750000005 0.575096140625 0.0366521515625 0.720289925 0.0854978296875 0.6729674125
11 0.15960416875 0.5284246703125001 0.1340024828125 0.5019183328125 0.06470045937499999 0.5046683796875 0.014470354687500001 0.5642657125 0.0713450890625 0.611081003125 0.114999178125 0.6097890765625 0.1575412546875 0.579780509375 0.15960416875 0.5284246703125001
11 0.20675863906249997 1 0.216929715625 0.9625153796875001 0.21135085 0.91278385 0.19160044062499998 0.8950175828125 0.1478264078125 0.8863512078125 0.07917034843750001 0.9109282999999999 0.097434390625 1 0.20675863906249997 1
11 0.5043796796875 1 0.49565590000000004 0.98214228125 0.43619223281249997 0.9748140812500001 0.41830602031249997 0.984606190625 0.41367599843749997 1 0.5043796796875 1
11 0.5478066328125 1 0.5873109890625 0.9906150125 0.5509388484375 0.9604077312499999 0.50144720625 0.9859031968749999 0.505037975 1 0.5478066328125 1
11 0.5100739203125 0.4299689171875 0.46655349687500003 0.47416274999999997 0.485639140625 0.56395364375 0.5116469046875001 0.592370425 0.564054784375 0.618170828125 0.602669753125 0.6119597203125 0.6299882453125 0.5901789234375 0.6456641546874999 0.55589714375 0.6422356203125 0.5256761359375 0.595771515625 0.452686890625 0.5583610546875 0.4316857234375 0.5100739203125 0.4299689171875
11 0.59953243125 0.446895584375 0.6136902515625 0.38198672031249997 0.5820710984375 0.364746471875 0.5545127187500001 0.366610665625 0.51997225 0.4248698234375 0.59953243125 0.446895584375