11 1 0.7282271406249999 0.9901390953125 0.7260292828125 0.9548382359375 0.741875984375 0.9614380078125 0.792566325 1 0.8261595328125001 1 0.7282271406249999
11 1 0.63183864375 0.9816696874999999 0.635546746875 0.9610368171875001 0.6779300703125 0.9780673265625 0.7139422328125 1 0.7227097796875 1 0.63183864375
11 0.8892563875 0.700859234375 0.9413693343749999 0.6918918515625 0.9776406703125 0.6395706718749999 0.974348425 0.6021460921874999 0.9376555265625001 0.5720427734375 0.8779621453124999 0.5829001703125 0.8507040359375001 0.6148578453125 0.8691316812500001 0.6887670906250001 0.8892563875 0.700859234375
11 0.7568732265625 0.6744850046875001 0.8381241078125001 0.6572462609375 0.837895496875 0.6442192984374999 0.80971785 0.6321220609375 0.7718105796875 0.6496250734375 0.7568732265625 0.6744850046875001
11 0.750227609375 0.696271115625 0.7563548765625 0.7450663468750001 0.7868899453125 0.7746920687500001 0.8494132562500001 0.7832582640625 0.8871021015625 0.736622409375 0.8480670609375001 0.6648317921875 0.750227609375 0.696271115625
11 0.640041934375 0.7750728796875 0.68836975625 0.758997565625 0.7132602515625 0.7256172859375 0.698135040625 0.673026740625 0.6609594484375 0.6571341921875 0.6045786859375 0.6732044109374999 0.5801556015625 0.716532740625 0.6038113484375 0.7629705484375 0.640041934375 0.7750728796875
11 0.6859308265624999 0.87031610625 0.7432464078125001 0.874141984375 0.77287213125 0.8436069125 0.7676898703124999 0.7986018984375 0.7310020640625 0.760445640625 0.692632478125 0.75994766875 0.6506910953125 0.7895275421875 0.6558733546875 0.8345325562499999 0.6859308265624999 0.87031610625
11 0.8861723781249999 0.7086733749999999 0.8970399640625001 0.752260878125 0.928525134375 0.7776238765625 0.9510276421875 0.7750327484375 0.9524757171875 0.732400440625 0.9494222718750001 0.6918969453125 0.8861723781249999 0.7086733749999999
11 0.679518915625 0.8970762421874999 0.646641703125 0.8257632203125 0.5959666453125 0.808204175 0.5530802578125 0.8339938296874999 0.5483093734375 0.88751919375 0.6115134203125 0.9432192171875 0.642307665625 0.937554265625 0.679518915625 0.8970762421874999
11 0.51654974375 0.9216056828125 0.49313279374999996 0.872088959375 0.4324994984375 0.8711032 0.41045930625000004 0.8916953171875001 0.41470165468750003 0.9248571734375 0.46369493124999994 0.98007450625 0.49922949531249994 0.969201828125 0.51654974375 0.9216056828125
11 0.561392278125 1 0.6105378484374999 0.9877466328125 0.615522059375 0.9714070515625 0.603226778125 0.9382400984375 0.546175465625 0.8910706125000001 0.5314870984375 0.896745753125 0.5179672546874999 0.927291009375 0.5463480421875 0.9926799046875001 0.5585307265624999 1 0.561392278125 1
11 0.44617076562499997 1 0.44262012500000003 0.9722450828125 0.40782233124999995 0.9416692609374999 0.3722877671875 0.9525419421875 0.3440795578125 0.9887623375000001 0.3474387390625 1 0.44617076562499997 1
11 0.34253982656250004 1 0.3381605265625 0.9852058250000001 0.3190953828125 0.9627422765625001 0.27470239687500003 0.9567435312500001 0.26356545 0.9645525781250001 0.2588149421875 0.9858661859375 0.264886171875 1 0.34253982656250004 1
11 0.3739542640625 0.9390424734374999 0.37255203593749997 0.9091983296875 0.33538663125 0.8771998999999999 0.2861036140625 0.905590875 0.2739961890625 0.9498744 0.28960918750000003 0.9802012359375001 0.330580090625 0.9870958406250001 0.3739542640625 0.9390424734374999
11 0.41781113281250004 0.876778340625 0.425635459375 0.8637564703124999 0.4005774796875 0.7874745187500001 0.357706375 0.7891053578125 0.33708369375 0.8153828015625001 0.3408535359375 0.8466495500000001 0.38937940625 0.891918834375 0.41781113281250004 0.876778340625
11 0.40672002812499997 0.8121109343749999 0.48632478749999997 0.7761599 0.4685829765625 0.74133154375 0.42736818125 0.745568796875 0.40531780156249997 0.7822667890624999 0.40672002812499997 0.8121109343749999
11 0.490292678125 0.8687712453125 0.5085477453125 0.8410711984375 0.487025903125 0.7910819703125 0.41476278281249995 0.8282219046874999 0.45239050000000003 0.8782213203125 0.490292678125 0.8687712453125
11 0.48774739375 0.7737922875 0.581562921875 0.7383239453125 0.5638211109375 0.703495590625 0.5245014234375 0.7072603375 0.49250808749999997 0.736372803125 0.48774739375 0.7737922875
11 0.49295003125000003 0.7865855453124999 0.510930640625 0.8183349859375 0.5424260000000001 0.8275921078125 0.569435121875 0.8148192265624999 0.591958003125 0.780016340625 0.5851092484375 0.7485107921874999 0.49295003125000003 0.7865855453124999
11 0.8223640031249999 0.4850454375 0.7837963703125 0.4232028671875 0.7435316734375 0.423177396875 0.7276493125 0.444247109375 0.732836665625 0.48119918593750005 0.7657393484374999 0.5122475093750001 0.8093217562499999 0.5094328640625 0.8223640031249999 0.4850454375
11 0.8448563218749999 0.49856018593749996 0.9100064171875 0.473258315625 0.90434146875 0.4424640703125 0.88279925 0.42468659999999997 0.8228415984374999 0.4788876078125 0.8448563218749999 0.49856018593749996
11 0.9048241609375 0.4282533 0.920188171875 0.47776493125 0.9907797015625001 0.46217740156250003 0.9680740546875001 0.411476871875 0.9048241609375 0.4282533
11 0.982543996875 0.37666889375 0.9716713203125 0.341134328125 0.9373409374999999 0.3205065546875 0.8802437796874999 0.34581351875 0.8915838687500001 0.39129613124999996 0.9150211953125 0.40860109843750003 0.9614437203125 0.40910416562499996 0.982543996875 0.37666889375
11 0.875462709375 0.415444759375 0.8468431234375 0.3531347796875 0.806578428125 0.3531093109375 0.7854832453125 0.3774916421875 0.7920830125 0.428181984375 0.8150427421875 0.4516447796875 0.8548349328124999 0.449775140625 0.875462709375 0.415444759375
11 0.7027639109375 0.4695744515625 0.6828627203125001 0.478562209375 0.6598622421875 0.519522925 0.6937150234375 0.5463085296875 0.7548361046875 0.52503058125 0.7281014406249999 0.478353975 0.7027639109375 0.4695744515625
11 0.673910621875 0.4022904484375 0.6542380421875 0.42430516875 0.69423846875 0.46767424843749994 0.7212424953125 0.46295430781249997 0.731922221875 0.4290913328125 0.7155979218749999 0.39994830625 0.673910621875 0.4022904484375
11 0.62220395625 0.5178411453125 0.6582059296875 0.5169165140625 0.676461 0.48921646562500004 0.6674834296875 0.45320939843749997 0.6364707593750001 0.4297415078125 0.6099443296875 0.4283036203125 0.5798410109375001 0.46499652031250005 0.58551105625 0.48773782656250003 0.62220395625 0.5178411453125
11 0.6089025359375 0.5775192453125 0.6811605640625 0.5484322500000001 0.654888215625 0.5197566328125001 0.6113109015625 0.5145183390625 0.5840578875 0.5384230734375001 0.6089025359375 0.5775192453125
11 0.5463945078125 0.5447942328125001 0.5653455968750001 0.5400691953125001 0.5840833562500001 0.498158378125 0.574628190625 0.468309140625 0.5450279375 0.45857951718749995 0.515651203125 0.469929790625 0.49881364531249994 0.5033151671875 0.519161871875 0.5364872125 0.5463945078125 0.5447942328125001
11 0.5212906828125 0.54098873125 0.5001904046875 0.57342400625 0.529775375 0.60731245 0.5695777546875 0.5893369328125 0.5830925046875 0.5668446125 0.5757661484375001 0.5414968953125 0.5212906828125 0.54098873125
11 0.479110503125 0.5736475234375 0.44973376875 0.5849978 0.44048174375000004 0.6084402203125 0.45490583906250004 0.646108690625 0.514609409375 0.61914541875 0.5101231734375 0.5971154125 0.479110503125 0.5736475234375
11 0.378379996875 0.682298525 0.44448019531250005 0.6527339343749999 0.43122971562499995 0.6318826421875 0.40091306718749997 0.6313897625 0.37934538125 0.6538769859375 0.378379996875 0.682298525
11 0.35024819687500003 0.5977248359375 0.331988034375 0.633477821875 0.337185575 0.6543240203125 0.36630822812499997 0.670211475 0.392148825 0.6325684734375 0.366831671875 0.5915771953125 0.35024819687500003 0.5977248359375
11 0.38200273125 0.5716912875 0.394049028125 0.62404303125 0.4286283984375 0.6254860109375 0.4338666921875 0.581908696875 0.38200273125 0.5716912875
11 0.3971585078125 0.575964196875 0.43600059687500003 0.5783572765625 0.46325870625 0.546399603125 0.45712125312499996 0.5137102484375 0.428476196875 0.4916649609375 0.3773184453125 0.48831668281249996 0.3562232609375 0.51269901875 0.356680484375 0.5387529453125001 0.3971585078125 0.575964196875
11 0.32778644218749997 0.5358924515625 0.281623090625 0.5000987140625 0.2569866765625 0.5062412625 0.23398619531249998 0.5472019765625 0.2533894109375 0.5765838046875 0.290570096875 0.584423415625 0.3137890015625 0.5725955421875 0.32778644218749997 0.5358924515625
11 0.35574566406249997 0.5188568484375 0.3780399359375 0.47102700000000003 0.3666896609375 0.441650265625 0.3271413609375 0.43238805156250004 0.29466024218750003 0.48376422343750003 0.297017665625 0.5012927078125 0.3308704515625 0.5280783140625 0.35574566406249997 0.5188568484375
11 0.180704725 0.5312992390625 0.1529537359375 0.5935735625 0.17781366875 0.6085109156249999 0.2086079125 0.6028459640625 0.2301857890625 0.5642528625 0.2197805203125 0.538666346875 0.180704725 0.5312992390625
11 0.23136959531249998 0.5649641640625 0.22306257343749997 0.592196803125 0.234412853125 0.6215735375 0.257855271875 0.6308255625 0.2836805875 0.6173413796875 0.297911734375 0.5856123156249999 0.23136959531249998 0.5649641640625
11 0.321847034375 0.5645476953124999 0.29483281875 0.58537351875 0.279885275 0.6263393265625 0.3251189015625 0.6341840328125 0.3471641859375 0.6055389765625 0.34481695156250003 0.5719046140625 0.321847034375 0.5645476953124999
11 0.2678950140625 0.4854052515625 0.30793619375 0.4643508203125 0.31743211250000003 0.4297765453125 0.2916271734375 0.4110489734375 0.2354597421875 0.46430497343750005 0.2678950140625 0.4854052515625
11 0.22025811874999998 0.532508515625 0.2399154140625 0.5346526125 0.2676562140625 0.4884841671875 0.23285332812499998 0.46596128437499995 0.199432296875 0.5054943 0.22025811874999998 0.532508515625
11 0.3702461734375 0.43573123437500005 0.402940621875 0.42154084375 0.42025068125000004 0.39005057656250003 0.407955396875 0.356883625 0.374092425 0.3462038984375 0.3281220265625 0.37980769375 0.32502783125 0.4037277125 0.3373282078125 0.4288417265625 0.3702461734375 0.43573123437500005
11 0.370007371875 0.43881015 0.37472731718749996 0.46581417812500003 0.393901921875 0.4821690421875 0.4407969515625 0.4845672203125 0.469467478125 0.46634780937500003 0.4185790890625 0.41160298125 0.370007371875 0.43881015
11 0.29731759375 0.40157852343749995 0.3027539328125 0.41934580625000006 0.3342492921875 0.42860292656250004 0.3264606234375 0.385254221875 0.29731759375 0.40157852343749995
11 0.39850022812499997 0.3270343875 0.4290251109375 0.3727659859375 0.465281165625 0.34460362187500004 0.438068903125 0.30408484375 0.39850022812499997 0.3270343875
11 0.51925865625 0.3834813703125 0.47403521875 0.3595307859375 0.436605546875 0.3708759703125 0.4235633 0.39526340000000004 0.4415388171875 0.4350657796875 0.483449634375 0.45380353749999996 0.5208793078125 0.44245835468749994 0.51925865625 0.3834813703125
11 0.5582937 0.455271990625 0.6101933171875 0.4091188265625 0.5910289 0.376658084375 0.5351257359375 0.3865704734375 0.5220631140624999 0.4431696578125 0.5582937 0.455271990625
11 0.5408110625 0.3851529625 0.574923021875 0.3766478953125 0.5988685109375 0.339477396875 0.5979387843749999 0.3115283625 0.5583955796875 0.294213209375 0.5271237375 0.3060359875 0.5003381328125001 0.3398887734375 0.51026580625 0.37163311875 0.5408110625 0.3851529625
11 0.49300158906249997 0.3306469328125 0.5425335953125 0.283071165625 0.5252642859375001 0.2501379171875 0.4406753140625 0.30242853593749996 0.4641075484375 0.32778644218749997 0.49300158906249997 0.3306469328125
11 0.601495296875 0.30560933125 0.63728394375 0.2674989203125 0.6185971234375 0.22888034687499997 0.537813653125 0.2560671390625 0.5510590375 0.28497136875 0.601495296875 0.30560933125
11 0.6649381437499999 0.3582304390625 0.7080582390625 0.3374148078125 0.7196829734375 0.3073420515625 0.6974447328125 0.266589571875 0.6706846 0.260177659375 0.634199934375 0.2753130625 0.6088318421875 0.3148511703125 0.62113221875 0.339965184375 0.6649381437499999 0.3582304390625
11 0.7206942015625 0.2064440625 0.7053200015625001 0.173038309375 0.669312934375 0.1820158796875 0.6230986421875 0.2267515328125 0.6316139 0.2447576140625 0.6716347015624999 0.2559149390625 0.6957986109375 0.2478772796875 0.7206942015625 0.2064440625
11 0.7280409328124999 0.19958002187499999 0.79245935 0.20767371250000002 0.8216176640624999 0.1671905953125 0.8036472390625 0.119335278125 0.7688392609375 0.10486533437500001 0.7257242609375 0.1176280265625 0.715054721875 0.13538512187500001 0.7117166312500001 0.17043699375000002 0.7280409328124999 0.19958002187499999
11 0.8593319812500001 0.08029004687499999 0.8263885453125001 0.1136652328125 0.8235280546875 0.142559275 0.8374898359375 0.1622267609375 0.9265548578124999 0.148072025 0.9038695859375 0.06515974062499999 0.8593319812500001 0.08029004687499999
11 0.7469257984375 0.2995431921875 0.7805652546874999 0.28914301875000004 0.7964527109375 0.260020365625 0.7846350234374999 0.22069558281249999 0.7559848734375 0.20670323750000003 0.716660090625 0.218520921875 0.6969824203125 0.2485885828125 0.7059650828125 0.2765427125 0.7469257984375 0.2995431921875
11 0.8279480687499999 0.2692774875 0.8748532859375 0.2555697875 0.9115920328125 0.21319665312499997 0.9059270843749999 0.18240240624999998 0.8697015921875 0.1622471359375 0.8194786609375001 0.1787949546875 0.7941105687500001 0.2183330640625 0.8040382390625 0.2500774109375 0.8279480687499999 0.2692774875
11 0.9212758109375001 0.25607285156250004 0.9534875671874999 0.256093228125 0.9251322515625 0.1504396359375 0.9087773875 0.16961424375 0.9025737109374999 0.24161309687500002 0.9212758109375001 0.25607285156250004
11 0.9380624281250001 0.30321686875 0.9352426890625001 0.2676873984375 0.9009123062500001 0.24705962499999998 0.8187062296875001 0.27661402968750004 0.8243711812500001 0.3074082734375 0.8615416781249999 0.3313537640625 0.9131770265625001 0.32854421093749997 0.9380624281250001 0.30321686875
11 0.8006644921875001 0.34149985781250003 0.7869516937500001 0.3026475796875 0.74076796875 0.299065596875 0.6940760781249999 0.349959078125 0.70305874375 0.37791320625 0.7373942203125 0.39048804062500003 0.7795642125 0.3739351296875 0.8006644921875001 0.34149985781250003
11 0.6495384734375 0.365089384375 0.6758108234375 0.3937650046875 0.7222333484375 0.3942680703125 0.6933647765625001 0.351142884375 0.6495384734375 0.365089384375
11 0.5893776859375001 0.3659987328125 0.6109249953125 0.3757232640625 0.64598705625 0.3629554765625 0.6081205375 0.3160349765625 0.5893776859375001 0.3659987328125
11 0.4687510796875 0.47558455468750005 0.45286872031250003 0.49665426874999996 0.4604033078125 0.56724070625 0.49284876874999994 0.5722351046874999 0.5111038375 0.5445350578125 0.4969287265625 0.4876817921875 0.4687510796875 0.47558455468750005