11 0.43312919687500007 0.3442510515625 0.4635298078125 0.3971020265625 0.5072097796875 0.40546746875000006 0.5393268625000001 0.3811829203125 0.546818584375 0.3345409640625 0.52907146875 0.28310901875 0.48391670624999994 0.261011865625 0.434833275 0.295452671875 0.43312919687500007 0.3442510515625
11 0.9108638265625 0.09514700312499999 0.9893068453125 0.031439565625 0.9615150078125 0.015811687499999998 0.8872733078125 0.0151734265625 0.8557572953125 0.0502276984375 0.8548030109375 0.0775547921875 0.8669793671875 0.0926373671875 0.9108638265625 0.09514700312499999
11 0.65851888125 0.10196944687500001 0.6564058265625 0.1624794390625 0.7045907375 0.18175093281250002 0.7412127625 0.1683724359375 0.7725242875 0.1391739671875 0.7758394828124999 0.1002034265625 0.7603045609375 0.0693690421875 0.6957543734375 0.071023534375 0.65851888125 0.10196944687500001
11 0.64545640625 0.11226202968750001 0.6027183203125 0.1049066375 0.555927640625 0.1296559296875 0.5505241828125 0.172462178125 0.583093615625 0.19118836875 0.654317565625 0.1663151453125 0.64545640625 0.11226202968750001
11 0.5682712953125 0.223894125 0.5747839375 0.261253546875 0.6210169140625 0.2804568765625 0.6598635265625 0.2593388015625 0.6834354734375 0.227915746875 0.68661434375 0.1928490765625 0.6551912875 0.1692771296875 0.5880075328125 0.1903828078125 0.5682712953125 0.223894125
11 0.775926221875 0.20964812500000002 0.7465232640624999 0.18419240625 0.691596425 0.19009158125 0.6826175171875 0.25133896875 0.7329588515625 0.2648228203125 0.779012134375 0.2332076734375 0.775926221875 0.20964812500000002
11 0.8023238265625 0.181255215625 0.8168734921875 0.1563572 0.8185094046874999 0.1095107546875 0.8047900921875 0.0826484078125 0.771811684375 0.075633828125 0.7773824390625 0.11198319999999999 0.76530521875 0.1780081828125 0.8023238265625 0.181255215625
11 0.9039979734375001 0.09588440000000001 0.8570152015625 0.09815235624999999 0.8276556156250001 0.1274189875 0.8260197015624999 0.1742654328125 0.8525969968749999 0.196691003125 0.8694951828124999 0.1884866796875 0.8945976874999999 0.19718054062499998 0.9257728843749999 0.17188594375 0.9162424921874999 0.10901503906250001 0.9039979734375001 0.09588440000000001
11 1 0.0421629296875 0.960219909375 0.0528984546875 0.92082799375 0.0896320125 0.9266590046875001 0.1465107859375 0.9514206968750001 0.1649643234375 1 0.1635298328125 1 0.0421629296875
11 1 0.16947735625 0.9778740640624999 0.1629566203125 0.9364062843750001 0.17518874375 0.9007819109374999 0.21596249687500002 0.9311949171875 0.24047632812500003 0.94275780625 0.27312631875000004 0.9962656171875001 0.27988064218750003 1 0.273568775 1 0.16947735625
11 1 0.2850816890625 0.94066954375 0.2769620265625 0.9182997390625 0.3299245328125 0.8981669218749999 0.34681031875 0.9295218125 0.37233419843750004 0.978989425 0.3828560671875 1 0.36937002812499997 1 0.2850816890625
11 0.83306525 0.22434651562500002 0.82161389375 0.24446693593750002 0.8270359265625 0.313057321875 0.8526031765625 0.336424778125 0.8905636703124999 0.3406818609375 0.9247690140625 0.3125616046875 0.9377075593749999 0.27783575 0.932942365625 0.246400296875 0.892032284375 0.21467979375000001 0.83306525 0.22434651562500002
11 0.7180683703125 0.2994805125 0.7415349640625 0.35502081875 0.7647536968749999 0.36169458125 0.796529965625 0.347169709375 0.8213846124999999 0.3069970265625 0.8152809484375 0.25792599374999997 0.78944104375 0.2423662765625 0.752013459375 0.25083085625 0.7180683703125 0.2994805125
11 0.7887655921875 0.40161940625000003 0.8080680578124999 0.43649398437500003 0.84979609375 0.44479126406249997 0.8975286578125001 0.4210520203125 0.9048840531250001 0.378313934375 0.8874653578125 0.3454594546875 0.8428435000000001 0.3360839625 0.8039968906249999 0.3572020375 0.7887655921875 0.40161940625000003
11 0.61966605 0.2911584375 0.5977733859375001 0.3304573984375 0.6016524640625 0.387268009375 0.6429033578125 0.4092288328125 0.6829521109375001 0.4096502109375 0.7136501671875 0.398019159375 0.732977428125 0.376219453125 0.7329340578125 0.32149710468750003 0.6766811500000001 0.28142355937499997 0.61966605 0.2911584375
11 0.5676454296875 0.2697986859375 0.548250009375 0.293550325 0.5470230734375 0.328685159375 0.55522739375 0.3455833421875 0.5910314609375 0.3556280671875 0.6168403921875 0.2881282921875 0.5676454296875 0.2697986859375
11 0.5925744203125001 0.3674078421875 0.566734515625 0.35184812499999996 0.55300280625 0.3533229203125 0.5391223734375 0.387038725 0.4909808296875 0.42248958124999997 0.500659946875 0.45311947343750003 0.548175625 0.46357317656249997 0.566152021875 0.45247503437500003 0.5730984359375 0.42144855937500003 0.5955921671875 0.392919325 0.5925744203125001 0.3674078421875
11 0.562700496875 0.49534944531249997 0.6094663828125 0.5272744359375 0.6280438484374999 0.52694601875 0.6427856078125 0.5245293390625 0.6623173546875 0.4968738265625 0.6704907062500001 0.43071251874999994 0.5964658921875 0.3958813109375 0.5708056828125 0.431140071875 0.562700496875 0.49534944531249997
11 0.675869371875 0.4445805546875 0.6988712171875 0.48544726718750003 0.73864731875 0.49367638124999996 0.7668605312500001 0.46925550625 0.774488575 0.41870968125 0.7675669546874999 0.3930618703125 0.737959509375 0.37346195625 0.682611296875 0.4194098859375 0.675869371875 0.4445805546875
11 0.8040278609374999 0.440261528125 0.776688371875 0.46764438750000004 0.7741229671875 0.48514364062500004 0.788647840625 0.516919909375 0.8136821843750001 0.5275657046875 0.834688725 0.5136419046875 0.8955395328125 0.5059952828125 0.8958927453125 0.4678984640625 0.8722092671875 0.44655110625 0.8040278609374999 0.440261528125
11 0.641025765625 0.5469425125 0.6989703515625 0.5665548203124999 0.749472809375 0.5194605171875 0.7335970734374999 0.4983858109375 0.671271471875 0.49230072500000005 0.641025765625 0.5469425125
11 0.7047332 0.6253855296874999 0.728348515625 0.6486848234375 0.785623871875 0.6594793421875 0.8316089890624999 0.6298161296875 0.8393733593749999 0.5753664328125 0.8082911218750001 0.5420348109375001 0.740246040625 0.5318413625 0.7027378984375 0.5705950171875 0.7047332 0.6253855296874999
11 0.817108909375 0.541365578125 0.8395096859375 0.5714625625 0.8440703953125 0.6087538203125 0.8601506203125 0.6239727234375 0.8961591796875 0.628161640625 0.9101635390625 0.61887910625 0.9367222640625 0.52990804375 0.899443403125 0.506131609375 0.8326686265625 0.515525675 0.817108909375 0.541365578125
11 1 0.44582811875 0.9743791312500001 0.45891337656250003 0.94757255 0.49901789531249996 0.9519969296875 0.540213025 0.9752156624999999 0.5468867875 0.9987070484375 0.5457528093749999 1 0.494452309375 1 0.44582811875
11 1 0.43925404375 0.9770932578125 0.4091731125 0.9302468125000001 0.40753719843749997 0.8888347968750001 0.446154525 0.9026098765624999 0.49940207968749994 0.9334318609375 0.5122043015625 0.9724271984374999 0.4588452140625 1 0.44358415156250003 1 0.43925404375
11 0.93323355 0.6577938828125001 0.9945491015625001 0.66482085625 0.9986388859374999 0.54770474375 0.9840334531250001 0.5462175515625 0.927346771875 0.5745299015625001 0.9134539421874999 0.63658285 0.93323355 0.6577938828125001
11 0.9199417890625 0.7306165546875001 0.9236845406249999 0.7913310359375 0.9695085390625 0.822245978125 0.9891642171875 0.8190237375 0.994140121875 0.6765324671874999 0.9683002203125 0.6609727515625 0.9390211921875 0.6599503062500001 0.9279788140624999 0.6683591171875001 0.9199417890625 0.7306165546875001
11 0.8384066812500001 0.6310306703124999 0.7964493609375001 0.685263478125 0.796151915625 0.749745503125 0.825418546875 0.7791050937499999 0.8497154921875 0.7828850328125 0.88216099375 0.7771779484375 0.9244591296875001 0.7131854640624999 0.925686065625 0.67805063125 0.8931290296875 0.6309872999999999 0.8384066812500001 0.6310306703124999
11 0.8271659921875001 0.7850290609374999 0.8132855593749999 0.8187448671875 0.8200708546875 0.8482965468750001 0.8735538703125 0.9117251546875 0.9074741656249999 0.91974978125 0.9293544296875 0.9087879640625 0.94040920625 0.8720420093750001 0.9328307468749999 0.8092392671875 0.893736278125 0.7814908015625 0.8271659921875001 0.7850290609374999
11 0.7721152250000001 0.7664949640625001 0.794131815625 0.751629275 0.8010348640625 0.665880453125 0.7377673765625 0.658785315625 0.7284724453125 0.6731180953125 0.73221519375 0.733832575 0.7440507359375 0.758674825 0.7721152250000001 0.7664949640625001
11 0.9510054125 0.9603562359375 0.9835066828125001 0.9810343609375 0.98773279375 0.860014378125 0.971175425 0.858459021875 0.9397957390625 0.8896094265625001 0.9345967703125 0.9265598703125001 0.9510054125 0.9603562359375
11 0.7410825296875 0.9276194656250001 0.7686017171875 0.9510550859375 0.8527951874999999 0.9745154984375001 0.871521375 0.9419460687500001 0.8575418078125001 0.89455431875 0.7922790171874999 0.8326686703125 0.7489956265625 0.84092875625 0.729463878125 0.8685842671874999 0.7410825296875 0.9276194656250001
11 0.8491886640624999 1 0.840073525 0.9750484078125 0.7821289375 0.955436096875 0.7292903609375 0.9574995640624999 0.6917822140625 0.9962532187500001 0.6919913265625001 1 0.8491886640624999 1
11 0.679371696875 1 0.7006124015624999 0.9672468437499999 0.7085131015624999 0.9088932765625 0.6874631890625 0.86809473125 0.64499775625 0.8529315953125 0.605605840625 0.8896651515625 0.5949352515624999 0.971373778125 0.60337938125 1 0.679371696875 1
11 0.6016276281249999 0.751746984375 0.5761843078125 0.7528128 0.5421152890625 0.7770291874999999 0.524876290625 0.794993184375 0.5137533546874999 0.8336910734374999 0.525316240625 0.8663410624999999 0.5764631375 0.884738834375 0.6470860171874999 0.8490958875000001 0.6645295046874999 0.825276084375 0.664008996875 0.78421728125 0.6016276281249999 0.751746984375
11 0.5892157703125 0.9672654187499999 0.594904278125 0.8883142890625001 0.5636733140625 0.8872236796875 0.525248078125 0.8682930000000001 0.4984538921875 0.8800603765625 0.49150747656249993 0.91108685 0.5128982046874999 0.942125721875 0.5892157703125 0.9672654187499999
11 0.4707054234375 0.9191548453125 0.4161875640625 0.9133424124999999 0.3840580859375 0.9659641000000001 0.38693950625 0.9953794546875001 0.4825843328125 0.9987194453124999 0.48685381406249995 0.9324218125 0.4707054234375 0.9191548453125
11 0.5965334625 1 0.5823499156249999 0.968002815625 0.540088971875 0.9469838749999999 0.49014421406249997 0.9501255546875 0.48547815468750005 0.9997976578125 0.4931960859375 1 0.5965334625 1
11 0.359978065625 0.62018651875 0.3328430671875 0.6417135734375 0.3155235078125 0.6899666484375 0.3531183890625 0.760657690625 0.40258600156249996 0.7711795578125 0.4470281671875 0.729736571875 0.4468484703125 0.6789180921875 0.42371029687500006 0.641955253125 0.38925709375 0.6212089656249999 0.359978065625 0.62018651875
11 0.4120048640625 0.78128005 0.33952300625 0.7582286125000001 0.3073935234375 0.8108503046875001 0.30873199218749997 0.8284858843749999 0.3977030546875 0.855044609375 0.416224753125 0.8283309843750001 0.4120048640625 0.78128005
11 0.521598284375 0.7489522984375 0.47731724218749993 0.72981713125 0.44971749687499996 0.7366705890625 0.4283019765625 0.7623060015625 0.45417284843749994 0.860925209375 0.47597255625 0.8802524671875 0.49259808437499997 0.8798558875 0.5165666125 0.8650583624999999 0.51395784375 0.8278352671875 0.5335019875 0.7718426140625 0.521598284375 0.7489522984375
11 0.6958782203125 0.7110661890625 0.6610965984375 0.6717424375000001 0.59829385625 0.67932089375 0.5774670093750001 0.7440631734375 0.6740413234375 0.77675035625 0.6961260796875 0.7599327328125 0.6958782203125 0.7110661890625
11 0.54709119375 0.634537915625 0.526028884375 0.6220765109374999 0.467334503125 0.6239354890625 0.44585081718749997 0.6515228375000001 0.4539745796875 0.698710096875 0.4831730484375 0.7300216203125001 0.5383601421875001 0.744651846875 0.5719520203124999 0.7340990078125 0.59197330625 0.664442809375 0.562979328125 0.6272754796875 0.54709119375 0.634537915625
11 0.7074472875 0.88344995625 0.7238125625 0.8625239734375001 0.7249713359375 0.829341075 0.7126710484375 0.789825228125 0.68878308125 0.774333678125 0.6679128640625 0.7843536078125 0.6559038078125 0.8484266546875 0.7074472875 0.88344995625
11 0.7933572296875 0.8297748468749999 0.7827486234375 0.7697977640625 0.7418261484374999 0.766414403125 0.7109917671875 0.781949325 0.72980469375 0.8588245921875 0.7530358234375 0.8371612125000001 0.7933572296875 0.8297748468749999
11 0.6004998687499999 0.560184684375 0.5710721171875 0.5914032484375 0.5714563 0.636365921875 0.600791096875 0.663773575 0.65429890625 0.6705278984375 0.6810249296875 0.6607124546875001 0.700420353125 0.6369608140625 0.6947256687500001 0.5761781703125 0.6437832593749999 0.55192459375 0.6004998687499999 0.560184684375
11 0.46180093749999995 0.502574690625 0.43446144531249997 0.52995755 0.43135073906250004 0.563072284375 0.45502181875 0.6127567843749999 0.4977599078125 0.6201121781250001 0.540101409375 0.6108420406249999 0.571549259375 0.577739703125 0.5636299874999999 0.5246966359375 0.5285075499999999 0.4951325609375 0.46180093749999995 0.502574690625
11 0.40401746875000005 0.42238422656249996 0.3667138125 0.45528207500000006 0.3691862609375 0.496409040625 0.388761378125 0.5234758796875 0.4304212515625 0.53372509375 0.45587696875 0.504322134375 0.5042787671875 0.4894006828125 0.49944540625 0.459917165625 0.46829500468749996 0.428537478125 0.40401746875000005 0.42238422656249996
11 0.40393069062500003 0.6207442203125 0.4438988828125 0.6514546734375 0.4605368109375 0.6227209499999999 0.424689375 0.557953875 0.40341017968750004 0.57968541875 0.40393069062500003 0.6207442203125
11 0.5886085624999999 0.5089572234374999 0.55367821875 0.501874484375 0.5794251640625 0.5760604203125 0.625410284375 0.5463972078125 0.5886085624999999 0.5089572234374999
11 0.35248630625 0.9746331671874999 0.3965194875 0.9449017921875 0.40448835 0.8845962890625 0.3658028578125 0.8451362078125 0.30556551875000004 0.8352154125 0.2702138 0.8681814265625001 0.26446952343749996 0.9207473500000001 0.35248630625 0.9746331671874999
11 0.1746371375 0.8628895 0.19818428906250002 0.888140728125 0.2357358015625 0.9041094218750001 0.26131545 0.8991397375 0.274526646875 0.8566061406250001 0.3049644484375 0.8244456890625 0.2189553703125 0.7970132421875 0.1858964015625 0.820287740625 0.1746371375 0.8628895
11 0.215200221875 0.7646359031250001 0.2229955671875 0.7932456953125 0.2820183671875 0.809964184375 0.31810748437499997 0.783864028125 0.3294349125 0.7393103328125 0.3087258140625 0.688752109375 0.268075990625 0.6775610078125001 0.22464387656249998 0.718062109375 0.215200221875 0.7646359031250001
11 0.771006121875 0.070719909375 0.8029063203125 0.0806283078125 0.8259081671875 0.12149501874999999 0.8541895437499999 0.095122209375 0.8497651609375 0.053927079687500004 0.8318011640625 0.0366880828125 0.7987545921875 0.0316254375 0.773707853125 0.049316784375 0.771006121875 0.070719909375
11 0.7441685687499999 0.027764937499999996 0.7127331171875 0.032530135937499996 0.6991253359375 0.0584381984375 0.6997945703124999 0.0672559875 0.76521848125 0.068563484375 0.7681247015625 0.0413045546875 0.7441685687499999 0.027764937499999996
11 0.7364289921875 0.0255403515625 0.775864278125 0.043529142187499995 0.8184102703124999 0.0284032 0.8180136890625 0.011777668750000001 0.7360324109375 0.008914818750000001 0.7364289921875 0.0255403515625