11 0.6236979171875 0.294921875 0.6171875 0.3095703125 0.6171875 0.3564453125 0.6471354171875 0.37109375 0.75390625 0.3671875 0.7838541671875 0.3349609375 0.7734375 0.2998046875 0.7434895828125 0.279296875 0.6575520828125 0.279296875 0.6236979171875 0.294921875
11 0.87890625 0.244140625 0.8411458328125001 0.2919921875 0.8359375 0.3193359375 0.8580729171874999 0.357421875 0.94140625 0.357421875 0.9557291671874999 0.3447265625 0.96875 0.2724609375 0.9466145828125001 0.2421875 0.9075520828125001 0.234375 0.87890625 0.244140625
11 0.8307291671874999 0.4345703125 0.9153645828125001 0.4609375 0.9765625 0.4384765625 0.9713541671874999 0.3837890625 0.9283854171874999 0.357421875 0.8684895828125001 0.361328125 0.8307291671874999 0.3974609375 0.8307291671874999 0.4345703125
11 0.8059895828125001 0.443359375 0.7786458328125 0.4599609375 0.7734375 0.4833984375 0.8138020828125001 0.541015625 0.87890625 0.56640625 0.9453125 0.5380859375 0.9453125 0.4970703125 0.89453125 0.44921875 0.8450520828125001 0.4375 0.8059895828125001 0.443359375
11 0.625 0.3896484375 0.6223958328125 0.4287109375 0.64453125 0.451171875 0.74609375 0.4609375 0.765625 0.4462890625 0.7682291671875 0.4130859375 0.7356770828125 0.384765625 0.66796875 0.373046875 0.625 0.3896484375
11 0.6158854171875 0.49609375 0.75390625 0.54296875 0.7838541671875 0.5361328125 0.7786458328125 0.4931640625 0.7278645828125 0.458984375 0.6627604171875 0.447265625 0.6223958328125 0.4716796875 0.6158854171875 0.49609375
11 0.7955729171875 0.640625 0.8424479171874999 0.630859375 0.8697916671874999 0.5908203125 0.81640625 0.54296875 0.7552083328125 0.5458984375 0.7473958328125 0.5986328125 0.7955729171875 0.640625
11 0.8723958328125001 0.5791015625 0.8671875 0.6279296875 0.8776041671874999 0.6455078125 0.99609375 0.6796875 0.9973958328125001 0.5712890625 0.96484375 0.5546875 0.9205729171874999 0.55078125 0.88671875 0.560546875 0.8723958328125001 0.5791015625
11 0.8841145828125001 0.654296875 0.8450520828125001 0.662109375 0.8255208328125001 0.6845703125 0.8046875 0.7587890625 0.8138020828125001 0.765625 0.9700520828125001 0.802734375 0.9869791671874999 0.7978515625 0.9947916671874999 0.7158203125 0.96484375 0.669921875 0.9309895828125001 0.65625 0.8841145828125001 0.654296875
11 0.6666666671875 0.7294921875 0.6536458328125 0.7216796875 0.65234375 0.73046875 0.6666666671875 0.7294921875
11 0.6627604171875 0.603515625 0.6041666671875 0.6337890625 0.5833333328125 0.6650390625 0.5833333328125 0.6962890625 0.6106770828125 0.720703125 0.78515625 0.759765625 0.8125 0.7412109375 0.8229166671874999 0.6826171875 0.7838541671875 0.6279296875 0.73828125 0.59765625 0.6627604171875 0.603515625
11 0.57421875 0.498046875 0.5234375 0.5302734375 0.5286458328125 0.5849609375 0.55078125 0.611328125 0.62109375 0.62109375 0.7434895828125 0.595703125 0.7552083328125 0.5751953125 0.734375 0.5185546875 0.7044270828125 0.50390625 0.57421875 0.498046875
11 0.5872395828125 0.712890625 0.6145833328125 0.6259765625 0.5455729171875 0.61328125 0.5052083328125 0.6396484375 0.4973958328125 0.6572265625 0.4934895828125 0.6953125 0.5872395828125 0.712890625
11 0.3307291671875 0.6064453125 0.3151041671875 0.6357421875 0.3216145828125 0.66015625 0.4622395828125 0.689453125 0.48046875 0.689453125 0.4947916671875 0.6650390625 0.4791666671875 0.6103515625 0.44140625 0.587890625 0.3528645828125 0.59375 0.3307291671875 0.6064453125
11 0.3059895828125 0.654296875 0.3333333328125 0.5986328125 0.2981770828125 0.5703125 0.22526041718749998 0.5625 0.1588541671875 0.6181640625 0.19140625 0.634765625 0.3059895828125 0.654296875
11 0.0026041671875 0.5478515625 0.006510417187500001 0.59375 0.1184895828125 0.619140625 0.1783854171875 0.609375 0.21614583281250002 0.5751953125 0.203125 0.5302734375 0.15234375 0.51171875 0.05598958281250001 0.521484375 0.0026041671875 0.5478515625
11 0.1041666671875 0.4169921875 0.1341145828125 0.43359375 0.22135416718749998 0.3896484375 0.2109375 0.3583984375 0.1731770828125 0.34375 0.1263020828125 0.349609375 0.09895833281250001 0.3779296875 0.1041666671875 0.4169921875
11 0.006510417187500001 0.515625 0.0481770828125 0.5234375 0.1484375 0.5048828125 0.1536458328125 0.4697265625 0.12890625 0.435546875 0.07682291718749999 0.4140625 0.00390625 0.419921875 0.006510417187500001 0.515625
11 0.1510416671875 0.5107421875 0.22265625 0.5625 0.2786458328125 0.5537109375 0.2916666671875 0.5302734375 0.2591145828125 0.490234375 0.1888020828125 0.478515625 0.15625 0.4833984375 0.1510416671875 0.5107421875
11 0.3359375 0.5322265625 0.3255208328125 0.5654296875 0.3502604171875 0.59375 0.48046875 0.6015625 0.5104166671875 0.5830078125 0.515625 0.5341796875 0.4830729171875 0.5078125 0.40234375 0.505859375 0.3359375 0.5322265625
11 0.1458333328125 0.4267578125 0.1627604171875 0.4765625 0.24088541718749998 0.484375 0.2604166671875 0.4814453125 0.2994791671875 0.4365234375 0.2747395828125 0.404296875 0.24088541718749998 0.396484375 0.18359375 0.3984375 0.1458333328125 0.4267578125
11 0.2682291671875 0.4638671875 0.265625 0.4951171875 0.3059895828125 0.53125 0.3294270828125 0.533203125 0.3958333328125 0.4990234375 0.390625 0.4560546875 0.34765625 0.435546875 0.30859375 0.435546875 0.2682291671875 0.4638671875
11 0.421875 0.4326171875 0.4166666671875 0.4599609375 0.4440104171875 0.501953125 0.5221354171875 0.525390625 0.5651041671875 0.4970703125 0.5572916671875 0.4462890625 0.5091145828125 0.412109375 0.4622395828125 0.40625 0.421875 0.4326171875
11 0.22135416718749998 0.3857421875 0.3033854171875 0.43359375 0.3489583328125 0.4208984375 0.3567708328125 0.3798828125 0.3111979171875 0.330078125 0.24088541718749998 0.326171875 0.21875 0.3486328125 0.22135416718749998 0.3857421875
11 0.1731770828125 0.23828125 0.1354166671875 0.2607421875 0.1328125 0.2958984375 0.1484375 0.3310546875 0.1627604171875 0.341796875 0.21484375 0.34765625 0.24739583281250002 0.3154296875 0.2421875 0.2587890625 0.21484375 0.2421875 0.1731770828125 0.23828125
11 0.2604166671875 0.3193359375 0.3450520828125 0.353515625 0.4010416671875 0.3251953125 0.390625 0.2978515625 0.33984375 0.263671875 0.29296875 0.259765625 0.25 0.2822265625 0.2604166671875 0.3193359375
11 0.3763020828125 0.337890625 0.3567708328125 0.3564453125 0.3645833328125 0.4052734375 0.3893229171875 0.423828125 0.41796875 0.427734375 0.4921875 0.4013671875 0.5052083328125 0.3525390625 0.48046875 0.326171875 0.43359375 0.3203125 0.3763020828125 0.337890625
11 0.4973958328125 0.3701171875 0.4973958328125 0.4052734375 0.53515625 0.4296875 0.56640625 0.44921875 0.6067708328125 0.4384765625 0.6197916671875 0.3818359375 0.58984375 0.34375 0.5299479171875 0.34375 0.4973958328125 0.3701171875
11 0.7734375 0.4267578125 0.8059895828125001 0.43359375 0.8255208328125001 0.4208984375 0.8541666671874999 0.3603515625 0.8294270828125001 0.32421875 0.7903645828125 0.31640625 0.7395833328125 0.3759765625 0.7734375 0.4267578125
11 1 0.4462890625 0.9596354171874999 0.447265625 0.9322916671874999 0.4638671875 0.9557291671874999 0.5166015625 0.9986979171874999 0.533203125 1 0.4462890625
11 0.4296875 0.2880859375 0.4296875 0.3134765625 0.5065104171875 0.345703125 0.5403645828125 0.3359375 0.5755208328125 0.2978515625 0.5598958328125 0.2626953125 0.5325520828125 0.24609375 0.4596354171875 0.259765625 0.4296875 0.2880859375
11 0.3541666671875 0.2392578125 0.34375 0.2626953125 0.4049479171875 0.3203125 0.4205729171875 0.318359375 0.4609375 0.2568359375 0.4557291671875 0.2314453125 0.4283854171875 0.216796875 0.3893229171875 0.21484375 0.3541666671875 0.2392578125
11 0.3216145828125 0.240234375 0.28515625 0.23046875 0.2421875 0.2490234375 0.25390625 0.27734375 0.3359375 0.2626953125 0.3216145828125 0.240234375
11 0.1588541671875 0.1962890625 0.1705729171875 0.236328125 0.24348958281250002 0.244140625 0.2838541671875 0.2119140625 0.2838541671875 0.1591796875 0.2565104171875 0.142578125 0.21484375 0.142578125 0.1901041671875 0.1552734375 0.1588541671875 0.1962890625
11 0.3424479171875 0.248046875 0.3619791671875 0.2236328125 0.3567708328125 0.2021484375 0.32421875 0.177734375 0.2864583328125 0.1748046875 0.2838541671875 0.2275390625 0.3424479171875 0.248046875
11 0.5703125 0.2783203125 0.5950520828125 0.298828125 0.6875 0.2744140625 0.6744791671875 0.2451171875 0.6419270828125 0.2265625 0.59765625 0.2265625 0.5703125 0.2490234375 0.5703125 0.2783203125
11 0.65625 0.1845703125 0.6614583328125 0.2294921875 0.6966145828125 0.265625 0.7408854171875 0.26953125 0.7838541671875 0.2392578125 0.78125 0.1923828125 0.73828125 0.154296875 0.69140625 0.150390625 0.65625 0.1845703125
11 0.7447916671875 0.2763671875 0.7877604171875 0.314453125 0.8268229171874999 0.31640625 0.859375 0.2529296875 0.82421875 0.236328125 0.7955729171875 0.236328125 0.7734375 0.2490234375 0.7447916671875 0.2763671875
11 0.859375 0.2587890625 0.8385416671874999 0.2998046875 0.8411458328125001 0.3349609375 0.8580729171874999 0.357421875 0.94140625 0.357421875 0.9661458328125001 0.3193359375 0.9635416671874999 0.2548828125 0.9205729171874999 0.234375 0.8893229171874999 0.240234375 0.859375 0.2587890625
11 0.96484375 0.24609375 0.9661458328125001 0.3193359375 0.9986979171874999 0.318359375 1 0.2509765625 0.96484375 0.24609375
11 0.9635416671874999 0.3271484375 0.9453125 0.3603515625 0.9986979171874999 0.419921875 1 0.3212890625 0.9635416671874999 0.3271484375
11 0.578125 0.3134765625 0.5703125 0.3369140625 0.6158854171875 0.36328125 0.6223958328125 0.2978515625 0.578125 0.3134765625