11 0.387070775 0.885695828125 0.421141171875 0.8948010625 0.458093221875 0.8784019203125 0.46798425468750005 0.859697253125 0.465893434375 0.8402536968750001 0.43614248906249997 0.8396925265625 0.40962666406250003 0.8096160593749999 0.3834343234375 0.8190377734375 0.3743580546875 0.8428866515625 0.387070775 0.885695828125
11 0.4103875125 0.8081772375 0.44040802812499996 0.8416535609375 0.4708659078125 0.8341928781249999 0.488365428125 0.8011000062500001 0.48475290937500004 0.784534090625 0.47239365624999996 0.7377139875000001 0.4567992828125 0.720409184375 0.42430449687499994 0.715009340625 0.40446851562499997 0.74583564375 0.4103875125 0.8081772375
11 0.4924213609375 0.683127665625 0.4804694890625 0.6388796671875 0.4590878796875 0.622491471875 0.42199801875 0.6692336625 0.43155951562499995 0.7046320609375 0.44166620468750006 0.712259515625 0.488778859375 0.7100708609375 0.4924213609375 0.683127665625
11 0.42203405156249996 0.532123303125 0.42458616875 0.56072199375 0.43952752031250003 0.5926316796875 0.47147711562500005 0.6258024671875 0.4849806671875 0.6236637140625 0.50715310625 0.595103978125 0.5037323125000001 0.554778046875 0.48762272968750003 0.5217350765625001 0.46156820156249995 0.50081374375 0.4388266359375 0.5070522796875 0.42203405156249996 0.532123303125
11 0.5111130421875 0.7012602171875 0.549802446875 0.7083155578125 0.5634977218749999 0.6824167890624999 0.55214495625 0.616980878125 0.5439673453125 0.609047884375 0.511065178125 0.6010759375 0.4831055015625 0.6305522796874999 0.485765446875 0.6723170328125 0.5111130421875 0.7012602171875
11 0.511676115625 0.817182665625 0.5565601375 0.8258935015625 0.5662894281249999 0.7874397421875 0.5465134125 0.7312478265625 0.5281751984375 0.7091043499999999 0.49994595000000003 0.7056655390625 0.476958746875 0.7290810640625 0.48866498125 0.7905060500000001 0.511676115625 0.817182665625
11 0.47808489375 0.9609259578125 0.49905912187499996 0.9747420484375 0.534489475 0.9612205484375 0.5553319421875 0.9117784359375 0.5498742421875 0.8585919796875 0.540420571875 0.8363596421875 0.512898259375 0.8248989796874999 0.46154399843749994 0.8752187421875 0.4545046359375 0.9119281453125 0.47808489375 0.9609259578125
11 0.554445384375 0.7563578046874999 0.5697941171875 0.7908395953125 0.6056018703125 0.8233993093749999 0.6428534734375 0.7964062125 0.64212260625 0.7543359234375 0.6123477296875001 0.7036826140625 0.5930569421875 0.706737975 0.5670563265624999 0.692399671875 0.5502637421875 0.7174706937499999 0.554445384375 0.7563578046874999
11 0.665097709375 0.9181228984375001 0.70039025 0.9349444468750001 0.7179975984375 0.9150176359375 0.7076213390625 0.8744750265624999 0.7103951625 0.835804590625 0.67686995625 0.798928415625 0.6432608546874999 0.7989783171875 0.62646826875 0.8240493390625 0.6283134515625 0.86066988125 0.665097709375 0.9181228984375001
11 0.605104540625 0.9513545328124999 0.61583426875 0.9878862171874999 0.6949265 0.9753592390625 0.6912600671875 0.9522102921875 0.6420865734375 0.8914462828125 0.619345009375 0.8976848203125 0.605104540625 0.9513545328124999
11 0.7000367828125 0.9389553718749999 0.7045718937500001 0.9738315578125001 0.7543205609375 0.9633155140625 0.7219096703125001 0.9209895921875001 0.7000367828125 0.9389553718749999
11 0.771718303125 0.8234553312499999 0.7288711875 0.8276050203124999 0.7101495234375 0.8529815781250001 0.7230779 0.9221228781249999 0.7585861 0.9652765484374999 0.814529384375 0.956416003125 0.824773884375 0.933700409375 0.7906795546875001 0.8745030359375001 0.7845688328125 0.8359214609375 0.771718303125 0.8234553312499999
11 0.7997258421875 0.8941632687500001 0.849252803125 0.950916353125 0.9182922578125 0.93734495 0.9292976062499999 0.9131905375 0.926799403125 0.8911748749999999 0.9020509156250001 0.841043778125 0.846437165625 0.795801259375 0.8059265109375 0.802217515625 0.7869052937500001 0.8381880296875 0.7997258421875 0.8941632687500001
11 1 0.8634574125000001 0.9075446484375 0.7571198765625 0.8843957031249999 0.760786309375 0.8680104999999999 0.7884294359374999 0.868525709375 0.804167603125 0.914140596875 0.854948728125 0.9385895328125 0.9156737828124999 0.9734207796875 0.92334019375 0.997684040625 0.9142240156250001 1 0.898076353125 1 0.8634574125000001
11 0.849432696875 0.6898616953125 0.7773019828125001 0.6090041015625001 0.7472514859375 0.6190368875 0.73888215 0.6348639140625 0.745807634375 0.6785897000000001 0.804273053125 0.7418369546875 0.8443763265625 0.73284859375 0.849432696875 0.6898616953125
11 0.7573999875 0.8204498734375001 0.7925607703125 0.7740132203125001 0.794220278125 0.74079253125 0.7684113875 0.7026942109375 0.725156890625 0.70427179375 0.691110425 0.7452587015625001 0.6880909625 0.8011061234374999 0.7122164125 0.8223329937500001 0.7573999875 0.8204498734375001
11 0.637156184375 0.6667954921875 0.6677758046875 0.6790839015625 0.7201604859375 0.660240471875 0.7335022953125 0.6383526265625 0.732933171875 0.6160314312499999 0.7071242796874999 0.577933109375 0.6761511921875 0.5696556265625 0.6314828265625 0.5872769109375 0.6170267015625 0.614614503125 0.637156184375 0.6667954921875
11 0.5845258640625 0.702815909375 0.6119403484375 0.7011105078125001 0.6321837109375 0.672856309375 0.6163197671875 0.622636353125 0.6218374328125 0.588804590625 0.6058895921875 0.5755107140625 0.57420956875 0.57525508125 0.5547809703125 0.608653490625 0.555619665625 0.663889840625 0.5845258640625 0.702815909375
11 0.6368027171875 0.6708064171875 0.61960275 0.693305334375 0.658885209375 0.7727740109375001 0.6877135625 0.755024909375 0.6902417484375001 0.7335314609375 0.6677758046875 0.6790839015625 0.6368027171875 0.6708064171875
11 0.7450467859375001 0.6800285203125 0.7316271296875 0.64524119375 0.7113298546875 0.6669123625 0.6735630421875001 0.67816729375 0.6753543093750001 0.70820480625 0.6979580640624999 0.7323093171874999 0.7455619953125 0.6957666859375 0.7450467859375001 0.6800285203125
11 0.6631389171875 0.5374404046875 0.67840980625 0.5152470234375001 0.6771337468749999 0.5009476765625 0.6142410468749999 0.415990296875 0.5996231796875 0.42357879687500005 0.58364535625 0.453794028125 0.59168515625 0.49207006875000003 0.6256716578125 0.5381013796875 0.6631389171875 0.5374404046875
11 0.4090756921875 0.5064911125 0.43499846093750005 0.46415424375000003 0.431793325 0.45016043437500003 0.40649964375 0.42780027968749995 0.3752270015625 0.4301167515625 0.349196403125 0.459287559375 0.349412059375 0.48561968125000005 0.370494115625 0.5126018328125 0.4090756921875 0.5064911125
11 0.5303859484375 0.5545114671875 0.5680149515624999 0.5735995828125 0.5948603109375 0.5495729859375 0.59972495625 0.5303461078125 0.59326076875 0.4957754578125 0.5647080359375 0.4528384640625 0.5426734062499999 0.4510551484375 0.5184101453125 0.4601713296875 0.510256465625 0.5023304765625001 0.5303859484375 0.5545114671875
11 0.581937984375 0.3868304375 0.5379526218749999 0.34633773125 0.505020471875 0.38187489218750004 0.5152889046875 0.409251440625 0.552210971875 0.4363614078125 0.5653071421875 0.43165054999999997 0.584735740625 0.3982521421875 0.581937984375 0.3868304375
11 0.5019231640624999 0.38104714375 0.5240956031249999 0.352487409375 0.518038796875 0.3204888640625 0.4985323515625 0.297212103125 0.4625867890625 0.2949954359375 0.44163649375 0.3312714859375 0.4457103078125 0.3569925375 0.4749160609375 0.38532464843750003 0.5019231640624999 0.38104714375
11 0.505206146875 0.451716125 0.523981725 0.432922596875 0.523873896875 0.41975653749999997 0.49806500624999994 0.381658215625 0.45866866718750005 0.38262472812500004 0.44989195000000004 0.3958796484375 0.45793175 0.4341556890625 0.4824645828125 0.4579546625 0.505206146875 0.451716125
11 0.6245573421875 0.543551125 0.606650440625 0.57407189375 0.6299611281249999 0.590154553125 0.6699565734374999 0.568000128125 0.671777825 0.55452853125 0.6558299843750001 0.5412346546875 0.6245573421875 0.543551125
11 0.5842381421875 0.9507045046875 0.6004855359375 0.9534044265625001 0.6079322796875 0.919267128125 0.6289364890625 0.8895741109375 0.6245092078125001 0.867863984375 0.5870180171875 0.8184328203125 0.566912465625 0.8163439703125001 0.5490055640625 0.8468647390624999 0.5612270078125 0.9240278906249999 0.5842381421875 0.9507045046875
11 0.41778639375 0.6738556609375 0.44178008437500005 0.631824328125 0.43958143437499997 0.5992147109375 0.42189624062500003 0.5624663515625 0.39184574375 0.5724991375 0.36896636875 0.6090807234375 0.37244107656250003 0.6559896859375 0.39849560624999997 0.6769110203125 0.41778639375 0.6738556609375
11 0.40536112500000004 0.8076550250000001 0.4033542 0.751285390625 0.41922419375000003 0.707904096875 0.3936309609375 0.6961379 0.362466146875 0.7116204328125 0.34588921875 0.7630235765625 0.36053101718749997 0.8055272203125 0.379168784375 0.817076740625 0.40536112500000004 0.8076550250000001
11 0.3852495234375 0.8991674250000001 0.39866917968750004 0.933954753125 0.43833508906249996 0.96590339375 0.46300573125 0.959359321875 0.46634867968749993 0.9430100828124999 0.44774089375 0.8879514515625001 0.3852495234375 0.8991674250000001
11 0.6100470328125 0.9888028249999999 0.6088248890625 0.981086509375 0.5943987453124999 0.9649149906250001 0.5680985765625 0.96117064375 0.5432901234374999 0.9980577671875001 0.6100470328125 0.9888028249999999
11 0.8166862203124999 0.7952400890625 0.8611628609374999 0.801378821875 0.8625767296875001 0.7853351187500001 0.8394038531250001 0.7389094109375 0.8085385921875 0.7437979875 0.779979809375 0.79446224375 0.78049501875 0.8102004109375001 0.7914164718750001 0.822972075 0.8166862203124999 0.7952400890625
11 0.46561808281249994 0.47644265468749997 0.432308534375 0.46589859999999994 0.4163307109375 0.4961138328125 0.41766068437500004 0.5169962078125 0.423909215625 0.5252347359375 0.4388266359375 0.5070522796875 0.4639046609375 0.5030803109375 0.46561808281249994 0.47644265468749997
11 0.41730721718749997 0.521007134375 0.3998376796875 0.5105908984374999 0.3751670359375 0.5171349703125 0.362639990625 0.5441670265624999 0.3679359484375 0.577604390625 0.3780426390625 0.585231846875 0.42108147812499996 0.557322140625 0.41730721718749997 0.521007134375
11 0.353635515625 0.7182923234375 0.3368729125 0.6998542359375 0.306822415625 0.709887021875 0.2970392109375 0.7417577515625 0.3042642484375 0.77488958125 0.323716778125 0.7915833125 0.3468657234375 0.7879168796875 0.353635515625 0.7182923234375
11 0.34049148281249997 0.6228189015625001 0.3097879640625 0.6474565703125 0.3137239671875 0.70352066875 0.35575631875 0.6942267703125 0.35564849062500004 0.681060709375 0.34269013125000003 0.65542851875 0.34049148281249997 0.6228189015625001
11 0.36897241875 0.515479475 0.3475368953125 0.4925082484375 0.3167794625 0.5105628859375 0.30273071875 0.54047258125 0.3103631390625 0.5761765171875 0.33519552343750003 0.589381534375 0.3547858640625 0.5757322171875 0.36897241875 0.515479475
11 0.37159633125 0.6943545875 0.36739075625 0.605375334375 0.35277288906250004 0.612963834375 0.34187536875 0.6502843078125 0.3544802609375 0.679927425 0.37159633125 0.6943545875
11 0.4670019703125 0.5039080609375 0.49188826875 0.523696109375 0.52160923125 0.5677663875000001 0.5316620078125001 0.5688108140625 0.531554178125 0.5556447515625 0.5135155171875 0.5229073171875 0.5133837578125 0.459649115625 0.486322740625 0.457343590625 0.4671936953125 0.48014804375000003 0.4670019703125 0.5039080609375