11 0.1972656265625 0.2333984375 0.2265625 0.3095703125 0.2685546875 0.3378906265625 0.36328125 0.3701171875 0.3876953125 0.36328125 0.4375 0.3037109375 0.4082031265625 0.2216796875 0.3681640625 0.1855468734375 0.2861328125 0.15234375 0.2119140625 0.1796875 0.1972656265625 0.1982421875 0.1972656265625 0.2333984375
11 0.1865234375 0.359375 0.1425781265625 0.4208984375 0.140625 0.4775390625 0.15234375 0.5126953125 0.1943359375 0.55078125 0.2949218734375 0.5595703125 0.3486328125 0.54296875 0.38671875 0.5048828125 0.390625 0.4638671875 0.37109375 0.3935546875 0.3115234375 0.3535156265625 0.2412109375 0.3671875 0.2080078125 0.3535156265625 0.1865234375 0.359375
11 0 0.5107421875 0.05859375 0.5185546875 0.1386718734375 0.4931640625 0.1503906265625 0.3916015625 0.1269531265625 0.3603515625 0.1337890625 0.3535156265625 0.1220703125 0.3574218734375 0.0947265625 0.33203125 0.0478515625 0.32421875 0 0.3388671875 0 0.5107421875
11 0.0625 0.3173828125 0.1201171875 0.3378906265625 0.16796875 0.3740234375 0.2060546875 0.34765625 0.2216796875 0.3652343734375 0.3046875 0.3505859375 0.2353515625 0.3203125 0.1904296875 0.2421875 0.1474609375 0.234375 0.0810546875 0.2792968734375 0.0625 0.3173828125
11 0.0078125 0.1865234375 0.0283203125 0.2109375 0.0732421875 0.1953125 0.048828126562500004 0.2216796875 0.04296875 0.2490234375 0.09570312656249999 0.2607421875 0.1298828125 0.2363281265625 0.1699218734375 0.2275390625 0.1816406265625 0.1865234375 0.1738281265625 0.1455078125 0.1474609375 0.11328125 0.0986328125 0.08789062656249999 0.0009765625 0.078125 0.0078125 0.1865234375
11 0.42578125 0.1884765625 0.4199218734375 0.2294921875 0.4316406265625 0.2685546875 0.4453125 0.2958984375 0.4833984375 0.328125 0.5263671875 0.3515625 0.5722656265625 0.3544921875 0.6083984375 0.33984375 0.640625 0.3037109375 0.6386718734375 0.2314453125 0.5712890625 0.1464843734375 0.5283203125 0.1308593734375 0.4736328125 0.1386718734375 0.4355468734375 0.1650390625 0.42578125 0.1884765625
11 0.2988281265625 0.1083984375 0.2958984375 0.15234375 0.4160156265625 0.2158203125 0.4365234375 0.1621093734375 0.4892578125 0.1308593734375 0.53515625 0.1259765625 0.51953125 0.0849609375 0.4853515625 0.05859375 0.3759765625 0.0566406265625 0.3251953125 0.078125 0.2988281265625 0.1083984375
11 0.1572265625 0.11328125 0.1894531265625 0.1142578125 0.2333984375 0.10742187343750001 0.26953125 0.0712890625 0.2734375 0.0439453125 0.2470703125 0.00390625 0.046875 0.0009765625 0.0566406265625 0.0361328125 0.0908203125 0.08007812656249999 0.1572265625 0.11328125
11 0.39453125 0.5283203125 0.4355468734375 0.4853515625 0.4589843734375 0.4306640625 0.44140625 0.3759765625 0.4111328125 0.36328125 0.3652343734375 0.3779296875 0.3925781265625 0.4755859375 0.3769531265625 0.5244140625 0.39453125 0.5283203125
11 0.4970703125 0.44921875 0.4619140625 0.4511718734375 0.40625 0.5263671875 0.4130859375 0.5527343734375 0.51953125 0.5517578125 0.5410156265625 0.4794921875 0.4970703125 0.44921875
11 0.2089843734375 0.6728515625 0.2548828125 0.7011718734375 0.3300781265625 0.7119140625 0.3515625 0.7041015625 0.359375 0.6240234375 0.4082031265625 0.5537109375 0.3720703125 0.5371093734375 0.2919921875 0.5683593734375 0.2021484375 0.5683593734375 0.1933593734375 0.6103515625 0.2089843734375 0.6728515625
11 0.37109375 0.6064453125 0.3535156265625 0.6513671875 0.3535156265625 0.6943359375 0.4228515625 0.7988281265625 0.4560546875 0.8183593734375 0.49609375 0.8232421875 0.5322265625 0.8105468734375 0.5859375 0.7705078125 0.6113281265625 0.7255859375 0.6191406265625 0.6826171875 0.5605468734375 0.6005859375 0.5146484375 0.5566406265625 0.4267578125 0.5527343734375 0.37109375 0.6064453125
11 0.31640625 0.9853515625 0.3691406265625 0.9560546875 0.33203125 0.8759765625 0.3261718734375 0.8232421875 0.3076171875 0.81640625 0.17578125 0.9208984375 0.1699218734375 0.9619140625 0.2041015625 0.98046875 0.31640625 0.9853515625
11 0.3613281265625 0.9404296875 0.3994140625 0.9824218734375 0.4238281265625 0.9873046875 0.5380859375 0.9296875 0.5449218734375 0.8740234375 0.5185546875 0.8261718734375 0.4443359375 0.81640625 0.3798828125 0.7597656265625 0.328125 0.8154296875 0.33203125 0.8583984375 0.3613281265625 0.9404296875
11 0.1298828125 0.7441406265625 0.0986328125 0.76171875 0.06640625 0.8115234375 0.06835937343750001 0.8564453125 0.09375 0.8916015625 0.1279296875 0.9121093734375 0.1640625 0.9130859375 0.2470703125 0.8691406265625 0.2890625 0.7998046875 0.2871093734375 0.7626953125 0.26953125 0.7236328125 0.2197265625 0.6933593734375 0.1953125 0.6962890625 0.1689453125 0.74609375 0.1298828125 0.7441406265625
11 0 0.6162109375 0.041015626562500004 0.7392578125 0.0517578125 0.7519531265625 0.09960937343750001 0.7568359375 0.1416015625 0.7324218734375 0.16796875 0.6904296875 0.1972656265625 0.6708984375 0.1894531265625 0.5791015625 0.1591796875 0.54296875 0.1201171875 0.5234375 0.0302734375 0.5332031265625 0 0.5517578125 0 0.6162109375
11 0.2753906265625 0.7294921875 0.30078125 0.8017578125 0.3222656265625 0.8115234375 0.3769531265625 0.7548828125 0.3623046875 0.7207031265625 0.2753906265625 0.7294921875
11 0.57421875 0.8017578125 0.5566406265625 0.8115234375 0.55078125 0.9013671875 0.5693359375 0.9199218734375 0.6015625 0.9189453125 0.6865234375 0.90234375 0.72265625 0.8818359375 0.70703125 0.8271484375 0.71484375 0.7626953125 0.6923828125 0.7441406265625 0.6591796875 0.7324218734375 0.6123046875 0.73828125 0.57421875 0.8017578125
11 0.7529296875 0.7246093734375 0.71484375 0.7763671875 0.7089843734375 0.8212890625 0.7363281265625 0.8798828125 0.7666015625 0.90234375 0.8105468734375 0.9072265625 0.8818359375 0.8847656265625 0.9277343734375 0.8349609375 0.9316406265625 0.7548828125 0.921875 0.7275390625 0.8994140625 0.7109375 0.8486328125 0.6972656265625 0.7939453125 0.7011718734375 0.7529296875 0.7246093734375
11 0.52734375 0.5185546875 0.5234375 0.5595703125 0.5986328125 0.64453125 0.640625 0.6552734375 0.6787109375 0.6484375 0.7246093734375 0.6103515625 0.73828125 0.5751953125 0.7324218734375 0.5361328125 0.7099609375 0.5 0.6455078125 0.4609375 0.5595703125 0.4609375 0.52734375 0.5185546875
11 0.6552734375 0.7265625 0.72265625 0.7490234375 0.7626953125 0.7128906265625 0.8066406265625 0.6923828125 0.7548828125 0.5761718734375 0.7412109375 0.5761718734375 0.7246093734375 0.6142578125 0.6494140625 0.6699218734375 0.6347656265625 0.6962890625 0.6552734375 0.7265625
11 1 0.5517578125 0.9326171875 0.46875 0.8759765625 0.4550781265625 0.8046875 0.4873046875 0.77734375 0.5302734375 0.7734375 0.5869140625 0.796875 0.6455078125 0.8349609375 0.6855468734375 0.9082031265625 0.7021484375 0.9599609375 0.6796875 0.984375 0.6474609375 1 0.6083984375 1 0.5517578125
11 0.4863281265625 0.3525390625 0.48046875 0.4228515625 0.4970703125 0.4453125 0.5449218734375 0.4697265625 0.5673828125 0.45703125 0.6621093734375 0.4541015625 0.6777343734375 0.4130859375 0.6435546875 0.33203125 0.6279296875 0.328125 0.5634765625 0.359375 0.5068359375 0.3457031265625 0.4863281265625 0.3525390625
11 0.83984375 0.2958984375 0.82421875 0.2314453125 0.7880859375 0.20703125 0.7373046875 0.2109375 0.7021484375 0.2363281265625 0.6777343734375 0.2626953125 0.6542968734375 0.3251953125 0.66796875 0.3857421875 0.6982421875 0.4121093734375 0.7363281265625 0.4189453125 0.6962890625 0.421875 0.67578125 0.4716796875 0.71875 0.5068359375 0.7421875 0.5615234375 0.7578125 0.5654296875 0.8203125 0.4482421875 0.8369140625 0.4277343734375 0.8515625 0.4267578125 0.8457031265625 0.4072265625 0.8193359375 0.39453125 0.7753906265625 0.4052734375 0.8222656265625 0.3466796875 0.83984375 0.2958984375
11 1 0.2080078125 0.9482421875 0.20703125 0.890625 0.2412109375 0.8769531265625 0.3271484375 0.88671875 0.3662109375 0.9169921875 0.4121093734375 0.9423828125 0.4238281265625 0.984375 0.4228515625 1 0.4208984375 1 0.2080078125
11 1 0.4287109375 0.9365234375 0.4355468734375 0.9199218734375 0.4560546875 1 0.5400390625 1 0.4287109375
11 0.9990234375 0.6386718734375 0.921875 0.7119140625 0.9296875 0.7373046875 0.9599609375 0.74609375 0.9902343734375 0.7802734375 1 0.7724609375 0.9990234375 0.6386718734375
11 0.6425781265625 0.0595703125 0.625 0.0966796875 0.62890625 0.1376953125 0.6464843734375 0.1708984375 0.6884765625 0.2089843734375 0.71875 0.2158203125 0.7998046875 0.2011718734375 0.83984375 0.1474609375 0.8339843734375 0.0830078125 0.7958984375 0.033203126562500004 0.7509765625 0.01171875 0.7041015625 0.01171875 0.6787109375 0.0234375 0.6425781265625 0.0595703125
11 0.5253906265625 0.0888671875 0.5419921875 0.1308593734375 0.6015625 0.1533203125 0.6230468734375 0.1318359375 0.6230468734375 0.0966796875 0.6503906265625 0.0322265625 0.6064453125 0 0.5283203125 0.0019531265625 0.5009765625 0.015625 0.484375 0.0537109375 0.5253906265625 0.0888671875
11 0.6953125 0.2275390625 0.6396484375 0.171875 0.6025390625 0.1621093734375 0.59765625 0.1689453125 0.6425781265625 0.2373046875 0.640625 0.3115234375 0.6503906265625 0.3134765625 0.6953125 0.2275390625
11 0.8417968734375 0.3193359375 0.85546875 0.3212890625 0.87109375 0.3095703125 0.8925781265625 0.2314453125 0.875 0.1708984375 0.8564453125 0.16015625 0.8369140625 0.1640625 0.8125 0.2021484375 0.8417968734375 0.2783203125 0.8417968734375 0.3193359375
11 0.8535156265625 0.1533203125 0.8730468734375 0.1376953125 0.88671875 0.1044921875 0.8808593734375 0.0419921875 0.8447265625 0.009765626562500001 0.7763671875 0.0136718734375 0.8339843734375 0.0810546875 0.83984375 0.1513671875 0.8535156265625 0.1533203125
11 0.4501953125 0.048828126562500004 0.4785156265625 0.0009765625 0.2763671875 0 0.296875 0.0595703125 0.3300781265625 0.0712890625 0.3876953125 0.0527343734375 0.4501953125 0.048828126562500004