11 0.224252621875 0.817475690625 0.24004615 0.8016116640625001 0.2487728390625 0.7748113734375 0.2391058 0.7310617125000001 0.2191020875 0.7231366015625 0.1846833078125 0.7533613781249999 0.1807367078125 0.7818011890625 0.20087221406250003 0.8158407734375 0.224252621875 0.817475690625
11 0.2573926671875 0.707540459375 0.27445779843749996 0.673491671875 0.2761176484375 0.6357551171875 0.25790557812500003 0.6162079234375 0.238240246875 0.617443315625 0.211069965625 0.656006534375 0.2081634453125 0.697571703125 0.2313372625 0.716160590625 0.2573926671875 0.707540459375
11 0.3285241046875 0.7542828671875 0.3477192609375 0.7177724984375 0.348289165625 0.69562288125 0.3263620171875 0.6732053796875 0.30279995312499997 0.6741682859375 0.2742262765625 0.704801790625 0.2724097015625 0.730780021875 0.293090178125 0.7570261359375 0.3285241046875 0.7542828671875
11 0.309058234375 0.640669071875 0.340777084375 0.6350554921875 0.353062125 0.5993671859374999 0.34144671875 0.55548128125 0.324118003125 0.5373011234375 0.3005559375 0.538264028125 0.281724096875 0.56957875 0.286611046875 0.611688890625 0.309058234375 0.640669071875
11 0.32566032031250003 0.6692405234375001 0.3521859 0.69589536875 0.366006128125 0.6942512468750001 0.3937213828125 0.647894559375 0.396057996875 0.6284790078125 0.38582105312500004 0.6068789640625 0.35641388749999997 0.607433140625 0.3437904625 0.6339609453125 0.3274768953125 0.64326229375 0.32566032031250003 0.6692405234375001
11 0.301043915625 0.461287640625 0.31691937187499997 0.5002503843749999 0.35180832500000003 0.5053005828125 0.36565348593749997 0.48930031406249996 0.3658600765625 0.47234634218749993 0.361311509375 0.439396703125 0.3462944765625 0.41615714062500003 0.32522575 0.4094628203125 0.30766551249999996 0.42259278125 0.301043915625 0.461287640625
11 0.4458250625 0.5327590796874999 0.42090946718750005 0.49707997812500004 0.38760556562500004 0.49736166718749997 0.36524030625 0.52320825625 0.36854220312499997 0.559986509375 0.39719780781249997 0.5841797718749999 0.43281339062499996 0.5788386796875 0.4458250625 0.5327590796874999
11 0.4392390703125 0.3469512125 0.40081669687500004 0.33643288125000004 0.376684728125 0.3595454046875 0.37359654999999997 0.40370839687500004 0.3935503984375 0.44034580312499993 0.40700731093750003 0.443897328125 0.435036015625 0.421057290625 0.4392390703125 0.3469512125
11 0.5086857250000001 0.4457863234375 0.47878345156249996 0.425421671875 0.45075474687500006 0.448261709375 0.4336646828125 0.4966666453125 0.4479550875 0.5302975 0.47133549375 0.5319324187500001 0.49351909687499995 0.5086836515625001 0.5086857250000001 0.4457863234375
11 0.5630262890625 0.3686598859375 0.5804048703125 0.35812775 0.5896765312500001 0.3235339890625 0.5783995078124999 0.2888085890625 0.5341320328125 0.277881528125 0.514623428125 0.29087524375 0.5056901484375 0.3346295078125 0.5187588140625 0.3577328265625 0.5630262890625 0.3686598859375
11 0.55263975 0.43319673437499995 0.54772786875 0.405442740625 0.51979889375 0.37085818593750003 0.50421195625 0.369768240625 0.48221001093750004 0.3904191828125 0.47844506875 0.4162611703125 0.512400803125 0.4486566328125 0.55263975 0.43319673437499995
11 0.557790284375 0.527535821875 0.5755321796875 0.5118080390624999 0.5830371328124999 0.47448021249999994 0.5597065890625 0.4441329984375 0.5326111046875 0.439627771875 0.508297478125 0.46533811875 0.5057542734375 0.5017076406250001 0.52838311875 0.52809 0.557790284375 0.527535821875
11 0.5331703375 0.6276247328125 0.56065406875 0.612578165625 0.5724190703125001 0.5703271796875 0.5591936796875 0.535465534375 0.530149828125 0.5308240640624999 0.50565454375 0.559132234375 0.503474653125 0.5903061109375 0.5142316375 0.6184688328125 0.5331703375 0.6276247328125
11 0.5510511546875 0.7359066375000001 0.570534828125 0.73726906875 0.5929748859374999 0.668354034375 0.5901930281250001 0.6381384625 0.5767610484375 0.6202307890625 0.5372487296874999 0.6252993953125 0.5265736734375001 0.6519634437499999 0.5301890203124999 0.712258346875 0.5510511546875 0.7359066375000001
11 0.5795251015625 0.7626977265625 0.5950871078125 0.77814381875 0.63106600625 0.7676070796875 0.6497161890625 0.73889018125 0.6540510359375 0.6908985765625 0.6402806734375 0.6638303999999999 0.6131851890625 0.659325175 0.5840665390625001 0.69775215 0.5765865203125 0.720723828125 0.5795251015625 0.7626977265625
11 0.640319865625 0.8452646843749999 0.6643521046875 0.879576753125 0.6896808796875 0.8813479140625 0.7076044328125 0.8630223078125001 0.7156543578125001 0.8179010109375 0.7079356859375 0.77428759375 0.6854884984375 0.7453074125 0.6523662546875 0.7429912796875 0.6298193359375001 0.7714356921875 0.640319865625 0.8452646843749999
11 0.6683165078125 0.7388855796875 0.702115515625 0.7595227171875 0.7178841125 0.7580148390625 0.7295992484375 0.7444761484375 0.734660725 0.6860932515625 0.7113301828124999 0.6557460374999999 0.6764412296875 0.6506958375 0.657972703125 0.6768149140624999 0.6587812609375 0.7212503921875 0.6683165078125 0.7388855796875
11 0.7005482671875 0.6419394640625 0.7305253375 0.6192356703125 0.736808553125 0.5713803078125 0.7311949734375001 0.539661459375 0.683212421875 0.5258640890625 0.6681455234375 0.5313368234375 0.6545888796875 0.5852098921875 0.6683343093749999 0.626634215625 0.7005482671875 0.6419394640625
11 0.700865259375 0.3574143203125 0.6947067078125 0.333488940625 0.6617661218750001 0.328574984375 0.63319244375 0.35920849062500004 0.6267525046875 0.3953055265625 0.6862685359375 0.39816203125 0.700113696875 0.3821617609375 0.700865259375 0.3574143203125
11 0.6708953171875 0.47801332968750004 0.6948456296875001 0.4574986296875 0.697545559375 0.43288743125 0.6859052203125 0.4033576765625 0.6531462921875 0.3958458984375 0.61093404375 0.4255257015625 0.6046757625 0.459024915625 0.6235895296875 0.4825369640625 0.6708953171875 0.47801332968750004
11 0.65266544375 0.5707175 0.669210534375 0.5301060343749999 0.7071378015625001 0.5197055374999999 0.6900156749999999 0.48457140781249997 0.6531783546875001 0.4793849640625 0.6256946218749999 0.49443153124999994 0.6178512875 0.5225988578125 0.6300116671875 0.5586912921875 0.65266544375 0.5707175
11 0.7569939234375 0.5767075953125 0.789182946875 0.6063689921875001 0.8088482765625 0.6051336 0.8226934375000001 0.58913333125 0.8348217546875001 0.5416866984375 0.8187895734374999 0.4909656296875 0.7904723515625001 0.4759328671875 0.766546971875 0.48209142031249996 0.74771513125 0.513406140625 0.7569939234375 0.5767075953125
11 0.7124877953125 0.49919543906249997 0.745246725 0.5067072171875 0.7645986046875 0.48195517656250003 0.78462725 0.47552413906249996 0.7921072687499999 0.4525524609375 0.7709067515625 0.4197436671875 0.730354353125 0.4116869140625 0.70463733125 0.4294675484375 0.6964306828125 0.46283051875 0.7124877953125 0.49919543906249997
11 0.70369698125 0.35891759687499997 0.7263258265625 0.3852999546875 0.7557329937499999 0.384745778125 0.771526521875 0.368881753125 0.77617481875 0.34440679687500003 0.768456146875 0.30079337968750003 0.752894140625 0.2853472875 0.72135695 0.28836304375 0.7002134265625 0.32473716874999997 0.70369698125 0.35891759687499997
11 0.699330071875 0.323370134375 0.7185252281250001 0.2868597671875 0.7223151015625 0.24666163124999999 0.7048296609375 0.216723146875 0.6754224953125 0.2172773234375 0.64503224375 0.2738890609375 0.6446190625 0.3077970015625 0.6715079578125 0.3292562 0.699330071875 0.323370134375
11 0.7208297796875 0.1839051484375 0.7035259968750001 0.151368840625 0.68209395625 0.1498701671875 0.659183725 0.183510225 0.6601739390625 0.2253478796875 0.6775525203125 0.21481574375 0.7124414734375 0.2198659421875 0.7208297796875 0.1839051484375
11 0.7656742890625 0.27057780781249996 0.7975997296874999 0.24801025625 0.80297465625 0.21314400937500003 0.7835408484374999 0.18306928281249998 0.7506002609375 0.1781553265625 0.7234798453125 0.188006246875 0.7150915375 0.22396704218750002 0.7350453859375 0.26060444843749997 0.7656742890625 0.27057780781249996
11 0.8076621453125 0.3701033375 0.8386792968749999 0.3605249015625 0.8465475640625 0.3180014296875 0.836517209375 0.27944741562500003 0.8156550749999999 0.2557991234375 0.7880146171875 0.259087365625 0.7691827765625 0.2904020890625 0.782358303125 0.35397602968749997 0.8076621453125 0.3701033375
11 0.8737748406250001 0.34862113125 0.8437479031249999 0.4000372203125 0.8477265656249999 0.4551364765625 0.8606135734375 0.48083762031250005 0.9256363249999999 0.47494234999999996 0.9400264578125 0.45114861250000005 0.9411413359375 0.42120552499999997 0.93781450625 0.39878342031249997 0.91430230625 0.37103403125 0.905675346875 0.340409728125 0.8737748406250001 0.34862113125
11 0.8327415953124999 0.51543598125 0.8567168390625 0.48056513437500004 0.8426330265624999 0.42998030781249996 0.81286254375 0.43573012968749997 0.79013396875 0.4667723640625 0.8327415953124999 0.51543598125
11 0.8391067359375001 0.522407390625 0.8485921171875 0.5687548734375001 0.8685708984374999 0.5910361328125 0.897251434375 0.6008732484375 0.9330486765625 0.5929343312500001 0.94920551875 0.5718746593749999 0.9542171312500001 0.542204059375 0.9413550546874999 0.5021467687500001 0.897814209375 0.480828415625 0.855990209375 0.490956425 0.8391067359375001 0.522407390625
11 0.8912246749999999 0.603062340625 0.8390319390625001 0.5654758359375001 0.8093683171875 0.6116962796875 0.8082285078125 0.6559955140625 0.8296356140625001 0.6718503375 0.850077440625 0.63151135625 0.8881863640625 0.6185130359375 0.8912246749999999 0.603062340625
11 0.9965362390625 0.5529948765625 0.9577505515625001 0.5476721906249999 0.948660546875 0.579668128125 0.9139033859374999 0.600732403125 0.9103201015625 0.6239765671875 0.9610845109374999 0.6679895109375 0.9890882828124999 0.659505621875 0.9965362390625 0.5529948765625
11 0.83568730625 0.6553050953125 0.833325759375 0.68907679375 0.8463694921875 0.7265362625 0.893782140625 0.7624832500000001 0.9393212171875 0.7552255484375 0.9588796875 0.713519534375 0.9596312499999999 0.6887720953125 0.9444574921875001 0.6537742062499999 0.9034099859375001 0.624798628125 0.8663910078124999 0.622210009375 0.83568730625 0.6553050953125
11 1 0.3861634375 0.9711433390625 0.3841455828125 0.9411662671875 0.406849375 0.9431965625000001 0.4618123890625 0.967228803125 0.4961244609375 1 0.4996739265625 1 0.3861634375
11 1 0.2261299703125 0.9979930421875001 0.2241704984375 0.95209065 0.23662384531249997 0.9139069281250001 0.292690609375 0.9102737781249999 0.3446470703125 0.931317571875 0.3656975390625 0.9750899390625 0.35570577187499997 1 0.32098959531250004 1 0.2261299703125
11 0.9268936671875 0.2609671578125 0.8983947875 0.2485322203125 0.8563891296874999 0.261258053125 0.844310678125 0.2799923890625 0.8477942328125 0.3141728171875 0.8668896593750001 0.33508704218749996 0.9039086375000001 0.3376756609375 0.9268936671875 0.2609671578125
11 1 0.1653572796875 0.9913892484375 0.15061399375 0.9465768000000001 0.147480403125 0.9139247312500001 0.1804392453125 0.9062131890625 0.23472104374999997 0.933102084375 0.2561802421875 0.9705342421875001 0.2248609171875 0.9981747000000001 0.221572675 1 0.2145750828125 1 0.1653572796875
11 0.755683128125 0.413458075 0.7820519828125 0.42835459374999996 0.792470584375 0.4473568140625 0.8229676953125 0.4312157 0.8281360328125 0.4133034234375 0.8244458874999999 0.3960769671875 0.8016353859375001 0.37229243125 0.778254978125 0.3706575140625 0.7541230078125001 0.3937700375 0.755683128125 0.413458075
11 0.8886529515625 0.2478510046875 0.9009130593749999 0.2265188453125 0.9047029343749999 0.186320709375 0.8870857015625001 0.13026775156249998 0.8422732546875 0.127134159375 0.81899970625 0.1659698640625 0.821525109375 0.2418517046875 0.8485956609375 0.2607130796875 0.8886529515625 0.2478510046875
11 0.6867885765625 0.40472470937500005 0.70144229375 0.4331599171875 0.7223792265625 0.41373976562500003 0.7420445578125 0.41250437343749996 0.7447195546875001 0.402249325 0.7109205453125 0.3816121875 0.6867885765625 0.40472470937500005
11 0.6243482218749999 0.5556847390625 0.6214345734375 0.49935469218749995 0.613484378125 0.4870513953125 0.5838955546875 0.49020339375 0.566648765625 0.5268500046875 0.57434250625 0.5848195703125 0.61632323125 0.5864498859375 0.6243482218749999 0.5556847390625
11 0.547051103125 0.3871217359375 0.5554714734374999 0.43470000937500003 0.576515265625 0.45575047812499997 0.6011423421875 0.4535567828125 0.62142744375 0.40145947812499994 0.585184959375 0.3597672703125 0.547051103125 0.3871217359375
11 0.6449574453125 0.3169575046875 0.6251603234374999 0.2920784234375 0.5973382078125 0.2979644890625 0.589883121875 0.30658001874999996 0.5885616546875 0.3534770765625 0.6191656265625001 0.377806584375 0.644387540625 0.33910712187500003 0.6449574453125 0.3169575046875
11 0.5985278828125 0.22495295624999997 0.6288682703124999 0.1970535171875 0.6296198328125 0.17230607656250002 0.6121343921875 0.1423675921875 0.59052069375 0.143466740625 0.5587769125000001 0.16343646875 0.5445435046875 0.19898853125 0.5558454609375 0.219357784375 0.5985278828125 0.22495295624999997
11 0.6190017703125 0.26815304375000004 0.583304259375 0.2186673671875 0.5616905625 0.21976651406249997 0.5435853515625 0.24068994375 0.5461855515625 0.2735033390625 0.5874147140625 0.2998810953125 0.6136517765625 0.288663140625 0.6190017703125 0.26815304375000004
11 0.6166651562500001 0.2875685953125 0.641787340625 0.3062937265625 0.6512655921875 0.25474599531250003 0.6316002625 0.25598138593750003 0.6166651562500001 0.2875685953125
11 0.5036847859375 0.2653103453125 0.497526234375 0.241384965625 0.4727424328125 0.2318203359375 0.449155434375 0.2471393890625 0.442897153125 0.280638603125 0.45931758125 0.311807878125 0.4841013828125 0.3213725078125 0.5036847859375 0.2653103453125
11 0.538509615625 0.10328241093749999 0.5161443546875 0.129129 0.5134194921875 0.1680963453125 0.5418934390625 0.1948874328125 0.5687253390625 0.1471637125 0.5576299734375 0.1098404875 0.538509615625 0.10328241093749999
11 0.518644825 0.2193669890625 0.5023063234375 0.24302448437500002 0.504568140625 0.266677378125 0.5389370546875 0.2651648984375 0.5519487265625 0.21908529843750002 0.539036784375 0.20774030625 0.518644825 0.2193669890625
11 0.5157062421874999 0.177393090625 0.5090525828125 0.132548884375 0.4780603640625 0.12777117031250002 0.4562400765625 0.145824290625 0.45369687187499996 0.1821938140625 0.46731051093750003 0.1975036640625 0.50627785625 0.200228525 0.5157062421874999 0.177393090625
11 0.4164214390625 0.2252714625 0.4023946203125 0.2438695546875 0.4025264125 0.269984028125 0.43313038437499995 0.2943135359375 0.45733715156250004 0.2281325671875 0.44637357812499995 0.2169238171875 0.4164214390625 0.2252714625
11 0.4473958546875 0.3423005390625 0.43762908593749994 0.355975471875 0.4377110125 0.4108022421875 0.4610664875 0.4267933078125 0.4864949921875 0.371139875 0.4709579203125 0.3413376328125 0.4473958546875 0.3423005390625
11 0.8039933906250001 0.6465625265625 0.7966131015625 0.6121096109375 0.7396153421875 0.5872397328125001 0.72821365625 0.6242950734375 0.70532835625 0.6435789828125 0.7490259265625 0.6766556625 0.7968766859375 0.6643385578125 0.8039933906250001 0.6465625265625
11 0.73037574375 0.705372559375 0.72855916875 0.731350790625 0.756124828125 0.77113099375 0.7890654140625 0.7760449484375 0.8213292359375 0.7626379 0.8376677359375 0.7389804046874999 0.8378743265624999 0.722026434375 0.8269606171874999 0.6821053859374999 0.788901559375 0.6663914078125 0.7529226609374999 0.6769281484375 0.73037574375 0.705372559375
11 0.757221903125 0.8534392703125 0.788684296875 0.8934919578124999 0.8537070468750001 0.8875966890625 0.87589065 0.8643479218750001 0.8807206046875 0.8372751453125 0.8708719078125 0.7961233078125 0.8385012265625 0.7690597343750001 0.7770118953125 0.7804231374999999 0.7562316874999999 0.811601615625 0.757221903125 0.8534392703125
11 0.9758272859374999 0.8491467046875 0.9381315421875 0.82823708125 0.8954241875 0.8369980578125 0.8862593859375 0.9120624390625001 0.9043623875 0.9770649625000001 0.9507941578124999 0.9831435578125 0.9683543968749999 0.9700135984375 0.9758272859374999 0.8491467046875
11 0.956138834375 1 0.9562759453125 0.9887479328125 0.919983596875 0.975768021875 0.8894045578125 0.9370823671874999 0.857115803125 0.9648455625000001 0.8552992296875 0.99082379375 0.8593510296875 1 0.956138834375 1
11 0.8020414796875001 0.9544680765625 0.8388788015624999 0.9596545187500001 0.875402671875 0.9413243109374999 0.8849877828125001 0.9302471999999999 0.8853760312500001 0.91069540625 0.876592346875 0.8683127781250001 0.8436018953125 0.8921111203125 0.788684296875 0.8934919578124999 0.7820876328125 0.9178306703124999 0.8020414796875001 0.9544680765625
11 0.6982665531250001 1 0.70561333125 0.989493575 0.71374518125 0.9991990515625 0.716081796875 0.9797834999999999 0.697919590625 0.9315240109375 0.6593155609375 0.9236035015624999 0.6289751734375 0.9515029421874999 0.62430194375 0.9903340437500001 0.6269444453124999 1 0.6982665531250001 1
11 0.690564234375 0.882714946875 0.69386613125 0.9194932 0.7308103125 0.9651502640625 0.76819260625 0.9625432359375001 0.7824260140625 0.926991171875 0.774344028125 0.8885734 0.745193315625 0.8434613078125001 0.7180978312499999 0.8389560828124999 0.7072411187500001 0.868217953125 0.690564234375 0.882714946875
11 0.530335071875 0.9341632499999999 0.5564973375 0.966013740625 0.59741305 0.9688748468749999 0.6151549453125 0.9531470640625 0.619621584375 0.9312699312499999 0.6175663578125 0.8906630671875 0.5890924109375 0.8638719796875 0.550125065625 0.8611471171874999 0.5316565390625 0.8872661921875 0.530335071875 0.9341632499999999
11 0.5510582859375 0.833801853125 0.5623602421875 0.8541711062499999 0.6078494531249999 0.875625703125 0.625748075 0.8716562453125001 0.6376698000000001 0.841163584375 0.626417709375 0.792082034375 0.6145707812500001 0.7795062500000001 0.5736550671875 0.7766451437499999 0.5507448359375 0.8102852031250001 0.5510582859375 0.833801853125
11 0.749453365625 0.8385381484375 0.763373325 0.7794694343749999 0.7393161515625 0.7595135125 0.715390771875 0.7656720640625 0.71775945 0.8297955796875 0.749453365625 0.8385381484375
11 0.79239656875 1 0.778792865625 0.9789476328125 0.7499306703124999 0.971708340625 0.7242136484375 0.9894889734375001 0.7210641109375 1 0.79239656875 1
11 0.5311357796875 1 0.5361053765625 0.977640425 0.5216083828125 0.9609635421875 0.49256453125000005 0.9563220734375 0.46861421875 0.976836771875 0.46131585781249995 0.9972106281249999 0.4927196484375 1 0.5311357796875 1
11 0.62068919375 1 0.6211069078125 0.9940264140625 0.606973228125 0.9721538859375001 0.5469371578125 0.9627347015625001 0.5322886109375 1 0.62068919375 1
11 0.567496515625 0.7527197640625001 0.522915590625 0.718276053125 0.491848575 0.7565667859375 0.4924754734375 0.8036000874999999 0.5119342140625001 0.8193186656250001 0.54347140625 0.8163029093749999 0.566744953125 0.77746720625 0.567496515625 0.7527197640625001
11 0.5283867046874999 0.9340270078125 0.5291632 0.89492341875 0.5487216703125 0.8532174046875 0.531054571875 0.82587674375 0.5115708999999999 0.8245143125000001 0.4998557640625 0.8380530015625001 0.4873392 0.9050514296875001 0.49986289375000004 0.9359482171875 0.5283867046874999 0.9340270078125
11 0.466972171875 0.9023219640625 0.4847140671875 0.8865941812499999 0.49507567343750003 0.8364134828124999 0.48894205468749996 0.7981319546875 0.4716133390625 0.7799517953125 0.43243940312499995 0.794180903125 0.4280796234375 0.8565286562500001 0.44590344687499994 0.8956276437499999 0.466972171875 0.9023219640625
11 0.40478114375 0.909720509375 0.40662978125000004 0.967281346875 0.42518023437499997 0.995989040625 0.45830247812499997 0.9983051749999999 0.4791076171875 0.952770546875 0.467128896875 0.9140802890625 0.43493987343749996 0.8844188921875 0.40478114375 0.909720509375
11 0.5028869453125 0.724707090625 0.48558316250000005 0.6921707828125 0.4501492359375 0.6949140546875 0.42882405625000003 0.7338860015625001 0.42487745625000006 0.7623258109375 0.43812777968749994 0.7828313078125 0.4811735171875 0.7832308343750001 0.5028869453125 0.724707090625
11 0.43523193281249994 0.6142498984375 0.45165236093749994 0.6454191734375 0.47503276874999995 0.647054090625 0.49347636250000004 0.6352911640625 0.5055797453124999 0.6022006796875 0.50565454375 0.559132234375 0.49081916718749996 0.53329485 0.45538524062499997 0.53603811875 0.44135842187499996 0.5546362109375 0.43523193281249994 0.6142498984375
11 0.41180879062500003 0.73922249375 0.4313173953125 0.7262287749999999 0.44290073906250005 0.6865756125 0.43320876875 0.6571821 0.4025798640625 0.647208740625 0.3786295515625 0.667723440625 0.37042290312500004 0.7010864125 0.382946596875 0.7319832 0.41180879062500003 0.73922249375
11 0.447937284375 0.6425488625 0.43663532812500006 0.622179609375 0.43263173281249995 0.5814365031250001 0.40143292500000005 0.5936127609375 0.399253034375 0.6247866375 0.410554990625 0.645155890625 0.43941718593749995 0.6523951828125 0.447937284375 0.6425488625
11 0.400977009375 0.754128215625 0.36704620781249997 0.7073766046875 0.33652416406249996 0.73787386875 0.33026588281249997 0.7713730796875 0.34297123281249997 0.7996720453124999 0.36793669218749997 0.806638853125 0.393653715625 0.78885821875 0.400977009375 0.754128215625
11 0.4113956109375 0.773130434375 0.3886670359375 0.8041726718750001 0.390020565625 0.8408146796875 0.4200795640625 0.8729376562500001 0.4303663734375 0.8658254031249999 0.43511439999999996 0.78392585625 0.4113956109375 0.773130434375
11 0.36160361406249997 0.8832065109375 0.342746840625 0.9288773812500001 0.350102196875 0.9776864453125 0.397614575 0.9562088390625 0.4069361015625 0.8929027812499999 0.38695732031249996 0.8706215234375 0.36160361406249997 0.8832065109375
11 0.3491547171875 0.8092412781249999 0.3428964359375 0.842740490625 0.3538350765625 0.868305390625 0.3791638515625 0.8700765515625 0.3926706296875 0.8449157796875 0.3879653375 0.8002078156250001 0.3491547171875 0.8092412781249999
11 0.3406417484375 0.9169828125 0.35503188125 0.8931890734374999 0.35542012968750003 0.8736372796874999 0.3234376953125 0.8270219125 0.30785075625 0.8259319671875 0.284940525 0.8595720265625 0.28878739375 0.8885568078125001 0.315131315625 0.917809475 0.3406417484375 0.9169828125
11 0.29787026875 0.75866565625 0.30686054218750003 0.7840943125 0.334137684375 0.786001715625 0.3285241046875 0.7542828671875 0.29787026875 0.75866565625
11 0.2698736265625 0.865044759375 0.29364228125 0.8471278828125 0.3050439671875 0.8100725421874999 0.29376694375 0.775347140625 0.26843816875000004 0.77357598125 0.24448785625 0.7940906812499999 0.23519126250000003 0.8430405890625 0.2484415859375 0.863546084375 0.2698736265625 0.865044759375
11 0.21630955625 0.9030676078125 0.23386979531250002 0.8899376468750001 0.242596484375 0.86313735625 0.23381280000000002 0.8207547296875 0.19874218906250002 0.8183023531250001 0.1781436390625 0.8468830078125 0.17614540625 0.8754590625 0.1948775171875 0.9015689328125 0.21630955625 0.9030676078125
11 0.296192615625 0.908653575 0.2812005140625 0.871057865625 0.24807827031250002 0.8687417312499999 0.2302865109375 0.9131818109375001 0.24439525624999997 0.9494104890624999 0.269360715625 0.956377296875 0.2934926859375 0.933264771875 0.296192615625 0.908653575
11 0.2568654984375 0.6030825656250001 0.278504128125 0.5876272671875 0.2842423703125 0.547565375 0.2626785375 0.5199522265625001 0.24903996562500003 0.518998525 0.2247263390625 0.544708871875 0.22059808125 0.5757465046875 0.237381825 0.601720134375 0.2568654984375 0.6030825656250001
11 0.2464041609375 0.7106878562500001 0.2401458796875 0.7441870703125 0.256929621875 0.7701606984375 0.286518446875 0.7670087 0.28919344375 0.75675365 0.2724097015625 0.730780021875 0.283109690625 0.689759825 0.27266615625 0.685113753125 0.259341034375 0.7076767015625001 0.2464041609375 0.7106878562500001
11 0.2789493703125 0.6372583921875 0.276406165625 0.6736279140625 0.2863047265625 0.6860674546875 0.322646940625 0.6703350703125001 0.32446351562500003 0.6443568390625 0.28871613906250004 0.623583459375 0.2789493703125 0.6372583921875
11 0.31320429375000003 0.497380075 0.29821219375 0.4597843640625 0.284391965625 0.4614284859375 0.2664684125 0.4797540921875 0.2602101296875 0.51325330625 0.27504550625 0.5390906906249999 0.2923991546875 0.5429147015625 0.31320429375000003 0.497380075
11 0.29699045625 0.44925682968749997 0.3225756859375 0.405361721875 0.3227822765625 0.38840775 0.3052968359375 0.35846926562500003 0.2820980859375 0.354236525 0.2599144828125 0.377485290625 0.2570079625 0.4190504609375 0.275558415625 0.4477581546875 0.29699045625 0.44925682968749997
11 0.45644312343750004 0.4369121140625 0.4375044234375 0.42775621406250003 0.40700731093750003 0.443897328125 0.39261717812499997 0.46769106718750003 0.392930628125 0.49120771718749995 0.43241801406249997 0.5004952578124999 0.43742962500000004 0.470824659375 0.45644312343750004 0.4369121140625
11 0.4066618 0.3368416109375 0.4222487375 0.33793155625 0.42972875625 0.314959878125 0.43011700468749997 0.2954080828125 0.412969946875 0.2746301 0.39153790625 0.2731314265625 0.37397766718750003 0.2862613875 0.37306938125 0.2992505015625 0.4066618 0.3368416109375
11 0.3976465921875 0.3257691015625 0.3796161796875 0.3036240875 0.353560775 0.3122442203125 0.33101385781250003 0.34068863125000004 0.32724891562499997 0.36653061875000004 0.344214315625 0.389906425 0.36546469843749996 0.3940029203125 0.3976465921875 0.3257691015625
11 0.2591451171875 0.5144840953125 0.261845046875 0.48987289843750004 0.2787285203125 0.4584219328125 0.258749740625 0.43614067500000003 0.236772728125 0.44243546875 0.22487593437500003 0.45857198125 0.2237361234375 0.5028712171875 0.2373497625 0.5181810671875 0.2591451171875 0.5144840953125
11 0.176882709375 0.654921190625 0.1949879203125 0.6339977625000001 0.19999953125 0.6043271609375 0.1809290390625 0.5690567859375 0.1474434796875 0.5719363000000001 0.13305334687499998 0.5957300390625 0.1266134078125 0.631827075 0.1418120984375 0.6524688140625 0.176882709375 0.654921190625
11 0.2330897125 0.523104228125 0.21895603437500002 0.501231696875 0.19147230312500002 0.516278265625 0.18272068125000002 0.5574347046875 0.1899442453125 0.5801292953125 0.2108313125 0.5894214375 0.22218313437499998 0.5810783953125 0.2330897125 0.523104228125
11 0.219070025 0.6395975359375 0.2487087140625 0.6077332390625 0.216858071875 0.58723234375 0.20763627499999998 0.5931138078125 0.20192296562499998 0.618819553125 0.219070025 0.6395975359375
11 0.16839467187499998 0.7483065765625 0.19019002812500002 0.74460960625 0.215750325 0.715070646875 0.20676005000000003 0.689641990625 0.2073798203125 0.6387800765625 0.18522115 0.6476726937499999 0.15379081875 0.691159071875 0.1516109296875 0.7223329484375001 0.16839467187499998 0.7483065765625
11 0.1417444296875 0.793432475 0.1647864546875 0.785906890625 0.1719280921875 0.7537747109375 0.1556643890625 0.7343637609375 0.12113875 0.724117915625 0.10498190624999999 0.7451775875 0.1037103046875 0.7633623484375 0.1112971828125 0.78086129375 0.1417444296875 0.793432475
11 0.1404977609375 0.7972610875 0.1308378515625 0.8514066421875001 0.1439065171875 0.8745099625 0.17313202656249999 0.8765536078125 0.1797536234375 0.8378587484375 0.165488153125 0.7898717468750001 0.1404977609375 0.7972610875
11 0.18203324375000002 0.749260278125 0.167643109375 0.77305401875 0.1705816921875 0.8150279156250001 0.1840136734375 0.8329355890624999 0.20105387187499998 0.8132429484375001 0.182140103125 0.7897309015625 0.18203324375000002 0.749260278125
11 0.1439100609375 0.5664681671875 0.12889302656249998 0.54322860625 0.128604509375 0.50535580625 0.1050175125 0.5206748609375 0.10265596562499998 0.5544465609375 0.1188947359375 0.5882136578125 0.1300399671875 0.5968245859375 0.1439100609375 0.5664681671875
11 0.169238834375 0.568239328125 0.1807723140625 0.5572984609375 0.18651055625 0.51723656875 0.1686618 0.49249373125 0.147229759375 0.49099505624999995 0.13125457499999998 0.50945690625 0.12889302656249998 0.54322860625 0.14196169375 0.566331925 0.169238834375 0.568239328125
11 0.11778698750000001 0.716051959375 0.11398998281249999 0.6583548796875001 0.08920618125 0.64879025 0.06525586875 0.66930495 0.061490926562500006 0.6951469390625 0.07895143437499999 0.739441571875 0.1040985515625 0.7438105546875 0.11778698750000001 0.716051959375
11 0.1119098234375 0.6321041640625 0.0926576734375 0.5994316140625 0.0829158375 0.5987503984375 0.0609138921875 0.619401340625 0.055200582812499996 0.645107084375 0.0728926125 0.6580915984375 0.10674148750000001 0.6500164374999999 0.1119098234375 0.6321041640625
11 0.0445682609375 0.545163621875 0.042933343750000005 0.568544028125 0.059898743750000004 0.5919198328124999 0.088942596875 0.596561303125 0.09860250468750001 0.5424157484375 0.058776737499999995 0.5239677046875 0.0445682609375 0.545163621875
11 0.09099069374999999 0.539272953125 0.1259544453125 0.5012547078125 0.1279277453125 0.4870348015625 0.11470235312499999 0.4521731578125 0.09734870625 0.44834914687499994 0.06560492343749999 0.468318875 0.0554499078125 0.5015456015625 0.0701036265625 0.529980809375 0.09099069374999999 0.539272953125
11 0.20336909687500002 0.5001417515625 0.2216559640625 0.4766205 0.22435589375 0.452009303125 0.20845550624999998 0.4274027078125 0.18525675625 0.4231699671875 0.16148810156249999 0.44108684374999996 0.1557747921875 0.4667925890625 0.1686618 0.49249373125 0.20336909687500002 0.5001417515625
11 0.22946723593749999 0.364914109375 0.23014400156249998 0.3832351140625 0.2549028703125 0.4071558921875 0.262226165625 0.37242588906249996 0.284591425 0.34657930000000003 0.24775410468749998 0.34139285625000004 0.22946723593749999 0.364914109375
11 0.24656442968749998 0.41440438906250004 0.22889733125 0.3870637265625 0.2097769734375 0.38050565000000003 0.18600831874999998 0.3984225265625 0.182425034375 0.42166669062500006 0.23074596875000003 0.44462456406250006 0.24617618125 0.43395618281250004 0.24656442968749998 0.41440438906250004
11 0.265652725 0.3374233984375 0.2831880296875 0.3386495875 0.298824834375 0.311027234375 0.3255819359375 0.306371959375 0.3259701828125 0.286820165625 0.3079397703125 0.2646751484375 0.28011765624999996 0.2705612140625 0.2593374484375 0.30173969375 0.25770253125 0.3251201015625 0.265652725 0.3374233984375
11 0.3199754859375 0.3725483265625 0.33937723124999997 0.3190839875 0.3069816171875 0.3063765609375 0.29155140468749996 0.3170449421875 0.283889728125 0.34261444375 0.3199754859375 0.3725483265625
11 0.2943012 0.263721446875 0.31555158125 0.26781794531249997 0.330048575 0.28449482812500004 0.3515055484375 0.271637353125 0.3540238203125 0.2496239796875 0.337941775 0.22761520625 0.311027946875 0.2205121578125 0.2936493671875 0.23104429531249998 0.2884810296875 0.2489565703125 0.2943012 0.263721446875
11 0.317418021875 0.2131274171875 0.3308998671875 0.20232279375 0.3401715296875 0.167729034375 0.3317012953125 0.14886305625000001 0.308684203125 0.14203249375 0.29076065 0.1603581 0.285047340625 0.1860638453125 0.29811600625 0.2091671625 0.317418021875 0.2131274171875
11 0.345471659375 0.1759312328125 0.3294466078125 0.223105378125 0.361998946875 0.2475711296875 0.3765707375 0.2211795671875 0.3771406421875 0.19902995 0.3630069640625 0.17715742031249998 0.345471659375 0.1759312328125
11 0.39579795624999997 0.2682082671875 0.4208631453125 0.2177504796875 0.39059755625000003 0.20258147499999998 0.37425905625 0.2262389703125 0.3759759 0.2576853328125 0.39579795624999997 0.2682082671875
11 0.3286202484375 0.29092126406249996 0.327530303125 0.306508203125 0.34522233281250003 0.319492715625 0.36987434375 0.302942871875 0.37291265625 0.2874921765625 0.3422837515625 0.2775188171875 0.3286202484375 0.29092126406249996
11 0.38796888125 0.49216602031249995 0.40116220937499997 0.4434885984375 0.3757016421875 0.41560296562500004 0.360089771875 0.4288691671875 0.368510140625 0.476447440625 0.38796888125 0.49216602031249995
11 0.9620497921875 0.7241833140625 0.9818219828125001 0.7634185437500001 0.9890882828124999 0.659505621875 0.964048025 0.6956072609375 0.9620497921875 0.7241833140625
11 0.1955934296875 0.38734541718750004 0.21473872031250002 0.3795473453125 0.2216987 0.3500129890625 0.20262820625 0.3147426140625 0.1850430359375 0.3422287234375 0.1637677203125 0.3524883734375 0.160316228125 0.40184701250000004 0.1799566265625 0.41496776874999997 0.1955934296875 0.38734541718750004
11 0.267700821875 0.2801350484375 0.241513625 0.26264070624999997 0.22164170468750002 0.2808300703125 0.209719978125 0.31132273125 0.2218803578125 0.347415165625 0.23746729531250002 0.34850511093750003 0.2571575578125 0.3329135703125 0.267700821875 0.2801350484375
11 0.29738937656250003 0.21955845625 0.27247378125 0.1838793515625 0.2545751609375 0.1878488109375 0.2426783671875 0.20398532343750003 0.24439521250000001 0.2354316859375 0.2645307171875 0.2694712703125 0.2875727421875 0.2619456859375 0.29738937656250003 0.21955845625
11 0.1651960484375 0.3460619390625 0.1886013875 0.3333407078125 0.1994581015625 0.3040788359375 0.18160934687500002 0.279335996875 0.15451386250000002 0.274830771875 0.1348235984375 0.29042231093750004 0.129291946875 0.3135302328125 0.14023058906250002 0.33909513125 0.1651960484375 0.3460619390625
11 0.173748209375 0.41975468437499996 0.16083626875 0.4084096921875 0.13922257031250002 0.4095088390625 0.117897390625 0.44848078906250005 0.1311477140625 0.468986284375 0.15416480625 0.47581684687500003 0.1593580765625 0.443548425 0.173748209375 0.41975468437499996
11 0.13578888125 0.34661611406250004 0.12371042968749998 0.36535045 0.12366056562500001 0.394062746875 0.13337746875 0.4091001109375 0.16119958437499998 0.4032140453125 0.16163769687500001 0.3549499546875 0.13578888125 0.34661611406250004
11 0.25356714375 0.2582625203125 0.2401600953125 0.22599869843749998 0.22457315625000002 0.22490875312499997 0.20451957968749998 0.24569593906249998 0.202521346875 0.27427199375 0.213823303125 0.29464124687500004 0.233356840625 0.2672913796875 0.25356714375 0.2582625203125
11 0.05276065 0.31601022031250003 0.0559058234375 0.341030146875 0.0825062 0.324616546875 0.06855417968750001 0.30014619374999996 0.05276065 0.31601022031250003
11 0.08648486250000001 0.379715803125 0.11765873906249999 0.38189569218749997 0.1235537046875 0.353592125 0.118616890625 0.3401942796875 0.08019451718750001 0.3296759484375 0.0626342796875 0.342805909375 0.0590509953125 0.36605007343749996 0.07406802812499999 0.3892896359375 0.08648486250000001 0.379715803125
11 0.12948073437500002 0.4088276234375 0.11747708125 0.384493515625 0.0923299640625 0.38012453281249997 0.07458806875 0.395852315625 0.0722265203125 0.42962401562499997 0.0833468203125 0.452591090625 0.1148840109375 0.44957533437499997 0.12948073437500002 0.4088276234375
11 0.077683375 0.4495845390625 0.0491844953125 0.43714959999999997 0.0316242578125 0.4502795609375 0.0243258953125 0.470653415625 0.034174592187500005 0.5118052515625 0.0566716453125 0.5120731375 0.056721509375 0.48336084062499995 0.077683375 0.4495845390625
11 0.0436599734375 0.5581527359375 0.057373342187499995 0.5160379921875 0.036122959375 0.5119414953125 0.0286678734375 0.5205570265625 0.0291380484375 0.5558320015625 0.0436599734375 0.5581527359375
11 0.11653673125 0.3139435625 0.11432477968750002 0.2615783734375 0.08935931875 0.2546115671875 0.0719807390625 0.2651437046875 0.0676708234375 0.298779159375 0.0825062 0.324616546875 0.109601684375 0.329121771875 0.11653673125 0.3139435625
11 0.128045278125 0.31735884531249997 0.1348235984375 0.29042231093750004 0.148487103125 0.2770198640625 0.17204916718750002 0.276056959375 0.1731391125 0.260470021875 0.156875409375 0.241059071875 0.12710492812500002 0.24680889375 0.1123514796875 0.2757982796875 0.1140683234375 0.3072446421875 0.128045278125 0.31735884531249997
11 0.16440529375 0.189375096875 0.1430801140625 0.22834704375 0.1752691375 0.258008440625 0.1990377921875 0.2400915640625 0.201737721875 0.2154803671875 0.1913191203125 0.196478146875 0.16440529375 0.189375096875
11 0.1944072984375 0.1523151546875 0.1748986921875 0.165308871875 0.171497065625 0.18595521406249998 0.20599777187499999 0.21055720625 0.2218162328125 0.18033703125 0.2133459984375 0.1614710546875 0.1944072984375 0.1523151546875
11 0.2148811859375 0.195515240625 0.20724444062499997 0.2067285921875 0.20950625937499998 0.23038148593750002 0.23821172812500002 0.22586245468750002 0.252990109375 0.1825169203125 0.2335064359375 0.181154490625 0.2148811859375 0.195515240625
11 0.09117589375 0.2286333359375 0.070652140625 0.21414554687499998 0.0431933421875 0.21483596562499999 0.0252697890625 0.23316157187500003 0.01991979375 0.253671671875 0.0464453734375 0.280326515625 0.0792541671875 0.25912599687500004 0.09117589375 0.2286333359375
11 0.09709579375 0.1859736203125 0.10057934843750001 0.22015405000000002 0.125519875 0.24147700468750002 0.14271679843750001 0.233542690625 0.1459617 0.20113802343749998 0.1263462359375 0.17366111875 0.09709579375 0.1859736203125
11 0.1425280109375 0.1382452984375 0.12777456250000002 0.167234684375 0.1521701171875 0.1963511078125 0.171497065625 0.18595521406249998 0.17474196718749999 0.1535505453125 0.1639600515625 0.139743971875 0.1425280109375 0.1382452984375
11 0.0931741265625 0.20005728281250001 0.0817154453125 0.1679297046875 0.062050115625 0.16916509531249999 0.0474783234375 0.1955566578125 0.051168468749999994 0.21278311562500002 0.0763155859375 0.2171520984375 0.08800578906249999 0.2179695578125 0.0931741265625 0.20005728281250001
11 0.127981153125 0.1502807109375 0.097170590625 0.14290517656249999 0.085273796875 0.1590416875 0.085587246875 0.18255833906250002 0.095667465625 0.1924000578125 0.10455087968750001 0.1773580921875 0.1263462359375 0.17366111875 0.127981153125 0.1502807109375
11 0.0525540609375 0.332964190625 0.046213851562500005 0.311636634375 0.024600153125 0.312735784375 0.010936650000000001 0.3261382296875 0.009301732812500001 0.3495186375 0.0227337140625 0.3674263109375 0.033747153125 0.349922765625 0.05182743125 0.343355484375 0.0525540609375 0.332964190625
11 0.068404584375 0.386283084375 0.055724165625 0.3436279703125 0.033747153125 0.349922765625 0.0237987265625 0.36619552031249997 0.023748860937499998 0.3949078171875 0.0428442859375 0.41582204375 0.0547161484375 0.414041678125 0.068404584375 0.386283084375
11 0.0316990546875 0.407211115625 0.0200587171875 0.377681359375 0.00712184375 0.38069251406250004 0.0042153234375 0.4222576828125 0.012347175 0.43196315625 0.03767595 0.4337343171875 0.044792653125 0.4159582859375 0.0316990546875 0.407211115625
11 0.027755998437500002 0.12760913125 0.021472784375 0.17546449375 0.051399990625 0.18147299687500001 0.0755319609375 0.158360471875 0.0757385515625 0.1414065015625 0.061423215625000006 0.1221317953125 0.027755998437500002 0.12760913125
11 0.050238835937500004 0.6460653875 0.077070734375 0.59834166875 0.045038435937499996 0.580438596875 0.027296540624999997 0.5961663796875001 0.023349940625000003 0.624606190625 0.050238835937500004 0.6460653875
11 0.0205716265625 0.2863488234375 0.013298196875000001 0.29236653125 0.011299965625 0.320942584375 0.042317117187499996 0.3113641484375 0.043043746875 0.30097285625 0.040418614062500004 0.282515609375 0.0205716265625 0.2863488234375
11 0.1998214171875 0.298883190625 0.20797820156250002 0.2942325171875 0.20451957968749998 0.24569593906249998 0.183607578125 0.25075994375 0.175062546875 0.2749624109375 0.1998214171875 0.298883190625
11 0.0863459390625 0.2557061140625 0.11627314687500001 0.2617146171875 0.1253382171875 0.24407482656249999 0.0968393390625 0.2316398890625 0.0863459390625 0.2557061140625
11 0.0488461140625 0.4279890984375 0.0723832453125 0.441382340625 0.07347319062499999 0.42579540156249995 0.0699896359375 0.39161497343749996 0.0488461140625 0.4279890984375
11 0.399146175 0.584316015625 0.36854220312499997 0.559986509375 0.36417529375 0.524439046875 0.3464333984375 0.5401668296875 0.3416283765625 0.5528834578125 0.356958859375 0.599639671875 0.38813273593750003 0.6018195609375 0.399146175 0.584316015625
11 0.340745021875 0.551516425 0.35656348125 0.5212962515624999 0.31850442343749996 0.5055822734375 0.29967258281250003 0.5368969953125 0.324118003125 0.5373011234375 0.340745021875 0.551516425
11 0.6108699640624999 0.972426371875 0.6232618640625 0.9772086859375 0.6357285625 0.93892255625 0.66056223125 0.9197748890625 0.660950478125 0.90022309375 0.648946825 0.875888984375 0.6175663578125 0.8906630671875 0.6199599671875 0.9404304328125 0.606816503125 0.9603955609374999 0.6108699640624999 0.972426371875
11 0.49929294375 0.24411903281249997 0.519189796875 0.21157352031249999 0.4825341328125 0.20378925468750003 0.466220565625 0.21309060156249998 0.4580388484375 0.2320974234375 0.49929294375 0.24411903281249997
11 0.5422888171875 0.273230853125 0.51945338125 0.2638024671875 0.5038415109375001 0.2770686703125 0.4929598640625 0.32068668906250003 0.5003650859375 0.34078345625 0.508860253125 0.345293284375 0.5144417703124999 0.2934730671875 0.5422888171875 0.273230853125