11 0.18377716718749998 0.7410639578125 0.22580264843750003 0.6848792109375 0.2315345265625 0.6606504281250001 0.20516171718749998 0.6323690546875 0.14828294375 0.638200065625 0.11912784375 0.661610890625 0.1076640890625 0.7100684546875 0.1388826578125 0.7394962078125 0.18377716718749998 0.7410639578125
11 0.09394477812499999 0.6832061078125 0.14963380625 0.6274985015625 0.15118916093749998 0.6109411328125 0.1252253296875 0.5709481453125 0.0742023625 0.576983646875 0.038577990625 0.6177574015625 0.0406414578125 0.6705959781249999 0.05867361875 0.6858830390625 0.09394477812499999 0.6832061078125
11 0.13007108750000002 0.572094521875 0.1666001546875 0.6173422453125 0.19581101875 0.620316625 0.22893815 0.5950901921875 0.2432275625 0.549662775 0.2337529359375 0.5131770765625 0.21397332812499997 0.4919660453125 0.1654476015625 0.48245422812500005 0.13817627187499998 0.50788515 0.13007108750000002 0.572094521875
11 0.19486295468749998 0.4795728 0.2061779859375 0.46335625 0.2088239484375 0.41556791875 0.1824511375 0.38728654218749997 0.13351643124999998 0.3894863359375 0.10953550625 0.43262100312499996 0.1177274328125 0.477856328125 0.14760753124999998 0.4896485015625 0.19486295468749998 0.4795728
11 0.17477972343749998 0.3831100203125 0.20205105156249997 0.357679096875 0.20610364374999998 0.32557440937500004 0.18383919375 0.291573553125 0.1372654015625 0.28212989843749997 0.09431043125 0.308967453125 0.0796244375 0.337769340625 0.1201937 0.37924952031250003 0.17477972343749998 0.3831100203125
11 0.18390735625000001 0.28962161875 0.2025405890625 0.31567840625 0.2200398421875 0.3182438109375 0.2390944484375 0.3042518453125 0.251568253125 0.25485239375 0.23899531562499998 0.2231442890625 0.19430529531250001 0.2157207328125 0.1671021328125 0.239199721875 0.1598149 0.279985871875 0.18390735625000001 0.28962161875
11 0 0.6143510828125 0.035752331250000005 0.6147272515625 0.079320771875 0.5703222828125 0.0810806140625 0.547909109375 0.058816164062499995 0.5139082515625 0.0008034124999999999 0.496247878125 0 0.514846378125 0 0.6143510828125
11 0.10944255 0.491247221875 0.113154328125 0.4689022109375 0.107447246875 0.436456709375 0.0682846125 0.41066017656250003 0.02143816875 0.4090242625 0.0022472343749999997 0.4269200984375 0.0002023421875 0.48547815468750005 0.02604224375 0.501037871875 0.0588843265625 0.51195631875 0.092271715625 0.507259284375 0.10944255 0.491247221875
11 0.12180482031249999 0.3890773578125 0.093820890625 0.350968140625 0.067039103125 0.3343983765625 0.0338562046875 0.333239603125 0.00483743125 0.3527465609375 0.0032015171875 0.3995930046875 0.015582362499999999 0.4088197734375 0.06444890625000001 0.40857191718749997 0.104894240625 0.4256188234375 0.12180482031249999 0.3890773578125
11 0.059435851562499996 0.3282699203125 0.0784346921875 0.287892746875 0.0581345765625 0.22562291406249999 0.010755221875 0.21126534062500002 0.0055190625 0.3332272078125 0.059435851562499996 0.3282699203125
11 0.10548913281250001 0.2966547703125 0.1521434859375 0.27580935 0.166364734375 0.23233386875 0.1461203828125 0.1964492375 0.1111900375 0.1893664984375 0.07833555625000001 0.2067851921875 0.0595412046875 0.2413065578125 0.0813966765625 0.287019025 0.10548913281250001 0.2966547703125
11 0.1283236390625 0.566170553125 0.13932265 0.5030393937500001 0.1140838171875 0.498249403125 0.081161175 0.51762003125 0.0881385609375 0.569653046875 0.1283236390625 0.566170553125
11 0.12145156718750001 0.7349788671875 0.10161619375 0.6873826281250001 0.060489228125 0.6898550765625 0.0412301328125 0.7097028453124999 0.0320591296875 0.748468896875 0.059373825000000005 0.777760321875 0.1067655734375 0.7637807546875 0.12145156718750001 0.7349788671875
11 0.1367014390625 0.801958134375 0.1122805640625 0.7737449187500001 0.0514979203125 0.7794396031249999 0.02508791875 0.8361696546875 0.0369110625 0.889349046875 0.0647710640625 0.9030249906250001 0.10421874687499999 0.8926766421875 0.1367014390625 0.801958134375
11 0 0.9821906874999999 0.034581121874999995 0.9840519875 0.06622106250000001 0.973430984375 0.0822021546875 0.9075423296875 0.0434361015625 0.8983713265625 0.022782771875 0.8741983109374999 0 0.885259690625 0 0.9821906874999999
11 0.250979496875 0.8313549124999999 0.22837423124999998 0.8071137328125 0.156084465625 0.8065436328125 0.12059641875 0.8434135171875001 0.1193013203125 0.8805002859375 0.1389446015625 0.9056151874999999 0.21082538906249998 0.9178968968750001 0.250979496875 0.8313549124999999
11 0.26262294375 0.833715825 0.2249784734375 0.8763733515625001 0.227041940625 0.9292119281250001 0.265931921875 0.9628162031249999 0.30308685468749996 0.962159365625 0.32698721875 0.9493137781250001 0.33602189375 0.9144515921874999 0.3149719828125 0.8736530468750001 0.327706040625 0.844782996875 0.3079945953125 0.8216200296875 0.26262294375 0.833715825
11 0.279260871875 0.804982103125 0.3022875140625 0.789174528125 0.30384286718750003 0.772617159375 0.2794467859375 0.6877296640624999 0.23064840625 0.6860255859375 0.20156146874999997 0.7074844765625 0.19602168749999999 0.7541945953125 0.23066698125 0.797422221875 0.279260871875 0.804982103125
11 0.323616296875 0.6540944171875 0.37074779062499996 0.6195854484375001 0.3791132328125 0.5759054781249999 0.36095714375 0.53618514375 0.3048281640625 0.5205448671874999 0.25177269999999996 0.5568012812500001 0.24239720937499998 0.6014231390625 0.2752268953125 0.6406787296875 0.323616296875 0.6540944171875
11 0.2930483890625 0.522087821875 0.3437305421875 0.5258119984375 0.34615961875 0.5122166171875 0.3180393625 0.4780112703125 0.294684303125 0.4752413765625 0.25328468593750003 0.48552156562500004 0.23738415468750002 0.5211211437500001 0.24887887968750003 0.5557230703125 0.2930483890625 0.522087821875
11 0.24931265156250002 0.48733717343749994 0.30054010937500003 0.47544586562499996 0.30478479531249997 0.4658225171875 0.28460860625 0.427985953125 0.2555340671875 0.421107703125 0.22254326249999998 0.4424302671875 0.20549635624999998 0.48287560156250003 0.23880318125 0.508467646875 0.24931265156250002 0.48733717343749994
11 0.2340070140625 0.39397270156249997 0.2770053546875 0.42185749687499996 0.2985448046875 0.420655353125 0.324000521875 0.3912523984375 0.32610118125 0.359079546875 0.3019529578125 0.323058596875 0.27496668125 0.3123446359375 0.24164745625 0.315089734375 0.2203682609375 0.3368212765625 0.2340070140625 0.39397270156249997
11 0.368362125 0.380098490625 0.38728040625000004 0.37001039375 0.407970928125 0.309171984375 0.395057175 0.28722355781250003 0.35057164375 0.2739441921875 0.3176489984375 0.293314821875 0.306798715625 0.3242049703125 0.3351792265625 0.3789397171875 0.368362125 0.380098490625
11 0.36540631874999996 0.5207059890625 0.421752184375 0.5021533140625001 0.4283020171875 0.454501309375 0.40759291875 0.4039430859375 0.3740816046875 0.384206846875 0.3329546390625 0.3866792953125 0.3054106578125 0.4199179578125 0.32651633593749996 0.4871017125 0.36540631874999996 0.5207059890625
11 0.42538962031249994 0.34202646406250004 0.453393778125 0.361885825 0.5183451140625001 0.3384324390625 0.5397606374999999 0.312797025 0.5394322171875 0.294219559375 0.525043671875 0.2585394203125 0.46278623437500005 0.25050239687500003 0.419763096875 0.2792918859375 0.41476862031249995 0.3103865234375 0.42538962031249994 0.34202646406250004
11 0.4897662921875 0.429287271875 0.5105001828125 0.4231712109375 0.5131461453124999 0.37538288125 0.505951871875 0.357542809375 0.46704949375 0.35227568125 0.41002199843750003 0.390347703125 0.43765271562499997 0.46655373593749994 0.45326819687500003 0.46709904062499996 0.4897662921875 0.429287271875
11 0.5491175109374999 0.46458322812499997 0.5743563421875 0.469373215625 0.6080845453125 0.45491650625 0.62128335 0.440720053125 0.627424203125 0.4047796609375 0.610755303125 0.3504538921875 0.548578425 0.3121277890625 0.5071664124999999 0.3507451203125 0.51844425 0.41953999375000006 0.5491175109374999 0.46458322812499997
11 0.4541419203125 0.470061025 0.45654620156250003 0.5131399265625001 0.47820958124999996 0.5363710546875 0.5210158296875 0.541774515625 0.5325353515625 0.5197021562499999 0.5666043671875001 0.495485771875 0.5682278843749999 0.47697646718750003 0.54332986875 0.4624268015625 0.5172297109375 0.42633768437499997 0.49966229375 0.42572421718750003 0.4541419203125 0.470061025
11 0.4049717515625 0.395057134375 0.44725749062500003 0.359401790625 0.41132949375 0.3249237921875 0.3960424296875 0.342955953125 0.3886870375 0.3856940390625 0.4049717515625 0.395057134375
11 0.36217168125 0.52938745 0.383673940625 0.6131967359375 0.4031932921875 0.613878365625 0.424267996875 0.5980026296875 0.438898225 0.5428155343750001 0.41252541562499995 0.5145341609375 0.36217168125 0.52938745
11 0.54629803125 0.601286853125 0.5168393078125 0.54944593125 0.470401840625 0.536098403125 0.43963562187500005 0.549681390625 0.42002331406250004 0.6076259796875 0.48165488593749994 0.6615675609375 0.5293192875 0.6397802515625 0.54629803125 0.601286853125
11 0.5259979125 0.5390170203125 0.5361417734375 0.5843205078125 0.5813647015625001 0.6044657250000001 0.64416744375 0.596887265625 0.65535854375 0.55623744375 0.6411744875000001 0.5147015015624999 0.6244744984375 0.4969045125 0.6025447609375 0.501626625 0.5476179234375 0.5075258 0.5259979125 0.5390170203125
11 0.6358330140625 0.4158220375 0.6632840359375 0.44120959062500004 0.6925630640625 0.4422320375 0.721513675 0.42467701875 0.7341238031249999 0.371373696875 0.726260296875 0.3447158375 0.691137859375 0.31515176093749997 0.640114890625 0.3211872609375 0.6221260984375 0.360622546875 0.6358330140625 0.4158220375
11 0.6627387312499999 0.456825071875 0.636434084375 0.4265917625 0.6140085140625 0.4531690609375 0.57320996875 0.47421897343749997 0.574480271875 0.4938064890625 0.6395633671875001 0.5048736609375 0.6585498140625 0.49283363125 0.6627387312499999 0.456825071875
11 0.7025891734374999 0.6028360312500001 0.75912713125 0.6067646953125 0.77463108125 0.554539584375 0.7668357390625 0.525929790625 0.7244508640625 0.4804775796875 0.68931603125 0.47925064375000004 0.654305125 0.5024569796875 0.6578433875 0.5690272671875001 0.7025891734374999 0.6028360312500001
11 0.7266011125 0.33495616250000004 0.742315728125 0.4166090234375 0.782376878125 0.38869325625 0.8157642656249999 0.38399622031249997 0.8161050812499999 0.374236546875 0.776409540625 0.3357183515625 0.7266011125 0.33495616250000004
11 0.744936896875 0.425494975 0.7509723968750001 0.47651794374999995 0.7952410421875 0.5239902515625 0.8521198156249999 0.518159240625 0.881355475 0.4644593375 0.873832784375 0.428041803125 0.8484700234375 0.3988185421875 0.8157642656249999 0.38399622031249997 0.7784048453125 0.39050886406249996 0.744936896875 0.425494975
11 1 0.32349884218749997 0.9673831703125 0.29548372500000003 0.9089614390625 0.28953496562500003 0.879942665625 0.30904191875000003 0.8684789140625 0.357499484375 0.903260534375 0.3968232375 0.9711692890625001 0.41092055624999996 0.9987132703125001 0.3776818921875 1 0.3680374484375 1 0.32349884218749997
11 0.9314427343749999 0.5971475640625 0.96261793125 0.571852965625 0.9735487781250001 0.5106737421875 0.945428521875 0.476468396875 0.8907743359375001 0.47455982968750005 0.8549454734375 0.5211893890625 0.8558067984375001 0.552488515625 0.8696624390625001 0.57544699375 0.9314427343749999 0.5971475640625
11 0.8091152578124999 0.6583453640625 0.8389829593749999 0.698474678125 0.9071519671875 0.7331013984375 0.9431171546874999 0.68256796875 0.9494624984375 0.64077176875 0.9234305046875001 0.60273071875 0.8792857890624999 0.5796916796875 0.838022496875 0.5860679953125 0.8064383203125001 0.6230742046875 0.8091152578124999 0.6583453640625
11 0.7652307953124999 0.655835725 0.7461080265625 0.6717796265625 0.74177038125 0.740029196875 0.7727844593750001 0.7753127531249999 0.8207896765625 0.7437657671875 0.85989654375 0.7431770953125 0.86427755625 0.7296498734375 0.8609189890625 0.713898065625 0.812870403125 0.690722703125 0.796461759375 0.656926334375 0.7652307953124999 0.655835725
11 0.777878115625 0.5175209796875 0.7640410531249999 0.605959134375 0.7744017984375 0.6170696734375001 0.8017970546875001 0.6160720234375 0.85829164375 0.5652783375 0.8420193250000001 0.5275781015625001 0.777878115625 0.5175209796875
11 0.59794064375 0.7174177109375 0.6541253890625 0.7594431937499999 0.6889875703125 0.7684778703124999 0.7337581515625 0.74561235 0.7460274640625 0.7020687031249999 0.7455627218750001 0.6873951093749999 0.705334271875 0.6361552546875 0.66266435 0.6268479265625 0.6137172468750001 0.6573848625000001 0.59794064375 0.7174177109375
11 0.6922098109375 0.7881335484374999 0.686831146875 0.7742655140625 0.6273436015625 0.7428734296874999 0.5921963703124999 0.7699836359375001 0.6038831859375 0.8270668984375 0.629382275 0.852386290625 0.6799404984375 0.83167719375 0.6922098109375 0.7881335484374999
11 0.6490008031250001 0.6263707843749999 0.6977991828125 0.6280748609375 0.74139859375 0.6667293828124999 0.76839726875 0.6491061984375001 0.772040884375 0.628713125 0.75905896875 0.608716628125 0.698685303125 0.6026997062499999 0.662348328125 0.57993331875 0.646993103125 0.5999174140625 0.6490008031250001 0.6263707843749999
11 0.5050099453125 0.6643374546875 0.47975871718749996 0.68788460625 0.5150608484375 0.7682671640625001 0.5675028421875 0.7495781640625 0.5779565468750001 0.7020624859375 0.5383291703124999 0.66159235625 0.5050099453125 0.6643374546875
11 0.5953194749999999 0.7085317609375 0.611164240625 0.6465469749999999 0.581228375 0.6083695953125 0.5539694453124999 0.605463378125 0.531804128125 0.6525700765625 0.5953194749999999 0.7085317609375
11 0.6191641140625 0.36149626874999996 0.642339478125 0.3134476828125 0.5996695562500001 0.3041403546875 0.5723982296875 0.329571278125 0.6042302640625 0.3414316140625 0.6191641140625 0.36149626874999996
11 0.69524 0.4775032 0.745785825 0.48513124375 0.7499623484375 0.4774598296875 0.7424396546875001 0.44104229375 0.716327103125 0.43329031875 0.6747911578125 0.4474743765625 0.6609788890625 0.47923824687499994 0.6693876999999999 0.490280625 0.69524 0.4775032
11 0.5862104578125 0.6056121 0.617224534375 0.6408956578125 0.64718519375 0.6223987515625 0.6461193781250001 0.596955428125 0.5862104578125 0.6056121
11 0.380953596875 0.8310079187499999 0.40847278124999997 0.8544435375000001 0.46144768281250004 0.8484762 0.48878717343750006 0.8210933421875 0.5077984125 0.7523790296875 0.483786515625 0.71245420625 0.45073994375000004 0.707391559375 0.41714806718749997 0.7179444015625001 0.381182878125 0.7684778296875 0.380953596875 0.8310079187499999
11 0.29550221875 0.7596228484374999 0.32106946875000003 0.7829903046875 0.3642165328125 0.7786340875 0.3917605125 0.745395421875 0.3980376921875 0.70555115625 0.390174184375 0.6788932984375 0.36649070781250004 0.6575459390625 0.31372029375 0.6576574734375 0.2856991734375 0.704559684375 0.29550221875 0.7596228484374999
11 0.3122516796875 0.7836595390625 0.312908515625 0.8208144703125001 0.332619959375 0.8439774359375001 0.3616944984375 0.8508556890625 0.383711090625 0.8359900015624999 0.374044371875 0.7770229671875 0.3122516796875 0.7836595390625
11 0.3954412765625 0.9477956109375001 0.454817290625 0.92641728125 0.47597255625 0.8802524671875 0.45727116093750003 0.8561476140625001 0.3793982421875 0.8475652859375 0.3444554984375 0.8688196874999999 0.3352844953125 0.9075857390625 0.36037460625 0.9446167421875 0.3954412765625 0.9477956109375001
11 0.5547749640624999 0.918181990625 0.5857456703125 0.898743196875 0.6044842578125 0.837836621875 0.587951684375 0.7796069859375 0.5366684625 0.765113084375 0.505697753125 0.784551878125 0.48386085625 0.8502360437500001 0.5103575953124999 0.9029506921875001 0.5547749640624999 0.918181990625
11 0.8506077890625001 0.8972436515625001 0.9054788625000001 0.8649592687500001 0.91634154375 0.8057319812499999 0.8866783312500001 0.7597468593750001 0.83835709375 0.744379234375 0.783622346875 0.772759746875 0.7700703328125 0.8250530203125 0.8004709421875 0.8779039937500001 0.8506077890625001 0.8972436515625001
11 0.7816226390625001 1 0.7957243203125001 0.957865175 0.787928975 0.9292553796874999 0.764381825 0.9040041515624999 0.7178080328124999 0.894560496875 0.6808451921875001 0.91769866875 0.6693814375 0.9661562343749999 0.7101102859374999 1 0.7816226390625001 1
11 0.8721000546875001 1 0.8894048140624999 0.9894741437500001 0.8972497453124999 0.9047353703125 0.8880353734374999 0.8887790734375001 0.8349923078125 0.8966983468749999 0.8041703234375 0.8838961234375 0.791039684375 0.8961406437500001 0.798209165625 0.970654996875 0.8240032796874999 1 0.8721000546875001 1
11 0.704348975 0.888227546875 0.780269959375 0.896741715625 0.796567071875 0.8777676671875 0.771476965625 0.8407366640625 0.7704235453125 0.7869562015625 0.7315211671874999 0.7816890703125 0.7005504593749999 0.8011278609374999 0.6925816 0.8614333640625 0.704348975 0.888227546875
11 0.6438889078125001 1 0.6565234531249999 0.9705930125 0.63977399375 0.946556321875 0.6027553875 0.943309290625 0.5697645812500001 0.964631853125 0.545660090625 1 0.6438889078125001 1
11 0.628372225 0.8533281765625 0.6929781796875 0.8780588953124999 0.6959525609375 0.848848028125 0.6870108421875 0.825083990625 0.628372225 0.8533281765625
11 0.5394390453125 1 0.5740092671875 0.955008503125 0.5759735984375001 0.926739525 0.5685066734374999 0.9167071953124999 0.5332355140625 0.9193841296875 0.495014765625 0.8945976453125001 0.48121489375 0.898024375 0.4572339703125 0.9411590421874999 0.47477659218749996 0.99844679375 0.50563555625 1 0.5394390453125 1
11 0.2249288859375 0.9897219187499999 0.3176117265625 0.9939356328125 0.3183615203125 0.9724643468749999 0.2351781 0.9480620468750001 0.2249288859375 0.9897219187499999
11 0.4012970828125 0.9480001015624999 0.360101953125 0.9524244828124999 0.3288585953125 0.979671015625 0.3293233375 0.9943446125 0.4699989984375 0.9953484828124999 0.45163841875 0.9614839546875 0.4012970828125 0.9480001015624999
11 0.20880529062500003 0.9197806703125 0.1389446015625 0.9056151874999999 0.12017504375000002 0.88346226875 0.1091326640625 0.89187108125 0.1101303171875 0.9192663375000001 0.1375131765625 0.9466058265624999 0.172579846875 0.9497846984375 0.20880529062500003 0.9197806703125
11 0.2239188359375 0.9906638062500001 0.22925413125 0.949809490625 0.206171725 0.939231859375 0.18442778437500001 0.94628980625 0.1663708296875 0.9876770265625 0.2239188359375 0.9906638062500001
11 0 0.792685528125 0.0312969375 0.798277328125 0.045778440625 0.775331246875 0.02601123125 0.725783071875 0 0.722635784375 0 0.792685528125
11 0 0.681503328125 0.031005710937499997 0.6946884343749999 0.047166496875000005 0.6796182578125001 0.03655789375 0.6196411734375 0 0.615679453125 0 0.681503328125