11 0.606237228125 0.7731346078125 0.6481124656249999 0.8071224203125 0.7317690125 0.8359868546874999 0.8044549875 0.8047962703125 0.8181122703125 0.7855003703125 0.816272334375 0.7503923015625 0.7830290828125 0.675858096875 0.7396122734375 0.649774296875 0.6433289234374999 0.62254950625 0.619306084375 0.6306538078124999 0.5726873218749999 0.6927490578125 0.606237228125 0.7731346078125
11 0.6489109328125 0.449168190625 0.6128704546875 0.489195196875 0.61111615 0.5303590484375 0.63430050625 0.5995530015625 0.6958846609375 0.6364195203125 0.7653852703124999 0.6190865125 0.7992584218750001 0.6310019312499999 0.820406696875 0.6240261828125 0.8610718953125 0.5602871406250001 0.860058003125 0.503621921875 0.8465153781250001 0.4691271640625 0.8025874749999999 0.4332911234375 0.7016794046875 0.4297783671875 0.6489109328125 0.449168190625
11 1 0.48690704843750005 0.9987525640625 0.46310455624999997 0.939830240625 0.4583693234375 0.8611907046875 0.48791611562500004 0.85480338125 0.589952740625 0.8798442609375 0.6199332890625 0.8733754578124999 0.627117621875 0.8848737109375 0.6226034171875 0.9135088296875 0.64652818125 0.9607284640625 0.6518767265625 1 0.6375671234375 1 0.48690704843750005
11 0.7736898625 0.665590615625 0.8226389203125001 0.74125751875 0.8659576578125 0.7468105015625001 0.929921871875 0.6984747578125 0.9464578671874999 0.6594699359375 0.8878463453125001 0.642005678125 0.8381693171875 0.60842674375 0.8015155265624999 0.636751059375 0.784991971875 0.620014775 0.702864559375 0.6389874296875 0.7736898625 0.665590615625
11 1 0.7788046734375 0.9861616296875001 0.7639805421875 0.9421190671874999 0.7819351578125 0.9651197171874999 0.7543263734375001 0.9695400031249999 0.726713440625 0.9162645843749999 0.7177706546875 0.883409475 0.7439400828125 0.8438852703125 0.754812584375 0.8343291687500001 0.7963853109375 0.844277553125 0.8369358515625 0.8722952156250001 0.867738296875 0.9223852656249999 0.8905386562500001 1 0.8942132562499999 1 0.7788046734375
11 0.4354487015625 0.6490904890625 0.40013205 0.665609896875 0.369840696875 0.7033797984375 0.3755732375 0.7754441671875 0.44731021562500006 0.8567621265625001 0.4910378265625 0.870116903125 0.5452415046875 0.8594529874999999 0.581895296875 0.8311286687500001 0.5904209125000001 0.807212196875 0.5941256671875 0.7659461249999999 0.5803786015625 0.727550471875 0.565294403125 0.7009597265624999 0.5255740531249999 0.6707705921875 0.481437565625 0.6496140234375 0.4354487015625 0.6490904890625
11 0.5022169828124999 0.9154924531249999 0.53772978125 0.9400346781250001 0.6470571046875 0.9362608796874999 0.6966443546875001 0.9121482640625 0.7213910171875 0.8805363640625 0.7220167703125 0.8364979484375 0.5987420921875 0.7793948265624999 0.5810733984375 0.8341054531250001 0.53004679375 0.8680725296875 0.48446680468750003 0.8753507875000001 0.5022169828124999 0.9154924531249999
11 0.9786208765625 0.9746248124999999 0.967028696875 0.9400278375 0.9305959343750001 0.897931575 0.8625429734375001 0.8682493890625 0.830309465625 0.8689607734375 0.7867821453125 0.8780872640625 0.752589896875 0.9160616015624999 0.7501200625 0.9435723156250001 0.7785465968749999 0.982176553125 0.9786208765625 0.9746248124999999
11 0.6085523890625 0.518758578125 0.621600509375 0.46917962031249993 0.6038420375 0.4661986921875 0.5651314359375 0.5112551468750001 0.5445881781249999 0.5670943234375 0.565004334375 0.6207869078125 0.5959007046875 0.6318804328125001 0.6409696015625 0.61484993125 0.6085523890625 0.518758578125
11 0.5055833578125 0.5505583281249999 0.540589209375 0.5467679453125001 0.5922415671875 0.4687624515625 0.5840350453125 0.4427891671875 0.477786721875 0.44933530624999996 0.46011387968750006 0.5226263 0.5055833578125 0.5505583281249999
11 0.625812209375 0.45624616093750003 0.7041450921875 0.4208480234375 0.7938657140625 0.4161459640625 0.80044503125 0.37375134062500004 0.7815704484375 0.31215474374999996 0.734252740625 0.2862753828125 0.6585982765625 0.279483334375 0.6375522218749999 0.2884095328125 0.63394139375 0.3687867890625 0.5888600562499999 0.44155839375 0.625812209375 0.45624616093750003
11 0.45156483593749996 0.191565328125 0.40002298906249995 0.23436052968749999 0.3770181890625 0.280549684375 0.37146520625 0.323868421875 0.43427184218750003 0.402720690625 0.48240729687500006 0.44420363749999997 0.5703819078125 0.443504696875 0.623158671875 0.3869541359375 0.638361675 0.34117385625 0.6361128640625 0.29826399375 0.5614032531250001 0.1975437703125 0.5272234453125 0.1797770078125 0.4869837078125 0.1769963671875 0.45156483593749996 0.191565328125
11 0.8054510515625 0.0214440203125 0.770347128125 0.0047035875 0.657940803125 0.0057050406249999994 0.6068119765625 0.03772166875 0.6480614625000001 0.1157478953125 0.6566727125 0.16810334375 0.6755597343749999 0.1739588359375 0.801746296875 0.062710090625 0.8054510515625 0.0214440203125
11 0.539028353125 0.1811141421875 0.6063574890625001 0.234303925 0.6551311375 0.1760073546875 0.6489814296875 0.13330192968750001 0.6154315203125 0.05291638125 0.575200078125 0.0129750078125 0.550563925 0.00937661875 0.4394781515625 0.0728946359375 0.435564815625 0.12884017812499998 0.4644002234375 0.17524621093749998 0.539028353125 0.1811141421875
11 0.8138578624999999 0.06989857187500001 0.7332637281250001 0.11812795000000001 0.694957853125 0.18956656875 0.69885045625 0.2265228671875 0.7184488640625 0.264611865625 0.769769684375 0.292237240625 0.7939969609374999 0.2880338328125 0.8177214375 0.23691745000000003 0.856832621875 0.23682352343750002 0.8871198265625001 0.217633990625 0.9166956484375 0.16621095156250001 0.912394171875 0.1214528578125 0.88519840625 0.08767363125 0.849992265625 0.06898275312499999 0.8138578624999999 0.06989857187500001
11 0.84574324375 0.249139528125 0.8216098921875 0.29245411718750003 0.793375353125 0.31349187968750003 0.8059814234375 0.40475407656250006 0.8381044187500001 0.43925297968750004 0.8781355718749999 0.456713090625 0.9673451015625 0.44225878906249994 0.9966059734374999 0.4221451421875 0.99323275625 0.357780346875 0.945833565625 0.2370486953125 0.9344416796875 0.22493298281250002 0.88640015 0.22256122031249997 0.84574324375 0.249139528125
11 0.68315294375 0.18822943281249999 0.6611869171875 0.179601596875 0.6095387062500001 0.2390267203125 0.6259558968750001 0.2723929234375 0.7122908609375 0.2590671765625 0.68315294375 0.18822943281249999
11 0.25766514375 0.1303402828125 0.276130853125 0.1841350859375 0.271702275 0.2489087546875 0.2951035078125 0.2662624984375 0.3288744421875 0.2762274734375 0.3753785453125 0.2679228796875 0.41009018125 0.2025400453125 0.42713312031250006 0.1918678359375 0.42828240781250004 0.10184055781250001 0.408782071875 0.084282378125 0.376650784375 0.0869442078125 0.2926751421875 0.10796953125 0.25766514375 0.1303402828125
11 0.098550278125 0.1357454296875 0.0553213203125 0.1878840015625 0.0556113859375 0.2680568203125 0.066794690625 0.29485200312500004 0.0900937046875 0.3102553 0.1415208921875 0.32125075000000003 0.19592900625 0.314487734375 0.23566179687500002 0.2889357625 0.2709867453125 0.2352556171875 0.2744870625 0.19008865 0.2441142234375 0.1330062625 0.21270676093750002 0.11216049531250001 0.168566128125 0.1095842953125 0.098550278125 0.1357454296875
11 0.25810988749999997 0.43737841718750003 0.2660056078125 0.4760807265625 0.29032680625 0.51098850625 0.3567359734375 0.54662425625 0.44255570000000005 0.5421266359375 0.471722646875 0.48290180312500003 0.47347695156249997 0.44173795 0.3939381796875 0.3608288671875 0.3514413375 0.352299103125 0.3137653609375 0.3611189359375 0.269923090625 0.4015548171875 0.25810988749999997 0.43737841718750003
11 0.2697186546875 0.3976539203125 0.34189768125 0.3381307265625 0.3551460890625 0.3110330328125 0.33308199374999997 0.2818743796875 0.2646160125 0.26297076875 0.2265228671875 0.30114954374999997 0.183711075 0.32392917187500003 0.2414799671875 0.43727205312499995 0.25513310625 0.43655652187499994 0.2697186546875 0.3976539203125
11 0 0.4767230984375 0.0696111984375 0.5538486078125 0.1268897296875 0.564537403125 0.196394484375 0.5286240249999999 0.22145195 0.48428310156250004 0.22238850625 0.4275156625 0.19591656562499998 0.3702288375 0.1557873421875 0.3322379125 0.0817766703125 0.3194923015625 0.03126530625 0.34463125156249996 0.008571309374999999 0.37809138125 0 0.4032674078125 0 0.4767230984375
11 0.3270579359375 0.5960968484375 0.3654328546875 0.6752516265625 0.38124087812499996 0.6783347734375 0.4439701734375 0.643754384375 0.5012487046875 0.6544431796875 0.5213706453125 0.6465433171875 0.5235421203125 0.5760205218750001 0.5057877953125 0.554459225 0.45672407968749995 0.532582978125 0.43495834375 0.54643640625 0.34051492968749997 0.554319684375 0.3270579359375 0.5960968484375
11 0.35506315625 0.6826403984375 0.3382412375 0.6228920312499999 0.30662933593749997 0.5981453703125 0.268237828125 0.5933120640625 0.3080686921875 0.5882909078125 0.3259418234375 0.5374811796875 0.2811920234375 0.504621921875 0.254924521875 0.45123599218750005 0.2391164984375 0.4481528453125 0.18283527187499998 0.568450740625 0.16732975781249998 0.589799309375 0.15275250468749998 0.591541171875 0.159626034375 0.6107389984375 0.186621509375 0.6220369609375 0.2299443921875 0.609009575 0.1862001921875 0.669976271875 0.17130384375000002 0.7216078953125 0.190280646875 0.785154940625 0.22764167343750003 0.8076445 0.2781488921875 0.8010859171875 0.3119281203125 0.7738901515625 0.3349287734375 0.74628136875 0.35506315625 0.6826403984375
11 0.12081321249999999 0.6538450046875 0.0881791265625 0.6095938609375 0.062209985937500004 0.599220009375 0.02032645625 0.6023929375 0.0048250890625 0.6051611343750001 0.0159669234375 0.81776 0.0677049125 0.8160264296875 0.12345431093749999 0.778878134375 0.1326098265625 0.6923428781250001 0.12081321249999999 0.6538450046875
11 0 0.513092959375 0.0044162140625 0.5973593421875 0.06744801875 0.5872106671874999 0.082953534375 0.5658621 0 0.48751571406250005 0 0.513092959375
11 0 0.381734459375 0.067612440625 0.310455590625 0.05848180468750001 0.2855086359375 0.027789871875 0.2783160078125 0 0.2500681765625 0 0.381734459375
11 0.2891790328125 1 0.3217328171875 0.998293928125 0.346475334375 0.9852623953125 0.38066758125 0.94728805625 0.3962794625 0.9093095703125 0.3902319734375 0.8685545937500001 0.3709402234375 0.836316940625 0.32701231875 0.8004809015625 0.2964226046875 0.7952387203125 0.216245640625 0.8141091578124999 0.1790724625 0.8698419671875 0.188297025 0.93390010625 0.2289373421875 0.9816432718750001 0.273123540625 1 0.2891790328125 1
11 0.4829020234375 1 0.49778425937500004 0.9988464875 0.5243750046875 0.9837622906249999 0.5389605515625 0.9448596890625 0.49616119999999997 0.9118982125 0.47738468906250003 0.8708324328125 0.4167205015625 0.8515199453125 0.39638997656249997 0.8740992828125 0.3982299125 0.9092073515625 0.3742968484375 0.9750032078125 0.4124177265625 1 0.4829020234375 1
11 0.35957736093750003 0.6941386515625 0.3192146734375 0.78230940625 0.37771568125 0.83498395 0.4152852921875 0.8427940390625001 0.41980364843749995 0.835711921875 0.3713656828125 0.7697972609375 0.3694318234375 0.69557800625 0.35957736093750003 0.6941386515625
11 0.1811292765625 0.8531098296874999 0.20351661718749997 0.813798353125 0.170273365625 0.73926415 0.1681267734375 0.698304734375 0.154371415625 0.6970698171875 0.139381140625 0.70959025625 0.12201495468750001 0.78873259375 0.14273776875 0.8482765234375 0.16182923124999998 0.8580329125 0.1811292765625 0.8531098296874999
11 0.2493447109375 1 0.18839924375 0.9358505546875 0.178868025 0.8659410703124999 0.1651126671875 0.864706153125 0.1464259359375 0.8813319265624999 0.1345105140625 0.9152050781250001 0.1436328578125 0.9773127687500001 0.171921278125 1 0.2493447109375 1
11 0.57334894375 0.9479469828125 0.5475717984374999 0.9972151374999999 0.749494309375 0.9876107296875001 0.7258969328125 0.929195353125 0.6921259984375 0.9192303796875001 0.6355588515624999 0.940775090625 0.57334894375 0.9479469828125