11 0.958745565625 0.6980109484375 0.992746040625 0.663827678125 0.9862488 0.633260565625 0.9396599218749999 0.6082200546875 0.88561375625 0.61072250625 0.84799543125 0.6466731546875 0.8515393359375001 0.675871259375 0.89303369375 0.7019946421875 0.93367905 0.705335759375 0.958745565625 0.6980109484375
11 0.8423469421875 0.707776546875 0.8149179078125 0.672673209375 0.7430409250000001 0.67896571875 0.722145978125 0.6933908703125 0.6946058984375 0.739179875 0.716792771875 0.7684088124999999 0.756773615625 0.7748863140625 0.8150652968750001 0.748518721875 0.8423469421875 0.707776546875
11 0.7758968625 0.6769738703125 0.814105753125 0.6688523203125001 0.8512072046875 0.6429953328125 0.8728774593749999 0.6134296906250001 0.86933355625 0.5842315859375 0.8345580265624999 0.56466710625 0.8152505421875 0.567772659375 0.75496531875 0.6035494078125 0.7375774296875 0.6282112859375 0.74702800625 0.6601474078125 0.7758968625 0.6769738703125
11 0.7694367203125 0.5964798984375 0.8144383859375001 0.5639517703125 0.81772410625 0.5293084671875 0.77837093125 0.5007332015625 0.7386853703125 0.5081702484374999 0.7148739359375 0.5401877703125 0.6647777500000001 0.5737987718750001 0.6709797078124999 0.5904513359375 0.6939418890625 0.604539784375 0.7694367203125 0.5964798984375
11 0.590020621875 0.75442150625 0.611801671875 0.712851759375 0.6048983531250001 0.680374203125 0.5889134359375 0.6677978296875 0.5490802343750001 0.6682776015624999 0.5157074265625 0.680363109375 0.49352030156250004 0.7200224093750001 0.5045951875 0.759600309375 0.546200340625 0.7737195890625 0.590020621875 0.75442150625
11 0.6459495343749999 0.7545140015625 0.6931292296875 0.738495371875 0.7134704578125 0.7152025 0.7209277453125 0.6876595375 0.7085238328125001 0.654354409375 0.67832595 0.6438007156250001 0.6429227546875 0.646334 0.6074456109375 0.679832765625 0.607814590625 0.7316700703125 0.6224704796875 0.7505192140625 0.6459495343749999 0.7545140015625
11 0.71018549375 0.5431810890625 0.733590853125 0.5092531218749999 0.7258014328125 0.5039201578125 0.65222619375 0.5335363703125 0.5788356968749999 0.520182996875 0.5178859609375001 0.5590961296875 0.5415495031249999 0.5890095703125 0.589430559375 0.5888159328125 0.6603477437499999 0.5717452609375 0.71018549375 0.5431810890625
11 0.6361304828125001 0.5329641015625 0.7283486921875 0.5033787203125 0.747988559375 0.46426085625 0.7427095515625 0.4394250765625 0.701473628125 0.4082548640625 0.6767763437500001 0.398528740625 0.650233159375 0.4051690484375 0.5821953625 0.45457421093750006 0.5681668875 0.48251554218750003 0.5839302156249999 0.5191001234375 0.6361304828125001 0.5329641015625
11 0.3381748296875 0.63423495 0.4001212109375 0.625061359375 0.4583760453125 0.5797323890625 0.462769203125 0.562824521875 0.41012601093749995 0.528088721875 0.3660472953125 0.552433634375 0.3172432890625 0.5608104875000001 0.309749153125 0.5693920718750001 0.310228925 0.609225271875 0.3381748296875 0.63423495
11 0.4274399546875 0.5343923234375 0.46638705312499995 0.5610571453125 0.5164092921875 0.558411625 0.5619646781250001 0.5347512171875 0.5780235421875 0.5163621078125 0.565730421875 0.471052875 0.557128846875 0.461899021875 0.5312501765625 0.46540294375 0.47650265 0.452080403125 0.4398072734375 0.4798478359375 0.4233791796875 0.515287878125 0.4274399546875 0.5343923234375
11 0.48761463593750004 0.4417314421875 0.533797434375 0.4648615078125 0.5749596625 0.458108965625 0.60859090625 0.44097662812499994 0.6507500296875001 0.3950753890625 0.64598789375 0.3601459515625 0.6321441578125 0.345117696875 0.5964456796875 0.3337364328125 0.5584952249999999 0.336811153125 0.5016802125 0.36386324999999997 0.4735864125 0.40078453593749996 0.48761463593750004 0.4417314421875
11 0.27434620781249996 0.5030371171875 0.27818539531250003 0.5461497703125 0.3219317296875 0.55781716875 0.363500034375 0.5529750703125 0.39244283750000003 0.538836053125 0.42230858906249996 0.51651381875 0.43633706562499996 0.48857248750000004 0.4327931609375 0.4593743828125 0.4096833390625 0.4383286609375 0.384986053125 0.4286025390625 0.352942271875 0.434415275 0.29265705 0.470192021875 0.27434620781249996 0.5030371171875
11 0.39262783125 0.426978228125 0.4052164859375 0.41731377031249994 0.4127845703125 0.3777667046875 0.3793380671875 0.3519294546875 0.3519827265625 0.3547488734375 0.25179035625 0.42197087499999997 0.251162690625 0.44406863906250005 0.284203115625 0.46799544375 0.341276565625 0.4358965171875 0.39262783125 0.426978228125
11 0.4512150484375 0.345636946875 0.4885378359375 0.3646599890625 0.539187740625 0.33991670625000003 0.5926801875 0.3285465359375 0.6143504421875 0.29898089375 0.6153841859375 0.278793575 0.5995100640625 0.2542130984375 0.565952765625 0.240379953125 0.5288144671875 0.2472755625 0.4566051015625 0.2895803828125 0.443499575 0.3093385 0.4512150484375 0.345636946875
11 0.5442444046875 0.5954254078125001 0.4995011734375 0.62290670625 0.5000917406250001 0.650735803125 0.5268194140625 0.670014146875 0.57562341875 0.6616372953125 0.5967028562500001 0.67313079375 0.6094391515625001 0.6704236109374999 0.6356870531250001 0.6498687546874999 0.608885434375 0.6615558921875 0.6318847140625 0.6257174796875 0.6384927484375 0.6442804875 0.64129844375 0.638692221875 0.6247229609375 0.5982867515625 0.602572934375 0.58801919375 0.5442444046875 0.5954254078125001
11 0.45586512968750004 0.7370116796875 0.49352030156250004 0.7200224093750001 0.511388215625 0.66630549375 0.4846605421875 0.6470271484375 0.45435186562499996 0.6484775593750001 0.4213851359375 0.6624735109375 0.3801489609375 0.700191534375 0.378709140625 0.718468409375 0.40879622812500005 0.74102620625 0.45586512968750004 0.7370116796875
11 0.4073569109375 0.6215266046875 0.35977113906249997 0.635634790625 0.3096012578125 0.6313230359374999 0.289518465625 0.6495690765625 0.2799199953125 0.6795639203125 0.3139570640625 0.7332302671875001 0.401708421875 0.682629996875 0.4247077015625 0.6467915843750001 0.4073569109375 0.6215266046875
11 0.46653469531249997 0.56801441875 0.415663203125 0.616765909375 0.43423222656249993 0.6477622234375 0.48008289531250004 0.6380163624999999 0.5008302 0.6166339359374999 0.507364540625 0.5972741874999999 0.498320040625 0.5672485125 0.46653469531249997 0.56801441875
11 0.2945763890625 0.5606365875 0.240345734375 0.5372203875 0.20066017656250001 0.5446574328125 0.1592763609375 0.5754181843749999 0.1745228171875 0.6220964234374999 0.21897051250000002 0.649588815625 0.28132297031250003 0.6423256687500001 0.3064634328125 0.604035375 0.2945763890625 0.5606365875
11 0.132659228125 0.6130239734375 0.11881549218750001 0.5979957203125 0.08607035156250001 0.5879834625 0.054432646875000004 0.59570664375 0.038484578125 0.6020916484375001 0.0168143234375 0.631657290625 0.034681734375 0.71571685 0.05897294374999999 0.723532528125 0.12062403906250001 0.7004443874999999 0.143623321875 0.6646059765625 0.132659228125 0.6130239734375
11 0.1655522640625 0.561105265625 0.23011985 0.52042475625 0.21823280781249998 0.47702596875000003 0.19098826093750002 0.46784128281250004 0.169539596875 0.47339871718750004 0.07872410937499999 0.5346340828125 0.0826740890625 0.5657426328125 0.1034950890625 0.5822829609375 0.15311125 0.5777269984375 0.1655522640625 0.561105265625
11 0.24994319687500002 0.782778496875 0.28785680468749997 0.760742396875 0.30565077343749997 0.7379909625 0.3037311796875 0.7164346359375 0.2798092015625 0.691568025 0.2639719265625 0.6859489265625001 0.22978696250000002 0.69421354375 0.170166253125 0.72685390625 0.15536246874999998 0.769935728125 0.180761115625 0.7954868421875 0.24994319687500002 0.782778496875
11 0.163447425 0.7202950015625 0.15296310468750002 0.7085462 0.12210070937499999 0.7011288921875 0.08954005625 0.7170352875 0.0363060453125 0.723358628125 0.0574960234375 0.7917362625 0.12320789375 0.7877525671875001 0.1635211203125 0.7582177578125 0.163447425 0.7202950015625
11 0.1896577234375 0.8874434828125001 0.2482446890625 0.8749904374999999 0.2806576984375 0.85212676875 0.3001867734375 0.8250130078125 0.3026603359375 0.7865488140625 0.288558165625 0.776567390625 0.2586555671875 0.7799282453124999 0.1976689828125 0.79988 0.1649975359375 0.8277905000000001 0.162523971875 0.8662546921875001 0.1896577234375 0.8874434828125001
11 0.44312857968749997 0.8086071015625 0.3701441609375 0.797164171875 0.3151750453125 0.8078498390625001 0.30088813281250004 0.840838 0.3166514609375 0.8774225812499999 0.3852427234375 0.9057733765625 0.44648774218750004 0.8807747921875 0.46734584218749997 0.8473882609375 0.44312857968749997 0.8086071015625
11 0.40624896875000005 0.7415676421875 0.3774909078125 0.7127370749999999 0.3592540140625 0.7146166875 0.30206977031250004 0.7587197171875 0.30144210312499997 0.78081748125 0.3182391765625 0.7972147421875 0.4620299859375 0.803591103125 0.44796491562499996 0.74368281875 0.40624896875000005 0.7415676421875
11 0.473289615625 0.800199415625 0.5085820171875 0.8096702359375 0.5906111890625 0.7822506015624999 0.5919033671875 0.7570164546875 0.56403115625 0.7699295312500001 0.5271512921875 0.7717783125000001 0.5045951875 0.759600309375 0.4959567671875 0.7314850765625 0.48495557343750006 0.729829934375 0.466866321875 0.738666821875 0.454979028125 0.764156271875 0.473289615625 0.800199415625
11 0.6738954406250001 0.7795236796875 0.6661060203125 0.7741907171875 0.599729634375 0.7813107968749999 0.5824893859375 0.81292995 0.59478250625 0.8582391812499999 0.6194797921874999 0.8679653046875 0.6572826046875 0.857933309375 0.68150011875 0.8278262312500001 0.6738954406250001 0.7795236796875
11 0.5208380375 0.9049063281249999 0.5926413234375 0.8606910640625 0.5773948671875 0.8140128234375 0.555244840625 0.8037452640625 0.5308428375 0.8079336906249999 0.4773872375 0.8382652390625 0.452246775 0.8765555328125 0.453760290625 0.896201415625 0.47672247187499994 0.9102898625 0.5208380375 0.9049063281249999
11 0.6558069453125001 0.581695853125 0.6386774890625 0.601310903125 0.6473159125 0.629426134375 0.7015465671875 0.652842334375 0.72916034375 0.6449760859375 0.7407523546875 0.6055720874999999 0.68844129375 0.6037122125 0.6558069453125001 0.581695853125
11 0.345843453125 1 0.36220634218750003 0.9915386484375001 0.37365071250000004 0.9451773749999999 0.365123084375 0.9050580406250001 0.3333008921875 0.88686256875 0.305945553125 0.8896819875 0.3025490375 0.9363293953125 0.2678840515625 0.97364905 0.2761163953125 0.9998538375000001 0.276294715625 1 0.345843453125 1
11 0.4570089109375 0.911484971875 0.449588721875 0.8891010734375 0.43858752812499996 0.88744593125 0.4013384359375 0.9063456453125 0.36888857656249996 0.9102479375 0.3709187125 0.9886883984375 0.40148582499999996 0.9821911578125 0.43629845312500004 0.9518287765625001 0.4570089109375 0.911484971875
11 0.1891774453125 0.9853867578125 0.223916128125 0.9859898593749999 0.2613128640625 0.97404741875 0.30040785625 0.9387812765625 0.3016631875 0.8945857500000001 0.271982178125 0.873938396875 0.24248565625000001 0.8792096968750001 0.19342321406250002 0.8926333796874999 0.17012865 0.91455724375 0.155324865625 0.9576390640625 0.1891774453125 0.9853867578125
11 0.272723703125 1 0.26278953125000004 0.9747319234375 0.1976313796875 0.9875833374999999 0.14554190625000002 0.9617152546875 0.13420833125 0.996072425 0.13504316249999998 1 0.272723703125 1
11 0.150599578125 0.941671003125 0.1580937140625 0.9330894187500001 0.1679137734375 0.8790863671875 0.155399065625 0.85778534375 0.142256690625 0.8585820828124999 0.11519663437500001 0.87531605 0.072963815625 0.8832945328124999 0.08056849375 0.9315970828125 0.10220164843749999 0.9519583015625 0.150599578125 0.941671003125
11 0.1572449640625 0.8414189140625 0.1736730578125 0.805978871875 0.1704244375 0.7906953156250001 0.15362736562499998 0.774298053125 0.143438328125 0.7764637999999999 0.10323589687500001 0.79399450625 0.052549145312500004 0.7997764093749999 0.0698628375 0.8749682515625 0.11988507500000001 0.87232273125 0.1572449640625 0.8414189140625
11 0.1637058609375 0.715248171875 0.2664823390625 0.6664461109375 0.256256453125 0.6496504796875 0.2020626453125 0.6451956578125 0.14749960625 0.65779176875 0.1383072140625 0.6896970578125 0.1637058609375 0.715248171875
11 0.13662865156249998 1 0.138010921875 0.9513354609375 0.0989898765625 0.9556361234375 0.10508103906249999 0.9842927906250001 0.096797615625 1 0.13662865156249998 1
11 0.6551431875 0.37816752343750004 0.6701683078125 0.3799657328125 0.7036519109375 0.355876121875 0.7107031218750001 0.326422715625 0.680173109375 0.2829930953125 0.6643358328125 0.27737399687500003 0.640339909375 0.28347286718750003 0.619038884375 0.2959875765625 0.6055641265625 0.33279662656250003 0.6380508328125 0.3478557125 0.6551431875 0.37816752343750004
11 0.749280990625 0.37013846875 0.723254678125 0.36668511718749996 0.6814279375 0.3765740453125 0.6613451453125 0.39482008749999997 0.7195997281250001 0.4183793546875 0.748099353125 0.4522567515625 0.788301784375 0.43472604531250003 0.7882649374999999 0.4157646671875 0.749280990625 0.37013846875
11 0.4853260640625 0.3683378109375 0.4690827125 0.36080826718750003 0.4476340453125 0.36636570156250003 0.41736221562500003 0.386777490625 0.4013401984375 0.424127978125 0.4267388453125 0.4496790921875 0.4771303140625 0.429982640625 0.473180334375 0.398874090625 0.4853260640625 0.3683378109375
11 0.7363965484375 0.5036648546875 0.7847944765625 0.49337755781250003 0.8020715734375001 0.48071978125000003 0.8158416125000001 0.4578252796875 0.7915135578125 0.4310482234375 0.748911509375 0.45607764062499995 0.7363965484375 0.5036648546875
11 0.6035322265625 0.7365738328125 0.5923094453125 0.7589268984374999 0.6249437921875 0.7809432593750001 0.6559169828125 0.7763564640625 0.697448440625 0.7525529875 0.6884407875 0.7414886890625 0.634948340625 0.7528588593750001 0.6035322265625 0.7365738328125