11 0.1441459359375 0.5561128640625 0.1033357765625 0.6192023484375 0.11402518125000001 0.642684284375 0.1582654375 0.6524365640625 0.1858089859375 0.64014191875 0.20020675937500002 0.6100321906249999 0.194940775 0.5693794734375001 0.159334421875 0.5505796359375 0.1441459359375 0.5561128640625
11 0.17809941875 0.6610338609374999 0.166060996875 0.708995275 0.195526425 0.7419622453125 0.2269979609375 0.7407944734374999 0.26893928125 0.698390103125 0.273268140625 0.67132063125 0.25404185468749996 0.6333677125 0.20666432499999998 0.637065059375 0.17809941875 0.6610338609374999
11 0.21140684062499998 0.6276770484374999 0.25544026875000003 0.6285885953125 0.304714096875 0.55839724375 0.29081421406249996 0.5267920828125 0.25613219531250003 0.51983663125 0.2266429546875 0.531961046875 0.20149535937500002 0.5728938015625 0.21140684062499998 0.6276770484374999
11 0.27521206875000004 0.514643853125 0.25836894843749997 0.4494512390625 0.22051305000000002 0.4451589828125 0.188847478125 0.49336383125000005 0.206808971875 0.5233637515625 0.2238095296875 0.5307328625000001 0.27521206875000004 0.514643853125
11 0.35746565625 0.4708648828125 0.3035573546875 0.4259565109375 0.2732169828125 0.44780939374999995 0.26922857968749997 0.47098748125 0.3135786421875 0.5130990265625 0.3505102015625 0.5055469 0.35746565625 0.4708648828125
11 0.3125921234375 0.3787126046875 0.31273853749999997 0.4218582984375 0.35674815 0.46786123125 0.401669309375 0.46983073906249995 0.43108534374999996 0.43613347343750003 0.432203721875 0.40094077656250005 0.388534559375 0.351046459375 0.35528755625 0.3500983078125 0.3125921234375 0.3787126046875
11 0.39256133437499996 0.4955017984375 0.40209575624999994 0.5433900078125 0.43688758281249995 0.5827047328125 0.4941638046875 0.5779128234375001 0.5182534375000001 0.5378678031249999 0.514556090625 0.490490271875 0.4740974140625 0.448719175 0.42282849687499996 0.45207606875 0.39256133437499996 0.4955017984375
11 0.4177966859375 0.6888667046875 0.468554925 0.6913468875000001 0.505413278125 0.6622219140625 0.467678215625 0.5893197328124999 0.409647884375 0.58032156875 0.370333159375 0.61511339375 0.37529529375 0.670443921875 0.4177966859375 0.6888667046875
11 0.330266090625 0.7929621515624999 0.36460765624999997 0.8038089906250001 0.393172559375 0.7798401890625 0.3776180421875 0.6775091859375 0.34140399062500004 0.6880649640625001 0.3153686625 0.7279397609375 0.3151746234375 0.7749768390625 0.330266090625 0.7929621515624999
11 0.3753685015625 0.6920167687500001 0.3693373828125 0.7385431687499999 0.4069992390625 0.7898725015625 0.42789118125 0.797582065625 0.47710459531250005 0.7616956781249999 0.49573420625000003 0.728035015625 0.482004546875 0.6944841640625 0.3930133578125 0.6808166890625 0.3753685015625 0.6920167687500001
11 0.4805805578125 0.5875076640625 0.48174832656250005 0.6189792015625 0.5172210578125 0.6505111546875 0.5425150640624999 0.6527240937500001 0.58800731875 0.614551559375 0.6071476078125 0.5750538187500001 0.5963849984375 0.5299990343750001 0.5320069109375 0.52632726875 0.4805805578125 0.5875076640625
11 0.5309123484375 0.516428578125 0.591228825 0.5217055859374999 0.616656453125 0.511186409375 0.6054069796875 0.4268773203125 0.5691197203125 0.41586025312499997 0.51153965 0.4353299703125 0.5008630359375 0.46772584375 0.5309123484375 0.516428578125
11 0.615342271875 0.43656918125 0.613202540625 0.4834360328125 0.6462189 0.5206348390625 0.6734585984375 0.523018003125 0.715399921875 0.48061363124999995 0.7258331015625 0.4285906046875 0.6970485796875 0.387840865625 0.6593995125000001 0.3923893421875 0.615342271875 0.43656918125
11 0.54763110625 0.3365371109375 0.54921253125 0.385690109375 0.582909796875 0.4151061453125 0.6260554890625001 0.4149597296875 0.6782359546875 0.3675694109375 0.6734440453125 0.310293190625 0.6418626984375 0.279101690625 0.5925394749999999 0.28262881093750003 0.54763110625 0.3365371109375
11 0.696805146875 0.3682137125 0.7406317453125 0.360284528125 0.7668372984375 0.318464040625 0.7666908859375 0.2753183484375 0.734014978125 0.2342281578125 0.6868076734375 0.23597981093749998 0.6510438796875 0.275003475 0.696805146875 0.3682137125
11 0.75990389375 0.15120766875 0.7380399875 0.22183649375 0.7717372499999999 0.2512525296875 0.8242709546875 0.2558486328125 0.8614697609374999 0.222832271875 0.8738486359375001 0.1709794703125 0.86189444375 0.1395445375 0.8181648656249999 0.12395518125 0.75990389375 0.15120766875
11 0.6235351703124999 0.1412375375 0.6244356953125 0.19817330625000001 0.6579627328125001 0.22953503125000002 0.6973872671875 0.2271024765625 0.74093383125 0.188759715625 0.7539936093749999 0.1291241453125 0.72452818125 0.0961571765625 0.6653062671875001 0.100778859375 0.6235351703124999 0.1412375375
11 0.6190233 0.11437489375000001 0.6342483890625 0.11962808750000001 0.7163683546875 0.088581234375 0.72984179375 0.0466271234375 0.723554453125 0.0176485609375 0.611592003125 0.008833409375 0.5967567593750001 0.0663530625 0.6190233 0.11437489375000001
11 0.7573743140625 0.135301675 0.8236248890625 0.11757082187500001 0.8227975734375 0.0822079 0.7896109874999999 0.0469547875 0.756534209375 0.04406094375 0.730766128125 0.058471506250000006 0.72220543125 0.08909191250000001 0.7573743140625 0.135301675
11 0.802343103125 0.047088409375 0.82665235625 0.0717619265625 0.8860444953125001 0.06519455468749999 0.9073373046875 0.034707770312500004 0.7994364703125 0.024287378125000002 0.802343103125 0.047088409375
11 0.8255705843750001 0.1177410484375 0.8372813421874999 0.1295488265625 0.8786881734374999 0.1380729203125 0.894921828125 0.0757741484375 0.8320153578125 0.0888961078125 0.8255705843750001 0.1177410484375
11 0.7659367765625 0.2615282734375 0.76677688125 0.3527690046875 0.7814546906250001 0.353072853125 0.8132904906249999 0.3029223125 0.8219848109375001 0.2595697890625 0.7659367765625 0.2615282734375
11 0.69895766875 0.37722466875 0.724227859375 0.42452899374999997 0.7397934015625001 0.4258908015625 0.7744260296875 0.3661820234375 0.768552346875 0.354884921875 0.69895766875 0.37722466875
11 0.71036634375 0.5605572609375 0.729676859375 0.519113828125 0.721103375 0.49385642343749997 0.6608728968750001 0.5660300734375 0.6579424484375 0.5883204265625 0.6855226 0.5868122062500001 0.71036634375 0.5605572609375
11 0.6015045703124999 0.5275060625 0.6211445125 0.583140440625 0.6361627750000001 0.579552903125 0.6720601890625 0.527797121875 0.62389194375 0.5069179687500001 0.6015045703124999 0.5275060625
11 0.5589154171875 0.2747856203125 0.5800141890625 0.291335915625 0.6438083921875 0.2792719171875 0.6716191859375 0.2415130390625 0.6203374796875 0.1889921234375 0.6005401 0.1911812484375 0.561906278125 0.2181903046875 0.5589154171875 0.2747856203125
11 0.5642784203125 0.29191979843750004 0.5257782234375 0.306196740625 0.507112009375 0.32907097812499997 0.5028563578125 0.377713296875 0.5241985609375 0.41389074531250003 0.5685724375000001 0.4109109078125 0.5642784203125 0.29191979843750004
11 0.5249160703125 0.4168943984375 0.5017983984375001 0.37860103125 0.47244278125 0.37799333125 0.4375301203125 0.40728853281250005 0.43323786562500005 0.445144428125 0.494648903125 0.4603201265625 0.5249160703125 0.4168943984375
11 0.46758869062499997 0.19817507031249998 0.47050811093749995 0.2768539125 0.5001437656250001 0.3078751875 0.51553908125 0.3111826875 0.5580642874999999 0.284514084375 0.5634383140625 0.20067906875000002 0.522639184375 0.1627993578125 0.49717495156249997 0.1625321140625 0.46758869062499997 0.19817507031249998
11 0.54391920625 0.0764347671875 0.5220425125 0.0911857828125 0.5250955546875 0.15713250781250002 0.5727897234375 0.1946351640625 0.6007103265625 0.1892355578125 0.61640949375 0.1778652484375 0.6231215140625 0.1235560765625 0.5865542203125 0.08212543125 0.54391920625 0.0764347671875
11 0.545244409375 0.0500828015625 0.5541583484375 0.0714488171875 0.5939599375 0.0759113 0.599030115625 0.00675409375 0.5624390078125 0.0104148359375 0.545244409375 0.0500828015625
11 0.43843813750000005 0.049561100000000004 0.4095327796875 0.0774212859375 0.39360297499999997 0.1250422484375 0.4027237375 0.1552489953125 0.43143505624999995 0.174425890625 0.48075827968749996 0.1708987703125 0.51212000625 0.13737173125 0.5163756578124999 0.0887294109375 0.4968089203125 0.0546678828125 0.43843813750000005 0.049561100000000004
11 0.44156596875 0 0.44249974999999997 0.0479558578125 0.5175306375 0.064323140625 0.5590583 0.0042373062500000004 0.5148378921875 0 0.44156596875 0
11 0.368431565625 0.21106638906250003 0.3662186265625 0.23636039375 0.4028591265625 0.299363884375 0.45133122031250006 0.3055652265625 0.46914630312499994 0.29241945468749997 0.4625057234375 0.21145446875 0.4381964703125 0.18678094843749998 0.40122830781249996 0.18354665312500001 0.368431565625 0.21106638906250003
11 0.49168009062499995 0.314977053125 0.433649759375 0.3059788859375 0.4073710015625 0.32622652812499997 0.40997378281249997 0.36370536875 0.42971074531250003 0.39582120625 0.497529959375 0.371365540625 0.49168009062499995 0.314977053125
11 0.3544015875 0.505887353125 0.3689823765625 0.5297097421875 0.40032028750000004 0.5412740890625 0.397607696875 0.471435978125 0.3590708953125 0.47492649374999996 0.3544015875 0.505887353125
11 0.41722382812500003 0.572161740625 0.4026430375 0.5483393546875 0.35570297968750003 0.5246267718750001 0.31911187343749997 0.528287515625 0.3105877796875 0.5696943453125 0.3676699609375 0.6119395140624999 0.41722382812500003 0.572161740625
11 0.2595988984375 0.603464815625 0.261350553125 0.6506721203125 0.2965560359375 0.7076683046875 0.3160129640625 0.709370565625 0.361675446875 0.6692523390625 0.3559591984375 0.6001317359375 0.314479165625 0.570034796875 0.2742035015625 0.58219581875 0.2595988984375 0.603464815625
11 0.23406322343750002 0.7384717265625 0.23031825 0.7812769687500001 0.253606146875 0.8176246453125 0.3038537078125 0.8259419046875 0.3267517609375 0.7995167359375001 0.31376342031250004 0.7238781484375 0.3001069703125 0.7119001453125 0.2589069703125 0.7122167796875 0.23406322343750002 0.7384717265625
11 0.40727927187499996 0.8202860781249999 0.414307934375 0.8071769078125 0.39938669375 0.787245903125 0.3340238546875 0.8060347171875 0.333659584375 0.8550174890625 0.34765649062500004 0.8631041093749999 0.40727927187499996 0.8202860781249999
11 0.2492534765625 0.8897855015625 0.28799710625 0.8951357140624999 0.31871453125000004 0.8801778718750001 0.332638228125 0.8666916453125 0.32529293125000003 0.8386008171875 0.236435365625 0.8122012218749999 0.22299852968749997 0.8649417578125 0.2492534765625 0.8897855015625
11 0.4835731859375 0.6877593515625 0.49767989999999995 0.7282052421875 0.526962309375 0.7072400937500001 0.534391840625 0.6559345750000001 0.5149349125 0.6542323140625 0.4835731859375 0.6877593515625
11 0.28676892187499997 0.8979691421875 0.230477453125 0.8803004703124999 0.2373120734375 0.9142283765625001 0.2783418484375 0.9158574328125001 0.28676892187499997 0.8979691421875
11 0.040128989062499995 0.9606961265624999 0.11884443281249998 0.968563128125 0.136416084375 0.9357901999999999 0.1290707875 0.9076993703125 0.10974748125 0.8932649937500001 0.058478565625 0.8966218874999999 0.03312414375 0.9287139109375 0.040128989062499995 0.9606961265624999
11 0.140184871875 0.8478935734374999 0.09532412968750001 0.8116191046875001 0.0657982859375 0.8129570968750001 0.036041796875 0.8505457484375001 0.05332239062500001 0.8883284375 0.11981639687500001 0.8902247390625 0.140184871875 0.8478935734374999
11 0.1853970921875 0.7793074609375 0.1499243609375 0.7477755078125 0.1221739828125 0.7512294234375 0.0862399671875 0.7921987796875001 0.13202504531249998 0.8403176312499999 0.15271015937500002 0.839186465625 0.1853970921875 0.7793074609375
11 0.17886808437499999 0.88754875 0.22375264062500003 0.8787318328125 0.2295403265625 0.812578278125 0.191611225 0.7867131781250001 0.172020675 0.7977430328125 0.152880384375 0.8372407718750001 0.159544778125 0.873114371875 0.17886808437499999 0.88754875
11 0.228773428125 0.74291039375 0.187269578125 0.757904840625 0.20598518437500002 0.801694834375 0.2378337765625 0.8074221046875 0.228773428125 0.74291039375
11 0.14261566406249998 0.730471103125 0.1722513171875 0.761492378125 0.1895923265625 0.7649701062500001 0.2079180890625 0.7459872515625 0.16052776875000002 0.6938067890624999 0.14261566406249998 0.730471103125
11 0.14979250156249999 0.9173546281249999 0.172836965625 0.93407515 0.23785935625 0.9191777234374999 0.2223542296875 0.8835109515624999 0.153026796875 0.8803864656249999 0.14979250156249999 0.9173546281249999
11 0.1684441609375 0.6817555765625001 0.1703166484375 0.66035295625 0.09719485156249999 0.6333694796875 0.07843161875 0.67976225625 0.0928421796875 0.7055303359375 0.141654725 0.7078402968749999 0.1684441609375 0.6817555765625001
11 0 0.7446892390625 0.00905655625 0.7668205421875001 0.044322459375 0.789511765625 0.077229009375 0.794351303125 0.0948738671875 0.78315121875 0.1113875625 0.751266025 0.097487675 0.719660865625 0.047410342187499996 0.7093979078125 0 0.731127834375 0 0.7446892390625
11 0 0.8728582671874999 0.035190667187500003 0.8602742125 0.0629648578125 0.8117289124999999 0.05760185625000001 0.7945947328125 0.020049809374999998 0.7756246703125 0 0.7847517078124999 0 0.8728582671874999
11 0 0.9540194515625 0.004048559375 0.958519790625 0.0371253375 0.9614136328124999 0.0556451375 0.8953937015625 0.0337922578125 0.8650533296875 0 0.86853679375 0 0.9540194515625
11 0.3077270125 0.2998635375 0.28501197500000003 0.380220825 0.30051709843749996 0.41588759687500004 0.3099051109375 0.42063011250000004 0.402871915625 0.35524169375 0.40542530625 0.3260563015625 0.3811160546875 0.3013827828125 0.331208946875 0.289174134375 0.3077270125 0.2998635375
11 0.300894153125 0.422782634375 0.2875287609375 0.3402490109375 0.2391426625 0.411498321875 0.2358351625 0.4268936375 0.2498320671875 0.4349802578125 0.2769015390625 0.43930911406249995 0.300894153125 0.422782634375
11 0.3655011203125 0.23335674218750002 0.3534260921875 0.270531734375 0.3793405875 0.2992668625 0.405522325 0.3025377625 0.3655011203125 0.23335674218750002
11 0.4376491890625 0.18183160468749998 0.38712159375 0.14310076249999998 0.331780040625 0.24903209375 0.352124703125 0.25179231406249997 0.4376491890625 0.18183160468749998
11 0.1182314734375 0 0.127480534375 0.07431135312500001 0.143386528125 0.0717817765625 0.164110478125 0 0.1182314734375 0
11 0.18315227812499998 0 0.16488617187500001 0.0501357234375 0.147764778125 0.1113765359375 0.187128896875 0.143248940625 0.24566990625 0.14641002812499998 0.280582565625 0.1171148296875 0.28138430468750003 0.0407221328125 0.2573610515625 0 0.18315227812499998 0
11 0.124793521875 0.1162288625 0.0761878046875 0.12275963281249999 0.0980406875 0.1531000046875 0.114834415625 0.1516283859375 0.124793521875 0.1162288625
11 0.1028692 0.221162646875 0.098370115625 0.2501778125 0.1120265671875 0.26215581875 0.1965424875 0.2597470734375 0.218686428125 0.219531828125 0.21464863125 0.1760456828125 0.15008752812499998 0.11844180156249999 0.12947562031249998 0.1411458109375 0.1028692 0.221162646875
11 0.043414878125 0.1051879796875 0.0326284546875 0.105224584375 0.0115204234375 0.3464904875 0.0339443984375 0.3366888171875 0.1028930109375 0.1760712609375 0.0744123390625 0.1206437140625 0.043414878125 0.1051879796875
11 0.08408225625 0 0.08196270312500001 0.00072826875 0.05381145625 0.042378531250000004 0.0943433421875 0.1057224734375 0.13093444999999998 0.1020617296875 0.11964882031249999 0 0.08408225625 0