11 0.2089843734375 0.2802734375 0.203125 0.3212890625 0.2373046875 0.3613281265625 0.2998046875 0.36328125 0.3457031265625 0.3291015625 0.3457031265625 0.2900390625 0.3115234375 0.2558593734375 0.2431640625 0.2558593734375 0.2089843734375 0.2802734375
11 0.3808593734375 0.2431640625 0.4130859375 0.2753906265625 0.4462890625 0.2753906265625 0.48046875 0.2470703125 0.4667968734375 0.2060546875 0.4287109375 0.1660156265625 0.3847656265625 0.2021484375 0.3808593734375 0.2431640625
11 0.33203125 0.1572265625 0.3525390625 0.17578125 0.3916015625 0.1796875 0.42578125 0.1572265625 0.45703125 0.0732421875 0.3662109375 0.06640625 0.3222656265625 0.0947265625 0.33203125 0.1572265625
11 0.4355468734375 0.3037109375 0.4296875 0.3193359375 0.4433593734375 0.3447265625 0.4912109375 0.3671875 0.5498046875 0.36328125 0.578125 0.3232421875 0.5654296875 0.2832031265625 0.4892578125 0.2558593734375 0.4355468734375 0.3037109375
11 0.5917968734375 0.3037109375 0.59375 0.3525390625 0.6337890625 0.37890625 0.7021484375 0.3730468734375 0.7265625 0.3291015625 0.7207031265625 0.2939453125 0.6884765625 0.26953125 0.6181640625 0.2714843734375 0.5917968734375 0.3037109375
11 0.5097656265625 0.2001953125 0.5097656265625 0.2490234375 0.5595703125 0.2792968734375 0.6005859375 0.26953125 0.6269531265625 0.2275390625 0.6191406265625 0.1806640625 0.5869140625 0.15625 0.5380859375 0.1621093734375 0.5097656265625 0.2001953125
11 0.4355468734375 0.1044921875 0.43359375 0.1669921875 0.4716796875 0.2011718734375 0.5009765625 0.1953125 0.55859375 0.1357421875 0.5527343734375 0.0927734375 0.5126953125 0.05859375 0.4736328125 0.06640625 0.4355468734375 0.1044921875
11 0.3193359375 0 0.32421875 0.0263671875 0.3564453125 0.06445312656249999 0.4130859375 0.06445312656249999 0.4296875 0.0498046875 0.4228515625 0 0.3193359375 0
11 0.5078125 0.0029296875 0.4287109375 0 0.4697265625 0.0234375 0.5078125 0.0029296875
11 0.4833984375 0.05859375 0.5634765625 0.10742187343750001 0.5878906265625 0.0810546875 0.5839843734375 0.0361328125 0.5537109375 0.0019531265625 0.5146484375 0 0.484375 0.0322265625 0.4833984375 0.05859375
11 0.5703125 0.1083984375 0.5703125 0.1474609375 0.6240234375 0.1875 0.6548275984374999 0.1856836953125 0.6621093734375 0.1669921875 0.671875 0.1044921875 0.6552734375 0.0859375 0.6025390625 0.07421875 0.5703125 0.1083984375
11 0.69140625 0.2216796875 0.6669921875 0.1777343734375 0.6308593734375 0.2060546875 0.62890625 0.2275390625 0.6630859375 0.2519531265625 0.69140625 0.2216796875
11 0.6621093734375 0.2490234375 0.6279296875 0.23046875 0.5859375 0.2939453125 0.5908203125 0.3066406265625 0.6630859375 0.2675781265625 0.6621093734375 0.2490234375
11 0.6738281265625 0.2666015625 0.7314453125 0.3183593734375 0.77734375 0.2744140625 0.76953125 0.2236328125 0.7548828125 0.2128906265625 0.7001953125 0.21875 0.6738281265625 0.2490234375 0.6738281265625 0.2666015625
11 0.7441406265625 0.3056640625 0.7480468734375 0.3583984375 0.7900390625 0.3808593734375 0.8408203125 0.3769531265625 0.87109375 0.3291015625 0.8486328125 0.29296875 0.8193359375 0.28125 0.7783203125 0.28125 0.7441406265625 0.3056640625
11 0.9169921875 0.37890625 1 0.3818359375 0.9990234375 0.2832031265625 0.9326171875 0.2832031265625 0.8964843734375 0.3212890625 0.8984375 0.3603515625 0.9169921875 0.37890625
11 0.8740234375 0.3203125 0.8935546875 0.3183593734375 0.92578125 0.2822265625 0.9160156265625 0.2490234375 0.8847656265625 0.2412109375 0.84375 0.2841796875 0.8740234375 0.3203125
11 0.7753906265625 0.1904296875 0.77734375 0.2568359375 0.8271484375 0.28125 0.8730468734375 0.2587890625 0.8964843734375 0.2060546875 0.88671875 0.1552734375 0.8603515625 0.1386718734375 0.7978515625 0.1542968734375 0.7753906265625 0.1904296875
11 0.671875 0.1181640625 0.6699218734375 0.1748046875 0.6865234375 0.2050781265625 0.7412109375 0.2109375 0.7734375 0.1904296875 0.7753906265625 0.1494140625 0.7236328125 0.09179687343750001 0.6962890625 0.09179687343750001 0.671875 0.1181640625
11 0.6708984375 0.09179687343750001 0.7158203125 0.08203125 0.7480468734375 0.0244140625 0.7470703125 0 0.60546875 0.0068359375 0.6113281265625 0.0517578125 0.6708984375 0.09179687343750001
11 0.73046875 0.0537109375 0.7265625 0.0927734375 0.7529296875 0.1308593734375 0.7958984375 0.1464843734375 0.8769531265625 0.1318359375 0.8691406265625 0.0498046875 0.8388671875 0.015625 0.7666015625 0.015625 0.73046875 0.0537109375
11 0.9169921875 0.23828125 0.9472656265625 0.2021484375 0.94921875 0.1708984375 0.9189453125 0.1386718734375 0.8779296875 0.13671875 0.890625 0.2333984375 0.9169921875 0.23828125
11 1 0.1943359375 0.9541015625 0.1972656265625 0.92578125 0.2392578125 0.9326171875 0.2753906265625 0.9990234375 0.28125 1 0.1943359375
11 0.88671875 0.1279296875 0.9365234375 0.1464843734375 0.9755859375 0.1269531265625 0.99609375 0.0947265625 0.9921875 0.0673828125 0.9443359375 0.041015626562500004 0.8828125 0.0810546875 0.88671875 0.1279296875
11 0.9765625 0.1337890625 0.9765625 0.1630859375 0.9990234375 0.1816406265625 0.9990234375 0.09375 0.9765625 0.1337890625
11 0.9384765625 0 0.9560546875 0.04296875 1 0.0517578125 0.9990234375 0 0.9384765625 0
11 0.7490234375 0 0.7529296875 0.021484373437500003 0.8652343734375 0.0205078125 0.8642578125 0 0.7490234375 0