11 0.1497395828125 0.412109375 0.1692708328125 0.4130859375 0.1744791671875 0.3837890625 0.20833333281250002 0.3623046875 0.203125 0.3349609375 0.1809895828125 0.322265625 0.13671875 0.328125 0.1223958328125 0.3603515625 0.1328125 0.3994140625 0.1497395828125 0.412109375
11 0.20442708281250002 0.44140625 0.22135416718749998 0.4404296875 0.26953125 0.435546875 0.2890625 0.4228515625 0.2994791671875 0.3916015625 0.2721354171875 0.3671875 0.20963541718749998 0.36328125 0.171875 0.3876953125 0.1744791671875 0.4189453125 0.20442708281250002 0.44140625
11 0.3658854171875 0.458984375 0.3854166671875 0.4404296875 0.3450520828125 0.396484375 0.30859375 0.400390625 0.2994791671875 0.4091796875 0.2942708328125 0.4560546875 0.3203125 0.4638671875 0.3658854171875 0.458984375
11 0.3802083328125 0.4658203125 0.4049479171875 0.4921875 0.4453125 0.4951171875 0.48046875 0.484375 0.5052083328125 0.4619140625 0.5026041671875 0.4384765625 0.48046875 0.41796875 0.4518229171875 0.416015625 0.41796875 0.42578125 0.3802083328125 0.4521484375 0.3802083328125 0.4658203125
11 0.3098958328125 0.5341796875 0.3763020828125 0.533203125 0.3854166671875 0.5263671875 0.3984375 0.4951171875 0.3736979171875 0.462890625 0.33203125 0.458984375 0.2994791671875 0.4794921875 0.2864583328125 0.5166015625 0.3098958328125 0.5341796875
11 0.20572916718749998 0.5205078125 0.2643229171875 0.509765625 0.2890625 0.4951171875 0.296875 0.4677734375 0.27734375 0.44140625 0.21484375 0.443359375 0.1848958328125 0.4619140625 0.1692708328125 0.5048828125 0.20572916718749998 0.5205078125
11 0.08463541718749999 0.490234375 0.1380208328125 0.4931640625 0.1614583328125 0.4873046875 0.1770833328125 0.4619140625 0.1354166671875 0.4033203125 0.1002604171875 0.390625 0.0481770828125 0.40625 0.03125 0.4248046875 0.0390625 0.4619140625 0.08463541718749999 0.490234375
11 0.1848958328125 0.5947265625 0.2265625 0.6005859375 0.28125 0.5791015625 0.28125 0.5595703125 0.2994791671875 0.5361328125 0.27734375 0.515625 0.23828125 0.513671875 0.20182291718749998 0.5234375 0.1640625 0.5537109375 0.1848958328125 0.5947265625
11 0.09765625 0.646484375 0.1354166671875 0.6552734375 0.1770833328125 0.6279296875 0.1822916671875 0.5947265625 0.16015625 0.57421875 0.1236979171875 0.5703125 0.06119791718749999 0.59765625 0.0390625 0.6298828125 0.05598958281250001 0.650390625 0.09765625 0.646484375
11 0 0.6181640625 0.0234375 0.6181640625 0.09114583281250001 0.5791015625 0.08854166718749999 0.5556640625 0.0377604171875 0.533203125 0 0.5380859375 0 0.6181640625
11 0.0026041671875 0.6787109375 0.0494791671875 0.6533203125 0.03515625 0.62890625 0 0.6279296875 0.0026041671875 0.6787109375
11 0 0.7392578125 0.0208333328125 0.7529296875 0.08463541718749999 0.728515625 0.1236979171875 0.728515625 0.1380208328125 0.7177734375 0.140625 0.6748046875 0.1184895828125 0.65234375 0.0481770828125 0.654296875 0 0.6826171875 0 0.7392578125
11 0.0247395828125 0.859375 0.046875 0.8603515625 0.1002604171875 0.84375 0.1536458328125 0.7958984375 0.1536458328125 0.7548828125 0.12109375 0.73046875 0.06380208281250001 0.734375 0 0.7744140625 0.0026041671875 0.8447265625 0.0247395828125 0.859375
11 0.013020832812499999 0.9267578125 0.05729166718749999 0.9404296875 0.1822916671875 0.8623046875 0.1822916671875 0.8388671875 0.1575520828125 0.818359375 0.1419270828125 0.81640625 0.08463541718749999 0.853515625 0.0208333328125 0.8681640625 0.0078125 0.9013671875 0.013020832812499999 0.9267578125
11 0.3489583328125 0.7568359375 0.34375 0.7255859375 0.3294270828125 0.71484375 0.28515625 0.71484375 0.21354166718749998 0.7626953125 0.21614583281250002 0.8037109375 0.2578125 0.8154296875 0.3489583328125 0.7568359375
11 0.21614583281250002 0.7529296875 0.2578125 0.7333984375 0.2630208328125 0.6904296875 0.22786458281250002 0.650390625 0.1731770828125 0.638671875 0.1484375 0.6591796875 0.1432291671875 0.7041015625 0.18359375 0.74609375 0.21614583281250002 0.7529296875
11 0.3268229171875 0.708984375 0.3489583328125 0.7119140625 0.390625 0.6923828125 0.4036458328125 0.6630859375 0.3932291671875 0.6162109375 0.3684895828125 0.59765625 0.3138020828125 0.609375 0.296875 0.6376953125 0.3072916671875 0.6923828125 0.3268229171875 0.708984375
11 0.3606770828125 0.595703125 0.3932291671875 0.6064453125 0.4088541671875 0.5927734375 0.4140625 0.5615234375 0.3841145828125 0.537109375 0.3294270828125 0.529296875 0.2864583328125 0.5517578125 0.2838541671875 0.5791015625 0.30859375 0.603515625 0.3606770828125 0.595703125
11 0.3098958328125 0.6083984375 0.2903645828125 0.587890625 0.20572916718749998 0.6142578125 0.21875 0.6455078125 0.23958333281250002 0.6513671875 0.296875 0.6376953125 0.3098958328125 0.6083984375
11 0.3203125 0.7060546875 0.3020833328125 0.6826171875 0.296875 0.6435546875 0.2669270828125 0.640625 0.23958333281250002 0.6591796875 0.2682291671875 0.7119140625 0.2838541671875 0.7138671875 0.3203125 0.7060546875
11 0.4713541671875 0.6748046875 0.5651041671875 0.6259765625 0.5598958328125 0.6103515625 0.5325520828125 0.58984375 0.4934895828125 0.591796875 0.4427083328125 0.6181640625 0.4375 0.6552734375 0.45703125 0.673828125 0.4713541671875 0.6748046875
11 0.5598958328125 0.4404296875 0.5859375 0.4189453125 0.5885416671875 0.3876953125 0.5638020828125 0.357421875 0.5377604171875 0.353515625 0.5078125 0.3701171875 0.5078125 0.4091796875 0.5455729171875 0.44140625 0.5598958328125 0.4404296875
11 0.4544270828125 0.59375 0.4895833328125 0.5927734375 0.5364583328125 0.5712890625 0.5416666671875 0.5498046875 0.5364583328125 0.5244140625 0.49609375 0.509765625 0.44140625 0.521484375 0.4166666671875 0.5556640625 0.4361979171875 0.5859375 0.4544270828125 0.59375
11 0.6458333328125 0.5615234375 0.6158854171875 0.5234375 0.5872395828125 0.529296875 0.5546875 0.5615234375 0.5572916671875 0.5751953125 0.5872395828125 0.599609375 0.5989583328125 0.5986328125 0.6458333328125 0.5615234375
11 0.6744791671875 0.5458984375 0.7005208328125 0.5302734375 0.7083333328125 0.4951171875 0.67578125 0.46875 0.6497395828125 0.46875 0.6171875 0.4931640625 0.6171875 0.5205078125 0.6419270828125 0.546875 0.6744791671875 0.5458984375
11 0.5755208328125 0.5361328125 0.6171875 0.5166015625 0.6223958328125 0.4775390625 0.6106770828125 0.466796875 0.5716145828125 0.46875 0.5442708328125 0.4892578125 0.546875 0.5126953125 0.5625 0.5341796875 0.5755208328125 0.5361328125
11 0.4375 0.6162109375 0.41015625 0.59375 0.390625 0.6142578125 0.40625 0.6572265625 0.4192708328125 0.6611328125 0.4348958328125 0.6474609375 0.4375 0.6162109375
11 0.09505208281250001 0.56640625 0.1171875 0.5654296875 0.171875 0.5361328125 0.1770833328125 0.5166015625 0.1497395828125 0.494140625 0.07161458281250001 0.494140625 0.0416666671875 0.5126953125 0.0364583328125 0.5283203125 0.06901041718749999 0.541015625 0.09505208281250001 0.56640625
11 0.4114583328125 0.4248046875 0.4505208328125 0.4130859375 0.4453125 0.3818359375 0.4127604171875 0.353515625 0.3658854171875 0.349609375 0.3411458328125 0.3720703125 0.3411458328125 0.3916015625 0.37890625 0.421875 0.4114583328125 0.4248046875
11 0.3072916671875 0.3876953125 0.3229166671875 0.3642578125 0.3125 0.3310546875 0.2643229171875 0.306640625 0.22005208281250002 0.314453125 0.20572916718749998 0.3310546875 0.2109375 0.3583984375 0.2669270828125 0.365234375 0.3072916671875 0.3876953125
11 0.1236979171875 0.32421875 0.08723958281250001 0.33203125 0.0494791671875 0.3662109375 0.05208333281250001 0.3916015625 0.06770833281250001 0.3974609375 0.125 0.3876953125 0.1236979171875 0.32421875
11 0.0013020828125 0.46484375 0 0.5322265625 0.0078125 0.5322265625 0.0260416671875 0.5205078125 0.0338541671875 0.4951171875 0.0013020828125 0.46484375
11 0.1614583328125 0.8134765625 0.2109375 0.7978515625 0.2109375 0.7666015625 0.1653645828125 0.73046875 0.1497395828125 0.728515625 0.1354166671875 0.7373046875 0.1588541671875 0.7666015625 0.1458333328125 0.8095703125 0.1614583328125 0.8134765625
11 0.5442708328125 0.4384765625 0.5169270828125 0.41796875 0.49609375 0.416015625 0.4869791671875 0.4208984375 0.5026041671875 0.4384765625 0.5026041671875 0.4638671875 0.5286458328125 0.4697265625 0.5442708328125 0.4384765625
11 0.5052083328125 0.3994140625 0.5026041671875 0.3740234375 0.4778645828125 0.357421875 0.4440104171875 0.357421875 0.4348958328125 0.3662109375 0.4557291671875 0.4130859375 0.4921875 0.4150390625 0.5052083328125 0.3994140625
11 0.328125 0.3076171875 0.3229166671875 0.2763671875 0.29296875 0.26171875 0.2591145828125 0.263671875 0.23958333281250002 0.2802734375 0.23958333281250002 0.3037109375 0.3072916671875 0.3212890625 0.328125 0.3076171875
11 0.4036458328125 0.3232421875 0.3841145828125 0.2890625 0.328125 0.2841796875 0.3307291671875 0.3271484375 0.34375 0.3291015625 0.37109375 0.3203125 0.4036458328125 0.3232421875
11 0.53125 0.3505859375 0.5182291671875 0.3173828125 0.4908854171875 0.298828125 0.4544270828125 0.30078125 0.4375 0.3232421875 0.4479166671875 0.3447265625 0.5052083328125 0.3681640625 0.53125 0.3505859375
11 0.3450520828125 0.328125 0.328125 0.3427734375 0.4166666671875 0.3525390625 0.4114583328125 0.3369140625 0.3763020828125 0.3203125 0.3450520828125 0.328125
11 0.4270833328125 0.5205078125 0.4401041671875 0.5224609375 0.4752604171875 0.509765625 0.5377604171875 0.51953125 0.5442708328125 0.4931640625 0.5247395828125 0.470703125 0.5013020828125 0.466796875 0.4778645828125 0.48828125 0.4296875 0.5107421875 0.4270833328125 0.5205078125