11 0.0576171875 0.7109375 0.029296875 0.7513020828125 0.029296875 0.78515625 0.0439453125 0.8125 0.1103515625 0.8255208328125001 0.1728515625 0.7890625 0.1875 0.73828125 0.1630859375 0.7005208328125 0.1083984375 0.6901041671875 0.0576171875 0.7109375
11 0.1953125 0.76953125 0.205078125 0.8424479171874999 0.2412109375 0.8828125 0.2724609375 0.8932291671874999 0.306640625 0.87109375 0.3046875 0.8528645828125001 0.2294921875 0.734375 0.2080078125 0.7421875 0.1953125 0.76953125
11 0.40234375 0.99609375 0.3427734375 0.9140625 0.322265625 0.94140625 0.3203125 0.9622395828125001 0.3447265625 0.9973958328125001 0.40234375 0.99609375
11 0.0361328125 0.4505208328125 0.02734375 0.4752604171875 0.025390625 0.5481770828125 0.0390625 0.5794270828125 0.0849609375 0.625 0.1298828125 0.625 0.12890625 0.58984375 0.0703125 0.48046875 0.0458984375 0.4505208328125 0.0361328125 0.4505208328125
11 0.13671875 0.6888020828125 0.1923828125 0.75 0.21484375 0.7330729171875 0.212890625 0.7096354171875 0.1689453125 0.6510416671875 0.1474609375 0.6354166671875 0.138671875 0.65234375 0.13671875 0.6888020828125
11 0.12109375 0.8216145828125001 0.1396484375 0.875 0.203125 0.84765625 0.1923828125 0.7708333328125 0.12109375 0.8216145828125001
11 0.2333984375 0.9817708328125001 0.287515153125 0.9744389796874999 0.3134765625 0.96875 0.33203125 0.9049479171874999 0.3076171875 0.8723958328125001 0.2626953125 0.8958333328125001 0.234375 0.9466145828125001 0.2333984375 0.9817708328125001
11 0.1318359375 0.8854166671874999 0.107421875 0.93359375 0.10546875 0.9674479171874999 0.1162109375 0.9947916671874999 0.1943359375 0.9973958328125001 0.228515625 0.9622395828125001 0.2421875 0.91015625 0.2138671875 0.859375 0.1884765625 0.8541666671874999 0.1318359375 0.8854166671874999
11 0.0966796875 0.921875 0.1103515625 0.921875 0.13671875 0.87890625 0.1142578125 0.8255208328125001 0.05078125 0.82421875 0.05859375 0.86328125 0.0966796875 0.921875
11 0.0068359375 0.8671875 0.046875 0.8346354171874999 0.060546875 0.69921875 0.0439453125 0.6875 0.0009765625 0.6953125 0 0.8658854171874999 0.0068359375 0.8671875
11 0.140625 0.6393229171875 0.0830078125 0.6302083328125 0.046875 0.67578125 0.0654296875 0.703125 0.1337890625 0.6875 0.140625 0.6393229171875
11 0.0390625 0.5950520828125 0.0234375 0.5013020828125 0.0009765625 0.5026041671875 0.0048828125 0.6901041671875 0.037109375 0.6315104171875 0.0390625 0.5950520828125
11 0 0.99609375 0.0400390625 0.9973958328125001 0.071957490625 0.9744389796874999 0.0703125 0.95703125 0.0703125 0.9127604171874999 0.0400390625 0.8541666671874999 0.0009765625 0.8697916671874999 0 0.99609375
11 0.0498046875 0.984375 0.0478515625 1 0.115234375 0.9986979171874999 0.1005859375 0.9609375 0.0498046875 0.984375
11 0.31640625 0.99609375 0.3056640625 0.9713541671874999 0.2861328125 0.9635416671874999 0.2646484375 0.9635416671874999 0.228515625 0.9908854171874999 0.2294921875 1 0.31640625 0.99609375
11 0.0009765625 0.3880208328125 0 0.4674479171875 0.0224609375 0.4713541671875 0.03515625 0.44140625 0.0009765625 0.3880208328125