11 0.1240234375 0.1953125 0.1738281265625 0.2060546875 0.2021484375 0.1933593734375 0.2285156265625 0.1591796875 0.23046875 0.0869140625 0.2060546875 0.04296875 0.1279296875 0.037109373437499996 0.09375 0.0673828125 0.09179687343750001 0.1591796875 0.1240234375 0.1953125
11 0.3378906265625 0.1591796875 0.3828125 0.1298828125 0.39453125 0.0986328125 0.36328125 0.0068359375 0.2373046875 0 0.23046875 0.0419921875 0.26171875 0.1162109375 0.2900390625 0.1484375 0.3378906265625 0.1591796875
11 0.1386718734375 0.3388671875 0.1630859375 0.3613281265625 0.1953125 0.3681640625 0.2705078125 0.33984375 0.2988281265625 0.3076171875 0.28125 0.2529296875 0.2431640625 0.2109375 0.2138671875 0.203125 0.1513671875 0.2246093734375 0.12109375 0.2705078125 0.1386718734375 0.3388671875
11 0.4160156265625 0.2744140625 0.4824218734375 0.1748046875 0.4824218734375 0.1572265625 0.4560546875 0.125 0.4091796875 0.11523437343750001 0.35546875 0.1630859375 0.3457031265625 0.2294921875 0.3720703125 0.2675781265625 0.4160156265625 0.2744140625
11 0.4931640625 0.34765625 0.5078125 0.3486328125 0.5576171875 0.32421875 0.5703125 0.2978515625 0.5605468734375 0.2177734375 0.5283203125 0.1855468734375 0.4677734375 0.1953125 0.44140625 0.2470703125 0.4511718734375 0.2958984375 0.4931640625 0.34765625
11 0.2050781265625 0.4794921875 0.24609375 0.4951171875 0.2900390625 0.484375 0.3535156265625 0.4208984375 0.3447265625 0.3671875 0.2685546875 0.34375 0.2177734375 0.3613281265625 0.1894531265625 0.3837890625 0.1796875 0.4169921875 0.2050781265625 0.4794921875
11 0.0556640625 0.5332031265625 0.1308593734375 0.5615234375 0.1748046875 0.546875 0.1933593734375 0.5205078125 0.1855468734375 0.4423828125 0.1201171875 0.3828125 0.0634765625 0.3847656265625 0.021484373437500003 0.4248046875 0.0234375 0.4853515625 0.0556640625 0.5332031265625
11 0.125 0.2041015625 0.0751953125 0.15625 0.0029296875 0.1542968734375 0 0.2490234375 0.0859375 0.2587890625 0.1171875 0.2392578125 0.125 0.2041015625
11 0 0.4208984375 0.015625 0.4208984375 0.0615234375 0.3828125 0.11132812656249999 0.3740234375 0.11914062656249999 0.3056640625 0.0888671875 0.265625 0 0.2529296875 0 0.4208984375
11 0.3417968734375 0.2255859375 0.3212890625 0.1640625 0.2568359375 0.1503906265625 0.1875 0.2080078125 0.2431640625 0.2109375 0.2958984375 0.2714843734375 0.3105468734375 0.2705078125 0.3417968734375 0.2255859375
11 0.36328125 0.2822265625 0.2998046875 0.2753906265625 0.2988281265625 0.3134765625 0.2792968734375 0.3388671875 0.34765625 0.3623046875 0.3691406265625 0.3115234375 0.36328125 0.2822265625
11 0.4472656265625 0.4267578125 0.48828125 0.3916015625 0.4902343734375 0.3486328125 0.4541015625 0.3046875 0.3974609375 0.3046875 0.36328125 0.3447265625 0.3671875 0.3896484375 0.3974609375 0.4199218734375 0.4472656265625 0.4267578125
11 0.3447265625 0.5605468734375 0.40625 0.5771484375 0.46484375 0.5537109375 0.48046875 0.4990234375 0.4443359375 0.4394531265625 0.4130859375 0.4238281265625 0.3720703125 0.4238281265625 0.3203125 0.4638671875 0.3125 0.5048828125 0.3447265625 0.5605468734375
11 0.2109375 0.5439453125 0.1875 0.6240234375 0.2011718734375 0.6865234375 0.25390625 0.7158203125 0.2861328125 0.7128906265625 0.3222656265625 0.6845703125 0.34375 0.6103515625 0.34375 0.5693359375 0.3222656265625 0.5302734375 0.2705078125 0.5136718734375 0.2353515625 0.5214843734375 0.2109375 0.5439453125
11 0.3984375 0.7138671875 0.4404296875 0.69921875 0.4550781265625 0.6826171875 0.4746093734375 0.6044921875 0.4521484375 0.5683593734375 0.34765625 0.5830078125 0.3339843734375 0.6787109375 0.3701171875 0.7109375 0.3984375 0.7138671875
11 0.1855468734375 0.6689453125 0.2041015625 0.5390625 0.12109375 0.5693359375 0.12304687343750001 0.6396484375 0.1855468734375 0.6689453125
11 0.0771484375 0.6660156265625 0.11328125 0.6376953125 0.12304687343750001 0.5908203125 0.1064453125 0.55859375 0.0498046875 0.53515625 0 0.5380859375 0.00390625 0.6826171875 0.0771484375 0.6660156265625
11 0.5009765625 0.11914062656249999 0.52734375 0.0810546875 0.5292968734375 0.0009765625 0.4111328125 0 0.4003906265625 0.0419921875 0.4140625 0.1044921875 0.48046875 0.1279296875 0.5009765625 0.11914062656249999
11 0.53515625 0.1513671875 0.5292968734375 0.1767578125 0.5683593734375 0.2158203125 0.5771484375 0.2578125 0.6269531265625 0.2646484375 0.6699218734375 0.2373046875 0.68359375 0.1982421875 0.6796875 0.1650390625 0.6650390625 0.1484375 0.6259765625 0.140625 0.5986328125 0.12109375 0.5595703125 0.12304687343750001 0.53515625 0.1513671875
11 0.75390625 0.2724609375 0.7958984375 0.23828125 0.8359375 0.2333984375 0.83203125 0.1923828125 0.7822265625 0.1621093734375 0.7138671875 0.1699218734375 0.6894531265625 0.1943359375 0.6855468734375 0.2470703125 0.75390625 0.2724609375
11 0.671875 0.1455078125 0.7197265625 0.12304687343750001 0.7402343734375 0.0830078125 0.6943359375 0.00390625 0.6298828125 0.0019531265625 0.59765625 0.0322265625 0.5917968734375 0.0888671875 0.6240234375 0.13671875 0.671875 0.1455078125
11 0.8828125 0.0009765625 0.7275390625 0 0.7265625 0.0537109375 0.7451171875 0.078125 0.7792968734375 0.0849609375 0.8349609375 0.0625 0.8828125 0.0009765625
11 0.9140625 0.1591796875 0.9199218734375 0.0537109375 0.9013671875 0.03515625 0.8662109375 0.0390625 0.7890625 0.0986328125 0.7949218734375 0.1630859375 0.8515625 0.1884765625 0.9140625 0.1591796875
11 0.9990234375 0.0292968734375 0.96484375 0.0478515625 0.9394531265625 0.1142578125 0.95703125 0.1787109375 0.9921875 0.1865234375 1 0.1845703125 0.9990234375 0.0292968734375
11 0.7509765625 0.4003906265625 0.81640625 0.4130859375 0.8925781265625 0.3388671875 0.90234375 0.3056640625 0.8798828125 0.26171875 0.8349609375 0.2402343734375 0.7763671875 0.2519531265625 0.7265625 0.3349609375 0.7285156265625 0.3623046875 0.7509765625 0.4003906265625
11 0.9990234375 0.19140625 0.9482421875 0.2050781265625 0.90625 0.2724609375 0.91015625 0.3408203125 0.96484375 0.3642578125 1 0.3564453125 0.9990234375 0.19140625
11 0.9248046875 0.4160156265625 0.9433593734375 0.3857421875 0.94140625 0.3642578125 0.8876953125 0.34375 0.8125 0.4169921875 0.8310546875 0.4316406265625 0.8613281265625 0.4345703125 0.9248046875 0.4160156265625
11 0.6816406265625 0.3916015625 0.7128906265625 0.3662109375 0.7265625 0.2802734375 0.7001953125 0.2578125 0.6611328125 0.2558593734375 0.6152343734375 0.2900390625 0.6074218734375 0.3330078125 0.6435546875 0.3847656265625 0.6816406265625 0.3916015625
11 0.6201171875 0.3925781265625 0.63671875 0.3837890625 0.5947265625 0.3300781265625 0.5576171875 0.3261718734375 0.5097656265625 0.3544921875 0.50390625 0.3876953125 0.5175781265625 0.3935546875 0.6201171875 0.3925781265625
11 0.49609375 0.5146484375 0.5380859375 0.53515625 0.5761718734375 0.5361328125 0.6298828125 0.51953125 0.66796875 0.4794921875 0.6660156265625 0.4267578125 0.6357421875 0.3925781265625 0.5263671875 0.3925781265625 0.4824218734375 0.4287109375 0.484375 0.4892578125 0.49609375 0.5146484375
11 0.8076171875 0.4765625 0.8125 0.4482421875 0.7900390625 0.4140625 0.7080078125 0.3984375 0.67578125 0.4365234375 0.6777343734375 0.4697265625 0.7011718734375 0.4814453125 0.8076171875 0.4765625
11 0.6699218734375 0.6123046875 0.6982421875 0.6308593734375 0.7285156265625 0.6298828125 0.8037109375 0.6113281265625 0.84375 0.5712890625 0.84765625 0.5244140625 0.8076171875 0.4765625 0.7021484375 0.48828125 0.65234375 0.5302734375 0.6503906265625 0.5810546875 0.6699218734375 0.6123046875
11 0.6582031265625 0.6025390625 0.6396484375 0.5292968734375 0.6279296875 0.5234375 0.5410156265625 0.5478515625 0.5371093734375 0.5751953125 0.5517578125 0.59765625 0.6269531265625 0.6201171875 0.6582031265625 0.6025390625
11 0.4912109375 0.7324218734375 0.5449218734375 0.7412109375 0.5566406265625 0.7353515625 0.56640625 0.6689453125 0.6035156265625 0.6298828125 0.5751953125 0.6074218734375 0.5341796875 0.59765625 0.4746093734375 0.6318359375 0.4609375 0.6826171875 0.4912109375 0.7324218734375
11 0.5947265625 0.77734375 0.6503906265625 0.7861328125 0.6806640625 0.7714843734375 0.70703125 0.7412109375 0.7128906265625 0.6787109375 0.6826171875 0.64453125 0.6005859375 0.640625 0.56640625 0.6708984375 0.5605468734375 0.7333984375 0.5947265625 0.77734375
11 0.7353515625 0.6328125 0.71875 0.6650390625 0.71875 0.6943359375 0.73828125 0.7451171875 0.7841796875 0.7988281265625 0.83984375 0.8095703125 0.8779296875 0.796875 0.89453125 0.7744140625 0.9003906265625 0.7216796875 0.8847656265625 0.6884765625 0.8447265625 0.64453125 0.8095703125 0.625 0.7705078125 0.62109375 0.7353515625 0.6328125
11 1 0.4326171875 0.9248046875 0.41796875 0.8779296875 0.43359375 0.859375 0.4677734375 0.8730468734375 0.5751953125 0.8935546875 0.6035156265625 0.96875 0.6083984375 1 0.5947265625 1 0.4326171875
11 0.9902343734375 0.6162109375 0.8896484375 0.60546875 0.87890625 0.6455078125 0.9150390625 0.6777343734375 0.9472656265625 0.6826171875 0.9941406265625 0.6357421875 0.9902343734375 0.6162109375
11 0.9453125 0.7021484375 0.9589843734375 0.7919921875 1 0.8154296875 0.9970703125 0.6386718734375 0.9667968734375 0.6630859375 0.9453125 0.7021484375
11 0.9296875 0.6962890625 0.8935546875 0.65625 0.8583984375 0.6503906265625 0.8925781265625 0.7041015625 0.9003906265625 0.7763671875 0.9316406265625 0.7470703125 0.9296875 0.6962890625