11 0.25628351718750003 0.658558303125 0.2506395375 0.677358034375 0.2723442796875 0.72435515 0.29460581874999997 0.7326617203125 0.3278634484375 0.7202243765625 0.33417196875 0.6826518484374999 0.29779826875 0.685529925 0.25628351718750003 0.658558303125
11 0.36743402812500003 0.7418438859375 0.38983024374999997 0.7750476453124999 0.42508592343749996 0.7779212906249999 0.47011192812499997 0.745885 0.3909707765625 0.7026459828125 0.3722787875 0.7169197578125 0.36743402812500003 0.7418438859375
11 0.25857343125 0.6570137359375 0.25181143125 0.681565190625 0.2723442796875 0.72435515 0.29460581874999997 0.7326617203125 0.3278634484375 0.7202243765625 0.33417196875 0.6826518484374999 0.2866674984375 0.6813766390625 0.25857343125 0.6570137359375
11 0.14330099999999998 0.6614677390625 0.20934027031250002 0.690221921875 0.23913609375 0.6751219921875 0.240065565625 0.634514203125 0.15370893125 0.6028055640625001 0.1381599453125 0.63161804375 0.14330099999999998 0.6614677390625
11 0.0443498375 0.6382542203125 0.086955675 0.6544946796875 0.11179899374999999 0.6444011234375 0.1214615796875 0.5895734296875 0.056621137499999995 0.5700058421875001 0.0327117140625 0.6111209843750001 0.0443498375 0.6382542203125
11 0.15139208125 0.5993706921874999 0.200306440625 0.578038625 0.206695765625 0.5554044109375 0.192767728125 0.5298157453125001 0.1344243578125 0.5075316953125 0.11948604062499998 0.5076125031250001 0.098531075 0.52841028125 0.0940589890625 0.55141716875 0.1099042640625 0.5773785124999999 0.15139208125 0.5993706921874999
11 0 0.5356439875000001 0.036676448437499995 0.565134146875 0.08567161250000001 0.5587403937500001 0.097996784375 0.5004508921874999 0.028123032812499997 0.47095136249999997 0 0.4831845796875 0 0.5356439875000001
11 0.363487375 0.64955140625 0.3724854171875 0.6134965078125 0.3321156234375 0.5857526046875 0.29576885937499997 0.593610115625 0.2671987984375 0.622876078125 0.263153259375 0.653924603125 0.2885847390625 0.6817493140625001 0.33683455625000003 0.6791900421875 0.363487375 0.64955140625
11 0.3614398828125 0.69591091875 0.400902715625 0.697612675 0.4375144125 0.6679201671875 0.430828790625 0.6357805562500001 0.3905398046875 0.62297496875 0.3441039078125 0.6776185390625 0.3614398828125 0.69591091875
11 0.5687937328125 0.7193041359375 0.539527771875 0.6907340765625001 0.5011560234375 0.6783011625 0.484327403125 0.6829887343750001 0.4758097765625 0.73704414375 0.508537546875 0.768276790625 0.5506629671875001 0.7665167390625001 0.5681561281249999 0.7430563703125 0.5687937328125 0.7193041359375
11 0.20601314375 0.712456525 0.230699275 0.74411571875 0.2732512421875 0.7503973015625001 0.2831293109375 0.7354051140625 0.244088596875 0.6701156171875 0.20590539843750003 0.692538771875 0.20601314375 0.712456525
11 0.3760593953125 0.707706228125 0.3414951921875 0.6910392234375 0.31300594375 0.7352434999999999 0.3464790578125 0.7626416640625 0.367487896875 0.7518027625 0.3760593953125 0.707706228125
11 0.5607565218749999 0.7913600578125 0.5049454890625 0.8123463890625 0.49861003281249994 0.8449394796874999 0.5167452234375001 0.8693562546875 0.5550361640625 0.8668508515625 0.603842778125 0.8256010312500001 0.6030166234375 0.8144971984374999 0.5607565218749999 0.7913600578125
11 0.4443660703125 0.8015657859375 0.4673729578125 0.806037871875 0.50361198125 0.7782626031250001 0.5012412578125 0.76486885625 0.47048460312499996 0.743967759375 0.42814811875 0.7775216828125 0.4443660703125 0.8015657859375
11 0.57113751875 0.7277184453125 0.5586776671875 0.7611107546875 0.5112270703124999 0.769794421875 0.5239832140625 0.791175934375 0.570315790625 0.7882439890625 0.5897800625 0.775115171875 0.59574284375 0.7444393218750001 0.57113751875 0.7277184453125
11 0.6095944984375 0.8267190531249999 0.5580983640625 0.86645124375 0.5620405875000001 0.8871143453125001 0.5882174140624999 0.9111045750000001 0.6215019796875 0.9036466703125001 0.635959878125 0.8855653515625 0.640059290625 0.8644757046875 0.6095944984375 0.8267190531249999
11 0.786268075 0.7725201125 0.8130286343750001 0.762799228125 0.7791559078125 0.732338865625 0.755911028125 0.7546812109375 0.786268075 0.7725201125
11 0.73441734375 0.6758902234375 0.6992155375 0.682975453125 0.7016670671874999 0.7113075171875 0.7298150062500001 0.7456292984374999 0.7673606000000001 0.746958378125 0.7809115375 0.702834909375 0.7674100453125 0.685287875 0.73441734375 0.6758902234375
11 0.8446564671875001 0.6615042796874999 0.8195437875 0.6218034515624999 0.7972553125 0.608517446875 0.7601901343749999 0.625188878125 0.7397425234375 0.668966609375 0.7843464078125 0.7005180609375 0.81539493125 0.7045636 0.839439034375 0.6883456484375 0.8446564671875001 0.6615042796874999
11 0.6720465124999999 0.5463753812500001 0.668450028125 0.518815603125 0.60169234375 0.4988753375 0.5848637234375 0.503562909375 0.5673975015625 0.5320027171875 0.578290275 0.5629704328125 0.611682584375 0.57543028125 0.6553256390625 0.5709807078125 0.6720465124999999 0.5463753812500001
11 0.7416014640624999 0.587751028125 0.7318267109375001 0.5510315890624999 0.699206684375 0.539716696875 0.67359108125 0.5486652953125 0.6523442484374999 0.5863186312499999 0.662864346875 0.6192035875 0.6897595875 0.6343799 0.7230172171875 0.62194255625 0.7416014640624999 0.587751028125
11 0.5217519734375 0.4495119265625 0.47483566406250005 0.486154984375 0.47568875468750005 0.50223825625 0.50953454375 0.5277191828125 0.55858358125 0.5312843046875 0.5833191578125 0.5012729953124999 0.5770331484375 0.472195584375 0.5217519734375 0.4495119265625
11 0.57570849375 0.58137055625 0.57016783125 0.5484586625000001 0.547107071875 0.5340277 0.5053273890625001 0.528891075 0.48740768437500004 0.54430980625 0.4899130828125 0.5826007468750001 0.5195517187500001 0.609253565625 0.5555527453125 0.6082927328125 0.57570849375 0.58137055625
11 0.4405858359375 0.38598248281249997 0.39129880625 0.40923179374999996 0.38791780625 0.42150751875000003 0.422297884375 0.47494783125 0.482477690625 0.4826662421875 0.505349896875 0.462241134375 0.5024179546875 0.41590855781249997 0.4405858359375 0.38598248281249997
11 0.31676441718750004 0.3678830796875 0.28433294375 0.39142425625 0.2807139453125 0.430514415625 0.2985842078125 0.476766184375 0.3365563453125 0.48613690312499996 0.3678428640625 0.463368009375 0.373325228125 0.414691646875 0.31676441718750004 0.3678830796875
11 0.3658628984375 0.309777703125 0.32693435625 0.3360353375 0.3306116453125 0.37853343281249996 0.356788475 0.40252366406249995 0.41270725468749997 0.40145508437500005 0.43328954687500004 0.38257454687500003 0.43808043750000003 0.3476915421875 0.3658628984375 0.309777703125
11 0.2792638421875 0.23325412031249998 0.2736198640625 0.25205385156250004 0.2832599390625 0.26387609843750004 0.269093909375 0.2651018625 0.26270458125 0.2877360765625 0.28701804062499997 0.3213125078125 0.324617503125 0.33260046718749997 0.3620284171875 0.3090323546875 0.349671884375 0.2907130390625 0.378003946875 0.2882615109375 0.38322138125 0.2614201421875 0.35661800781249997 0.2293882765625 0.314039103125 0.2181272546875 0.2792638421875 0.23325412031249998
11 0.16353793125 0.2246870484375 0.1460178375 0.2431679796875 0.138937034375 0.27959554999999997 0.1509478296875 0.30481154374999997 0.1889738390625 0.3241411375 0.25050965937499997 0.29929339062500004 0.2610253359375 0.2605489671875 0.16353793125 0.2246870484375
11 0.1347298765625 0.2807674421875 0.10200210937500001 0.249534796875 0.0609677734375 0.24056368906249997 0.038813976562500005 0.252174875 0.0261430671875 0.3173610546875 0.0684570390625 0.3504570703125 0.11058246093749999 0.34869701875 0.131537428125 0.3278992390625 0.1347298765625 0.2807674421875
11 0.1051676234375 0.19742356249999998 0.143112825 0.20181484218749998 0.1452680609375 0.17537308125 0.11408485937499999 0.14643035 0.0737958703125 0.1336247609375 0.060801732812499995 0.1390576796875 0.0436587359375 0.22725074687500002 0.08932677343749999 0.24309159687499998 0.12223866406249999 0.2375509375 0.1374419109375 0.21563513437499998 0.1051676234375 0.19742356249999998
11 0.28550040781249997 0.3240020328125 0.255462165625 0.2942870171875 0.19549784375 0.3264041171875 0.21943862812499998 0.361897790625 0.27682116875 0.3481808125 0.28550040781249997 0.3240020328125
11 0.54800075625 0.345181715625 0.5102666124999999 0.3089965640625 0.46539779374999996 0.2992801109375 0.44974106875000003 0.3081748375 0.4470290375 0.373307146875 0.49355016249999994 0.40523127031249995 0.5249713593750001 0.4073595671875 0.5379385640625001 0.3969472125 0.54800075625 0.345181715625
11 0.626876975 0.410255725 0.61593033125 0.36932913125 0.5783039328124999 0.3530617375 0.5572681546875 0.35892120156249996 0.5330938046875 0.4218713390625 0.5431873578124999 0.4467146609375 0.56853803125 0.45960105625000003 0.6056301421875 0.44790906093749994 0.626876975 0.410255725
11 0.7041008890625 0.45312206875000005 0.673663034375 0.42034485312500003 0.6364631796875 0.41211909531249996 0.607547384375 0.4482817359375 0.6039283859375 0.48737189531249997 0.63202245625 0.5117347999999999 0.671485290625 0.513436553125 0.701599915625 0.48646050625 0.7041008890625 0.45312206875000005
11 0.722900621875 0.458766046875 0.676464728125 0.5134096171875 0.68730363125 0.5344184546874999 0.7386425828125 0.5364390125 0.7599702234375 0.51372399375 0.76172585 0.4842200359375 0.7447625515625 0.46401041718749997 0.722900621875 0.458766046875
11 0.78369995 0.5810115390624999 0.797143140625 0.5169703140624999 0.770247903125 0.5017940046875 0.7382968437499999 0.5433356921875 0.78369995 0.5810115390624999
11 0.6295303359375 0.6883319921875 0.6671836718749999 0.709578828125 0.693944234375 0.6998579453125 0.6911469671875 0.678422559375 0.6496322140624999 0.651450940625 0.6274784171875 0.6630621265625 0.6295303359375 0.6883319921875
11 0.7329222234375 0.6119298093750001 0.7081327734375 0.631982240625 0.6686968765625 0.635259925 0.6738379296875 0.6651096187500001 0.714153853125 0.6828946453125 0.7325001046875 0.67551755 0.74565143125 0.6283318828125 0.7329222234375 0.6119298093750001
11 0.6442487390625 0.5767863 0.61975115625 0.5799831765625 0.5985043234375 0.6176365125000001 0.613976925 0.6455150953125 0.6473153640625 0.64801606875 0.667524984375 0.6310527703125001 0.65383494375 0.57864966875 0.6442487390625 0.5767863
11 0.403843890625 0.46240717499999995 0.382543184375 0.49010163437500004 0.40147759531249994 0.5206428046875 0.44291154062500004 0.5326761109375 0.47691451875 0.5164042875 0.46793898437500003 0.48580924531249997 0.4330559796875 0.481018359375 0.403843890625 0.46240717499999995
11 0.11135474375000001 0.349841975 0.044359067187500004 0.3567161453125 0.03259069375 0.37631509687500003 0.0423115734375 0.4030756578125 0.0948762890625 0.4192622453125 0.1223821984375 0.40570688437499997 0.1337240265625 0.37806629687500004 0.11135474375000001 0.349841975
11 0.23086569375 0.420824896875 0.19920207343750002 0.37388165 0.179257384375 0.3690099546875 0.15665010625 0.36760006562499997 0.14331023125 0.379929665625 0.126962025 0.40261775 0.13170346875 0.42940524687500004 0.21806010312500002 0.461113884375 0.23086569375 0.420824896875
11 0.2656409546875 0.40569803125000004 0.24311448125 0.4192264578125 0.234170309375 0.46524023124999997 0.3121126359375 0.4992926546875 0.3170382 0.48930684218750004 0.291260984375 0.46837881093749995 0.2783162890625 0.412141228125 0.2656409546875 0.40569803125000004
11 0.41169217187499996 0.7802920140625 0.3492493890625 0.779097609375 0.34171510625 0.8025041078124999 0.3602229703125 0.82500364375 0.3920168421875 0.8252147015625001 0.4298004296875 0.79972935 0.42588514218749995 0.7840456875 0.41169217187499996 0.7802920140625
11 0.5288906984375 0.9194694406249999 0.545400515625 0.9266579859374999 0.5641194421875 0.9173636500000001 0.560895628125 0.8878866296875 0.5221512078125 0.8773709546875 0.516134553125 0.8980879265624999 0.5288906984375 0.9194694406249999
11 0.365310153125 0.8448944609375 0.37806629687500004 0.8662759734375 0.40799679843750003 0.8760732359375 0.43656685624999997 0.846807275 0.4061559375 0.8190095 0.37327098125 0.8295296000000001 0.365310153125 0.8448944609375
11 0.425036478125 0.83959179375 0.44575345000000005 0.84560844375 0.47629462031249997 0.826674034375 0.463165803125 0.8072097625 0.43209034218750003 0.7981847828124999 0.41345222656249997 0.8224174359375 0.425036478125 0.83959179375
11 0.0221465953125 0.711535909375 0.05053253125 0.7190432546875 0.082937071875 0.6905226421874999 0.051807740625 0.6715387859375 0.027386537500000002 0.6180445999999999 0.0059286437499999995 0.68749180625 0.0221465953125 0.711535909375
11 0.13664674375000002 0.7059369453125 0.1452451765625 0.6668198515625 0.114088909375 0.6428565578125001 0.088872915625 0.654867353125 0.0443498375 0.6382542203125 0.0413415109375 0.64861270625 0.0587313546875 0.6768639624999999 0.112521834375 0.7072165828125 0.13664674375000002 0.7059369453125
11 0 0.621287571875 0.009785634375000001 0.621587215625 0.03191249375 0.6049965890625 0.036703384374999995 0.570113584375 0 0.5508444953125 0 0.621287571875
11 0.1597075015625 0.720367909375 0.1800518 0.728301803125 0.20452244843749998 0.7201254875 0.201298634375 0.69064846875 0.152168790625 0.672145028125 0.1454067921875 0.6966964828125 0.1597075015625 0.720367909375
11 0.7843464078125 0.7005180609375 0.7802739296875 0.72658714375 0.8213082671875 0.73555825 0.8418905625 0.7166777125 0.83677644375 0.6918074562500001 0.8196020859375001 0.7033917046875 0.7843464078125 0.7005180609375
11 0.84455315 0.7132159046875 0.8148111968749999 0.7382747125 0.789514396875 0.7353471921875 0.7903405515624999 0.7464510265625 0.8206706625000001 0.759310484375 0.8470854859375001 0.7564862812500001 0.8637794281250001 0.7269015203125 0.84455315 0.7132159046875
11 0.8973514328125001 0.63095868125 0.90922755 0.631277484375 0.92943716875 0.6143141859375 0.9289567546875 0.5963136734375001 0.889386175 0.5746941640625 0.8849679625 0.607659928125 0.8973514328125001 0.63095868125
11 0.8672279546875 0.5146759734375 0.912096771875 0.524392428125 0.9342236296875001 0.507801803125 0.9333166703125 0.48175965468750004 0.89145618125 0.46168471406249995 0.871273496875 0.48362745 0.8672279546875 0.5146759734375
11 0.9742163250000001 0.4658335703125 0.982469021875 0.43361315312500004 0.9513127562499999 0.409649859375 0.9168293609375 0.40792117031249997 0.8958205203125 0.418760071875 0.89177498125 0.4498085953125 0.9122000874999999 0.4726808046875 0.950172225 0.48205151874999996 0.9742163250000001 0.4658335703125
11 0.948484125 0.3116056578125 0.8911285234375 0.330302075 0.88548454375 0.34910180625 0.9009571484375 0.3769803875 0.9339229124999999 0.38139860312499996 0.9767128734374999 0.3608657546875 0.9765512578125 0.33098912343750003 0.948484125 0.3116056578125
11 0.9067446578125 0.5263366046875 0.8833920328125 0.5287612 0.8701060265624999 0.5510496734375 0.898200096875 0.575412575 0.9319112078125 0.575996309375 0.9479136718750001 0.5602049046875 0.9179562359375 0.545428203125 0.9067446578125 0.5263366046875
11 0.9767756000000001 0.5140833875 0.934995915625 0.5089467609375 0.9063719828125001 0.5282538453125001 0.9083430984374999 0.5385853968750001 0.9647692296875 0.560496771875 0.9891860046875 0.5423615796875 0.989823609375 0.51860934375 0.9767756000000001 0.5140833875
11 0.83718085625 0.34170220156250003 0.8094055890625 0.3054631796875 0.7913781390625 0.3009641578125 0.7627811453125 0.32525068125 0.759480953125 0.3524647234375 0.7806514078125 0.3715024515625 0.8155344124999999 0.3762933375 0.8353713562499999 0.36124728125 0.83718085625 0.34170220156250003
11 0.841765109375 0.4102424453125 0.817694075 0.421480959375 0.808642159375 0.44757697968750004 0.8367901 0.48189875937500004 0.8567078531250001 0.4817910171875 0.877290146875 0.46291047812499997 0.8836256015625 0.4303173875 0.841765109375 0.4102424453125
11 0.683164003125 0.33564053125000004 0.7393252046875001 0.37938689999999997 0.7544207078125 0.33755334531250003 0.7359128421875 0.315053809375 0.7125063453125 0.30751952656250003 0.68614539375 0.32030260625 0.683164003125 0.33564053125000004
11 0.8421289328125001 0.26506645 0.8396504671875 0.23175494687499998 0.802396740625 0.2135703109375 0.76759454375 0.2237177359375 0.7512194062499999 0.24142638437500002 0.750209125 0.267095859375 0.7744687140625001 0.290713415625 0.81201430625 0.29204249843749996 0.8421289328125001 0.26506645
11 0.6976399843750001 0.1792798921875 0.6795047921874999 0.15486311875 0.6380439124999999 0.1378503734375 0.609819590625 0.16021965625 0.602792659375 0.2066061046875 0.6205551781249999 0.23294012031250003 0.6646517109375 0.24151161875 0.6883231390625 0.22721090781250003 0.6976399843750001 0.1792798921875
11 0.8181029140625 0.1430050828125 0.7976239359374999 0.11017399531250001 0.7653765828125 0.09694186406250001 0.7236777078125 0.10674355312499999 0.7131889703125001 0.1504674125 0.734467165625 0.1894228953125 0.7862326609375 0.1994850875 0.8163472859375001 0.17250903906249998 0.8181029140625 0.1430050828125
11 0.89772448125 0.20424461093750002 0.8979894140625 0.18240961875 0.8722121953125 0.1614815859375 0.826279228125 0.16747573124999998 0.8087860687499999 0.19093609843749998 0.8138732484375 0.210826915625 0.848491321875 0.23745279687499998 0.877196059375 0.2330840296875 0.89772448125 0.20424461093750002
11 0.9227069078125 0.2906776265625 0.9129321546875 0.2539581890625 0.8772229953125 0.23806346718750002 0.84969015 0.246639390625 0.8185383109375 0.294305475 0.8151842468750001 0.311560640625 0.8371539203125 0.3367227640625 0.865113309375 0.33618847500000004 0.9227069078125 0.2906776265625
11 0.9881535937500001 0.2098841640625 0.9753974484375 0.188502653125 0.9389429437500001 0.1764424109375 0.9064575953125 0.190024709375 0.8932523953124999 0.22725149843749998 0.9229449031250001 0.26386319375 0.9436618749999999 0.2698798484375 0.9852799437499999 0.2451398421875 0.9881535937500001 0.2098841640625
11 1 0.29842630625 0.9882118921874999 0.29147241875 0.9664846390624999 0.31112524218750004 0.982464596875 0.36198377656249997 1 0.363706440625 1 0.29842630625
11 0.7160131734374999 0.17688223593750002 0.7112222828125 0.2117652390625 0.7323927375 0.23080296718749999 0.7500205765625 0.2322397921875 0.7939285578125 0.2059552203125 0.79272973125 0.196768625 0.7509769828125 0.1966114375 0.7160131734374999 0.17688223593750002
11 0.896866965625 0.1165319609375 0.8521553359375 0.06506275781250001 0.8341278890625 0.060563737500000006 0.8058496953125 0.07297414218750001 0.8021768296875 0.10210542656249999 0.8239354421874999 0.15906142031249998 0.8523213765625 0.1665687671875 0.873330215625 0.1557298640625 0.896866965625 0.1165319609375
11 0.83665099375 0.38537218906250004 0.8413655015625 0.40718024843749995 0.8801368593750001 0.42267536093749997 0.9006652796875001 0.39383594375 0.8788797328125 0.33190051249999997 0.84484981875 0.343192896875 0.83665099375 0.38537218906250004
11 0.9725057187499999 0.362037646875 0.9320056718749999 0.3810259296875 0.9063361953125 0.3800156515625 0.9052451125 0.39074681093749997 0.9210365156250001 0.40674927656250004 0.9612446968749999 0.4046165484375 0.9810277718749999 0.3796116140625 0.9725057187499999 0.362037646875
11 1 0.3785168484375 0.986379884375 0.3776674375 0.9662241375 0.40458961406249994 0.9909641390624999 0.446207684375 1 0.4440974 1 0.3785168484375
11 0.8017679890625 0.38058130156250003 0.7568183640624999 0.35592653125 0.7408967078125 0.386656253125 0.787417834375 0.4185803734375 0.8007577109374999 0.40625077656249997 0.8017679890625 0.38058130156250003
11 1 0.44525294843749996 0.9832951765625 0.4447169890625 0.9493999421874999 0.4809065640625 0.977067465625 0.49722783125000003 1 0.4985924265625 1 0.44525294843749996
11 0.6378372796875 0.2412736234375 0.6156834828125 0.252884809375 0.608548809375 0.27935350468750003 0.6720062984374999 0.326507809375 0.6840665390625 0.29005330156250003 0.6777805296875 0.26097589062500004 0.6658236046875 0.2457187734375 0.6378372796875 0.2412736234375
11 0.7409417265625 0.2533563734375 0.7207051703125 0.26534023281249997 0.713997040625 0.2998505640625 0.73937465 0.3177164 0.763126884375 0.31835400156250004 0.782909959375 0.29334906875 0.7617933765625 0.2842702171875 0.7409417265625 0.2533563734375
11 0.69772521875 0.265847584375 0.7229681484375 0.2588162296875 0.7442957921875 0.2361012078125 0.718172834375 0.222069853125 0.70232755625 0.1961085125 0.6708030453125 0.24569183749999998 0.69772521875 0.265847584375
11 0.6928402421875 0.070904140625 0.653857828125 0.0872029 0.6421433234375 0.116760728125 0.6506923125 0.1393141328125 0.6856291890625 0.15406389843749999 0.71238975 0.1443430171875 0.7236238375 0.0967846765625 0.6928402421875 0.070904140625
11 0.7258868140625 0.0902606703125 0.77110136875 0.09308044843749999 0.8054231484375001 0.06493250625 0.8072595828125 0.050366865625 0.698749153125 0.0302694140625 0.6993373125 0.06818768124999999 0.7258868140625 0.0902606703125
11 0.6503152125 0.069601996875 0.6649077890624999 0.076417865625 0.6958755046875 0.06552509375 0.69797686875 0.029124457812499997 0.652735378125 0.02132524375 0.6379317437500001 0.046303242187499996 0.6503152125 0.069601996875
11 0.6382774812500001 0.0394065625 0.6546526171875 0.0216979171875 0.574128515625 0.0060456171874999996 0.5965247328125 0.0392493734375 0.6382774812500001 0.0394065625
11 0.48676112031249996 0 0.48924006875000003 0.0333179578125 0.515470765625 0.067267065625 0.5561054921874999 0.0731759734375 0.5820129640625 0.04737181875 0.571438990625 0.0045279859375 0.5466614046875 0 0.48676112031249996 0
11 0.6405448859375 0.1045119359375 0.646880340625 0.071918846875 0.6245110578124999 0.043694525 0.5904003375 0.040048595312500004 0.5660374312500001 0.06814266249999999 0.5684889609375 0.0964747265625 0.5873695015625 0.11705701875 0.6142108703125 0.122274453125 0.6405448859375 0.1045119359375
11 0.57083275 0.1048890375 0.5553601453125 0.0770104546875 0.5082014125 0.068838565625 0.49105398906250003 0.0854022546875 0.48743499687499997 0.12449241562499999 0.5106304328125 0.16382056875 0.543596196875 0.168238784375 0.5653503828125 0.1535653984375 0.57083275 0.1048890375
11 0.4851945265625 0.0643664796875 0.470521140625 0.0426122953125 0.43944568281249996 0.0335873140625 0.40967679375 0.0536666828125 0.3945543546875 0.09052079843750001 0.4050744578125 0.12340575625000001 0.4361768515625 0.1374101734375 0.4739604421875 0.111924821875 0.4851945265625 0.0643664796875
11 0.364089565625 0.052764146874999994 0.334320678125 0.0728435140625 0.32846564218749996 0.12343711875 0.3511806609375 0.144764759375 0.38531831875 0.15339013125 0.4012669125 0.12763984687500002 0.3975357453125 0.07518287343749999 0.364089565625 0.052764146874999994
11 0.47609316718750005 0.1521330015625 0.45377775781249996 0.13386755781249998 0.41700444687499993 0.13368343437500002 0.3972213703125 0.15868836875 0.46557749218750005 0.1908774234375 0.47609316718750005 0.1521330015625
11 0.542877784375 0.17705270312500002 0.49606479375 0.1619841359375 0.48269797812500004 0.1693342953125 0.47519063125 0.19772023125 0.533587875 0.2299631578125 0.542877784375 0.17705270312500002
11 0.615782371875 0.12954380625 0.5781829078125 0.11825585000000001 0.5482029609375 0.1701290890625 0.5850840140625 0.190230965625 0.6045482875 0.1771021484375 0.615782371875 0.12954380625
11 0.3270782625 0.07939445625 0.2967212125 0.061555557812499995 0.26386319375 0.07705509687499999 0.2571011921875 0.10160655 0.324285421875 0.1295884484375 0.3270782625 0.07939445625
11 0.25851108125 0.07899927343749999 0.2116172796875 0.048992390625 0.19095418125000002 0.052934615625 0.1868817046875 0.0790036984375 0.25518395312500003 0.1012338765625 0.25851108125 0.07899927343749999
11 0.2524944296875 0.09971624375 0.258910690625 0.0820614703125 0.24815259531249997 0.07599094687499999 0.24405318281250002 0.09708059375 0.2524944296875 0.09971624375
11 0.156735715625 0.02937093125 0.10994965937500001 0.0192818015625 0.0951729578125 0.049239240625 0.183020284375 0.0732789140625 0.18288560781250002 0.048381721875 0.156735715625 0.02937093125
11 0.1149231484375 0 0.13793598437500001 0.0237269515625 0.178144165625 0.021594223437499997 0.19443407343750002 0 0.1149231484375 0
11 0.1989877796875 0 0.18807610624999999 0.016560915625 0.1597979125 0.0289713203125 0.18288560781250002 0.048381721875 0.2226941796875 0.043186796875 0.22636704375 0.0140555140625 0.21688648124999999 0 0.1989877796875 0
11 0.2169463953125 0 0.225621696875 0.0178899953125 0.2215761578125 0.04893851875 0.25888375625000004 0.07708203125 0.290542946875 0.052395899999999995 0.297677621875 0.0259272046875 0.291205125 0 0.2169463953125 0
11 0.310036778125 0 0.29874177031250004 0.01021660625 0.3138955734375 0.04997130625 0.3334945234375 0.06173968125 0.375166465625 0.0469585546875 0.3731145453125 0.0216886875 0.3364297 0 0.310036778125 0
11 0.3523429171875 0 0.3530890484375 0.0018786765625 0.3865352296875 0.0242974046875 0.4321224578125 0.025199940625 0.46449263125 0 0.3523429171875 0