11 0.3170479296875 0.7174549031249999 0.25277039375 0.7236081546875 0.227475796875 0.7547833515625 0.2287708953125 0.7918701218749999 0.2658700609375 0.8189121625 0.3222716921875 0.8110796296875 0.3569851515625 0.769803940625 0.345930378125 0.7330579875 0.3170479296875 0.7174549031249999
11 0.4930629140625 0.7210799031249999 0.475495496875 0.7216933703125 0.4291385890625 0.765329971875 0.43810510156250004 0.79824021875 0.4789036515625 0.819290128125 0.53732538125 0.81334136875 0.5624154875 0.7763103640625 0.54853505625 0.742594559375 0.4930629140625 0.7210799031249999
11 0.6734589093750001 0.738232121875 0.6028484265625 0.730926315625 0.575192915625 0.750458065625 0.5731294484375 0.8032966421875001 0.5904366109375 0.8232125734375 0.6590951578124999 0.83058654375 0.6811675140625 0.8190670250000001 0.6931951484375001 0.7717434375 0.6734589093750001 0.738232121875
11 0.7930041 0.7477377187500001 0.7380772609374999 0.7418385453125 0.7086061406249999 0.765342328125 0.7161660249999999 0.81393621875 0.74713673125 0.833375009375 0.7902156328125 0.8357792953125 0.8195504265625001 0.808371640625 0.8222273609374999 0.7731004796875001 0.7930041 0.7477377187500001
11 0.9216954968750001 0.7393350859375001 0.874985378125 0.7448748703125 0.84975894375 0.778002003125 0.8550260749999999 0.81690438125 0.8880168828125001 0.8382269453125 0.9389035234374999 0.840358575 0.9717332093750001 0.801102984375 0.96680689375 0.7719602828125 0.9216954968750001 0.7393350859375001
11 0.5050201984375 0 0.45148969531249994 0.006275034375 0.5074513781250001 0.069790378125 0.527844453125 0.0661467640625 0.5303850609375 0.0269717328125 0.5113362312499999 0 0.5050201984375 0
11 0.53052063125 0 0.5346979109375 0.03854701875 0.561628421875 0.0542182671875 0.604979975 0.0644302875 0.6402387375 0.0387700828125 0.6328136203125 0 0.53052063125 0
11 0.819693415625 0 0.8138804109375 0.0024144890624999997 0.7961890656249999 0.027461229687499998 0.7968706953125 0.0469805828125 0.8457496359375 0.075565584375 0.8747560125 0.06673539687499999 0.8941948046875 0.035764687499999996 0.8873165500000001 0.0066901484375 0.870622728125 0 0.819693415625 0
11 0.8954435890625 0 0.8892684875000001 0.0066219859375 0.8929245015625 0.055352203125 0.9396470156250001 0.0781495609375 0.962853353125 0.043138656250000004 0.9616264171875001 0.008003821875 0.9530433687500001 0 0.8954435890625 0
11 0.85504456875 0.0898983625 0.8540469156249999 0.11729361875 0.8672457171874999 0.13149007343750002 0.9309903437499999 0.13805848125 0.9375711499999999 0.10265099531249999 0.9158829781250001 0.06920784062499999 0.8843793625 0.062490707812500004 0.85504456875 0.0898983625
11 0.7587862750000001 0.07567093750000001 0.769171815625 0.12123467968749999 0.8089603140625 0.14134270625 0.8390449015625 0.135406340625 0.845080403125 0.08438337343749999 0.82359671875 0.056796023437499996 0.792161265625 0.052030828125 0.7587862750000001 0.07567093750000001
11 0.6419386874999999 0 0.6440744453125 0.0366818203125 0.6850093187499999 0.061635601562499996 0.733999790625 0.0374501890625 0.72868820625 0 0.6419386874999999 0
11 0.6073532859374999 0.1044108796875 0.6063308390625 0.07513185156249999 0.58713990625 0.05723601406249999 0.5635803562499999 0.0541501046875 0.5379449421875 0.07556562343749999 0.5547315953124999 0.1365403578125 0.6073532859374999 0.1044108796875
11 0.6080101203125 0.0672559484375 0.614287303125 0.10710021249999999 0.6540076390625 0.12525630000000001 0.6741962234375001 0.11575688125000001 0.6823199875 0.0685696203125 0.6689166953125001 0.0485173609375 0.633577371875 0.0438884921875 0.6080101203125 0.0672559484375
11 0.6843400843749999 0.07045339375000001 0.6772387703125 0.14691968125 0.696429703125 0.1648155171875 0.7237567953124999 0.163861234375 0.760354025 0.120565446875 0.7549505671875 0.0777591984375 0.7122000859375001 0.056777451562500005 0.6843400843749999 0.07045339375000001
11 0.7720284453125 0.035145040625 0.7369617749999999 0.0383239125 0.72492174375 0.057310357812500004 0.7538041921875 0.0729134421875 0.78926744375 0.053109040625000006 0.7720284453125 0.035145040625
11 0.8071571000000001 0.17365188125 0.8063639390624999 0.20690294374999998 0.8356553640625 0.2342176390625 0.883976603125 0.2188500140625 0.9014634578124999 0.1879474703125 0.871490403125 0.141113421875 0.8268685453125 0.15048891250000002 0.8071571000000001 0.17365188125
11 0.91325563125 0.21782756874999998 0.934714521875 0.188740634375 0.9294473890624999 0.14983825625 0.896592909375 0.1324195609375 0.8675865328125001 0.141249746875 0.892589903125 0.21366344375000001 0.91325563125 0.21782756874999998
11 0.9043387062500001 0.2982658921875 0.9142223109375 0.2734918046875 0.9067305937500001 0.22684984843749997 0.8742850890625 0.2211427671875 0.8445413187499999 0.23683880781250002 0.8760015640625 0.2982782890625 0.9043387062500001 0.2982658921875
11 0.7954578875 0.20239800312499998 0.8121267874999999 0.148072234375 0.7909157546875 0.1282926265625 0.75759653125 0.12554753125 0.7286707140625001 0.16466679374999998 0.7447757359375 0.206122178125 0.7954578875 0.20239800312499998
11 0.778665059375 0.28115704375 0.8269738999999999 0.2374522765625 0.7915540171875 0.20253432968750001 0.7564191828125 0.203761265625 0.7365714125 0.22302036093750002 0.7339626406249999 0.26024345625 0.778665059375 0.28115704375
11 0.7815588796874999 0.2800788296875 0.790537790625 0.3413262171875 0.8456691171875 0.353081196875 0.8656532140625 0.337725971875 0.873367996875 0.2788271 0.8537680859375 0.249219653125 0.800929509375 0.2471561859375 0.7815588796874999 0.2800788296875
11 0.8997346296875 0.39027949687499996 0.9174941390625 0.36718469531250003 0.9179464875000001 0.32417395625 0.8966672906250001 0.3024424140625 0.872438509375 0.308174290625 0.853489253125 0.3811456875 0.8997346296875 0.39027949687499996
11 0.9207845421874999 0.34948095156250003 0.9087569078125 0.3968045375 0.924316625 0.42264444062499995 0.9535274890625001 0.4196700578125 0.9808421859375 0.39037863437500003 0.977935965625 0.3631197046875 0.952889228125 0.345428359375 0.9207845421874999 0.34948095156250003
11 0.7513069921875 0.365170815625 0.74815291875 0.3867784296875 0.7717248624999999 0.4182014828125 0.8467721218750001 0.412649303125 0.8475652859375 0.3793982421875 0.8281698640625 0.3556466 0.7789625046875 0.3456390671875 0.7513069921875 0.365170815625
11 0.9594142671875 0.336406078125 0.9534097390625 0.30436955625 0.9143028718749999 0.3037808796875 0.925493971875 0.34443070625 0.9594142671875 0.336406078125
11 0.7098825796875 0.2982163453125 0.708612278125 0.317803859375 0.740264615625 0.356762003125 0.7796999015625 0.3387732109375 0.7777913359374999 0.2841190265625 0.7626405984375 0.2699907328125 0.72353373125 0.26940206093749997 0.7098825796875 0.2982163453125
11 0.699726325 0.3151826921875 0.7168723640625 0.27452047031250004 0.708246665625 0.2513699 0.6811798296875 0.23179478125 0.6495522874999999 0.249510921875 0.6458776984375 0.3121773375 0.699726325 0.3151826921875
11 0.596360496875 0.2093506375 0.5685004953125 0.2230265796875 0.5598995906249999 0.25655029375 0.5630103 0.28966502968749996 0.61747239375 0.31023780156249997 0.6505065703125 0.2768380140625 0.6507544265625 0.22797147187500003 0.6275914593749999 0.208260028125 0.596360496875 0.2093506375
11 0.4740763859375 0.0934304875 0.47153577812499997 0.1326055171875 0.4901256421875 0.161271078125 0.5361665265625 0.1645490859375 0.5479339015625 0.1377548984375 0.534381890625 0.0854616265625 0.49385599375 0.07221945625000001 0.4740763859375 0.0934304875
11 0.6300391109375 0.1104587765625 0.5891166343750001 0.11384213750000001 0.5577617421875 0.13936601875000001 0.5591931671875 0.18035665781250002 0.578247775 0.19434862343749998 0.6419118421875 0.170627953125 0.6539518734375 0.151641509375 0.6490255546875 0.1224988078125 0.6300391109375 0.1104587765625
11 0.7245313828125 0.2420068046875 0.73818253125 0.213192521875 0.7252439875000001 0.178466665625 0.6945459296875 0.1668356171875 0.6666177656250001 0.1785596234375 0.6779451937500001 0.2231133171875 0.7245313828125 0.2420068046875
11 0.6540572265625 0.238604871875 0.6761977453125 0.2290372859375 0.65382794375 0.1760747828125 0.618693109375 0.1773017171875 0.5967570765625 0.19272510625 0.5944085609374999 0.20941880156249998 0.6540572265625 0.238604871875
11 0.552804453125 0.1932828078125 0.5154450328125 0.18677016562499998 0.48388565312500004 0.206438240625 0.4771003578125 0.2359899203125 0.4905718109375 0.25799411562499996 0.5283402109375 0.27621836875 0.5543846015625 0.266514459375 0.5689776375 0.23669012656250002 0.552804453125 0.1932828078125
11 0.44186016875 0.1502534953125 0.418641434375 0.15692725624999998 0.38790001093750004 0.20001855468750002 0.388445315625 0.21563403750000001 0.40736359687499996 0.22572213125 0.45636646562500005 0.2298738609375 0.47042659374999996 0.21277118750000001 0.467247725 0.1777045171875 0.44186016875 0.1502534953125
11 0.5477542078125001 0.1885733765625 0.5225029796875 0.1650262265625 0.4731716921875 0.1794519625 0.475613165625 0.2213844890625 0.5477542078125001 0.1885733765625
11 0.45717820312499996 0.0852261640625 0.4203083203125 0.12071421093750001 0.42078546250000004 0.1343777578125 0.44980423593749996 0.1538847125 0.47146761406250004 0.1306535828125 0.45717820312499996 0.0852261640625
11 0.4346906890625 0.22476784843750003 0.3914196984375 0.2448449015625 0.39932039375 0.30319846875 0.43566976718749995 0.3087692265625 0.461757528125 0.24434296562500002 0.4346906890625 0.22476784843750003
11 0.486667940625 0.25813044218750003 0.46338104375 0.26285226875 0.44582602343750005 0.29180287968749996 0.4569489625 0.3305007671875 0.47809183125 0.348328440625 0.5151786 0.347033340625 0.536296675 0.3081867296875 0.525446390625 0.27729658125 0.486667940625 0.25813044218750003
11 0.5290342375 0.3240748640625 0.529988521875 0.35140195625000004 0.5631962140625 0.40691746875 0.603040478125 0.4006402859375 0.6159418328124999 0.350354715625 0.5989630906250001 0.3118613171875 0.556417096875 0.296735375 0.5290342375 0.3240748640625
11 0.6275171187499999 0.34604186718749996 0.630627828125 0.379156603125 0.6696107640625 0.40417854843749995 0.728429075 0.3816042546875 0.7309015234375 0.34047728906249997 0.7037665203125 0.31895023437500003 0.6625713921874999 0.3145258546875 0.6275171187499999 0.34604186718749996
11 0.7355675828125 0.3901493921875 0.7006372390625 0.39723213125 0.678905696875 0.41851132812499997 0.676228759375 0.4537824875 0.7034319250000001 0.47726147656249995 0.736478496875 0.472198834375 0.7670154328125001 0.42325172968749997 0.7563696375 0.3982173875 0.7355675828125 0.3901493921875
11 0.8244952765625 0.41831301718749997 0.78720401875 0.4137523109375 0.7559854515625 0.4431800609375 0.7570078984374999 0.47245908906249995 0.7984880765625 0.513028353125 0.8258151687499999 0.5120740703125 0.8494304828124999 0.4887747765625 0.8521074203125 0.453503615625 0.8244952765625 0.41831301718749997
11 0.9196071937499999 0.42769468593750004 0.910981496875 0.404544115625 0.8860710828125 0.3907566390625 0.8548401203125 0.3918472484375 0.84307274375 0.418641434375 0.8550012406249999 0.4524254046875 0.9196071937499999 0.42769468593750004
11 0.8527890515625 0.47302296874999994 0.8523367015625001 0.51603370625 0.8799488453125001 0.5512243078125 0.9132680687500001 0.553969403125 0.942807353125 0.53241755625 0.9348942578124999 0.44572684687499997 0.8743161031250001 0.445887965625 0.8527890515625 0.47302296874999994
11 1 0.500866309375 0.9793364203125 0.48716983437500005 0.9491836687499999 0.491154265625 0.939925928125 0.5618329109375 1 0.5568661500000001 1 0.500866309375
11 1 0.6060431484375 0.9977589859375 0.594991015625 0.9764116265625 0.5713075390625 0.9275450828125 0.5710596796875 0.904475075 0.6099744546875 0.9096058781249999 0.6449729625 0.9504725890625 0.667974809375 0.990917925 0.650927903125 1 0.6372259687499999 1 0.6060431484375
11 0.8704556437500001 0.6991066375 0.88056853125 0.736862640625 0.959532059375 0.7595112765625001 0.9832155359374999 0.7381639171875001 0.98521084375 0.6833734046875 0.972012040625 0.6691769484375001 0.8956139140625 0.66402756875 0.8704556437500001 0.6991066375
11 0.8656098859375 0.7002530140625 0.885048678125 0.6692823046874999 0.8801905250000001 0.6420915375 0.8569593953125001 0.6204281578125 0.8138804937499999 0.618023875 0.8312806125 0.696566028125 0.8656098859375 0.7002530140625
11 0.8327554046874999 0.68283431875 0.81826150625 0.631551096875 0.784601465625 0.619046321875 0.747923675 0.63205303125 0.7283485578125 0.6591198687500001 0.727964375 0.7040825421875 0.7435922515625 0.731874378125 0.7791360640625 0.74235905625 0.8148719703125 0.7303623953125 0.8327554046874999 0.68283431875
11 0.8251893453125 0.773974203125 0.8447086984375 0.773292571875 0.8736345125 0.7341733078125 0.852082665625 0.7046340234375 0.8277175578125 0.70646203125 0.8018218890625001 0.748406953125 0.8251893453125 0.773974203125
11 0.87089559375 0.6277587578125 0.9134849562499999 0.5881623515625 0.906743028125 0.5629916828125 0.863992546875 0.542009934375 0.819042271875 0.5699628921875 0.8243094031249999 0.6088652703124999 0.87089559375 0.6277587578125
11 0.6797050765625 0.553331184375 0.6913051578125 0.60569261875 0.7242278 0.6250632484375 0.8067419859375 0.6094787375 0.79493741875 0.551261496875 0.7717062875 0.5295981171874999 0.7129437421875 0.52578720625 0.6797050765625 0.553331184375
11 0.6365828078125 0.60564925 0.6380823953125 0.648591825 0.665626375 0.6818304890625 0.7247173390625 0.6670639359375 0.7274624375000001 0.6337447109375 0.6777655390625 0.581736490625 0.6524585453125 0.58457454375 0.6365828078125 0.60564925
11 0.6979727421875 0.768645128125 0.736862725 0.735040853125 0.71449291875 0.6820783484375 0.6657627015625 0.6857343593749999 0.64605125625 0.7088973265625 0.6466647234375 0.72646474375 0.6979727421875 0.768645128125
11 0.5544776 0.632945371875 0.5157797109375 0.6440683078125 0.49647724374999996 0.6789428875 0.5016762156250001 0.7158933296875001 0.54846689375 0.7406426234375 0.5794252046875 0.7317442734374999 0.60067960625 0.69680153125 0.5933242140625 0.6540634453124999 0.5544776 0.632945371875
11 0.5030208593750001 0.5585239750000001 0.4603509375 0.567831303125 0.43324073125 0.602978534375 0.43453582968750004 0.640065303125 0.46981938593750006 0.671079378125 0.496941990625 0.6642692921875 0.541346959375 0.6207008515625 0.53614799375 0.583750409375 0.5030208593750001 0.5585239750000001
11 0.40465573125 0.651857475 0.4265917625 0.636434084375 0.45732079218750005 0.5650056453125 0.37224120156249996 0.5630909015625 0.34277008124999997 0.586594684375 0.34851435468749997 0.6391606078125001 0.40465573125 0.651857475
11 0.4134425484375 0.7355861984375001 0.45046115468750003 0.732339165625 0.47770768906249994 0.7010958046875 0.43366210625 0.6430272875 0.38716887187500004 0.68276001875 0.3879868296875 0.7061832421875 0.4134425484375 0.7355861984375001
11 0.55028868125 0.5969368140625 0.5513792890625 0.628167778125 0.5984426218750001 0.6607248109375 0.632022103125 0.6429405078125 0.637989440625 0.5899656046875 0.6288308328125 0.5795366937499999 0.581439084375 0.5655571265625 0.55028868125 0.5969368140625
11 0.5433546625 0.5942474843750001 0.5688537499999999 0.5689280906249999 0.5575944875000001 0.5263263312500001 0.5246036796875 0.5050037656249999 0.47985789375000004 0.5388125296874999 0.481481409375 0.5573218343749999 0.5433546625 0.5942474843750001
11 0.34723783125 0.49067720625 0.3465809953125 0.5278321375 0.372104875 0.55918703125 0.4353041984375 0.5501399578124999 0.43839011250000004 0.526580409375 0.41629295937500005 0.4814256453125 0.36694927499999996 0.467514240625 0.34723783125 0.49067720625
11 0.42463360781250004 0.46843133124999997 0.425587890625 0.4957584234375 0.44511964062500003 0.5234139328125 0.4824108984375 0.5279746421875 0.5116775296875 0.4986150546875 0.5101779421875 0.45567247968749997 0.47112684062500004 0.428698596875 0.42463360781250004 0.46843133124999997
11 0.634841540625 0.47183944375 0.6057670015625 0.47871769375 0.58054056875 0.511844828125 0.587895959375 0.5545829125 0.6425625421875 0.5810114890625 0.6735208546875 0.5721131390624999 0.6945026015625 0.52936265625 0.6876925140625 0.502240053125 0.634841540625 0.47183944375
11 0.5200739421875 0.45923553437500003 0.523389140625 0.49820607499999997 0.5582637187499999 0.517508540625 0.62003161875 0.467470828125 0.6151053015625 0.43832812656250003 0.5879703015625 0.416801071875 0.5568756640625 0.4217955546875 0.5200739421875 0.45923553437500003
11 0.5290466359375 0.35241200625 0.48812415937500003 0.355795365625 0.46450884375 0.37909465937500003 0.46580394218750004 0.416181428125 0.5008830109375 0.4413396984375 0.5302302015625 0.4422691859375 0.5594968328125 0.4129096 0.5542978640625 0.3759591578125 0.5290466359375 0.35241200625
11 0.3584475078125 0.419930396875 0.3676866734375 0.46064838437500005 0.410028175 0.46991852031250003 0.4526175390625 0.430322115625 0.4606731375 0.3811829203125 0.44343413906249995 0.3632189234375 0.4101830765625 0.362425759375 0.3584475078125 0.419930396875
11 0.672870196875 0.4695342953125 0.6750699874999999 0.4205995890625 0.655606403125 0.394896015625 0.6180424921875 0.382527565625 0.5965154375 0.409662565625 0.6210416671875 0.46841271406249996 0.672870196875 0.4695342953125
11 0.7924401796875 0.535714178125 0.7892613078124999 0.5006475078125 0.7720223093749999 0.482683509375 0.7443544015625 0.473878115625 0.691992965625 0.4854781953125 0.699416521875 0.5301682140625 0.7924401796875 0.535714178125
11 0.45790324687500006 0.35782786093749996 0.4550651890625 0.332520865625 0.4338541578125 0.3127412578125 0.396699225 0.31208442187499996 0.3805508359375 0.3253513875 0.38703250625 0.37105145624999997 0.45790324687500006 0.35782786093749996
11 0.9615645140625 0.4819274953125 0.9647061921875 0.431982740625 0.92149096875 0.4256745875 0.9449389828125 0.48153091562499994 0.9615645140625 0.4819274953125
11 0.64219075625 0.6543113046875 0.6094168375 0.6671816875000001 0.6043789875 0.6908094 0.6413418265625 0.713947571875 0.658896846875 0.6849969625 0.64219075625 0.6543113046875