11 0.0632375828125 0.95586661875 0.2020189328125 0.9714350671875 0.272955309375 0.8944437984375 0.263593125 0.843380765625 0.2340950671875 0.8157318515625 0.1505707671875 0.80695309375 0.118267015625 0.8153411359374999 0.07784361875 0.8729547906249999 0.0632375828125 0.95586661875
11 0.1840642703125 0.563024103125 0.13622111406249998 0.56977888125 0.09722681718750001 0.613795559375 0.10602903593749999 0.6795288609375 0.1217784609375 0.7165340921875 0.1477999828125 0.7398898421875 0.22344956875 0.73016598125 0.2592764984375 0.6975997015625001 0.26208219375 0.6615627484375 0.24014381718750002 0.599358490625 0.22168783906249998 0.5787617968750001 0.1840642703125 0.563024103125
11 0.46935589999999994 0.6607634359375 0.4807479234375 0.6177734109374999 0.475783915625 0.5809198296875 0.44618084687500004 0.5355849312500001 0.409782221875 0.50819268125 0.36960375624999997 0.498078103125 0.3184882203125 0.49859729531249997 0.285828659375 0.5197131765624999 0.2580280953125 0.5599966546874999 0.24495030624999997 0.609683090625 0.2568148828125 0.6462800078125001 0.281098134375 0.6674891734374999 0.3028731296875 0.6658500484375 0.35716190000000003 0.691194865625 0.4528482140625 0.6776853015625 0.46935589999999994 0.6607634359375
11 0.4397645609375 0.6900573359375 0.40306263124999997 0.6842359234375001 0.36922476875 0.688534953125 0.31898423125 0.7274418375 0.298241753125 0.7939976328125 0.3140961890625 0.8486888515625 0.3436992578125 0.894023753125 0.396658075 0.9133371312499999 0.4246686609375 0.9084256296875 0.49535424062500005 0.8618481906250001 0.5109344203124999 0.7976956390625001 0.4690059546875 0.7108056828125 0.4397645609375 0.6900573359375
11 0.4741682546875 0.7084024359375001 0.5157350453125 0.7707058421874999 0.5465105515625 0.79554319375 0.5698196578125 0.797993078125 0.615049546875 0.7507040234375 0.648169928125 0.73454628125 0.66334179375 0.6742785828125 0.6310263109375 0.608037821875 0.5679470531249999 0.59158850625 0.506868590625 0.62150074375 0.4741682546875 0.7084024359375001
11 0.4426518046875 0.5224487703125 0.4770613640625 0.5781082718749999 0.537994040625 0.5962958515625 0.5994808171875 0.5624987640625 0.639490034375 0.471455559375 0.6202115671875 0.42131416875000005 0.5943942015625 0.3960159953125 0.5229327703125 0.3845773296875 0.456441209375 0.44730664375 0.4426518046875 0.5224487703125
11 0.6436315484375 0.47876444218750003 0.6251348 0.5239535562500001 0.62534481875 0.5593255296875 0.6568903140625 0.6048645890625 0.71669719375 0.6150783093750001 0.8200948390624999 0.55622798125 0.8352667046875 0.4959602828125 0.8178781546874999 0.4371800546875 0.7750397812500001 0.4150026109375 0.729955678125 0.414191846875 0.6436315484375 0.47876444218750003
11 0.9067982375 0.62818514375 0.8761743828125 0.5925623703125 0.8500012109374999 0.57999204375 0.795000821875 0.580102921875 0.74807930625 0.5967739859375001 0.7212470203125 0.6185023421875 0.696310525 0.6689062609375 0.7259719640625 0.7603985546875001 0.7839939328125001 0.7969371015625 0.8508530296875 0.7961087421874999 0.8822351421875 0.7778044203125 0.9149938499999999 0.737060121875 0.92444345 0.6938659390625 0.9067982375 0.62818514375
11 0.72746989375 1 0.7597400078125001 0.9622999390625001 0.7568759390625 0.9521794968749999 0.784682371875 0.9492104203125 0.79740435 0.912251828125 0.77944996875 0.8308274703125 0.6987254984375 0.7486973609375001 0.64045273125 0.742572646875 0.5878614546875001 0.7851602234375 0.5742703390624999 0.8210455234375 0.5767319546875 0.8723652171875 0.6028118484375 0.9418783578125 0.64560358125 0.9925272078124999 0.66205058125 1 0.72746989375 1
11 0.649769165625 1 0.6091524500000001 0.956291965625 0.565334065625 0.87804084375 0.49673670000000003 0.87672261875 0.43913477343749996 0.9109280203125 0.41266416406250006 0.95724293125 0.417628171875 0.9940965125 0.47379610625 1 0.649769165625 1
11 0.2050346484375 0.9707700906250001 0.412209209375 0.9895991890625 0.3650718046875 0.93358388125 0.29718605625 0.9068099671875001 0.23585093124999998 0.9298216375000001 0.2050346484375 0.9707700906250001
11 0.29762928125 0.7998249093750001 0.3106020578125 0.7324524859375 0.2754867453125 0.7395630765625001 0.24395298125 0.76865281875 0.2373149390625 0.8131244499999999 0.2674779765625 0.8437890796874999 0.290028825 0.9001660609375 0.341249371875 0.9173328609375 0.36169441406249997 0.909662303125 0.321766746875 0.8691338937499999 0.302744940625 0.8258930703124999 0.29762928125 0.7998249093750001
11 0 0.8696550593750001 0.0432299 0.8192377140625 0.0163392453125 0.794808678125 0 0.7978044078125001 0 0.8696550593750001
11 0 0.9499657890625001 0.061295159375 0.9556624609375 0.0674198734375 0.8973896937499999 0.09741365937499999 0.8268965421875001 0.058565148437500006 0.8228133984375001 0.021816576562500002 0.84546339375 0 0.8729189156249999 0 0.9499657890625001
11 0 0.7410896734375 0.0293178875 0.764750653125 0.0774702125 0.773739434375 0.118768609375 0.7545134703125 0.13246473593750002 0.7363141578125 0.093756146875 0.64681679375 0.10759805625 0.5805176624999999 0.0704878125 0.5785811 0.028372787500000003 0.605576765625 0 0.6045814609375 0 0.7410896734375
11 0.24175389374999998 0.7615480921875 0.20085794531249998 0.73957480625 0.1454492421875 0.7435705328125 0.1205593859375 0.7655030468749999 0.11392134375 0.8099746781249999 0.14903665625 0.8028640890625001 0.22867610468750002 0.8112345328125 0.24175389374999998 0.7615480921875
11 0.31187950625 0.729640925 0.3470414578125 0.6940589265625 0.285904625 0.677813771875 0.25314591875 0.71855806875 0.249675246875 0.751579303125 0.31187950625 0.729640925
11 1 0.4605315296875 0.9238949328125001 0.45617840000000004 0.86552301875 0.4696821015625 0.8402248484375001 0.4954994640625 0.8305244484375001 0.5691074781250001 0.8802633906249999 0.5910282609374999 0.9123688515625 0.621897046875 0.98975670625 0.614319771875 1 0.5168613359374999 1 0.4605315296875
11 0.9893483921874999 0.6182046234375 0.9419135484375 0.6210745531249999 0.9158978921875001 0.6350332062499999 0.9278674812500001 0.6893161109375 0.9086591125 0.7599609140625 0.9341731734375 0.8068299281250001 0.972251696875 0.7902113640625 0.9893483921874999 0.6182046234375
11 0.787219671875 0.8316440999999999 0.8045149390624999 0.947367140625 0.8977047265625 0.985638090625 0.908694303125 0.983847315625 0.9090501124999999 0.971119471875 0.9054101937500001 0.9029829250000001 0.9243093953124999 0.8165945593749999 0.89153895625 0.7827100546875 0.8049522984375 0.8030676812499999 0.787219671875 0.8316440999999999
11 0.9460443640625 1 0.9709742484375001 0.793022925 0.9367805734375001 0.8100498 0.9124565499999999 0.8546264421875 0.9118616703125 0.9723969203125 0.9220497249999999 1 0.9460443640625 1
11 0.905932075 1 0.88083536875 0.977973396875 0.810394721875 0.9568226046874999 0.7597925109375 0.9711429328125 0.73942156875 1 0.905932075 1
11 0.16351421875 0.553008671875 0.24387115 0.5732378234375 0.303152971875 0.49502161093749997 0.2725291171875 0.4593988390625 0.2583604421875 0.398011209375 0.21542292187499998 0.3954621765625 0.152816215625 0.45859980624999996 0.1421941765625 0.5222915343750001 0.16351421875 0.553008671875
11 0.3707993734375 0.29985154999999997 0.33368912968750003 0.2979149875 0.2965322453125 0.3244498328125 0.2698574796875 0.3727071703125 0.2656751921875 0.4311840953125 0.29834648124999996 0.48469700937500004 0.3639806359375 0.49552320781250003 0.4060431578125 0.45968454531249997 0.42683814218749994 0.40197174375 0.42943968125 0.36787721875 0.4114911640625 0.323767259375 0.3707993734375 0.29985154999999997
11 0.6751477171875 0.3377314984375 0.7047915609375 0.31728059062499997 0.6572458421875 0.265150134375 0.635319196875 0.2775746765625 0.6264354265625001 0.3434129875 0.6751477171875 0.3377314984375
11 0.7668148421875001 0.11955563124999999 0.7398250421875 0.1147550046875 0.6993432734375 0.126211265625 0.650946015625 0.18495072031249998 0.6455329171875 0.21776779687499997 0.6552509109375 0.2561029828125 0.7106188375 0.3178930625 0.8412629468749999 0.2707439296875 0.8495401093750001 0.24804729375 0.8255542953124999 0.1679528890625 0.798611134375 0.13468085624999998 0.7668148421875001 0.11955563124999999
11 0.41787840625 0.3097094625 0.43158626250000004 0.36613894999999996 0.472330559375 0.39889765625 0.558917215625 0.3785400296875 0.616262478125 0.3374340578125 0.5912558781249999 0.267051784375 0.555318071875 0.24461767499999998 0.48007679999999997 0.250456684375 0.4323911609375 0.283740446875 0.41787840625 0.3097094625
11 0.502201740625 0.1987753171875 0.5084957015625 0.24166033125 0.5743340140625001 0.2505441015625 0.61799488125 0.30226624375 0.6476328609374999 0.24450093593750002 0.6504326875 0.17114958281249998 0.6174580953125 0.1392075046875 0.5533580515625001 0.13247031874999998 0.5114996875 0.16636655312499998 0.502201740625 0.1987753171875
11 0.6347357687499999 0.14298734375 0.676343334375 0.1395049421875 0.726222196875 0.0760115046875 0.729996171875 0.021419431250000003 0.5862566796875 0.0063118031249999994 0.5638225718750001 0.0422496078125 0.572828946875 0.106040484375 0.5912849234374999 0.126637178125 0.6347357687499999 0.14298734375
11 0.833067334375 0.16186894999999998 0.8998680609375 0.114883196875 0.9187206218749999 0.0569662375 0.9164690265625 0.041018518749999996 0.7338810234375 0.021827746875 0.72811211875 0.06737266875 0.746468946875 0.10759777343750002 0.7899197921875001 0.12394794375 0.833067334375 0.16186894999999998
11 0.9564025609375 0.11886132812500001 0.9481720390625 0.11308655625 0.8983864562500001 0.11963718281249999 0.8717583296875 0.13942311093749998 0.8344497953125 0.1767433765625 0.8558807109375 0.2624609 0.9109802453125001 0.24272160937499998 0.9483412875000001 0.2142443390625 0.9769059734375001 0.157348165625 0.97480603125 0.130615028125 0.9490936781249999 0.12300284218749999 0.9564025609375 0.11886132812500001
11 0.4552567625 0.0661887828125 0.45669759218749995 0.127220603125 0.49806022656250004 0.1914664328125 0.5232533890625 0.14796308281249998 0.5800386843750001 0.12152738125 0.5628076515625 0.0892761359375 0.5620843015625 0.040103025 0.5389268484375 0.026867721875 0.5000783359375001 0.0227845796875 0.4552567625 0.0661887828125
11 0.3783124109375 0.2937676078125 0.4146585328125 0.312316865625 0.4435323875 0.271164253125 0.49837525937500005 0.244524396875 0.501542628125 0.233074 0.4973486078125 0.2169221234375 0.46943716718750006 0.2022052125 0.4142326234375 0.204258515625 0.37718075 0.2484793484375 0.3783124109375 0.2937676078125
11 0.3372821265625 0.0675363328125 0.32931999843750004 0.14329092968749998 0.34967175781250004 0.1925631859375 0.37610159374999996 0.21203408281249997 0.3935834234375 0.213871496875 0.444337284375 0.18876575 0.45675009843750003 0.1360635984375 0.4499428109375 0.07937744687500001 0.411345096875 0.0448804734375 0.374847325 0.0371166328125 0.3372821265625 0.0675363328125
11 0.327657696875 0.299244940625 0.2771138546875 0.35972266249999996 0.265471034375 0.4331265203125 0.30008475 0.48684359375 0.3700120703125 0.4941932515625 0.41094879375 0.4503807328125 0.4274506140625 0.396144465625 0.42943968125 0.36787721875 0.4114911640625 0.323767259375 0.3707993734375 0.29985154999999997 0.327657696875 0.299244940625
11 0.25886203750000003 0.33718354375000004 0.279616246875 0.34525655 0.317537253125 0.3021090078125 0.3703385515625 0.29489340468749997 0.3771282453125 0.2396363546875 0.3340857140625 0.2194013359375 0.288389140625 0.224417846875 0.240499340625 0.2596440375 0.2323271921875 0.3000266609375 0.25886203750000003 0.33718354375000004
11 0.1380350671875 0.4030394515625 0.1657423515625 0.4196987890625 0.2175695046875 0.393723909375 0.25488390625 0.393718040625 0.265715965625 0.36539828750000003 0.22123260312499998 0.2841314484375 0.1504886546875 0.28455149375 0.114661725 0.317117771875 0.11671502656249999 0.3723223171875 0.1380350671875 0.4030394515625
11 0.15681780781250002 0.5513229078124999 0.1403509 0.502458965625 0.1688105734375 0.42787680625 0.10491468749999999 0.41919719375 0.06642785 0.43970060625 0.0496693671875 0.4870363015625 0.068230353125 0.5253189828125 0.10135659999999999 0.54647564375 0.15681780781250002 0.5513229078124999
11 0.0203053640625 0.33665876875 0.00712843125 0.40597361875000004 0.041228821875 0.44588955781250006 0.0567682265625 0.447522815625 0.09714498437499999 0.41838056406249996 0.13251695937500002 0.4181705421875 0.1378309109375 0.4049818765625 0.1099661109375 0.361793559375 0.10213803749999999 0.3148195359375 0.062163728125 0.3027625328125 0.0203053640625 0.33665876875
11 0.14551878125 0.2103835109375 0.1839123375 0.24682291250000002 0.22133175 0.2645030328125 0.2920173265625 0.21792559531250003 0.29554050625 0.193747353125 0.255356175 0.14631837812499998 0.216606809375 0.12260681874999999 0.1656954296875 0.1211835875 0.13763820468750002 0.1545664953125 0.14551878125 0.2103835109375
11 0.075789753125 0.163777028125 0.0635285921875 0.20569376093749997 0.07017836250000001 0.23585093124999998 0.09211087500000001 0.2607407890625 0.151509440625 0.2748393640625 0.1795200265625 0.2699278609375 0.19106956875 0.253466815625 0.14204224375000002 0.20609034531249998 0.1350308 0.15134662031249999 0.0979205578125 0.14941005937500001 0.075789753125 0.163777028125
11 0.1347624046875 0.0698172515625 0.1321083625 0.095068784375 0.15209845 0.11975448749999999 0.214868540625 0.12046023749999998 0.25556033125 0.1443759515625 0.287811578125 0.12714491875 0.29153891249999997 0.10102425156249999 0.28401414375 0.032479390625 0.2521653453125 0.0085111703125 0.1683377421875 0.021303253124999998 0.1347624046875 0.0698172515625
11 0.329372503125 0.1521339234375 0.30448264375 0.17406643593749999 0.3047451734375 0.218281403125 0.37814903125 0.22992422812500002 0.3856095640625 0.21499729531249998 0.3557556984375 0.20007622500000002 0.329372503125 0.1521339234375
11 0.37137078749999997 0.032823470312500005 0.3253650453125 0.0220964203125 0.284731625 0.044338101562499996 0.2946596390625 0.1180452625 0.312911459375 0.14058437968749998 0.3256393046875 0.1409401890625 0.3351355453125 0.06927459999999999 0.37137078749999997 0.032823470312500005
11 0.408571546875 0 0.3761247734375 0.034305075000000004 0.41328752187499995 0.04508463125 0.449481990625 0.07441930468749999 0.49292110625 0.016140671875000002 0.4839771234375 0 0.408571546875 0
11 0.08245712031249999 0.3058773984375 0.1116460078125 0.3177827484375 0.1530435515625 0.278928371875 0.09926810625 0.26738469375 0.08245712031249999 0.3058773984375
11 0.0951089953125 0.14813261093750002 0.13482664375 0.1532890453125 0.1555749875 0.12404765 0.128480175 0.101561040625 0.0951089953125 0.14813261093750002
11 0.33327171875 0 0.343255190625 0.020048984375000002 0.37392568437499996 0.02720035 0.399913671875 0 0.33327171875 0
11 0.11560124218750001 0.7659638656250001 0.08135506406250001 0.7741477484375 0.0198099171875 0.761787440625 0.0158784265625 0.789850534375 0.0507954453125 0.8219967703125001 0.09956024218750001 0.8251582718750001 0.111570603125 0.8136553718749999 0.11560124218750001 0.7659638656250001