11 0.383791934375 0.33095395625 0.30132511093750003 0.299236440625 0.20930360937499998 0.311304159375 0.1841604015625 0.3528638671875 0.1870434515625 0.411516865625 0.2439530875 0.4525553890625 0.30928759375000003 0.4585793640625 0.361088653125 0.45655341875 0.376024596875 0.4402100375 0.394963515625 0.3624037171875 0.383791934375 0.33095395625
11 0.1956437 0.42241080625 0.11126307656250001 0.44437900781249995 0.086358475 0.47226892343750004 0.0759126 0.5111550406250001 0.09212458125 0.5895749218749999 0.1275871984375 0.628285665625 0.15972363437499998 0.6337301640625 0.23173470625 0.5929885374999999 0.25280182500000004 0.56112479375 0.242789196875 0.463278896875 0.1956437 0.42241080625
11 0.1014939953125 0.388535946875 0.11657122812500001 0.42005388125 0.1320575015625 0.42813788593749996 0.186975278125 0.41542252187499995 0.1822075734375 0.3528297796875 0.2034451265625 0.3112018984375 0.15270569843749998 0.30836281875 0.1080683 0.3476288296875 0.1014939953125 0.388535946875
11 0.33523456406249996 0.594795134375 0.26705603437500003 0.5838379625 0.236429296875 0.60381430625 0.21834254999999997 0.6327999390625 0.2194432078125 0.6816547125 0.24497125468749997 0.7299591578125 0.3005075359375 0.7377655265625 0.3518605265625 0.7054537140625 0.36217005 0.6743789062500001 0.35908247968749996 0.6274428734375 0.33523456406249996 0.594795134375
11 0.3304718 0.587875021875 0.366372603125 0.5455263765625 0.3654082890625 0.4888602921875 0.3473506875 0.4602204703125 0.2847920328125 0.46303534687500003 0.2560158609375 0.4889042625 0.26225918125000003 0.578870675 0.3304718 0.587875021875
11 0.588571075 0.40582830937500003 0.512581234375 0.394734790625 0.48589423906249996 0.41282648125000004 0.46976031875 0.44184619999999997 0.460517365625 0.523728609375 0.49382263593750003 0.5741222296874999 0.5531963984375 0.5859024265625 0.571624015625 0.53738851875 0.619139525 0.5011028765625001 0.6201280390624999 0.444470878125 0.588571075 0.40582830937500003
11 0.5696178390625 0.7082779703125001 0.5039034375 0.668062471875 0.46285997187500005 0.6692994750000001 0.41000222500000005 0.7318630734375 0.41079610468750005 0.7982932968750001 0.4886414515625 0.8709520140624999 0.5460623859375 0.8826981234375 0.57257895 0.8743705687500001 0.6112896906249999 0.8389079531249999 0.6258798234375 0.7864202171875 0.5696178390625 0.7082779703125001
11 0.3648727875 0.6314507875 0.41218871718749994 0.6625547390625 0.454123378125 0.6662168453125 0.49365714374999997 0.6395589953124999 0.48700478281250004 0.5730265125 0.4435604203125 0.5439435593749999 0.378980765625 0.5506300078125 0.3577432109375 0.592257890625 0.3648727875 0.6314507875
11 0.7079128984375 0.5632085203125 0.6966390640625 0.5376172421875001 0.670599715625 0.518605209375 0.6062245796875 0.5135746921875 0.5695689265625 0.5432129140625 0.5569997921875001 0.5918290828125 0.5810571671875 0.6684324828125 0.607130603125 0.6854916875 0.641288040625 0.6870646203125 0.6736630859375 0.6788393265625 0.6964785124999999 0.6587266359374999 0.7079128984375 0.5632085203125
11 0.5714975515625 0.656545084375 0.56265375625 0.6036483078125 0.5051305593750001 0.5977606796875 0.5030122390625 0.663163359375 0.576537953125 0.7035152046875 0.5905486125 0.6842255374999999 0.5714975515625 0.656545084375
11 0.5803754328124999 0.707489034375 0.6296150484374999 0.7962525281249999 0.649075146875 0.80049905 0.7069392109375 0.786858403125 0.7381113359375 0.7356368171875001 0.7268374984375 0.7100455390625 0.6930891 0.685038678125 0.59925111875 0.6892609968750001 0.5803754328124999 0.707489034375
11 0.39079010625 0.4336307890625 0.36383041718750003 0.4673451015625 0.372640125 0.52219470625 0.39477381875 0.5411385656250001 0.44849361875 0.5410995375 0.45849636250000003 0.5276001781249999 0.46571831562500005 0.44958933749999996 0.45718624218750004 0.43478973906249996 0.4241586078125 0.42444612812500004 0.39079010625 0.4336307890625
11 0.4660542421875 0.3743884328125 0.498945528125 0.3925433578125 0.5954230140625 0.40497120000000003 0.615496678125 0.3740668265625 0.5964065875 0.29266657500000004 0.514830959375 0.2658481734375 0.46662877500000005 0.2855177375 0.448030725 0.3437957828125 0.4660542421875 0.3743884328125
11 0.36705383125 0.114808603125 0.336047196875 0.1005934234375 0.285137334375 0.10751847968749999 0.2421459859375 0.164394025 0.24499495 0.22499985156250002 0.27086386562500003 0.253776021875 0.2989923859375 0.26501083125 0.354937709375 0.2493832703125 0.38378205312499997 0.2196087 0.381308040625 0.13752177031249999 0.36705383125 0.114808603125
11 0.2421119 0.166346853125 0.24122564375 0.21712036875 0.27086386562500003 0.253776021875 0.3029321296875 0.26312617656250004 0.3450713109375 0.2550713171875 0.380665334375 0.23029811875 0.4156457953125 0.24067582031249998 0.4285948265625 0.2262511765625 0.42304312343749995 0.20857346875 0.443457653125 0.1581408203125 0.43242242343750004 0.11887974999999999 0.41799777968749996 0.10593071875 0.3966871109375 0.095791628125 0.3555073 0.10483994375000001 0.31460018125 0.098265640625 0.28907707656250003 0.10563382343750001 0.25831399374999997 0.133421478125 0.2421119 0.166346853125
11 0.2993722828125 0.2992023546875 0.38392828125 0.32314264531250003 0.34692187812499997 0.2609638859375 0.31173689531250004 0.262303153125 0.292895296875 0.27857836406250003 0.2993722828125 0.2992023546875
11 0.29275894999999996 0.2863896734375 0.23729084218750002 0.27467764843750003 0.20666410468750002 0.29465399531249997 0.20447266874999998 0.3082897015625 0.2161555515625 0.31044704843750004 0.2876894046875 0.2970450078125 0.29275894999999996 0.2863896734375
11 0.43625990468750003 0.122853578125 0.400592765625 0.0958598015625 0.36544187031250003 0.095246240625 0.35447975625 0.1077521421875 0.381273953125 0.139474596875 0.3855644453125 0.22940692343750002 0.4166392515625 0.23971645000000003 0.4265056515625 0.2340284 0.4210221234375 0.2124450375 0.447363309375 0.15820899375 0.43625990468750003 0.122853578125
11 0.40068564999999995 0.3703172875 0.42059382031250003 0.40484967968749996 0.4488246046875 0.41022600625 0.46101878125000006 0.383090940625 0.4479284640625 0.349654265625 0.45480954687499997 0.2911717 0.42664693906249995 0.28188972031250004 0.40598886093750003 0.29031953125 0.40068564999999995 0.3703172875
11 0.6299064953125 0.2199979734375 0.627091615625 0.15743931875 0.5972147859375 0.1344534578125 0.556375840625 0.123973496875 0.49974384218749995 0.12298498124999999 0.4681236484375 0.1439206984375 0.4509621828125 0.175852615625 0.450382709375 0.2090506828125 0.46539176718749997 0.2444742734375 0.49540494375 0.259648825 0.5782808109375 0.26793240625000003 0.60085763125 0.261489509375 0.6299064953125 0.2199979734375
11 0.4512689640625 0.1582771671875 0.49583818749999997 0.1229168078125 0.5867298859375001 0.11961977343750001 0.559010403125 0.08495103281250001 0.48514382500000003 0.064127465625 0.46150537343750003 0.0754353859375 0.4365325984375 0.1072309578125 0.4512689640625 0.1582771671875
11 0.62778323125 0.2297280234375 0.6115811375 0.2626533984375 0.615735284375 0.360397034375 0.6513683359375 0.3893436375 0.724582325 0.3915983046875 0.7526036453125 0.35301896875 0.7503682406250001 0.2572622453125 0.7286095015625 0.21683728593749999 0.6643366265624999 0.205948284375 0.62778323125 0.2297280234375
11 0.8238065171875 0.47049045781250004 0.7366110124999999 0.4299000046875 0.6702539046875 0.48246085625 0.6677897765624999 0.5117191828125 0.698591890625 0.537651328125 0.729842071875 0.59386934375 0.791032315625 0.6134949375 0.8481415265625 0.5871438671875 0.8603016234374999 0.5619616296875 0.86105153125 0.518999425 0.8238065171875 0.47049045781250004
11 0.794597103125 0.6330913859375 0.7724293234374999 0.61610035625 0.712130278125 0.6013738734375 0.6921979031250001 0.6801395640625 0.74818225625 0.718231803125 0.7837421890625 0.695411434375 0.794597103125 0.6330913859375
11 0.7117360609375 0.7918256875 0.7283570828125 0.8468116390624999 0.78074255625 0.86726025625 0.8030417421875 0.82076735 0.8604918203125 0.7748880046875 0.8386649109375 0.7383686953125 0.7862453484375 0.7198729078125 0.744963275 0.73477970625 0.7117360609375 0.7918256875
11 0.8072393531250001 0.6362421890625 0.7941198890625001 0.660430971875 0.7913148921875 0.7092175734375 0.8617238875 0.7602588406249999 0.8880359296875 0.7636482531250001 0.9077005484375 0.7561778109375 0.9305110359375 0.680392490625 0.875622403125 0.6354824 0.8269039749999999 0.628771746875 0.8072393531250001 0.6362421890625
11 0.95988150625 0.7883433921874999 0.97471025 0.7221858640625001 0.996600390625 0.6991268875000001 0.9961864078125 0.666888190625 0.9529855953125 0.679808075 0.9160913328125 0.7231160890624999 0.9133545125 0.7679970359375 0.95988150625 0.7883433921874999
11 1 0.49789981406250006 0.9625254453125001 0.46900496093750005 0.905893446875 0.468016446875 0.871156534375 0.49964158281250004 0.86551245625 0.5991676125 0.878636859375 0.6306514609375 0.9161545671875 0.66353780625 0.961926709375 0.671173740625 0.9972821265625 0.6600703375 1 0.5043634578125 1 0.49789981406250006
11 0.887490034375 0.40323226874999996 0.83520681875 0.3769251703125 0.79817126875 0.3723718671875 0.747845821875 0.4017714828125 0.7457225625 0.411501534375 0.7797095656249999 0.42283860312500005 0.794854971875 0.4504508828125 0.8507711484374999 0.49244877656249997 0.8673531390625 0.4937149265625 0.9030835093749999 0.4611304203125 0.9056498968750001 0.4260136109375 0.887490034375 0.40323226874999996
11 0.7337329 0.4269196328125 0.729038309375 0.4160938640625 0.622592165625 0.41521255156250003 0.620990090625 0.506995446875 0.6638500359374999 0.5136038375 0.6703561640625 0.47660237343749995 0.7337329 0.4269196328125
11 0.758043203125 0.26520990312500003 0.7519219109375 0.39207551875 0.8208503468749999 0.3600704859375 0.8337603515625001 0.29192604375000003 0.798195471875 0.259073784375 0.758043203125 0.26520990312500003
11 1 0.257894696875 0.9548307140625001 0.23836679218749998 0.88062326875 0.237071496875 0.8313643953125001 0.3172787140625 0.830682659375 0.356335265625 0.8411334734375 0.3731217765625 0.897220084375 0.40535553125 0.94696605625 0.40915398437499995 1 0.39687479375 1 0.257894696875
11 0.852143996875 0.1340197078125 0.8204847718750001 0.1012356234375 0.7794753937500001 0.1005198015625 0.7342194937500001 0.1192640796875 0.6894116625 0.16829423125 0.695650040625 0.2025880171875 0.7364208125 0.21697363281249998 0.757322440625 0.250546653125 0.77585725625 0.251846890625 0.8279991859375 0.23029267031249998 0.8629406171875 0.1869505703125 0.852143996875 0.1340197078125
11 0.6753669140625 0.1895367265625 0.6356236890625 0.1722389140625 0.6377178046875 0.2201343203125 0.676087678125 0.204199975 0.6753669140625 0.1895367265625
11 0.9079144484375 0.46414487812500005 0.9848977453125001 0.47427902812499995 0.9893487875 0.44310196093750004 0.9733462718749999 0.40863774375000006 0.90578624375 0.4182023 0.9079144484375 0.46414487812500005
11 0.3727176765625 0.23797308281250001 0.3498681640625 0.260038603125 0.3956111625 0.32529999374999996 0.402764940625 0.25119480781250003 0.3727176765625 0.23797308281250001
11 0.0032000296875 0.3682627078125 0.0018074171874999999 0.5040012625 0.03928609375 0.4831678078125 0.0539103125 0.42872724375000004 0.0331791203125 0.385390084375 0.0032000296875 0.3682627078125