11 0.41925148749999996 0.561642609375 0.4151881125 0.6075770281249999 0.443356534375 0.630244528125 0.5100679015625 0.627771975 0.52526901875 0.623663278125 0.5291999734374999 0.5954983453125 0.55688398125 0.567939778125 0.557288225 0.5521044093749999 0.5162256859375 0.531249059375 0.455825465625 0.5318484796875 0.41925148749999996 0.561642609375
11 0.5093569328124999 0.45430778125 0.5195398046874999 0.470627546875 0.544380146875 0.47897038125 0.5968382875 0.46863939062500004 0.6294743281249999 0.42953710312500004 0.648195175 0.375625753125 0.6117466390625 0.35017730937499997 0.5627489999999999 0.357063478125 0.51599913125 0.4080109328125 0.5093569328124999 0.45430778125
11 0.462248090625 0.3997865921875 0.472702784375 0.4180404765625 0.4952361265625 0.42867985781250006 0.5078584203125 0.42493359062499997 0.550670353125 0.36467797968750004 0.58371761875 0.3472134140625 0.5589434859375 0.32998583593749997 0.50302484375 0.343761646875 0.471336690625 0.3708968 0.462248090625 0.3997865921875
11 0.6268815437499999 0.35495335625 0.6581724343750001 0.381126659375 0.6963111359374999 0.37182197499999997 0.7328920937500001 0.379500934375 0.7429355640625 0.376117096875 0.7558227 0.33683185781249997 0.73776395625 0.301895778125 0.700095709375 0.28648035156249996 0.6544923609375 0.29880644218749997 0.63488285625 0.31832709375 0.6268815437499999 0.35495335625
11 0.61662548125 0.31004524375 0.6019018 0.32690691875 0.59688355625 0.34733538125 0.6186014296875 0.3521724109375 0.6493347140625 0.29953130156249996 0.61662548125 0.31004524375
11 0.5886034421875 0.3445544359375 0.61431848125 0.312341790625 0.6375941 0.30019517812499996 0.6296520171875 0.29046360781249997 0.5901542046875 0.2900977046875 0.5651152296874999 0.3084091 0.565798278125 0.3319809375 0.5886034421875 0.3445544359375
11 0.6793257234375 0.2696761875 0.703960453125 0.2672001609375 0.7404682203124999 0.2462907734375 0.736795128125 0.2014436453125 0.7122928171875 0.1861501859375 0.6656021796875 0.1907398078125 0.6385280265625 0.213281865625 0.6408420078125 0.2484584078125 0.6793257234375 0.2696761875
11 0.7571608703125 0.23408317812499999 0.798017796875 0.24411966718749997 0.8575293578125001 0.20912955000000003 0.8642447484375 0.191421046875 0.8532464093750001 0.1692989296875 0.7990179328125 0.1483216125 0.7614228765625 0.16149453125 0.735436015625 0.191773059375 0.7571608703125 0.23408317812499999
11 1 0.4650365984375 0.9947263 0.4275122734375 0.957058053125 0.4120968453125 0.90290276875 0.419707875 0.8798989734375 0.4337886046875 0.832811071875 0.491686684375 0.831054696875 0.5353245546875 0.8444262468750001 0.5462653828125 0.9312907640624999 0.5281404125 0.984703771875 0.543315378125 1 0.5280884593749999 1 0.4650365984375
11 0.781638853125 0.48309991406249997 0.815986 0.5216637656249999 0.8476009624999999 0.46594026718750003 0.8856664734375 0.42804723593749994 0.9140997375 0.4151757640625 0.894483253125 0.3972233265625 0.8335393859375 0.3939545125 0.7869219390625 0.42713247968749996 0.781638853125 0.48309991406249997
11 1 0.5691639421875 0.966718221875 0.53696764375 0.928711940625 0.5285028421875 0.877135478125 0.5357514421875 0.8250885625000001 0.5677201515625 0.8111141375 0.599268921875 0.8136999421875 0.6363795796875 0.8629101734375 0.6777853609375 0.9421114125000001 0.6893360265624999 0.986017615625 0.674289975 1 0.660370946875 1 0.5691639421875
11 0.8027016031249999 0.6142574625 0.8409657453125 0.549710203125 0.822502759375 0.5306094921875 0.766510928125 0.5157969578125 0.7010924625 0.536824840625 0.6816223578125 0.5760490953125 0.6999529234375 0.6129192921875 0.8027016031249999 0.6142574625
11 0.604411028125 0.681571775 0.635569496875 0.7255145656249999 0.780732846875 0.7199055828125001 0.8414711015625 0.7123555374999999 0.85280049375 0.690053940625 0.8041269265625001 0.61504330625 0.7013782453124999 0.6137051359375 0.6454596046875001 0.627480946875 0.6132278062500001 0.650747865625 0.604411028125 0.681571775
11 0.9426550578124999 0.6932042609375 0.86033135 0.678147790625 0.8480540718749999 0.7124165203125 0.8663776546875 0.711813628125 0.934852378125 0.70317629375 0.9426550578124999 0.6932042609375
11 0.5335421515625 0.5889711328125 0.5297505984375 0.63683966875 0.5541866984375 0.661017871875 0.5870353328125 0.6702075328125 0.6013547703125 0.6691812265625 0.6282233109375001 0.6358203078125 0.6787786921875 0.611950496875 0.67700835625 0.5806421890625 0.6491117578125001 0.5599088078125 0.5853172453125 0.5550683046875 0.5335421515625 0.5889711328125
11 0.632750159375 0.5276926890625 0.6465991437499999 0.5513864953125001 0.672254953125 0.56553168125 0.7057064625 0.5322317453125 0.775129075 0.5116272765625001 0.734125765625 0.44441409531250003 0.6967293406249999 0.4309327859375 0.6454247015625 0.4401155015625 0.624051840625 0.465800934375 0.632750159375 0.5276926890625
11 0.63166985 0.557429309375 0.6437484984374999 0.5498148078125 0.624051840625 0.465800934375 0.5718655234375001 0.4780660421875 0.5442477265625 0.4967398671875 0.5339394140625 0.535662675 0.56753730625 0.5595394328125 0.63166985 0.557429309375
11 0.539361903125 0.49939884375 0.512824415625 0.4883360484375 0.47726453593749996 0.497278303125 0.436892025 0.5374678796875 0.473605403125 0.527377353125 0.523080478125 0.5332441609374999 0.539361903125 0.49939884375
11 0.49823315468749996 0.4874282375 0.5333887890625 0.49432135156249996 0.5446519703125 0.48090449843750005 0.5126850125 0.4686324453125 0.49823315468749996 0.4874282375
11 0.3924874453125 0.42734168749999996 0.3867931359375 0.4616714015625 0.397857684375 0.4749087765625 0.4210670921875 0.47164690781249996 0.46416480781249997 0.48827159218749994 0.48106307031249995 0.48688285625 0.5012162203125 0.47123043906250006 0.5012092406249999 0.43375735000000004 0.47297460625000004 0.41997459375 0.4605509453125 0.39706663125 0.42648260000000004 0.39790998593750004 0.3924874453125 0.42734168749999996
11 0.3805621609375 0.5296059703125 0.39088443281249996 0.5656293390625 0.4178261640625 0.560856765625 0.4640323890625 0.506041078125 0.4564283390625 0.4893588828125 0.42649656093750005 0.47285616406250003 0.38523539218749997 0.47865504375 0.354090884375 0.50965843125 0.3805621609375 0.5296059703125
11 0.3007720078125 0.6354910796875 0.3800324765625 0.6006839140625 0.3842282734375 0.536980009375 0.3418066234375 0.5064540734375 0.298782096875 0.518417734375 0.27333888125 0.552564496875 0.27145008437499996 0.6139718546874999 0.3007720078125 0.6354910796875
11 0.2918228078125 0.6840844749999999 0.3239953765625 0.7071753890625 0.34225275 0.7154572390625 0.37489577343749997 0.7138280406249999 0.3978333578125 0.708632053125 0.40732620312499995 0.6639068921875 0.437317209375 0.634051778125 0.407517853125 0.599779575 0.3263546265625 0.6210479203125 0.2885609390625 0.6608750671875 0.2918228078125 0.6840844749999999
11 0.4091035203125 0.7326882890624999 0.50872973125 0.7305206546874999 0.5566400812500001 0.7158980171875 0.5575809890625 0.66645779375 0.5114932249999999 0.6285578187499999 0.44593535781250004 0.6298820968750001 0.41628238125 0.6527865859374999 0.3994573125 0.68276366875 0.4091035203125 0.7326882890624999
11 0.6004730921875 0.67226361875 0.5913113 0.6725650640625 0.5608498375 0.727140290625 0.6031982984375001 0.7290778812500001 0.628442884375 0.721585346875 0.6004730921875 0.67226361875
11 0.40279237187500005 0.734561421875 0.4014994703125 0.71600609375 0.34225275 0.7154572390625 0.311167471875 0.7001027953125 0.3063548390625 0.73135011875 0.3704211734375 0.7381247375 0.40279237187500005 0.734561421875
11 0.164087403125 0.617226778125 0.210373796875 0.6284725250000001 0.2419295296875 0.6191068578125 0.2658812140625 0.5930589937499999 0.2727952359375 0.5486962625 0.2379776328125 0.5348525234375 0.1857251046875 0.5560023734375 0.157703065625 0.590511565625 0.164087403125 0.617226778125
11 0.164484665625 0.5639183203125 0.23885931093749999 0.5317701312499999 0.22446668125000002 0.5042080921875 0.19711372656249998 0.48734294375 0.17078184999999999 0.48709900937499995 0.1437076984375 0.5096410687499999 0.141811921875 0.5335753359375001 0.164484665625 0.5639183203125
11 0.23451015156250002 0.5008242546874999 0.302507440625 0.47943394218749996 0.300737103125 0.448125634375 0.2819360859375 0.43597555000000004 0.2269653328125 0.43778422656249993 0.19704053593749998 0.4587545984375 0.2011178734375 0.48776635781250005 0.23451015156250002 0.5008242546874999
11 0.3441136234375 0.5041575265625 0.37878484375 0.4608245734375 0.360659890625 0.43477323749999996 0.3237409 0.4340449046875 0.303315928125 0.44776320468749997 0.31690006875 0.5069959828124999 0.3441136234375 0.5041575265625
11 0.276924821875 0.4938771015625 0.23614108749999999 0.5124289578125001 0.241438134375 0.5314077015625001 0.272251590625 0.544828028125 0.3097072453125 0.51195150625 0.276924821875 0.4938771015625
11 0.3926860765625 0.400687459375 0.3645908453125 0.4066083046875 0.3481038078125 0.4296347625 0.380004553125 0.4507915578125 0.4080928046875 0.40739762187500006 0.3926860765625 0.400687459375
11 0.2993779921875 0.43845504843749994 0.3440996625 0.42921134843750003 0.37035834843750004 0.4008669375 0.3468039265625 0.37360634375 0.3153144046875 0.37408726875 0.26733784531250004 0.39759465 0.27141518124999997 0.426606409375 0.2993779921875 0.43845504843749994
11 0.3439532796875 0.37203465625 0.3715780578125 0.3908339203125 0.39627899843750003 0.3794731515625 0.40278877812499997 0.35094578906249996 0.373128821875 0.33637718906249997 0.32535089375 0.3332303421875 0.3077765671875 0.3485203296875 0.3084596125 0.3720921671875 0.3439532796875 0.37203465625
11 0.4467681703125 0.364488084375 0.411274503125 0.36454559531249997 0.3852876421875 0.3948241234375 0.40266333750000005 0.40618836406250003 0.42648260000000004 0.39790998593750004 0.4467681703125 0.364488084375
11 0.4467681703125 0.364488084375 0.479609825 0.33620465624999996 0.47797889062500004 0.324599953125 0.4599933390625 0.31825221875 0.4264686390625 0.3229638078125 0.4017014875 0.3432093203125 0.41358150312499997 0.36224904687500004 0.4467681703125 0.364488084375
11 0.3084596125 0.3720921671875 0.3022808875 0.3561958140625 0.260476071875 0.358126459375 0.24466510156250001 0.3672516640625 0.24073414531249998 0.39541659687499997 0.25525919531249996 0.40520915156250004 0.3084596125 0.3720921671875
11 0.1844182421875 0.46250086562500003 0.2269653328125 0.43778422656249993 0.2579112109375 0.43343506718749997 0.250373371875 0.40786812812499995 0.216099415625 0.3978926234375 0.1687327109375 0.41638349531249996 0.15998214375 0.43832266249999996 0.1844182421875 0.46250086562500003
11 0.0720512765625 0.56113043125 0.1005577328125 0.5768473046875 0.147586403125 0.56530705625 0.1528102609375 0.5556974546875 0.1376021640625 0.5223330625 0.1141871453125 0.514776071875 0.08582008906250001 0.5187628 0.06878940781250001 0.537921021875 0.0720512765625 0.56113043125
11 0.1187558765625 0.6314869859375001 0.16150857968750001 0.6175892078125 0.15593970937499999 0.5966763484375 0.1661818109375 0.56663828125 0.12464881875 0.5705030437499999 0.09730284375 0.5911109859375 0.09486342187499999 0.6111770187500001 0.1187558765625 0.6314869859375001
11 0.10640540624999999 0.637167371875 0.1164488765625 0.633783534375 0.09486342187499999 0.6111770187500001 0.1016450234375 0.5845837734375 0.0767384703125 0.58512568125 0.052786785937500004 0.6111735453125 0.0555050109375 0.63051471875 0.10640540624999999 0.637167371875
11 0.0875521390625 0.70884820625 0.11890923906249999 0.7261367671875 0.16973644375000002 0.7042010734375 0.21390748906249998 0.65361605 0.20833861874999998 0.6327031890625 0.18180113125 0.62164039375 0.13741749375 0.62393346875 0.0918873375 0.66484790625 0.0875521390625 0.70884820625
11 0.0335362546875 0.7361628390625 0.054710484375 0.7371316343750001 0.0974631875 0.72323385625 0.0837466234375 0.6817705640625 0.10979969687499999 0.64260729375 0.09439296875 0.6358971296875 0.0582894453125 0.6409711484375 0.026873114062499998 0.6700404203125 0.0335362546875 0.7361628390625
11 0.4934518296875 0.322425371875 0.5593477296875 0.3141504671875 0.5812642343750001 0.29233326875 0.5777305421875 0.26718974375000004 0.5460354078125 0.2568518078125 0.497581415625 0.26760621093750003 0.4744451984375 0.29945642656250004 0.4934518296875 0.322425371875
11 0.47540704843750003 0.36243547187499997 0.510489490625 0.340740240625 0.5589434859375 0.32998583593749997 0.55928151875 0.3230352109375 0.540752321875 0.3128192421875 0.504920621875 0.3198273796875 0.47811829218749996 0.34430355625 0.47540704843750003 0.36243547187499997
11 0.621570534375 0.261028434375 0.6413856531250001 0.2523266421875 0.6387998484375 0.21521598437499997 0.6529798859375 0.19448607499999998 0.61999883125 0.2030658984375 0.6055469718750001 0.221861690625 0.6070454859375001 0.2512358796875 0.621570534375 0.261028434375
11 0.6283591171875 0.271908278125 0.641936278125 0.29366796562499997 0.675865221875 0.27312100781250004 0.64824044375 0.25432174375 0.6283591171875 0.271908278125
11 0.621371903125 0.2876826625 0.6289027625 0.2757765125 0.6121369203125 0.25939576249999996 0.5834318328125 0.27033311875 0.58872888125 0.2893118609375 0.6070524671875 0.28870896875 0.621371903125 0.2876826625
11 0.7150912140625 0.27155279375 0.6947986625 0.2675016078125 0.647093925 0.29294310625 0.6519135390625 0.29916887187499996 0.700095709375 0.28648035156249996 0.7203882609375001 0.2905315375 0.7150912140625 0.27155279375
11 0.6330010406250001 0.4172075390625 0.6336840859375 0.44077937812499995 0.6993081640625001 0.4305703546875 0.7236048625 0.4350449546875 0.756254865625 0.47088884531249997 0.77728969375 0.4521540375 0.7802727593750001 0.43595623906250003 0.7744320671875 0.4131092609375 0.7531184359374999 0.3924368625 0.704319428125 0.372668803125 0.6587160796875 0.38499489374999996 0.6330010406250001 0.4172075390625
11 0.7471453234375 0.3873593703125 0.7878698281250001 0.41516534531250004 0.828381740625 0.394679371875 0.870796409375 0.38773221874999997 0.8857187218749999 0.344216315625 0.8507617203125 0.31066897187500003 0.788869965625 0.319367290625 0.7476819859375 0.35375451562500004 0.7471453234375 0.3873593703125
11 0.9204108859375 0.41330263125 0.9622156984375 0.4113719859375 0.9833237171875 0.4212255234375 0.9933671890625 0.4178416875 0.9800478874999999 0.3230699375 0.9184941656250001 0.32481763125 0.8891130140625 0.34965623749999997 0.8764977 0.39087559375 0.9204108859375 0.41330263125
11 0.9221532984374999 0.29471858125 0.9063423265624999 0.3038437875 0.91591534375 0.3251800609375 0.9771972421875 0.3214982515625 0.96938758125 0.2939971953125 0.9221532984374999 0.29471858125
11 0.8507617203125 0.31066897187500003 0.88856936875 0.345788003125 0.9121830203125001 0.32669076406249997 0.8990101015624999 0.2890957078125 0.8747796140625 0.275736365625 0.8360972671875 0.281172815625 0.8113301156249999 0.3014183265625 0.8126892281250001 0.3110889125 0.8507617203125 0.31066897187500003
11 0.8107864703125 0.2975500921875 0.8461407375000001 0.277788978125 0.8941904890625001 0.2828699421875 0.8977764296874999 0.224182546875 0.8603800046875 0.2107012359375 0.8236004156250001 0.22967650781249999 0.803586665625 0.265032528125 0.8107864703125 0.2975500921875
11 0.8064442921874999 0.30407730312500003 0.7667408671875 0.292892540625 0.7492327484375 0.2992977859375 0.7558227 0.33683185781249997 0.803799259375 0.3133244765625 0.8064442921874999 0.30407730312500003
11 0.7482899078125 0.30896636875 0.7645892828124999 0.288673284375 0.8082532265625 0.302452096875 0.8045567265625 0.251503753125 0.76759768125 0.24238450937499997 0.72753595 0.28845079375 0.7482899078125 0.30896636875
11 0.921052046875 0.212035934375 0.9161662249999999 0.21469491093749998 0.9080917218750001 0.2227328265625 0.9019861859375 0.2354248203125 0.901310121875 0.24932607187500003 0.8990031203125 0.25162261875 0.9025368125 0.27676614375 0.9090535703124999 0.28571187187499997 0.9298897671875 0.2936312921875 0.94420920625 0.2926049859375 0.971422759375 0.2897665296875 0.9748832609375 0.286321709375 0.9645540078125 0.21282525156249998 0.9574273921875 0.20889603281250002 0.9496909234375 0.20998332187500002 0.9468402796875001 0.208411634375 0.921052046875 0.212035934375
11 0.9204352109375 0.179579353125 0.9163648562500001 0.1880406828125 0.9169085000000001 0.1919089171875 0.9125663203125001 0.1984361296875 0.9133817875 0.20423848125 0.9110747890625 0.20653502812500002 0.9135874015625 0.2150573421875 0.918745046875 0.21433248124999998 0.921052046875 0.212035934375 0.9442614546874999 0.2087740640625 0.9471121015625 0.21034575156250002 0.95627389375 0.21004430625 0.9640103625 0.20895701562500002 0.9547021890625 0.1520817703125 0.9420798953125 0.15582803750000002 0.9411982171875 0.158910428125 0.9340053921875 0.16386595312500002 0.934277215625 0.1658000703125 0.9204352109375 0.179579353125
11 0.9135142093749999 0.1864689953125 0.9158212109375 0.1841724484375 0.9126987421875 0.18066664375000002 0.9118832749999999 0.1748642921875 0.8936259015625 0.166582440625 0.8675658484375001 0.1682726234375 0.8615265234375 0.1720798734375 0.8653320375 0.19915751718750002 0.8607180375000001 0.20375061093750002 0.8615335046875 0.20955296250000002 0.8658094734375 0.21191049374999998 0.8738177640625 0.212757321875 0.8977764296874999 0.224182546875 0.9017805750000001 0.22460596093750002 0.9075480765625 0.2188645921875 0.9070044312500001 0.21499635781249998 0.9093114328125 0.2126998109375 0.908495965625 0.20689745781250002 0.9143296765625 0.192271346875 0.9135142093749999 0.1864689953125
11 0.951168496875 0.1269382453125 0.943432028125 0.128025534375 0.9287745562499999 0.1360024671875 0.8970864031250001 0.1631376203125 0.8976300484375 0.1670058546875 0.9059101625 0.1697868 0.9150057437499999 0.178370096875 0.924167534375 0.17806865 0.940316540625 0.16199281875 0.9428953625000001 0.1616303890625 0.9475093640625 0.1570372953125 0.952667009375 0.156312434375 0.9561275109375 0.1528676140625 0.951168496875 0.1269382453125
11 0.861446353125 0.1060184390625 0.854253528125 0.1109739640625 0.8439382359375 0.1124236828125 0.8390524125000001 0.1150826609375 0.8165922609375 0.13303162500000001 0.8125219046875 0.1414929546875 0.81360919375 0.1492294234375 0.8558252328125 0.1689365 0.8881964328124999 0.1653731828125 0.9126917609375 0.1431935546875 0.9162184734375 0.130863990625 0.9140438937500001 0.1153910515625 0.9004005218750001 0.10251610625 0.886962759375 0.100460021875 0.861446353125 0.1060184390625
11 0.7654200421875 0.1244448546875 0.7525921375 0.11737226249999999 0.7391543765625 0.1153161765625 0.728839084375 0.11676589687500001 0.7259884390625 0.115194209375 0.7053578546875 0.1180936484375 0.6981650296875 0.12304917343749999 0.67909916875 0.1464380609375 0.6773358125 0.1526028421875 0.6819567953125001 0.18548283593749998 0.6862327625 0.1878403671875 0.6939692328125 0.186753078125 0.696819878125 0.188324765625 0.7122928171875 0.1861501859375 0.7245770765625 0.18935454375 0.7337388687499999 0.1890530984375 0.7539582296875 0.1645159375 0.7686157 0.15653900625 0.774383203125 0.1507976375 0.7719368 0.13339058125 0.7659636875 0.12831309062500001 0.7654200421875 0.1244448546875