11 0.5551683171875 0.9029188625 0.59239485 0.838282021875 0.5898495671874999 0.7433030625 0.56596520625 0.6838382921874999 0.5070187859375 0.6371413109375 0.466754090625 0.6371158390625 0.4013702890625 0.6574436875 0.36415903906249997 0.6979217109375 0.3565480390625 0.7481293609375 0.3574472015625 0.8243960296875 0.383932878125 0.8902574296875001 0.407370203125 0.9075623937499999 0.4618507625 0.90001761875 0.48931710624999997 0.9132986624999999 0.49074989843749994 0.8948251703125001 0.529109296875 0.9114290234375 0.5551683171875 0.9029188625
11 0.2858603421875 0.541313509375 0.2062606765625 0.5692116046875 0.1747245640625 0.6243779953125 0.1822693421875 0.6788585546875 0.2307952109375 0.7241278375 0.301371459375 0.732699125 0.343063853125 0.72230404375 0.392611140625 0.6505694609375 0.3834151484375 0.5854295515625 0.361878025 0.5595991421875001 0.31428188125 0.54227889375 0.2858603421875 0.541313509375
11 0.2592065609375 0.7411990984375 0.22765516875 0.82052430625 0.27873650625 0.9446666718750001 0.3220597421875 0.9771426953125 0.34811366875 0.976685475 0.39123885625 0.9478169046874999 0.3922144265625 0.903289484375 0.3640571578125 0.8589804921875 0.35086780625 0.7414939328125 0.321740059375 0.733659415625 0.2592065609375 0.7411990984375
11 0.248455253125 1 0.27729861875 0.9711931015624999 0.276130096875 0.94632298125 0.2295248078125 0.8603164984375 0.2174734140625 0.8160176937499999 0.1573075296875 0.8249799796874999 0.11725616406249999 0.862140290625 0.10822255781250001 0.914715553125 0.1453573984375 0.9950316156250001 0.16134468125 1 0.248455253125 1
11 0.5613922828125 1 0.584006325 0.9943616859375 0.6074844046875 0.9472431390624999 0.6011081515625001 0.9176327000000001 0.5764921125 0.8915634921875 0.5205736671875 0.9256346984375 0.4727285359375 0.9274992453124999 0.404052490625 0.9104025124999999 0.39668028906249997 0.9575312468750001 0.414183303125 0.9954385171875 0.41913803749999995 1 0.5613922828125 1
11 0.6997811625 0.69173903125 0.6315623375 0.700696225 0.5962360078125 0.7568076234375 0.5966626640625 0.8311791843749999 0.5843164390625 0.8785416234375001 0.6060821765625 0.9173989953125 0.6295195015624999 0.9347039625000001 0.651783209375 0.9351917468750001 0.7802290484375 0.820636996875 0.7894810734375 0.7971945765624999 0.7793247921875001 0.7524232671875 0.75542515 0.7171173125 0.6997811625 0.69173903125
11 0.9122925265624999 0.6035279453125 0.9307965796875 0.5566431046875 0.9201677953124999 0.5099766875 0.9069173156250001 0.4891253953125 0.8439215015625001 0.478664090625 0.7951517406249999 0.44452666250000006 0.7705153250000001 0.4506692109375 0.6942129984375 0.5079389437499999 0.65746915625 0.558365015625 0.6484457406249999 0.5948344 0.6649884625 0.6531102703125 0.6905495109374999 0.6829696953125 0.73530044375 0.7050251671875001 0.7698798124999999 0.70646815 0.812522309375 0.6918103484375 0.85612 0.664836884375 0.9122925265624999 0.6035279453125
11 0.79563890625 0.7976721734375001 0.9669711328125 0.6573277656250001 0.9764619578125 0.6308064296875 0.916794046875 0.60139913125 0.8480568734375 0.6809376703125001 0.785985690625 0.7064783390625 0.7904719296875 0.7285083421875 0.780041190625 0.7431865203125 0.79563890625 0.7976721734375001
11 0.59144536875 0.46713552031249994 0.5620788234375 0.4623799234375 0.52464915 0.47372510468750006 0.4575682859375 0.555870053125 0.47031060468749997 0.6311968078125 0.5174393375 0.6385690078125 0.571416828125 0.677446759375 0.6112141140625 0.66752418125 0.6493754640625 0.622783434375 0.6588968578125 0.5479444640625 0.650152990625 0.51691141875 0.6352462015625 0.49345371718750003 0.59144536875 0.46713552031249994
11 0.37210562343750003 0.49162930468750005 0.353840365625 0.5354352312499999 0.40162946406250005 0.622153015625 0.43170221875000003 0.6337777499999999 0.4648640765625 0.6295354046875 0.45709578281249996 0.55397494375 0.519913925 0.47087989375 0.4810820234375 0.4523809328125 0.4455525515625 0.455200671875 0.3948571171875 0.4698533828125 0.37210562343750003 0.49162930468750005
11 0.694828134375 0.28435176093750003 0.6389198765625 0.3023170859375 0.60668774375 0.33450846562500003 0.58415976875 0.3773642921875 0.5755935734375 0.43988760156250006 0.583158725 0.4621564046875 0.680002228125 0.5074562515625 0.7695703171875 0.44687899062499997 0.7747984234375 0.4194075546875 0.7371757953125 0.3613552015625 0.7315312234375 0.2983492 0.694828134375 0.28435176093750003
11 1 0.46236732343750003 0.918521675 0.49126439531250005 0.9369595046875 0.5490677625 0.9350440203125 0.5817520234375 0.9878377046875 0.61991846875 1 0.611090309375 1 0.46236732343750003
11 1 0.45041597031249997 0.9567950937499999 0.269358990625 0.8549826609375 0.2162399078125 0.7905540531249999 0.2242520953125 0.7540592 0.255493375 0.73436115 0.3177727921875 0.7740922125 0.412538421875 0.8129088359375001 0.45519619999999994 0.887971321875 0.48579749375 1 0.4578656078125 1 0.45041597031249997
11 0.737796028125 0.1297150765625 0.7652878421875 0.10273142500000002 0.7238495281249999 0.085888775 0.6698363781250001 0.1033816 0.6274123031250001 0.14717224375 0.6368420015625 0.2172861765625 0.6581352359375 0.25424844062499996 0.7237221765624999 0.2872122515625 0.7777607953125 0.22945473125000002 0.8241935093749999 0.2138519203125 0.8190061562500001 0.17689984375 0.7811447312500001 0.1219264046875 0.737796028125 0.1297150765625
11 0.4705704 0.22049691562499998 0.474340240625 0.251763665625 0.49327095312499997 0.279250384375 0.547975028125 0.2927855078125 0.6053109859375 0.264399628125 0.6297340703125001 0.22107130156250002 0.62243828125 0.1474059484375 0.6068150953125 0.1331849890625 0.5338712343750001 0.12319109843750001 0.48837334062500004 0.1586900046875 0.4705704 0.22049691562499998
11 0.47123585625000003 0.2917895625 0.42833927968749996 0.333685096875 0.43067123125 0.391478275 0.495765296875 0.4547587359375 0.528916965625 0.46662226562500003 0.5691867546875 0.4585947984375 0.5879601734375 0.36031340625 0.5728043953124999 0.356040496875 0.5713919781250001 0.3423022328125 0.5891490734375 0.35297177031250004 0.6005350078125 0.32597793125 0.5422897015625 0.29420301875 0.47123585625000003 0.2917895625
11 0.3411897421875 0.315155571875 0.3444616109375 0.38479190625 0.3861336265625 0.4066085828125 0.40576545468749997 0.449017371875 0.46333002343749996 0.43365845625 0.4283036203125 0.3900556703125 0.4226437640625 0.3512084859375 0.4323733890625 0.3216082328125 0.4660281265625 0.2870492421875 0.4016148015625 0.2709026125 0.36608023749999996 0.2817752890625 0.3411897421875 0.315155571875
11 0.22406361718749998 0.507404690625 0.273072178125 0.5384632046875 0.3417584125 0.539454059375 0.3993637296875 0.45967162968749997 0.38920745 0.4149003203125 0.358906084375 0.3902486234375 0.33190715000000004 0.386915625 0.2579979046875 0.40534326875 0.22030905625 0.451979125 0.22406361718749998 0.507404690625
11 0.1688462859375 0.55639796875 0.112938028125 0.5743633 0.071931465625 0.6238392687500001 0.0666880765625 0.6754695234375 0.0761381515625 0.7133717015625 0.09316866093750001 0.7493838625 0.12702144531249998 0.776169465625 0.173443971875 0.7766725359375 0.2253384953125 0.7385723109375 0.22392607656250002 0.7248340468750001 0.183686853125 0.68454388125 0.17328667656250002 0.650904425 0.1944226140625 0.5620985796875 0.1688462859375 0.55639796875
11 0.172966375 0.782830365625 0.1149445828125 0.77213535625 0.07778936875 0.72403105 0.058360682812499995 0.73491391875 0.047218640625 0.750775903125 0.08171141093749999 0.8891188484375 0.10421391718749999 0.8865277171875 0.12460798749999999 0.8472233140625001 0.162520353125 0.8216673609375 0.172966375 0.782830365625
11 0.19797912499999998 0.5561795484375 0.20128665156249997 0.569445309375 0.27117706875 0.5389357078125 0.22476473125 0.5223267640625 0.19797912499999998 0.5561795484375
11 0.10722661093750001 0.9914547265625 0.131629321875 0.98033815625 0.11246999843750001 0.939824471875 0.105870228125 0.88913413125 0.08289521718750001 0.8898301515625 0.10722661093750001 0.9914547265625
11 0.009890848437499999 0.6010623046875 0.0469849359375 0.7458018796875 0.0751880515625 0.7176344218749999 0.0647980625 0.6678890890625 0.0731305546875 0.60039175625 0.047081721874999996 0.5927960375 0.009890848437499999 0.6010623046875
11 0.129049 0.566320546875 0.1949002125 0.5559407484375 0.203918534375 0.5275243046875 0.15183615156250002 0.48817405 0.0888301515625 0.49381862656250003 0.0554091171875 0.53335164375 0.060113778124999996 0.5845144875 0.07881588125 0.5989742453125 0.129049 0.566320546875
11 0.1691258390625 0.4888955421875 0.1847439296875 0.5111694390625 0.21339407968750002 0.5251617875 0.2264261359375 0.5168802359375 0.216285134375 0.4479501078125 0.1708279921875 0.41902549999999994 0.1691258390625 0.4888955421875
11 0.1578366875 0.362883540625 0.1563988 0.3894099703125 0.1691716828125 0.416419090625 0.21391752187500002 0.446527503125 0.2755314828125 0.3949329078125 0.3356973671875 0.38597061718750003 0.3342951390625 0.356126475 0.27701012187499996 0.30398296406249997 0.22348985312499997 0.2911591421875 0.1922180109375 0.3029819234375 0.1578366875 0.362883540625
11 0.2559811625 0.223677090625 0.267778471875 0.2952136296875 0.3200996515625 0.3314849671875 0.3357330265625 0.32960004375 0.35897230625 0.285560415625 0.40090859375 0.2640334796875 0.388882671875 0.17946997656250002 0.35858130625 0.1548182796875 0.3064734546875 0.155732725 0.28704476875 0.1666155921875 0.2559811625 0.223677090625
11 0.40708170624999995 0.240352259375 0.44614221875000004 0.271878184375 0.4776477671875 0.2650294265625 0.4748585890625 0.18118232343750001 0.5239282796875 0.1156055671875 0.4888967828125 0.080055721875 0.44341417187500004 0.0913958109375 0.41331594687499995 0.120035771875 0.395258925 0.20908041718749998 0.40708170624999995 0.240352259375
11 0.6873954265625 0.052706542187500004 0.6476185171875 0.0304173640625 0.6016634 0.0398623421875 0.5656461453125 0.064945790625 0.532214921875 0.1205846859375 0.626706096875 0.1403031125 0.692110275 0.08776350625 0.6873954265625 0.052706542187500004
11 0.43860771718749997 0 0.32502844999999997 0.0283184921875 0.3285696796875 0.046558278125000005 0.362651075 0.08637084687499999 0.395569040625 0.09326035625 0.45467153125 0 0.43860771718749997 0
11 0.25288186874999996 0.2556500484375 0.26618838437500003 0.18791901093750002 0.2993655234375 0.1595178484375 0.33774020312499997 0.15196288125 0.33585018906249997 0.1443824453125 0.3131241640625 0.1258936734375 0.26006111718749997 0.1391237765625 0.20080458124999997 0.2082468578125 0.19487026875 0.22884916249999998 0.25288186874999996 0.2556500484375
11 0.1464660375 0.3657185609375 0.156175284375 0.3683300671875 0.19174550625 0.3010868125 0.2561741125 0.2930746265625 0.24861405312499998 0.262752884375 0.1903687484375 0.230977975 0.151043965625 0.24279566406250003 0.127098478125 0.27996616093750004 0.13227055000000001 0.341077053125 0.1464660375 0.3657185609375
11 0.16609276875 0.41618029375 0.13889069375000002 0.3595556375 0.11165296093749999 0.35930155625000004 0.06875638437500001 0.4011970921875 0.062090392187499996 0.455194959375 0.08788514375 0.4900284078125 0.1627343015625 0.4834439203125 0.16609276875 0.41618029375
11 0 0.5169824078125 0.016551746875000002 0.5551173765625 0.051359725 0.5695873203125 0.0563592203125 0.529088921875 0.08362242187499999 0.48907830468749997 0.0557039515625 0.44169039843749996 0.007371034375 0.4658186515625 0 0.48354994375000004 0 0.5169824078125
11 0.11070795468750001 0.3555113390625 0.0642905234375 0.34695533125 0.0306459734375 0.3654084453125 0.015231021875 0.3964262078125 0.028471314062500003 0.433383378125 0.05712655625 0.439322784375 0.07658071250000001 0.3881752234375 0.11070795468750001 0.3555113390625
11 0 0.477731796875 0.035335353125 0.440730109375 0.0135645234375 0.4099256734375 0 0.413026559375 0 0.477731796875
11 0 0.40447374687500004 0.012619517187500002 0.406135459375 0.0287508640625 0.36588094843749996 0.050079753125 0.346472640625 0 0.30863545000000003 0 0.40447374687500004
11 0.0046582703125 0.2611774609375 0.0086516265625 0.3135241109375 0.042976915625 0.3422048265625 0.097924884375 0.344608096875 0.119767028125 0.2626713796875 0.0780950109375 0.24085470625 0.0046582703125 0.2611774609375
11 0 0.2788429921875 0.0200120921875 0.3267949671875 0.051502357812499996 0.34410502656249997 0.0993474890625 0.34224048281249997 0.12284085156249999 0.27096311875 0.11457458281249999 0.23377224531250002 0.0963551734375 0.20510172031249999 0.0634423015625 0.19015927187499998 0 0.2040096953125 0 0.2788429921875
11 0.17994819687500002 0.22955027656250002 0.2301965984375 0.17273776406250002 0.23020678593750002 0.1566318859375 0.1876152296875 0.09076029687500001 0.144972734375 0.1054181 0.11676452500000001 0.14163849687500002 0.129522125 0.1928064359375 0.15508316875 0.22266586249999998 0.17994819687500002 0.22955027656250002
11 0.1032395875 0.18023669375 0.0963551734375 0.20510172031249999 0.12143862187500001 0.2411189765625 0.14014581718750002 0.24752579375 0.1538993640625 0.2219545578125 0.11958935781249999 0.169115028125 0.1032395875 0.18023669375
11 0.36998761875 0.095612684375 0.3316384078125 0.0629029546875 0.290896115625 0.06903531562500001 0.2593752859375 0.1000428890625 0.2574598015625 0.1327271484375 0.31028405000000003 0.1225759625 0.3576363 0.1510280640625 0.36998761875 0.095612684375
11 0.2579323046875 0.13462225781249998 0.255579971875 0.1090408359375 0.2809480671875 0.0695027234375 0.258699640625 0.044856121875 0.22269257343749999 0.053833692187500004 0.2034924984375 0.077743521875 0.20393953125 0.1199033265625 0.23636461718750001 0.157109484375 0.2579323046875 0.13462225781249998
11 0.3231333421875 0.0287909953125 0.2624898578125 0.0439111140625 0.2636685703125 0.052675356250000006 0.28663339374999997 0.0680852125 0.3287982921875 0.059585240625 0.3231333421875 0.0287909953125
11 0.17813968593750001 0.093122815625 0.17909488125 0.08080715625 0.171524634375 0.0665912921875 0.11656647812500001 0.0802939 0.1058867515625 0.11415687187500001 0.1143918171875 0.14826883125 0.1279116609375 0.11772357343749999 0.17813968593750001 0.093122815625