11 0.5928891453125 0.10407228125000001 0.5349714109375 0.15107517343750002 0.5033102234375 0.2406578171875 0.5042979265625 0.304732353125 0.5425944484375 0.3694522484375 0.580175653125 0.3839056046875 0.6485015390625 0.3883593828125 0.6977472609375 0.3639052109375 0.722845553125 0.319759871875 0.7493376421875 0.24823657031250002 0.7482137484375 0.17725803906249998 0.7325346640625 0.1527032765625 0.678968875 0.1402228453125 0.6580863359375 0.11798086562500001 0.6501284 0.13471388906249998 0.6202671046875 0.1054660765625 0.5928891453125 0.10407228125000001
11 0.71472203125 0.53817130625 0.7990325031250001 0.540652159375 0.84824386875 0.5004514296875 0.8607242968750001 0.44688563906249995 0.8316445546875 0.38723300625 0.7688276265625 0.3539387546875 0.7261791578125 0.34870218125 0.6542154046875 0.3979160234375 0.6394565484375 0.4620249171875 0.6503063953125 0.493857896875 0.6885342015625 0.527084675 0.71472203125 0.53817130625
11 0.8112380671875 0.3611138921875 0.8691214421875 0.2983644390625 0.86592155 0.16416164375 0.8371141921874999 0.11831700468749999 0.8126269031250001 0.10940696406249999 0.7620205015625 0.12090341093750001 0.7451525265625001 0.162123725 0.7555606796875 0.213580396875 0.7257705828125001 0.327990190625 0.7501560375 0.3457427921875 0.8112380671875 0.3611138921875
11 1 0.15824376406250001 0.9582574312500001 0.125320353125 0.9236012562499999 0.119097315625 0.8767701562499999 0.13991238125 0.8689484125 0.1635493984375 0.8816362296875001 0.260545209375 0.8770119031249999 0.306220540625 0.9363933921875001 0.31941505000000003 0.9871016265625 0.2990760359375 1 0.2773953859375 1 0.15824376406250001
11 0.9829471484375001 0.060463021875 0.745829765625 0.028396981249999998 0.7660325859375 0.07220121874999999 0.8378282703125001 0.112501303125 0.9247913875 0.10940448124999999 0.9829471484375001 0.060463021875
11 0.6333266625 0.0952628328125 0.6786621328125 0.11066829062500001 0.7366498234375001 0.1512407609375 0.76042179375 0.10988425625 0.757666075 0.0682222515625 0.7363749578125 0.025268282812499997 0.598736721875 0.0083684328125 0.5599322703125 0.043943593749999996 0.5552735828124999 0.0738723640625 0.5689122671875 0.107031665625 0.6333266625 0.0952628328125
11 0.382201340625 0.249401028125 0.449099071875 0.2654862078125 0.5021875687499999 0.225761528125 0.528441634375 0.1561767953125 0.5569410078125 0.11638464062500001 0.5505461781250001 0.072308015625 0.5348670953125 0.0477532515625 0.5142569406249999 0.039319265625 0.35328966875 0.1002344671875 0.336251146875 0.11880422187499999 0.32968825 0.1642415265625 0.33934796562499997 0.20576733906250003 0.382201340625 0.249401028125
11 0.15219286406250002 0.255595909375 0.11811581874999999 0.29273541875000003 0.11131489531250001 0.3401112890625 0.11621284843749999 0.36432619375 0.1712755109375 0.39666834375 0.20457224531249998 0.4460158984375 0.2297736125 0.4491102359375 0.32153160937499997 0.42298864375 0.3739060296875 0.3890796640625 0.39539957187499997 0.358266265625 0.4008398140625 0.297932671875 0.38767718125 0.2608962359375 0.3538025609375 0.22426837968750002 0.32203705781249997 0.21052910156250002 0.2769739703125 0.208931634375 0.2266055953125 0.2184895171875 0.15219286406250002 0.255595909375
11 0.3306734703125 0.1161515765625 0.1204261203125 0.185774390625 0.1020612734375 0.2071329828125 0.14722743437500002 0.25597012812500003 0.239903178125 0.20634770468750002 0.307004575 0.204747759375 0.310711159375 0.18257325468750002 0.32570927968749996 0.1726080375 0.3306734703125 0.1161515765625
11 0.4028508171875 0.4979105453125 0.42856259531249996 0.51287430625 0.46757195625000003 0.5156962625 0.5596354546875 0.4630469796875 0.5747341687499999 0.38815695625 0.5333776671875 0.3643849875 0.496917878125 0.30874567656249996 0.45620797656249995 0.3037471296875 0.4045476375 0.331840409375 0.3688387625 0.3982964453125 0.3658806171875 0.43040181093749996 0.371390815625 0.457643578125 0.4028508171875 0.4979105453125
11 0.6163998984375 0.5536479625 0.649150625 0.519297290625 0.6356125328125 0.4212131828125 0.6117031296875 0.399583446875 0.5792235484375 0.3916598703125 0.559397428125 0.4649855453125 0.4709730375 0.5200494484375 0.5005963062500001 0.551235825 0.534776428125 0.561335996875 0.5873557546875 0.5658241312500001 0.6163998984375 0.5536479625
11 0.24083084999999999 0.6315048156249999 0.29946390156249997 0.6347684671875 0.3410915484375 0.6162661890625001 0.3774813796875 0.5843301328125 0.4078849625 0.52902944375 0.4088027109375 0.50552861875 0.334625525 0.428531959375 0.2292975609375 0.4529873734375 0.21457182187499999 0.4767605828125 0.22889146718750003 0.5444398671874999 0.2115817984375 0.6052838703125001 0.24083084999999999 0.6315048156249999
11 0.1096474734375 0.297599015625 0.12314872187499999 0.26777207812500003 0.08753920312499999 0.21322106718749997 0.0295527515625 0.22873084062500001 0.014931328125 0.355825975 0.10614579531249999 0.358170634375 0.1096474734375 0.297599015625
11 0 0.5619364765625 0.0669046140625 0.6376984593749999 0.1299252109375 0.6533075859374999 0.175191965625 0.637219925 0.2159006265625 0.5861362296875 0.2127694484375 0.483426553125 0.1918181890625 0.42969145312499996 0.1327078453125 0.37422269531249996 0.0163938421875 0.35994113125 0 0.4831562375 0 0.5619364765625
11 0.145300034375 0.76047228125 0.1099641375 0.7758115046875 0.142614271875 0.8063856375 0.1993087578125 0.8094112609374999 0.2546082078125 0.7837326 0.2709314125 0.714896303125 0.26429855625 0.672758246875 0.2148810453125 0.61847961875 0.1437332046875 0.6530351999999999 0.094792984375 0.6509616828125 0.08639335625 0.6873184 0.102039321875 0.752208846875 0.145300034375 0.76047228125
11 0.42730995156249996 0.7714852343749999 0.434995503125 0.7409442187499999 0.42717251875000006 0.7084989953124999 0.3809524203125 0.67625868125 0.317252103125 0.6822118125000001 0.27892370624999996 0.713909840625 0.259335609375 0.7852969484375001 0.268824775 0.8041722078125 0.3333422453125 0.83964305 0.388539859375 0.822806953125 0.42730995156249996 0.7714852343749999
11 0.45223769531249997 0.7046893359374999 0.5072991140625 0.68094924375 0.5258332734375 0.626158965625 0.4877404171875 0.543753940625 0.4610421765625 0.5207978859375 0.420570303125 0.5138607703125 0.3678229046875 0.5988865624999999 0.38044076875 0.6083070109375 0.376836021875 0.621638953125 0.364081965625 0.6053145062499999 0.3437785515625 0.626435071875 0.3867681203125 0.676972759375 0.45223769531249997 0.7046893359374999
11 0.5820198296875 0.729479646875 0.60392070625 0.66329599375 0.5728349265625 0.6279944578125 0.5697049875 0.581367025 0.5104596890625 0.5750765125 0.5275338125 0.628335559375 0.5188961578125 0.666630840625 0.4992049890625 0.690778271875 0.45540075 0.7109810890625 0.509749334375 0.7491389390625 0.5468201265625 0.75172286875 0.5820198296875 0.729479646875
11 0.760262409375 0.5919738812500001 0.7256393531249999 0.5454151640625 0.6618703203125 0.5198751765625 0.57949965625 0.5737145906250001 0.572936759375 0.6191518953124999 0.5923911421875 0.653025275 0.616402378125 0.6658124484375 0.6920064796875 0.675095465625 0.7439048484375 0.64506361875 0.760262409375 0.5919738812500001
11 0.82936985 0.5660228375 0.8880029046875 0.5692864828124999 0.9440164296875 0.537792125 0.9674141828125 0.49147019218750004 0.9721747046875 0.45269885781249997 0.9691809593749999 0.41297542031249995 0.9471757625 0.37583715156249997 0.9040168859375 0.35873115 0.8419152750000001 0.3757034390625 0.8383105265624999 0.38903538125 0.861438375 0.4410699390625 0.8590924734375 0.476202165625 0.8075352062500001 0.551535121875 0.82936985 0.5660228375
11 1 0.28809449374999996 0.9748923421875 0.31036757656249997 0.9303396656249999 0.3206395375 0.9066695296875 0.3531534765625 0.957004790625 0.383931278125 0.9744531296875 0.44215575625000003 0.996491440625 0.438958340625 1 0.43659940781250006 1 0.28809449374999996
11 1 0.0576373671875 0.9883886296875 0.056211670312499996 0.9589371515625 0.10375809218750001 0.966249725 0.12433388906250001 1 0.157787184375 1 0.0576373671875
11 0.8020937265624999 0.555786475 0.803759909375 0.5422165078125001 0.72757791875 0.5456531906250001 0.7649554562499999 0.57779166875 0.8020937265624999 0.555786475
11 1 0.4377654421875 0.974589321875 0.44905975 0.966462078125 0.499224459375 0.9344941468749999 0.55925255 0.9560907640625 0.5756788312500001 0.9937738015625 0.581289621875 1 0.52768730625 1 0.4377654421875
11 0.8700797515625001 0.5710213859375 0.8048825624999999 0.5571127984375 0.7862796890625 0.5804099546875 0.8208009125 0.6358112390625 0.8816449171875 0.6531209046875001 0.92701350625 0.6281906828125 0.94095645 0.5787400515625001 0.928678446875 0.558538471875 0.8700797515625001 0.5710213859375
11 0.8049181593749999 0.6289416 0.798319665625 0.6025501015625 0.77658685625 0.579219825 0.761452540625 0.582281046875 0.74621763125 0.650267075 0.7782898781250001 0.6935609046875 0.8049181593749999 0.6289416
11 0.7702988265624999 0.7506296078125 0.7811474328125 0.7263803453125 0.7789021218750001 0.696587765625 0.747918171875 0.6524436671875 0.6719067359374999 0.678530903125 0.6125252453125001 0.665336396875 0.6031391546875 0.6937008171875 0.6379327625 0.76291009375 0.683302590625 0.7940621109375 0.7167342765625 0.7942314203125 0.7702988265624999 0.7506296078125
11 0.6287859359375 0.8454181890625 0.6434086015625 0.7744053 0.60756105625 0.72179285625 0.5922905484375 0.7179500812499999 0.5548124203125 0.7507364046875 0.507946959375 0.755804909375 0.488869275 0.8390614453125 0.5083236578125 0.872934825 0.5572982375 0.8907548999999999 0.5793365484375 0.8875574875 0.6287859359375 0.8454181890625
11 0.493697271875 0.7757009859374999 0.46852902187499995 0.7322709656249999 0.436661684375 0.7273742515625 0.40921749218750003 0.80665181875 0.33990638125 0.8502879890624999 0.359871175 0.8960307953125 0.40639677656249995 0.9017434218749999 0.444759534375 0.8857919531249999 0.4935279625 0.809132671875 0.493697271875 0.7757009859374999
11 0.164755659375 0.8504279015625 0.193902875 0.8854914125000001 0.24019045 0.89314260625 0.28280455937500004 0.8826326203124999 0.333954490625 0.842669915625 0.25280583125 0.7903985687499999 0.17291726093749998 0.81600975625 0.164755659375 0.8504279015625
11 0.49485418281250004 1 0.4975450125 0.9847594484375 0.47999483749999994 0.9353775343749999 0.45173224687499997 0.917148878125 0.358614809375 0.98639499375 0.46941868906249995 1 0.49485418281250004 1
11 0.643137459375 0.8166795499999999 0.6064421234374999 0.8751432937500001 0.5652905296874999 0.8897684390625 0.526757221875 0.883069353125 0.5258051171875 0.89082361875 0.5403959046875 0.9162286546875 0.594675771875 0.9228933843749999 0.6747680109374999 0.879597071875 0.687691375 0.8624898312499999 0.643137459375 0.8166795499999999
11 0.781930225 0.7520577640624999 0.773801740625 0.7461402296874999 0.71649625 0.7961699890625 0.653475653125 0.7805608625 0.6496672375 0.8115779296875001 0.6926568046875 0.8621156125 0.7336047328124999 0.8651755921875001 0.7692804859375 0.839055240625 0.7863521265625 0.7801498015624999 0.781930225 0.7520577640624999
11 0.781690959375 0.6979140875 0.786793821875 0.760526109375 0.8121313812500001 0.7705244453125 0.8671928031249999 0.7467843515625 0.892767146875 0.698761878125 0.8811688640625001 0.6569980390625 0.8089314859375 0.6363216484375 0.781690959375 0.6979140875
11 0.884807971875 0.659412659375 0.8938898015625 0.7136581671875 0.9476592593750001 0.7084534703124999 0.9736421796875 0.6811429859375 0.9710901265624999 0.6217958546875 0.9437796437499999 0.5958129359375001 0.9245988859375001 0.6318297890625 0.884807971875 0.659412659375
11 0.8116553296875001 0.774401578125 0.8519235359374999 0.7990238187500001 0.8899464328125 0.79385348125 0.9154533015625 0.7704201296875001 0.9163366906249999 0.73117274375 0.891713209375 0.715358709375 0.8552215421874999 0.756137325 0.8116553296875001 0.774401578125
11 0.963745678125 0.6976379828125 0.9125613906250001 0.7218541265625 0.9218468874999999 0.7584145125 0.9711613265624999 0.765453459375 0.9834024890625 0.65774399375 0.963745678125 0.6976379828125
11 0.8650174500000001 0.8045671343749999 0.8995386734374999 0.8599684156249999 0.9463697765625 0.8391533515624999 0.957694434375 0.8110269546875 0.951810015625 0.7788197578125 0.9213708359374999 0.7622916421875 0.891885 0.7940915078125 0.8650174500000001 0.8045671343749999
11 0.8768549999999999 0.9004746484374999 0.8918862421875 0.8501737484375 0.8701190734375001 0.8110969109375 0.8196819796874999 0.7891616734375 0.7699270890625 0.8578286640625 0.801012871875 0.8931302000000001 0.8768549999999999 0.9004746484374999
11 0.8860361843750001 0.8337131109374999 0.8628408578125001 0.8062676765625 0.8175053875 0.790862215625 0.770028921875 0.8489861 0.76441813125 0.8866691375 0.77115281875 0.91996463125 0.7965247359375 0.9457095265625 0.8621979765625 0.9557409796874999 0.88865695 0.9245533609375001 0.8860361843750001 0.8337131109374999
11 0.7018735859375 0.8671828765624999 0.634602878125 0.9022145109374999 0.6288215375 0.9172469921875 0.6449779140625 0.9940068656250001 0.690041 0.99560433125 0.7293558625000001 0.9718985968749999 0.735782565625 0.9195572953125 0.7226199359375001 0.8825208609375 0.7018735859375 0.8671828765624999
11 0.755814834375 0.940710978125 0.77115281875 0.91996463125 0.76064283125 0.877350521875 0.7454741578124999 0.8646651828125 0.7234702046875 0.8836091578125 0.736565359375 0.9452347140624999 0.755814834375 0.940710978125
11 0.4764575609375 0.924120353125 0.500537515625 0.9684006437500001 0.5407713640625 0.9772763250000001 0.5813107140625 0.9596243156250001 0.5948119625 0.9297973781250001 0.5418584203125001 0.9203438109375 0.50784760625 0.8768119546875001 0.4764575609375 0.924120353125
11 0.6256648234375 1 0.64018179375 0.960949396875 0.6232438625000001 0.9145943453125 0.5950499890625001 0.9278588125 0.5880785203125 0.952584128125 0.5502261703125 0.9804050234374999 0.557776434375 1 0.6256648234375 1
11 0.55870383125 1 0.5444104703125 0.9796909453125 0.5020000296875 0.9725158031250001 0.49686825 1 0.55870383125 1
11 0.729841028125 1 0.7339470734375 0.9665589484374999 0.710378771875 0.990230325 0.654670746875 0.9951969953124999 0.652386521875 1 0.729841028125 1