11 0.50390625 0.4052734375 0.53515625 0.3798828125 0.5410156265625 0.3330078125 0.5214843734375 0.2822265625 0.4755859375 0.26171875 0.4277343734375 0.2978515625 0.4277343734375 0.3466796875 0.4599609375 0.3984375 0.50390625 0.4052734375
11 0.97265625 0.0146484375 0.9443359375 0 0.8701171875 0.0019531265625 0.83984375 0.0380859375 0.83984375 0.0654296875 0.8525390625 0.08007812656249999 0.8964843734375 0.0810546875 0.97265625 0.0146484375
11 0.6933593734375 0.1748046875 0.7294921875 0.16015625 0.7597656265625 0.1298828125 0.76171875 0.0908203125 0.7451171875 0.0605468734375 0.6806640625 0.06445312656249999 0.64453125 0.0966796875 0.64453125 0.1572265625 0.6933593734375 0.1748046875
11 0.6318359375 0.10742187343750001 0.5888671875 0.1015625 0.54296875 0.1279296875 0.5390625 0.1708984375 0.5722656265625 0.1884765625 0.6425781265625 0.1611328125 0.6318359375 0.10742187343750001
11 0.61328125 0.2763671875 0.6513671875 0.25390625 0.6738281265625 0.2216796875 0.67578125 0.1865234375 0.6435546875 0.1640625 0.5771484375 0.1875 0.55859375 0.2216796875 0.56640625 0.2587890625 0.61328125 0.2763671875
11 0.765625 0.2001953125 0.7353515625 0.17578125 0.6806640625 0.18359375 0.6738281265625 0.2451171875 0.7246093734375 0.2568359375 0.76953125 0.2236328125 0.765625 0.2001953125
11 0.8046875 0.1455078125 0.8046875 0.0986328125 0.7900390625 0.07226562656249999 0.7568359375 0.06640625 0.7636718734375 0.1025390625 0.75390625 0.1689453125 0.7910156265625 0.1708984375 0.8046875 0.1455078125
11 0.8144531265625 0.1630859375 0.8417968734375 0.1845703125 0.8583984375 0.17578125 0.8837890625 0.18359375 0.9140625 0.1572265625 0.90234375 0.0947265625 0.8896484375 0.08203125 0.8427734375 0.0859375 0.8144531265625 0.1162109375 0.8144531265625 0.1630859375
11 0.9951171875 0.021484373437500003 0.9443359375 0.037109373437499996 0.90625 0.0751953125 0.9140625 0.1318359375 0.9394531265625 0.1494140625 1 0.1455078125 0.9951171875 0.021484373437500003
11 1 0.1552734375 0.9658203125 0.1464843734375 0.9248046875 0.16015625 0.890625 0.2021484375 0.921875 0.2255859375 0.9345703125 0.2578125 0.98828125 0.2626953125 1 0.2412109375 1 0.1552734375
11 1 0.2685546875 0.9326171875 0.26171875 0.9121093734375 0.3154296875 0.8925781265625 0.3330078125 0.9248046875 0.3574218734375 0.9746093734375 0.3662109375 1 0.3486328125 1 0.2685546875
11 0.8466796875 0.32421875 0.8847656265625 0.3271484375 0.91796875 0.2978515625 0.9296875 0.2626953125 0.9238281265625 0.2314453125 0.8818359375 0.2011718734375 0.8232421875 0.2128906265625 0.8125 0.2333984375 0.8203125 0.3017578125 0.8466796875 0.32421875
11 0.7597656265625 0.3525390625 0.7910156265625 0.3369140625 0.8144531265625 0.2958984375 0.8066406265625 0.2470703125 0.7802734375 0.2324218734375 0.7431640625 0.2421875 0.7109375 0.2919921875 0.7363281265625 0.3466796875 0.7597656265625 0.3525390625
11 0.84765625 0.4326171875 0.89453125 0.4072265625 0.9003906265625 0.3642578125 0.8818359375 0.33203125 0.8369140625 0.32421875 0.7988281265625 0.3466796875 0.78515625 0.3916015625 0.8056640625 0.42578125 0.84765625 0.4326171875
11 0.6396484375 0.4042968734375 0.6796875 0.4033203125 0.7099609375 0.390625 0.7285156265625 0.3681640625 0.7265625 0.3134765625 0.6689453125 0.2753906265625 0.6123046875 0.2871093734375 0.5917968734375 0.3271484375 0.59765625 0.3837890625 0.6396484375 0.4042968734375
11 0.5595703125 0.2675781265625 0.5410156265625 0.2919921875 0.5410156265625 0.3271484375 0.5498046875 0.34375 0.5859375 0.3525390625 0.609375 0.2841796875 0.5595703125 0.2675781265625
11 0.48828125 0.4228515625 0.4990234375 0.453125 0.546875 0.4619140625 0.5644531265625 0.4501953125 0.5703125 0.4189453125 0.5917968734375 0.3896484375 0.5878906265625 0.3642578125 0.5615234375 0.3496093734375 0.5478515625 0.3515625 0.53515625 0.3857421875 0.48828125 0.4228515625
11 0.62890625 0.5224609375 0.6435546875 0.51953125 0.6621093734375 0.4912109375 0.66796875 0.4248046875 0.5927734375 0.3925781265625 0.5683593734375 0.4287109375 0.5625 0.4931640625 0.6103515625 0.5234375 0.62890625 0.5224609375
11 0.73828125 0.4853515625 0.765625 0.4599609375 0.7714843734375 0.4091796875 0.7636718734375 0.3837890625 0.7333984375 0.3652343734375 0.6796875 0.4130859375 0.6738281265625 0.4384765625 0.6982421875 0.4785156265625 0.73828125 0.4853515625
11 0.7890625 0.5068359375 0.8144531265625 0.5166015625 0.8349609375 0.5019531265625 0.8955078125 0.4921875 0.89453125 0.4541015625 0.8701171875 0.43359375 0.8017578125 0.4296875 0.7753906265625 0.4580078125 0.7734375 0.4755859375 0.7890625 0.5068359375
11 0.6708984375 0.4863281265625 0.6425781265625 0.5419921875 0.7011718734375 0.5595703125 0.75 0.5107421875 0.7333984375 0.4902343734375 0.6708984375 0.4863281265625
11 0.7910156265625 0.6494140625 0.8359375 0.6181640625 0.8417968734375 0.5634765625 0.8095703125 0.53125 0.7412109375 0.5234375 0.7050781265625 0.5634765625 0.7089843734375 0.6181640625 0.7333984375 0.640625 0.7910156265625 0.6494140625
11 0.8642578125 0.6113281265625 0.9003906265625 0.6142578125 0.9140625 0.6044921875 0.9375 0.5146484375 0.8994140625 0.4921875 0.8330078125 0.50390625 0.8183593734375 0.5302734375 0.8417968734375 0.5595703125 0.84765625 0.5966796875 0.8642578125 0.6113281265625
11 0.9990234375 0.4277343734375 0.97265625 0.4423828125 0.9472656265625 0.4833984375 0.953125 0.5244140625 0.9765625 0.5302734375 1 0.5283203125 0.9990234375 0.4277343734375
11 0.9707031265625 0.4423828125 1 0.4248046875 0.9736328125 0.3925781265625 0.9267578125 0.3925781265625 0.88671875 0.4326171875 0.90234375 0.4853515625 0.93359375 0.4970703125 0.9707031265625 0.4423828125
11 1 0.5302734375 0.9853515625 0.5292968734375 0.9296875 0.5595703125 0.91796875 0.6220703125 0.9384765625 0.6425781265625 1 0.6474609375 1 0.5302734375
11 1 0.6591796875 0.9736328125 0.64453125 0.9443359375 0.64453125 0.93359375 0.6533203125 0.9277343734375 0.7158203125 0.93359375 0.7763671875 0.98046875 0.8056640625 1 0.8017578125 1 0.6591796875
11 0.8349609375 0.7675781265625 0.859375 0.7705078125 0.8916015625 0.7636718734375 0.9316406265625 0.6982421875 0.9316406265625 0.6630859375 0.8974609375 0.6171875 0.8427734375 0.6191406265625 0.8027343734375 0.6748046875 0.8046875 0.7392578125 0.8349609375 0.7675781265625
11 0.8876953125 0.8984375 0.921875 0.9052734375 0.9433593734375 0.8935546875 0.953125 0.8564453125 0.9433593734375 0.7939453125 0.9033203125 0.7675781265625 0.8369140625 0.7734375 0.82421875 0.8076171875 0.83203125 0.8369140625 0.8876953125 0.8984375
11 0.8027343734375 0.7412109375 0.8066406265625 0.6552734375 0.7431640625 0.6503906265625 0.734375 0.6650390625 0.7402343734375 0.7255859375 0.7529296875 0.75 0.78125 0.7568359375 0.8027343734375 0.7412109375
11 1 0.8427734375 0.9833984375 0.8417968734375 0.953125 0.8740234375 0.94921875 0.9111328125 0.9667968734375 0.9443359375 1 0.9638671875 1 0.8427734375
11 0.8691406265625 0.9619140625 0.88671875 0.9287109375 0.87109375 0.8818359375 0.8037109375 0.8222656265625 0.7607421875 0.83203125 0.7421875 0.8603515625 0.7558593734375 0.9189453125 0.7841796875 0.94140625 0.8691406265625 0.9619140625
11 0.7978515625 0.9453125 0.7451171875 0.94921875 0.7089843734375 0.9892578125 0.7099609375 1 0.87109375 0.9990234375 0.8564453125 0.9628906265625 0.7978515625 0.9453125
11 0.6933593734375 0.9990234375 0.7167968734375 0.9599609375 0.72265625 0.9013671875 0.7001953125 0.8613281265625 0.6572265625 0.84765625 0.6191406265625 0.8857421875 0.6113281265625 0.9677734375 0.6220703125 1 0.6933593734375 0.9990234375
11 0.5253906265625 0.8330078125 0.5380859375 0.8652343734375 0.58984375 0.8818359375 0.6591796875 0.84375 0.67578125 0.8193359375 0.6738281265625 0.7783203125 0.6103515625 0.7480468734375 0.5849609375 0.75 0.5517578125 0.7753906265625 0.53515625 0.7939453125 0.5253906265625 0.8330078125
11 0.6083984375 0.8847656265625 0.5771484375 0.8847656265625 0.5380859375 0.8671875 0.51171875 0.8798828125 0.5058593734375 0.9111328125 0.5283203125 0.94140625 0.60546875 0.9638671875 0.6083984375 0.8847656265625
11 0.4853515625 0.9199218734375 0.4306640625 0.9160156265625 0.4003906265625 0.9697265625 0.4042968734375 0.9990234375 0.5 0.9990234375 0.5019531265625 0.9326171875 0.4853515625 0.9199218734375
11 0.5058593734375 0.9501953125 0.5029296875 1 0.6152343734375 0.9990234375 0.5986328125 0.96484375 0.5556640625 0.9453125 0.5058593734375 0.9501953125
11 0.3623046875 0.765625 0.4121093734375 0.7744140625 0.4550781265625 0.7314453125 0.453125 0.6806640625 0.4287109375 0.64453125 0.3935546875 0.625 0.3642578125 0.625 0.3378906265625 0.6474609375 0.3222656265625 0.6962890625 0.3623046875 0.765625
11 0.421875 0.7841796875 0.3486328125 0.7636718734375 0.3183593734375 0.8173828125 0.3203125 0.8349609375 0.41015625 0.8583984375 0.4277343734375 0.8310546875 0.421875 0.7841796875
11 0.4667968734375 0.8623046875 0.4892578125 0.8808593734375 0.5058593734375 0.8798828125 0.5292968734375 0.8642578125 0.5253906265625 0.8271484375 0.54296875 0.7705078125 0.5302734375 0.7480468734375 0.4853515625 0.73046875 0.4580078125 0.73828125 0.4375 0.7646484375 0.4667968734375 0.8623046875
11 0.703125 0.7041015625 0.6669921875 0.6660156265625 0.6044921875 0.67578125 0.5859375 0.7412109375 0.68359375 0.7705078125 0.7050781265625 0.7529296875 0.703125 0.7041015625
11 0.4609375 0.7001953125 0.4912109375 0.73046875 0.546875 0.7431640625 0.5800781265625 0.7314453125 0.59765625 0.6611328125 0.5673828125 0.625 0.5517578125 0.6328125 0.5302734375 0.62109375 0.4716796875 0.625 0.4511718734375 0.6533203125 0.4609375 0.7001953125
11 0.7363281265625 0.8544921875 0.7363281265625 0.8212890625 0.72265625 0.7822265625 0.6982421875 0.7675781265625 0.6777343734375 0.7783203125 0.66796875 0.8427734375 0.7207031265625 0.8759765625 0.7363281265625 0.8544921875
11 0.8046875 0.8193359375 0.7919921875 0.7597656265625 0.7509765625 0.7578125 0.7207031265625 0.7744140625 0.7421875 0.8505859375 0.7646484375 0.828125 0.8046875 0.8193359375
11 0.6064453125 0.66015625 0.66015625 0.6650390625 0.6865234375 0.6542968734375 0.7050781265625 0.6298828125 0.6972656265625 0.5693359375 0.6455078125 0.546875 0.6025390625 0.5566406265625 0.57421875 0.5888671875 0.5761718734375 0.6337890625 0.6064453125 0.66015625
11 0.4589843734375 0.6142578125 0.5019531265625 0.6201171875 0.5439453125 0.609375 0.57421875 0.5751953125 0.5644531265625 0.5224609375 0.5283203125 0.4941406265625 0.4619140625 0.50390625 0.4355468734375 0.5322265625 0.43359375 0.5654296875 0.4589843734375 0.6142578125
11 0.3896484375 0.52734375 0.4316406265625 0.5361328125 0.4560546875 0.5058593734375 0.50390625 0.4892578125 0.4980468734375 0.4599609375 0.4658203125 0.4296875 0.4013671875 0.42578125 0.3652343734375 0.4599609375 0.3691406265625 0.5009765625 0.3896484375 0.52734375
11 0.40625 0.5830078125 0.4082031265625 0.6240234375 0.44921875 0.6533203125 0.46484375 0.6240234375 0.4267578125 0.5605468734375 0.40625 0.5830078125
11 0.58203125 0.5732421875 0.6269531265625 0.5419921875 0.5888671875 0.5058593734375 0.5537109375 0.5 0.58203125 0.5732421875
11 0.4121093734375 0.9482421875 0.41796875 0.8876953125 0.3779296875 0.8496093734375 0.3173828125 0.8417968734375 0.2832031265625 0.8759765625 0.2792968734375 0.9287109375 0.3691406265625 0.9794921875 0.4121093734375 0.9482421875
11 0.25 0.9130859375 0.2753906265625 0.9072265625 0.2871093734375 0.8642578125 0.31640625 0.8310546875 0.2294921875 0.8066406265625 0.1972656265625 0.8310546875 0.1875 0.8740234375 0.2119140625 0.8984375 0.25 0.9130859375
11 0.29296875 0.8173828125 0.328125 0.7900390625 0.3378906265625 0.7451171875 0.3154296875 0.6953125 0.2744140625 0.6855468734375 0.2324218734375 0.7275390625 0.2246093734375 0.7744140625 0.2333984375 0.8027343734375 0.29296875 0.8173828125
11 0.8125 0.1103515625 0.83984375 0.0830078125 0.8339843734375 0.0419921875 0.8154296875 0.0253906265625 0.7822265625 0.021484373437500003 0.7578125 0.0400390625 0.7558593734375 0.0615234375 0.7880859375 0.0703125 0.8125 0.1103515625
11 0.7275390625 0.01953125 0.6962890625 0.0253906265625 0.68359375 0.0517578125 0.6845703125 0.0605468734375 0.75 0.0595703125 0.7519531265625 0.0322265625 0.7275390625 0.01953125
11 0.71875 0.0009765625 0.7197265625 0.017578126562499997 0.7597656265625 0.0341796875 0.8017578125 0.017578126562499997 0.80078125 0.0009765625 0.71875 0.0009765625