11 0.1884457140625 0.778606015625 0.21494361875 0.7907151484375 0.2853878078125 0.7819498031250001 0.3525280625 0.7457614125 0.3927507765625 0.71476353125 0.41011328125 0.662593703125 0.3961937203125 0.59555260625 0.37665073125 0.5603486578125 0.3072308390625 0.531432103125 0.2436424109375 0.5393714640625 0.159337965625 0.583192021875 0.1208530921875 0.64708764375 0.12604359999999998 0.674005184375 0.1591626625 0.6995053625 0.1437000140625 0.7097146375000001 0.168631825 0.7272984640625 0.1884457140625 0.778606015625
11 0.5818738171875 0.790464653125 0.56768335625 0.7073199515625 0.5530599781250001 0.682929940625 0.514836278125 0.6496984390625 0.48180308906249997 0.6433844765625001 0.420372134375 0.666921934375 0.38165265625 0.745034584375 0.3927737875 0.7865392109375 0.4344864484375 0.8441111453125 0.4976056640625 0.8646058421875 0.5489132140625 0.8447919562499999 0.5818738171875 0.790464653125
11 0.3820590046875 0.7691899906249999 0.3610853703125 0.7475125375 0.251934984375 0.7929354843749999 0.1995305515625 0.7897900078125 0.161058959375 0.8122305828125 0.15671744375000002 0.8639444828125 0.16894874531249998 0.886953425 0.2183564359375 0.9091000921875001 0.35169851875 0.8935914234375 0.405781490625 0.8275383296875001 0.3820590046875 0.7691899906249999
11 0.3713694109375 1 0.3819067125 0.9572790093749999 0.3605763046875 0.9003117375 0.3159890640625 0.9112478375 0.21817140781250002 0.9121827046875 0.195853 0.923217965625 0.1817581359375 0.97249020625 0.190792165625 1 0.3713694109375 1
11 0.1566645125 1 0.17232526406249998 0.9750177359375 0.163289021875 0.88846994375 0.1133891078125 0.8229816578125 0.0671994796875 0.809071821875 0.120872528125 1 0.1566645125 1
11 0.13932220312500002 0.73110790625 0.1177571921875 0.6883576625 0.120446740625 0.6229322390625 0.0857120046875 0.61404116875 0.056722862500000006 0.6228197984375 0.026894453125000002 0.6661977125 0.062785375 0.800144459375 0.10828447031249999 0.815250334375 0.1499245453125 0.8121810046875 0.1875701515625 0.78288466875 0.13932220312500002 0.73110790625
11 0.16348116875000002 0.576015784375 0.22873484843749997 0.5403328968750001 0.2606844390625 0.48223244843749996 0.2354454359375 0.4182243859375 0.1862723484375 0.38186069218749996 0.143806290625 0.378074259375 0.0997245578125 0.3908969375 0.083706825 0.410354053125 0.0457867625 0.5782325593750001 0.057007046875 0.5974683546875 0.083504953125 0.6095774859375 0.128042615625 0.6097758015625 0.16348116875000002 0.576015784375
11 0.2475908625 0.42204711093749997 0.286098746875 0.4299271703125 0.3450880421875 0.41614305937499996 0.37261024531250003 0.39057029375 0.39890011406250003 0.3339863609375 0.4119972484375 0.23948592343750003 0.4054256703125 0.21496046406249997 0.3519243546875 0.188855621875 0.3122337140625 0.1388299828125 0.287572803125 0.137349759375 0.2416044984375 0.15067794375000002 0.20956903593749998 0.189592175 0.1831800109375 0.2684449375 0.18072506875 0.31965333125 0.1885785578125 0.36405554218749997 0.2066050296875 0.39359976875 0.2475908625 0.42204711093749997
11 0.20924855781249999 0.1846229875 0.154600778125 0.146693196875 0.1360059390625 0.167851859375 0.096321465625 0.3857427203125 0.1515376125 0.3729696203125 0.159318515625 0.35673056875000003 0.1807613625 0.34997396406250003 0.173007028125 0.283302921875 0.20924855781249999 0.1846229875
11 0.4717062546875 0.564197953125 0.5110303968750001 0.46570304531250006 0.50280685 0.4274660625 0.4844103265625 0.40408706250000004 0.44015684843749997 0.37853730625000004 0.412413325 0.3768720546875 0.3810321015625 0.38426961406250004 0.32019252656249997 0.428879865625 0.2995623765625 0.48394727812499994 0.3101780015625 0.5235653296875 0.37035005625 0.5519268 0.39964639062499996 0.5895724046875 0.4717062546875 0.564197953125
11 0.5773411078125 0.5773446671875 0.565579021875 0.525901665625 0.5508201921875 0.4934598546875 0.51581455625 0.46846518125000003 0.473592828125 0.563692446875 0.4037400171875 0.59353058125 0.41610676562500004 0.6245913265625 0.440853546875 0.6452577671874999 0.5398672453125 0.6450134375000001 0.5693256 0.6078007484375 0.5773411078125 0.5773446671875
11 0.6055476796875 0.28265935937500003 0.5941556453125 0.2250511328125 0.5641192 0.19973598125 0.506276365625 0.2253450421875 0.437262821875 0.220583890625 0.41577039843749997 0.2384749109375 0.406211803125 0.346181365625 0.4927826046875 0.4089208015625 0.515926996875 0.4047413015625 0.5664581421875 0.3669372375 0.5930189125 0.326456909375 0.6055476796875 0.28265935937500003
11 0.1658972109375 0.0718844828125 0.15860853125000002 0.13146515625 0.21758454375 0.1591360921875 0.2452421953125 0.1416151296875 0.304736996875 0.129717590625 0.2897205546875 0.039717129687500005 0.1658972109375 0.0718844828125
11 0.4395945859375 0 0.29399920625 0.0405926921875 0.3243295625 0.153787125 0.3874850734375 0.2046024515625 0.443613078125 0.217871334375 0.5457589671874999 0.2066776171875 0.5906799687500001 0.159255653125 0.6003111515625 0.1121904609375 0.576083159375 0.051955546875 0.4974300609375 0 0.4395945859375 0
11 0.764551959375 0.159173340625 0.753665434375 0.10345168593750001 0.7188448265625 0.0753743984375 0.7085726890624999 0.112501215625 0.6943689453124999 0.07081156093749999 0.6279325109375 0.064348865625 0.5930986171875 0.0777266265625 0.6019631171875 0.125901984375 0.5776456953125 0.20116662812500002 0.6382736734375001 0.2425490859375 0.6809247625 0.2432529078125 0.7468193984375 0.2175083984375 0.764551959375 0.159173340625
11 0.8041531640624999 0.3446985375 0.8131433906250001 0.2876949703125 0.7690386515625 0.2287419671875 0.7490264484375 0.221972078125 0.6810602125 0.251304709375 0.6550049484375 0.2936716109375 0.6579751234375 0.357580515625 0.6963342703125 0.3988638203125 0.7295524890625 0.40209516718750005 0.758726659375 0.390233925 0.8041531640624999 0.3446985375
11 0.5416219265625 0.4817703546875 0.6285264921875 0.50802393125 0.6802040984375 0.48204481250000003 0.6960500859375001 0.4242152640625 0.659491640625 0.3632402375 0.6034627921875 0.327702528125 0.585373459375 0.35074776406249997 0.6033140578125 0.361105775 0.590613546875 0.3665308890625 0.579528709375 0.35534689375 0.5026714015625 0.41941426093749995 0.5151736015624999 0.45852680625 0.5416219265625 0.4817703546875
11 0.6761697765625 0.5801829484375001 0.7386613203125 0.5492842234374999 0.755789221875 0.5113314250000001 0.74807118125 0.47498101562499995 0.7027208203125 0.42647189374999994 0.6888109859375 0.472661521875 0.6676390375000001 0.49552173125000004 0.630918571875 0.5094049984375 0.5758015796875 0.49990926562500004 0.5902762265625 0.557702521875 0.6368854875000001 0.554312715625 0.6761697765625 0.5801829484375001
11 0.680398853125 0.5921929265625 0.6643944046875 0.5701949953125001 0.6281431515625 0.5556442046875001 0.58406141875 0.5684668828125 0.542209746875 0.65752891875 0.576376115625 0.7171228765625 0.6273003234375001 0.7449292640625 0.6775968640625 0.7213422296875 0.7001135859375001 0.6657693078125 0.680398853125 0.5921929265625
11 0.47911970625 0.976726403125 0.5188732078125 0.9741625796875001 0.556604684375 0.9640524609375 0.599219478125 0.9344356453125 0.622611759375 0.874584071875 0.6112197312500001 0.8169758421875001 0.5938342140625 0.7973699921875 0.526409778125 0.8589098281249999 0.4919459421875 0.8661223609375 0.43719900625 0.850461403125 0.42449849375 0.8558865171875001 0.4163342515625 0.9197458453125 0.43928033437499997 0.9601040078124999 0.47911970625 0.976726403125
11 0.5086513375 1 0.5087498046875 0.977886146875 0.4486636234375 0.9687108953125 0.41118003593749997 0.9231489359375 0.382276765625 0.9511137812499999 0.37830530625000003 0.9966624546875 0.3760898328125 1 0.5086513375 1
11 0.613909278125 0.7515504203125001 0.5768816218749999 0.7190094515625 0.58408086875 0.7949283359375 0.5972868859375 0.79138979375 0.613909278125 0.7515504203125001
11 0.563591546875 1 0.6492185484374999 0.9776551 0.6384178953124999 0.9411196625 0.6191458046875 0.92201931875 0.56415098125 0.9620304359375 0.515605565625 0.9770601640625 0.509043375 1 0.563591546875 1
11 0.6791363921875 0.7987776281250001 0.6194698421875 0.7723027328125001 0.59898843125 0.7939669 0.62183535625 0.8565938937500001 0.6176292875 0.916359596875 0.6393430359375001 0.9257065953125 0.6863719328125 0.9050171453125 0.70474545 0.8566204640624999 0.6791363921875 0.7987776281250001
11 0.6178674546875 0.74745679375 0.6169423125 0.7628698625 0.6430701640625001 0.7811442234375 0.6701231546875001 0.7840055140625 0.7304076484375 0.7486431078125 0.6830715578125 0.7229083234375 0.6178674546875 0.74745679375
11 0.8215315625 0.6736759343750001 0.8167111078125 0.6405931671875 0.7795480015625 0.600000396875 0.70616993125 0.57517746875 0.6793878421875 0.588419778125 0.700718246875 0.6453870515625 0.6854636359375 0.7242893921875 0.7334902609375 0.7488281375 0.7633053875 0.7469052703125 0.7858088234375 0.7327873984375 0.8215315625 0.6736759343750001
11 0.89482731875 0.5246268734374999 0.8949264734375 0.5023580437499999 0.870463878125 0.45634015781250004 0.8342126249999999 0.44178936562500004 0.7544214359375 0.47226845781250004 0.7559246703125 0.5193832265625 0.72867336875 0.5610595953125 0.7346039890625 0.5756466796875 0.7916934265625 0.6038231234375 0.8599801421875 0.5794596796875 0.89482731875 0.5246268734374999
11 0.88480663125 0.3513958390625 0.8726744875 0.306118065625 0.8245982859375 0.2927137359375 0.791033021875 0.367423296875 0.716346471875 0.405633709375 0.72563060625 0.436509425 0.7721407140625 0.4553884484375 0.80522348125 0.4505679953125 0.874349465625 0.3916052671875 0.88480663125 0.3513958390625
11 0.8003605671875 0.1192480953125 0.767413253125 0.13212035 0.7531696515624999 0.2147958390625 0.81622600625 0.28788 0.8486811031249999 0.23166612187500002 0.85315806875 0.1880040234375 0.83913935 0.14323175625 0.8003605671875 0.1192480953125
11 0.9973698328125 0.42435783281250006 0.961984415625 0.2922976609375 0.9063716421875 0.39414608281249996 0.9283562890624999 0.419596684375 0.979700134375 0.43010342812499996 0.9973698328125 0.42435783281250006
11 0.9319541359375 0.5348990109375 0.91779996875 0.4820749421875 0.8906115281250001 0.47116184843750003 0.8830652328124999 0.473183871875 0.895061925 0.51040984375 0.8863063046875 0.55319638125 0.8335185296875001 0.5976711796874999 0.8850836953125001 0.6354159421875 0.900225865625 0.6202374796875 0.9319541359375 0.5348990109375
11 0.8941332234375 0.6805086874999999 0.8854041734375 0.6403851296874999 0.829375328125 0.60484741875 0.7991901453125 0.6129355140625 0.8234181375 0.6731704281249999 0.7818506484375 0.736881021875 0.788841859375 0.7441068375000001 0.8172759171875 0.7445760499999999 0.8732321781250001 0.7194724984375 0.8941332234375 0.6805086874999999
11 0.7351918046875 0.7514052453125 0.6779899281249999 0.7869526796875 0.7085185968750001 0.8556094515625 0.7514901625 0.8612824578125 0.7954860234375001 0.8292735640625001 0.8113320109375 0.7714440140625001 0.7979046734375 0.7477445375 0.7351918046875 0.7514052453125
11 0.711416184375 0.8588770921875 0.689639575 0.9021195578125001 0.6566426796875 0.926126228125 0.6861736203125 0.949554803125 0.745298365625 0.9438224953125 0.7687269421875 0.9142915546875001 0.766397725 0.8603210234375 0.711416184375 0.8588770921875
11 0.8151051593749999 0.7704330015624999 0.8030818984374999 0.8161171250000001 0.7677787953124999 0.85792894375 0.7868658546875 0.880111903125 0.8256083437499999 0.87377493125 0.8452637734374999 0.8452550015625 0.8450920296875 0.8068825687500001 0.8151051593749999 0.7704330015624999
11 0.7234854640624999 0.956744328125 0.8284430671875 0.9296320359375001 0.8146093796875 0.8817771546875001 0.7771125046875 0.8776702453125 0.7602555078125001 0.9317266468750001 0.7234854640624999 0.956744328125
11 0.85240371875 0.8190775734375 0.8457692796874999 0.847141575 0.818382525 0.8807661437500001 0.8389861046875 0.9086088218749999 0.8716988156250001 0.9099535968750001 0.8979754 0.8948247125 0.9120702640625 0.8455524703125 0.85240371875 0.8190775734375
11 0.8308387046875 0.7763273296875 0.8595799562499999 0.823220778125 0.9013059046875 0.839337665625 0.9490253359375 0.817452175 0.9311971796874999 0.7433702859375 0.891912890625 0.7175000515625001 0.8308387046875 0.7763273296875
11 1 0.789527740625 0.982640178125 0.7316081999999999 0.9536147421875001 0.7100661968749999 0.919705990625 0.7080308890625 0.883170553125 0.718831540625 0.8322197734375001 0.77393525 0.8537847875000001 0.81668549375 0.884191290625 0.83583541875 0.9745122296875 0.8257881593749999 1 0.7971706265625 1 0.789527740625
11 1 0.5741776093750001 0.9311148656249999 0.569498296875 0.9170332859375 0.5773154921875 0.8917048515625 0.6488069875 0.9097809 0.6672168 0.9482887828125 0.6750968562499999 0.999226278125 0.6614481953125 1 0.65963324375 1 0.5741776093750001
11 0.8952796875000001 0.6923336359375 0.90995264375 0.7055892312500001 0.9536147421875001 0.7100661968749999 0.972024553125 0.6919901484375 0.9738252562499999 0.6722984265624999 0.9109769421875 0.66790733125 0.8952796875000001 0.6923336359375
11 0.9167163703125001 0.41766052968749995 0.8742370234375001 0.45532914687500003 0.9220786203125 0.4829505046875 0.9388098953125 0.534073025 0.9664675484374999 0.5165520625 0.9783057812499999 0.473950553125 0.963917009375 0.4353435140625 0.9167163703125001 0.41766052968749995
11 1 0.48689037968750004 0.9827198859375 0.48287791718750006 0.9604377703125 0.524233809375 0.936923321875 0.53457853125 0.9277117718750001 0.56434408125 0.9759730046874999 0.574665796875 1 0.5616785140625 1 0.48689037968750004
11 1 0.4341737484375 0.9978753390625 0.42624440625000004 0.9681956625 0.4362190765625 0.9812033687499999 0.4772181953125 1 0.4868524859375 1 0.4341737484375