11 0.1059294296875 0.4211161109375 0.099828275 0.455850434375 0.11938559687500001 0.491232590625 0.138881146875 0.49945576562499994 0.1580684875 0.495678284375 0.15603455625 0.465991640625 0.18368556875 0.4369553796875 0.17201689375 0.411683865625 0.14746771875 0.40472070000000004 0.1059294296875 0.4211161109375
11 0.1851852265625 0.43758793125000006 0.1544527515625 0.4704118640625 0.1645396234375 0.5001036 0.19903175 0.5146522953125 0.2152197765625 0.5096097078125 0.26078453437500004 0.4932168453125 0.2766643484375 0.4761736 0.2792115375 0.44333183906249995 0.24677371718750002 0.42625803125 0.1851852265625 0.43758793125000006
11 0.31690866875 0.5084108265625 0.359946615625 0.49264796874999994 0.37440891875000004 0.46991939687500006 0.3246120015625 0.437044525 0.2901816453125 0.44965481250000006 0.2834640703125 0.46038781875 0.289750534375 0.507130440625 0.31690866875 0.5084108265625
11 0.46120375625000004 0.425130465625 0.4329363234375 0.4301654109375 0.40245028749999995 0.4478310203125 0.3721903171875 0.4825500609375 0.37549784218750004 0.49581582187500006 0.40588135468750003 0.5154147453125 0.44575569374999996 0.50849233125 0.47726888125 0.48956416562499994 0.49583980156249996 0.4617853671875 0.48764294531249996 0.4396740671875 0.46120375625000004 0.425130465625
11 0.3004742046875 0.5286117375 0.2968177140625 0.5677688296875 0.323811553125 0.579154765625 0.388009003125 0.562142084375 0.39519908125000003 0.5533041859375001 0.40027308125000005 0.5198324203125 0.3684720578125 0.494548171875 0.3270980625 0.5008380328125 0.3004742046875 0.5286117375
11 0.1850419515625 0.539275975 0.1802761625 0.5847483984374999 0.21943155781249998 0.5910892 0.27368605156250003 0.566490990625 0.2941469859375 0.546292628125 0.29511236875 0.5178710890625 0.26978248125 0.49701215625 0.20961150156250002 0.5140273843750001 0.1850419515625 0.539275975
11 0.0389179765625 0.5183406328125 0.026982485937500002 0.5404391984375 0.0435404921875 0.5745562515625 0.09461100156249999 0.59101024375 0.1471193984375 0.5809378046875 0.16844319375 0.569582434375 0.177461515625 0.5411659906249999 0.12285741718750001 0.49439280312499995 0.08567418437499999 0.49057966249999996 0.0389179765625 0.5183406328125
11 0.24936294062500003 0.5765812578125 0.2163500953125 0.594876871875 0.18703513125 0.6333861296875 0.217172203125 0.6681433765625 0.259018703125 0.6637486234375001 0.306884209375 0.6296723234375 0.3021591734375 0.6107212343749999 0.3141768109375 0.58356989375 0.28773762187499996 0.5690262921875 0.24936294062500003 0.5765812578125
11 0.09785740000000001 0.7009112734375 0.084175809375 0.7375356109375 0.105561375 0.753339221875 0.14504535624999998 0.7394689249999999 0.1838103953125 0.73886184375 0.2176243296875 0.702250240625 0.2146453921875 0.6687733812500001 0.188206203125 0.6542297796875001 0.15188583125 0.6592596312500001 0.09785740000000001 0.7009112734375
11 0.059523471875 0.6440427265625 0.024065959375 0.6579155703125 0.0434386109375 0.7356150328125 0.0661799171875 0.7299449874999999 0.12242694843749999 0.6756626828125001 0.11423009375 0.65355138125 0.059523471875 0.6440427265625
11 0.080149340625 0.7375330640625 0.0458011296875 0.7450905765625 0.0606130375 0.7937334015624999 0.09995310156250001 0.7577568984374999 0.080149340625 0.7375330640625
11 0.20145732343749997 0.798875321875 0.1935890546875 0.756552921875 0.16667736093750002 0.7401142125 0.098925946875 0.7590194546875 0.0590312328125 0.7981536250000001 0.072733840625 0.85311178125 0.096255859375 0.8613375031249999 0.152256453125 0.822213521875 0.1901586296875 0.8127634468749999 0.20145732343749997 0.798875321875
11 0.13345946875 0.8329388874999999 0.08123890781250001 0.8872237406249999 0.100775853125 0.954817653125 0.1257975296875 0.963675928125 0.1475116828125 0.9592684406249999 0.1952950421875 0.9302449140625001 0.2355183421875 0.8708996453125 0.225595765625 0.8311023609375001 0.18810432187499998 0.8152885609375 0.13345946875 0.8329388874999999
11 0.21025126093750002 1 0.2793784 0.9284032921875 0.2737083546875 0.9056619859374999 0.244742353125 0.891748390625 0.22910897812500003 0.8936333109374999 0.182496690625 0.9435004875 0.124133578125 0.9731489249999999 0.12064005156249999 1 0.21025126093750002 1
11 0.3413158515625 0.8646505375 0.41557915312500004 0.7857470984375 0.40296547031249996 0.7566853671875 0.38646923437499997 0.7497272953125 0.34351343437500004 0.7604373796874999 0.2856024515625 0.8241926812499999 0.298051840625 0.8633599625 0.3413158515625 0.8646505375
11 0.20320342187499998 0.7843495500000001 0.25252783437500004 0.8153293140625 0.28576674375 0.8140871328125 0.32147069687499996 0.785055965625 0.3161292375 0.7421035609375 0.272330953125 0.7117588968749999 0.2164328828125 0.7136183468749999 0.1973894609375 0.7395020375 0.20320342187499998 0.7843495500000001
11 0.3457931640625 0.6511714484375 0.3362201921875 0.6827455578125 0.3595575421875 0.7332885859375 0.3825249125 0.7446719734375 0.4047115671875 0.7421595953125 0.4404155203125 0.713128428125 0.44596202187499995 0.6815517703125 0.4245146875 0.6385891781249999 0.3960211890625 0.6265706921875001 0.3457931640625 0.6511714484375
11 0.30532278125 0.6018807890625 0.309411021875 0.6290423171875 0.3393220296875 0.64674613125 0.38796825 0.626565596875 0.42215216875 0.629113634375 0.4340055140625 0.6120678421875 0.431499078125 0.580486090625 0.39653444531250004 0.5640422875 0.3415813828125 0.56969195625 0.30532278125 0.6018807890625
11 0.34176669375 0.6511689015625 0.3178543171875 0.6359952953125 0.24211173437500003 0.682054425 0.262305853125 0.7092261421875 0.28393785781249997 0.709871428125 0.3362201921875 0.6827455578125 0.34176669375 0.6511689015625
11 0.342013778125 0.7598048281249999 0.3754991265625 0.7434043234375001 0.3521414 0.7250730515625 0.337637703125 0.688430884375 0.3078706109375 0.692833278125 0.285827871875 0.7174518640625 0.326380403125 0.7616897484375 0.342013778125 0.7598048281249999
11 0.47692056093749996 0.665781271875 0.500360434375 0.67905976875 0.5144941515625 0.6765422953125 0.593646784375 0.606484396875 0.5848131296875 0.5925835359375 0.5533203171875 0.5792999453125 0.5158906437499999 0.590645128125 0.4729966140625 0.62851419375 0.47692056093749996 0.665781271875
11 0.4856090125 0.4099874234375 0.5300440953125001 0.4321216484375 0.5437053078125 0.4277090671875 0.5637758859375 0.4005628203125 0.5587426390625 0.3696110734375 0.52741411875 0.34622193437500004 0.50120099375 0.348731765625 0.47615893906249995 0.372085246875 0.4856090125 0.4099874234375
11 0.448344275 0.5350213078125 0.432608378125 0.5741707593750001 0.458883275 0.598819909375 0.47846097031249996 0.6019903109375 0.512336678125 0.5925376890625 0.5526217499999999 0.560351403125 0.5524778328125 0.5382451968749999 0.5412816609375 0.5148687921875 0.4985723015625 0.5104205515625 0.448344275 0.5350213078125
11 0.619880284375 0.571762809375 0.6563853265625 0.5244156515625 0.61811316875 0.4947060859375 0.59173575 0.5073214671875 0.5679469140625 0.5464658250000001 0.5737812531250001 0.55910158125 0.6087458828125001 0.5755453859374999 0.619880284375 0.571762809375
11 0.61866781875 0.49154842031249996 0.64905133125 0.51114734375 0.6804002265625 0.5023247265624999 0.7018883140625001 0.4808638078125 0.7009636828125 0.44486183281249997 0.6629997359375001 0.427152925 0.63773161875 0.43345297499999996 0.6120527671875 0.46501689687500003 0.61866781875 0.49154842031249996
11 0.5485538859375 0.50097811875 0.5689122984375 0.5180442859375 0.582018859375 0.5167893703125 0.6177228125 0.487758203125 0.6133263609374999 0.4485960171875 0.5993569375 0.44100794062500004 0.5619272640624999 0.45235312343749995 0.5403570296875 0.4788668171875 0.5485538859375 0.50097811875
11 0.4674704875 0.6278790937500001 0.43550517031249997 0.6127003953125 0.421515371875 0.637324075 0.4470713234375 0.6752364390625 0.46065038906250005 0.6758766328125 0.47250373437500004 0.6588308406250001 0.4674704875 0.6278790937500001
11 0.058352400000000006 0.6231990765625001 0.0570788046875 0.63961995625 0.091735228125 0.6440631031249999 0.12314589218750001 0.66239946875 0.144387540625 0.656096871875 0.1903630328125 0.6144401359375 0.19069161875 0.5942290375 0.158726303125 0.5790503375 0.08292195 0.5979504859375 0.058352400000000006 0.6231990765625001
11 0.319640525 0.43325176093750006 0.363603103125 0.4534908765625 0.39589700625 0.44845847812499995 0.4309641609375 0.42763775 0.418350478125 0.39857601875 0.379914028125 0.3789720015625 0.3334864078125 0.3865218734375 0.3149154875 0.41430067187499997 0.319640525 0.43325176093750006
11 0.1852673734375 0.43253515625 0.24124758906250002 0.42562293125000006 0.285846965625 0.43765160625000005 0.2953377921875 0.411130271875 0.27719798125 0.381433440625 0.2245456671875 0.369399671875 0.18347988125 0.387690190625 0.1735986984375 0.40726364375 0.1852673734375 0.43253515625
11 0.0923503640625 0.4204759171875 0.0588650125 0.436876421875 0.030495057812499997 0.47917589843749997 0.0391644171875 0.5031823078125 0.0557427984375 0.5050876046874999 0.1089701390625 0.481751953125 0.0923503640625 0.4204759171875
11 0.0226484484375 0.6522302437499999 0.030228882812500003 0.6503402281249999 0.04508154375 0.634559540625 0.04651943125 0.6080331109375 0.007610475 0.5865339859375001 0.0226484484375 0.6522302437499999
11 0.23348441250000002 0.8412130031249999 0.23124543281249998 0.8860554234375 0.24735131093749999 0.8860656109375 0.29158070625 0.858934646875 0.284020646875 0.8286129046875 0.231060121875 0.8045784781249999 0.21542674687500002 0.8064633984375 0.20365555 0.8184564156249999 0.23348441250000002 0.8412130031249999
11 0.520471121875 0.463695759375 0.5280719328125 0.4295939875 0.49657912031249996 0.416310396875 0.47589212343750004 0.4194553265625 0.46822954218749996 0.4263981171875 0.48764294531249996 0.4396740671875 0.49378549375 0.46431048124999996 0.520471121875 0.463695759375
11 0.47186565312499995 0.41945277968749994 0.4807196828125 0.401141884375 0.47205032343750003 0.377135475 0.4440293296875 0.367012096875 0.41118077656249996 0.3752021609375 0.4044632015625 0.38593516875 0.43601778593749996 0.426377740625 0.47186565312499995 0.41945277968749994
11 0.26978183906250003 0.37321790625 0.2866888078125 0.3549121046875 0.27407512500000003 0.3258503734375 0.2414730109375 0.3188821140625 0.20909696093750002 0.3289672875 0.1941621546875 0.34980075 0.1998321984375 0.3725420546875 0.26978183906250003 0.37321790625
11 0.363746378125 0.3518028328125 0.336526475 0.323363465625 0.2810187625 0.3321707984375 0.29394065625 0.37323318906249997 0.30704721875 0.371978271875 0.3314524765625 0.35683523125 0.363746378125 0.3518028328125
11 0.4731596234375 0.37082014375 0.4941752078125 0.3474641140625 0.4735085875 0.31839728906250003 0.442488278125 0.30700880625 0.407585415625 0.317723984375 0.39659493281249997 0.34361276875 0.4118997203125 0.36193894531250004 0.4731596234375 0.37082014375
11 0.29519387343750003 0.3890240640625 0.38346799374999996 0.377079440625 0.3746343390625 0.3631785796875 0.3365060984375 0.355575221875 0.308074371875 0.370715715625 0.29519387343750003 0.3890240640625
11 0.49323084218749996 0.46746814687500005 0.4756870765625 0.49398438906250003 0.4343748515625 0.5274332312500001 0.43421055781250006 0.53753878125 0.447317121875 0.536283865625 0.47835780781250004 0.5154605906249999 0.5413638078125 0.5098160171874999 0.5413020375 0.48265703593750003 0.51691715625 0.46558832031249997 0.49323084218749996 0.46746814687500005