11 0.7568359375 0.2558593734375 0.6884765625 0.2558593734375 0.6542968734375 0.2900390625 0.6542968734375 0.3291015625 0.7001953125 0.36328125 0.7626953125 0.3613281265625 0.796875 0.3212890625 0.7910156265625 0.2802734375 0.7568359375 0.2558593734375
11 0.5712890625 0.1660156265625 0.5332031265625 0.2060546875 0.51953125 0.2470703125 0.5537109375 0.2753906265625 0.5869140625 0.2753906265625 0.6191406265625 0.2431640625 0.6152343734375 0.2021484375 0.5712890625 0.1660156265625
11 0.6337890625 0.06640625 0.54296875 0.0732421875 0.57421875 0.1572265625 0.6083984375 0.1796875 0.6474609375 0.17578125 0.66796875 0.1572265625 0.6777343734375 0.0947265625 0.6337890625 0.06640625
11 0.5107421875 0.2558593734375 0.4345703125 0.2832031265625 0.421875 0.3232421875 0.4501953125 0.36328125 0.5087890625 0.3671875 0.5566406265625 0.3447265625 0.5703125 0.3193359375 0.5644531265625 0.3037109375 0.5107421875 0.2558593734375
11 0.3818359375 0.2714843734375 0.3115234375 0.26953125 0.2792968734375 0.2939453125 0.2734375 0.3291015625 0.2978515625 0.3730468734375 0.3662109375 0.37890625 0.40625 0.3525390625 0.4082031265625 0.3037109375 0.3818359375 0.2714843734375
11 0.4619140625 0.1621093734375 0.4130859375 0.15625 0.3808593734375 0.1806640625 0.3730468734375 0.2275390625 0.3994140625 0.26953125 0.4404296875 0.2792968734375 0.4902343734375 0.2490234375 0.4902343734375 0.2001953125 0.4619140625 0.1621093734375
11 0.5263671875 0.06640625 0.4873046875 0.05859375 0.4472656265625 0.0927734375 0.44140625 0.1357421875 0.4990234375 0.1953125 0.5283203125 0.2011718734375 0.56640625 0.1669921875 0.5644531265625 0.1044921875 0.5263671875 0.06640625
11 0.5771484375 0 0.5703125 0.0498046875 0.5869140625 0.06445312656249999 0.6435546875 0.06445312656249999 0.67578125 0.0263671875 0.6806640625 0 0.5771484375 0
11 0.4921875 0.0029296875 0.5302734375 0.0234375 0.5712890625 0 0.4921875 0.0029296875
11 0.4853515625 0 0.4462890625 0.0019531265625 0.4160156265625 0.0361328125 0.4121093734375 0.0810546875 0.4365234375 0.10742187343750001 0.5166015625 0.05859375 0.515625 0.0322265625 0.4853515625 0
11 0.3974609375 0.07421875 0.3447265625 0.0859375 0.328125 0.1044921875 0.3378906265625 0.1669921875 0.3451724015625 0.1856836953125 0.3759765625 0.1875 0.4296875 0.1474609375 0.4296875 0.1083984375 0.3974609375 0.07421875
11 0.3330078125 0.1777343734375 0.30859375 0.2216796875 0.3369140625 0.2519531265625 0.37109375 0.2275390625 0.3691406265625 0.2060546875 0.3330078125 0.1777343734375
11 0.3720703125 0.23046875 0.3378906265625 0.2490234375 0.3369140625 0.2675781265625 0.4091796875 0.3066406265625 0.4140625 0.2939453125 0.3720703125 0.23046875
11 0.2998046875 0.21875 0.2451171875 0.2128906265625 0.23046875 0.2236328125 0.22265625 0.2744140625 0.2685546875 0.3183593734375 0.3261718734375 0.2666015625 0.3261718734375 0.2490234375 0.2998046875 0.21875
11 0.2216796875 0.28125 0.1806640625 0.28125 0.1513671875 0.29296875 0.12890625 0.3291015625 0.1591796875 0.3769531265625 0.2099609375 0.3808593734375 0.2519531265625 0.3583984375 0.2558593734375 0.3056640625 0.2216796875 0.28125
11 0.0673828125 0.2832031265625 0.0009765625 0.2832031265625 0 0.3818359375 0.0830078125 0.37890625 0.1015625 0.3603515625 0.10351562656249999 0.3212890625 0.0673828125 0.2832031265625
11 0.08398437343750001 0.2490234375 0.07421875 0.2822265625 0.1064453125 0.3183593734375 0.1259765625 0.3203125 0.15625 0.2841796875 0.11523437343750001 0.2412109375 0.08398437343750001 0.2490234375
11 0.2021484375 0.1542968734375 0.1396484375 0.1386718734375 0.11328125 0.1552734375 0.10351562656249999 0.2060546875 0.1269531265625 0.2587890625 0.1728515625 0.28125 0.22265625 0.2568359375 0.2246093734375 0.1904296875 0.2021484375 0.1542968734375
11 0.3037109375 0.09179687343750001 0.2763671875 0.09179687343750001 0.2246093734375 0.1494140625 0.2265625 0.1904296875 0.2587890625 0.2109375 0.3134765625 0.2050781265625 0.3300781265625 0.1748046875 0.328125 0.1181640625 0.3037109375 0.09179687343750001
11 0.2529296875 0 0.2519531265625 0.0244140625 0.2841796875 0.08203125 0.3291015625 0.09179687343750001 0.3886718734375 0.0517578125 0.39453125 0.0068359375 0.2529296875 0
11 0.2333984375 0.015625 0.1611328125 0.015625 0.1308593734375 0.0498046875 0.12304687343750001 0.1318359375 0.2041015625 0.1464843734375 0.2470703125 0.1308593734375 0.2734375 0.0927734375 0.26953125 0.0537109375 0.2333984375 0.015625
11 0.0810546875 0.1386718734375 0.05078125 0.1708984375 0.0527343734375 0.2021484375 0.0830078125 0.23828125 0.109375 0.2333984375 0.1220703125 0.13671875 0.0810546875 0.1386718734375
11 0.0458984375 0.1972656265625 0 0.1943359375 0.0009765625 0.28125 0.0673828125 0.2753906265625 0.07421875 0.2392578125 0.0458984375 0.1972656265625
11 0.0556640625 0.041015626562500004 0.0078125 0.0673828125 0.00390625 0.0947265625 0.0244140625 0.1269531265625 0.0634765625 0.1464843734375 0.11328125 0.1279296875 0.1171875 0.0810546875 0.0556640625 0.041015626562500004
11 0.0009765625 0.09375 0.0009765625 0.1816406265625 0.0234375 0.1630859375 0.0234375 0.1337890625 0.0009765625 0.09375
11 0.0009765625 0 0 0.0517578125 0.0439453125 0.04296875 0.0615234375 0 0.0009765625 0
11 0.1357421875 0 0.1347656265625 0.0205078125 0.2470703125 0.021484373437500003 0.2509765625 0 0.1357421875 0