11 0.893235753125 0.358391290625 0.8732034859375 0.3372376078125 0.8046052140625 0.31897583749999997 0.7287974453125 0.3273779453125 0.679891584375 0.34105098749999996 0.6442501875 0.3829179015625 0.6320421421875 0.4502916828125 0.63697445625 0.4902531484375 0.6905071265625 0.543069259375 0.7524394265625001 0.5595286578125 0.84702061875 0.5504799453125 0.9066388921874999 0.50565364375 0.9119098250000001 0.47875173593750003 0.8907548999999999 0.44270176250000004 0.9089160796875 0.4390282984375 0.892386725 0.4133852375 0.893235753125 0.358391290625
11 0.53289789375 0.2000153921875 0.5149085062500001 0.28242165625000004 0.5193304078125001 0.31051369375000004 0.5423220640624999 0.35564425625 0.570584653125 0.37387291093749997 0.636359728125 0.3750618 0.7015213171875 0.317141584375 0.7067578906249999 0.27449311718749997 0.6896494109375 0.2054875109375 0.6388037421874999 0.162840284375 0.583809796875 0.161991253125 0.53289789375 0.2000153921875
11 0.7101933328125 0.2945928625 0.7215192312500001 0.3225487078125 0.839737440625 0.32132173750000004 0.88714766875 0.3438692203125 0.9312242953125001 0.33747439375 0.9546220468750001 0.291152459375 0.9519006828125001 0.2652370140625 0.9143869578125001 0.2261945359375 0.78494468125 0.1906231 0.7100559 0.2316066234375 0.7101933328125 0.2945928625
11 0.780793921875 0.1202568109375 0.779230815625 0.18106645625 0.8246681203125 0.187629353125 0.9157132796875 0.22340569999999998 0.940540428125 0.2215346078125 0.972066665625 0.181130209375 0.974412565625 0.1459979828125 0.9481216640625 0.087671671875 0.8638786671875 0.0606016953125 0.8127962125 0.0759752796875 0.780793921875 0.1202568109375
11 1 0.169107959375 0.9817595000000001 0.182320340625 0.9577163859375 0.2659510921875 0.9794504359375 0.3453636109375 1 0.3618619703125 1 0.169107959375
11 1 0.3703511359375 0.98128716875 0.3544442 0.941529371875 0.34169138593750004 0.8956503734375 0.3547521828125 0.9209891750000001 0.4208327609375 0.9249693812500001 0.4685484921875 0.89796688125 0.528202365625 0.9268417140625 0.5494578828125001 0.9570085109375001 0.5521780046875 1 0.5237376499999999 1 0.3703511359375
11 0.840490840625 0.555581565625 0.7666216375 0.5642217031250001 0.71523368125 0.606122975 0.7146570359375 0.6749249140625 0.7466274484375 0.72706130625 0.7845828703125 0.746480090625 0.8302582015625 0.7511044171875 0.852398346875 0.7390644421875 0.9504456125 0.5976153078124999 0.9472482015624999 0.575576996875 0.9272159312499999 0.5544233140625 0.8859956203125 0.5375553375 0.840490840625 0.555581565625
11 0.7048280109375 0.6668307859375 0.6720760453125 0.6450992156249999 0.612218503125 0.6357818421875 0.577120634375 0.6491824984375001 0.531548378125 0.69179785 0.484004440625 0.7745108562499999 0.4809101015625 0.7997122234375 0.5207366125 0.84395815625 0.5387972000000001 0.905209496875 0.5611078953125 0.9158200765625001 0.6087217921875 0.9206824296875 0.6530020828125 0.896602478125 0.7070083265625 0.8333769734375001 0.7284675109375 0.7868170140624999 0.73781924375 0.74270603125 0.7321728515625 0.7085602671875 0.7048280109375 0.6668307859375
11 0.651437734375 0.90132988125 0.687897525 0.9569691890625001 0.7130645328125 0.9443169687499999 0.8314826906249999 0.7571581453125 0.77550228125 0.7483168250000001 0.7622046984375 0.760458634375 0.73979216875 0.7586906171875001 0.7220064500000001 0.8234117546874999 0.651437734375 0.90132988125
11 0.55028248125 0.45107571875 0.47692492968750005 0.5276675234375 0.4702258421875 0.56620083125 0.478524875 0.594768921875 0.509984878125 0.6350358875000001 0.535084409375 0.6469727890625 0.5669517484375 0.6518695046875 0.640072515625 0.63329850625 0.679829071875 0.5899690796875 0.6848276203125 0.549259178125 0.63966145625 0.5004220328125 0.626600659375 0.45454303593749995 0.55028248125 0.45107571875
11 0.457264396875 0.3993147859375 0.44889912499999995 0.451418059375 0.45043035624999994 0.48702633906250004 0.47352384843750006 0.5233143375 0.5483439140625 0.45083769218749997 0.624287875 0.44933957968750005 0.624457184375 0.41590789375000004 0.609254153125 0.3874759953125 0.5173587234375 0.35061135 0.47610529531249995 0.37407905937499997 0.457264396875 0.3993147859375
11 0.320720659375 0.661975875 0.309702746875 0.719656825 0.3280688328125 0.7543804749999999 0.391293096875 0.7523044734375001 0.45349778125 0.782571865625 0.480127303125 0.7740348046875 0.5293374281250001 0.6777518312499999 0.472572984375 0.587150846875 0.44954820937499995 0.5823559687500001 0.38853489531249996 0.5984779875 0.34874398125 0.6260608546875 0.320720659375 0.661975875
11 0.6616365875 1 0.678477075 0.9695870515625 0.634161184375 0.921838203125 0.6019539875000001 0.9277226187500001 0.5423344718750001 0.9164666796875001 0.5237734484375001 1 0.6616365875 1
11 0.51928721875 1 0.5331851671875001 0.8868102921875 0.4936641546875 0.8160366703124999 0.4465937859375 0.78270805625 0.347692525 0.7548221671875 0.28827791875000003 0.78196334375 0.26171710937500003 0.8219935234375001 0.261616515625 0.8869183296875001 0.326747471875 0.98149828125 0.4911429515625 1 0.51928721875 1
11 0.12703578124999998 0.71690606875 0.11625589218750002 0.7726484499999999 0.1380230609375 0.8117252875000001 0.1614551703125 0.7811499125 0.15900743281250002 0.825124703125 0.2181852546875 0.8560043374999999 0.255494075 0.8566496984375 0.2653218609375 0.8086615828125 0.31606321406250004 0.7479868890625 0.275352071875 0.6869061015625 0.236070328125 0.6702761500000001 0.165329821875 0.669461478125 0.12703578124999998 0.71690606875
11 0.15981714375 0.5300552281249999 0.13012764062499999 0.5795402171874999 0.148936659375 0.650722415625 0.16495560468749998 0.66449605 0.2389609984375 0.662759909375 0.2789899390625 0.6332384765625 0.3001767375 0.5728705234375 0.2800757546875 0.5202237203125 0.25048684374999997 0.504783903125 0.21899372343749998 0.5048526203125 0.15981714375 0.5300552281249999
11 0.45457987656250004 0.501310384375 0.383838128125 0.44441346875 0.3261915375 0.44914211562500006 0.2898360640625 0.496824728125 0.3008908171875 0.5670548234375 0.3395272 0.620993590625 0.3649322359375 0.6064028031250001 0.35217818125 0.59007835625 0.3659861734375 0.5898059734375 0.3720742578125 0.6043280453125 0.46733517031250005 0.573717071875 0.47039514843749997 0.5327691453125001 0.45457987656250004 0.501310384375
11 0.36669528906250004 0.35966130625 0.29717927187500004 0.364900359375 0.267081190625 0.3936733578125 0.26062012968750004 0.43026809843749997 0.284496415625 0.49223351718749997 0.31469632812500004 0.4546179546875 0.3428902015625 0.4413534890625 0.38213758750000004 0.442236878125 0.429684009375 0.47168835624999994 0.43791308593749995 0.41268108437500006 0.3934278875 0.3983639203125 0.36669528906250004 0.35966130625
11 0.3672731734375 0.3469416078125 0.3738716703125 0.37333310468750003 0.40203242499999997 0.40040432187499997 0.4477077546875 0.40502865000000005 0.5198751765625 0.3381296796875 0.5105209609375 0.270076178125 0.47372131250000005 0.225218 0.4182513140625 0.228246103125 0.376556190625 0.27133750624999997 0.3672731734375 0.3469416078125
11 0.6979447249999999 0.065808871875 0.6601254953125 0.053294084374999995 0.6213541609375001 0.0485335625 0.570747759375 0.060030014062500005 0.52663801875 0.1067605234375 0.5156201015625 0.164441471875 0.5243951921875001 0.189132428125 0.60996326875 0.157331325 0.6446194421875 0.1635543625 0.6895132203125 0.1985835125 0.7033212125 0.1983111296875 0.7348130921875 0.14216017187500002 0.7286562890625 0.09614497968749999 0.6979447249999999 0.065808871875
11 0.7408668171875 0.1409356828125 0.778141278125 0.125834484375 0.7988863859374999 0.08509022499999999 0.835412409375 0.0600581671875 0.8352418593750001 0.0374076125 0.693726490625 0.020031709375 0.6793406125 0.033023790625 0.6709066234375001 0.0536339453125 0.72318045 0.0846497703125 0.7408668171875 0.1409356828125
11 1 0.05814185625 0.9399244625 0.05026101875 0.9381564453125 0.07267355 0.9773032390624999 0.1384817421875 0.9954987750000001 0.15055483593750002 1 0.14911180468750002 1 0.05814185625
11 0.48861760312499997 0.2240953453125 0.5107589859375 0.2681376109375 0.532523675 0.1950499609375 0.5189537078125 0.19338377812500002 0.48861760312499997 0.2240953453125
11 0.8360921296875 0.0384959078125 0.838201246875 0.061384490624999996 0.889318059375 0.06175746875 0.9318646953125 0.0758366046875 0.9399244625 0.05026101875 0.8360921296875 0.0384959078125
11 0.61359989375 0.047581459375 0.6642406546874999 0.051831571875 0.6887610609375 0.020405928125 0.540579721875 0.0012276499999999998 0.536907496875 0.0391487140625 0.5476211515625 0.064077696875 0.61359989375 0.047581459375
11 0.4458317 0.1558725328125 0.4912358890625 0.20277111250000002 0.5183414640625 0.1903569171875 0.5206186484375 0.1237315703125 0.5469070734375 0.069893396875 0.5302758843750001 0.0530928984375 0.4789210453125 0.0546584875 0.4437557015625 0.09264826875 0.4458317 0.1558725328125
11 0.48341414531250004 0.22640813125 0.49004575937499995 0.21246394531249999 0.47266613281250003 0.1857325875 0.44865489687500004 0.1729454171875 0.3795130953125 0.1831499 0.413761934375 0.22474318906250002 0.48341414531250004 0.22640813125
11 0.266941278125 0.21852263437500002 0.25901770156250004 0.25100221562499997 0.27826841562500004 0.302560721875 0.33700454375 0.35306405 0.366797121875 0.35081874062499996 0.36836023125 0.29000909531249996 0.41206139531249997 0.2225665953125 0.3767242609375 0.181823578125 0.3483598390625 0.1724374859375 0.3222063671875 0.1770974125 0.266941278125 0.21852263437500002
11 0.1431478734375 0.32926144375 0.13471388906249998 0.3498716 0.1401566078125 0.40170249062499996 0.1683173625 0.42877370781249996 0.2537161328125 0.430404290625 0.2699718625 0.3861571171875 0.310851071875 0.357723978125 0.3108167140625 0.34197741875 0.268439390625 0.29446659531249997 0.19599834375 0.29147533281250004 0.1431478734375 0.32926144375
11 0.08754540625 0.49363227812500005 0.08183278125 0.5401578781249999 0.121386909375 0.57059581875 0.1804947734375 0.513900090625 0.264056809375 0.5064500859375001 0.26701495625 0.4743447234375 0.23096374375 0.4394174046875 0.19848416093750001 0.431493828125 0.11230383906250001 0.4602680671875 0.08754540625 0.49363227812500005
11 0.0788783578125 0.74050996875 0.11424860781249999 0.7409173046875 0.158425828125 0.6695976734375 0.1273388015625 0.5782138921875 0.076188871875 0.6181765984375 0.055681790625000005 0.656982290625 0.051907732812499996 0.7037459187499999 0.0788783578125 0.74050996875
11 0 0.5144697109374999 0.08356519999999999 0.44591654687500004 0.0727153515625 0.41408356562500004 0.029046064062499998 0.385108140625 0.0105106671875 0.3838161765625 0 0.46941868906249995 0 0.5144697109374999
11 0.11257249843749999 0.305829334375 0.10590776875 0.3601092015625 0.12702833593750001 0.38041261406250004 0.1347826015625 0.38136471875 0.1376045578125 0.342355359375 0.161750746875 0.30596428593749997 0.227355271875 0.28450261875 0.19368431875 0.2301896328125 0.17395879218750002 0.23859050312500002 0.11257249843749999 0.305829334375
11 0.2021857828125 0.1849903546875 0.1952486671875 0.22546222968750002 0.2338850484375 0.27940099687500003 0.264902115625 0.2832094140625 0.265002709375 0.21828460781249998 0.327409821875 0.1747846296875 0.3236345234375 0.16546601562500002 0.29744669375 0.154379384375 0.23616099531249998 0.15669340781250002 0.2021857828125 0.1849903546875
11 0.3761120171875 0.178796715625 0.442464978125 0.1672659078125 0.43987856875000003 0.0921722171875 0.402161171875 0.070814865625 0.349378178125 0.0840118546875 0.313022703125 0.13169446875 0.316594334375 0.1586982109375 0.3761120171875 0.178796715625
11 0.432838540625 0 0.40603706562499997 0.015208675 0.3879789609375 0.0661218203125 0.4384160515625 0.08805705625 0.4748058859375 0.056121003125 0.5143931312500001 0.046223260937499996 0.49578901875000003 0.0134381796875 0.45031269375000005 0 0.432838540625 0
11 0.30914556875 0.131218415625 0.3374069171875 0.093364828125 0.3858023671875 0.0678223609375 0.3764150359375 0.040104540625000004 0.3381197546875 0.0314668859375 0.309211803125 0.0505470515625 0.2949964765625 0.08618968906249999 0.30914556875 0.131218415625
11 0.3542147671875 0 0.3513155015625 0.0281676390625 0.3845435234375 0.046022075 0.42042294375000006 0.00221659375 0.430648590625 0 0.3542147671875 0
11 0.2670792609375 0 0.24738133750000002 0.025245090625 0.292785525 0.07214366875 0.3094498296875 0.048608484375 0.347438371875 0.027691585937500002 0.3402760984375 0 0.2670792609375 0
11 0.296765734375 0.11985939999999999 0.2876839046875 0.065613890625 0.25503377031249996 0.03503975625 0.20259063593749999 0.0374556171875 0.1913690515625 0.11282169375 0.21810165 0.15152431093750002 0.296765734375 0.11985939999999999
11 0.13926577812500002 0.10445642343749999 0.1581079171875 0.1353029390625 0.188785125 0.1498924859375 0.2267061875 0.15356471249999998 0.29458914062499997 0.121559940625 0.29060893125 0.073844209375 0.2695902 0.0446982328125 0.1820823140625 0.0201790671875 0.1454200953125 0.038307128125 0.13926577812500002 0.10445642343749999
11 0.05574058125 0.23981747343749998 0.1263117765625 0.2740638296875 0.1422963625 0.2720909046875 0.1925616640625 0.21529334375000003 0.18269828125 0.19145265625000002 0.1499463140625 0.16972108749999998 0.0976050140625 0.163294384375 0.0650923140625 0.195706490625 0.05574058125 0.23981747343749998
11 0.20555250468750003 0.17359698125 0.196913609375 0.1558100203125 0.1581079171875 0.1353029390625 0.13426723125 0.1451663234375 0.125221 0.162749615625 0.181848009375 0.1903643609375 0.20555250468750003 0.17359698125
11 0.0827824015625 0.42023912656249995 0.13627947812500002 0.4012264375 0.102268665625 0.3576945828125 0.1059065296875 0.30402696093750003 0.07369933281249999 0.3099113765625 0.0467643078125 0.3449761265625 0.04564289375 0.3861620796875 0.0827824015625 0.42023912656249995
11 0.1275362671875 0.28011755625 0.0866558140625 0.252468453125 0.0447557828125 0.257162740625 0.023364075 0.279133575 0.018841579687500002 0.31596634218749997 0.0460158703125 0.3350452671875 0.082167678125 0.305047778125 0.10784509687499999 0.3042649875 0.1275362671875 0.28011755625
11 0.0183655265625 0.3198434765625 0.01074869375 0.3818776109375 0.042003785937499996 0.3837474609375 0.045301790625 0.3408609671875 0.027208090624999997 0.319945309375 0.0183655265625 0.3198434765625
11 0.10389676562500001 0.1601313296875 0.069002565625 0.1558468609375 0.036693534374999996 0.170573840625 0.029790778125 0.226792275 0.044823259375 0.232573615625 0.0569307125 0.23012463906249997 0.0752268421875 0.177272928125 0.10389676562500001 0.1601313296875