11 0.772239875 0.86303211875 0.74489503125 0.8213026375 0.7096266124999999 0.8120527390625 0.674801128125 0.8392613890625 0.676094334375 0.8768082343750001 0.697895859375 0.931631628125 0.7420068421875 0.9409833640624999 0.774043490625 0.9124483906249999 0.772239875 0.86303211875
11 0.843964359375 0.7596745984375 0.835189275 0.7349836421875 0.8000226874999999 0.7168911796875 0.786623271875 0.7378755515625001 0.7264602265625 0.7550858687499999 0.7331949140625 0.7883813625 0.8032557 0.8107582921875001 0.833626165625 0.7957932875 0.843964359375 0.7596745984375
11 0.76387088125 0.74688866875 0.7983221484375 0.7147145874999999 0.7923015390625 0.675603390625 0.7639027578124999 0.6504707421875 0.7378511203125 0.64628810625 0.6992159796874999 0.64843158125 0.6708184390625 0.6793811734374999 0.6823148859375 0.729987575 0.7122780171875001 0.750392821875 0.76387088125 0.74688866875
11 0.8852140671875001 0.5679601625 0.8700110343749999 0.539528265625 0.8160710265625 0.5220824046875 0.7824700296875 0.55534478125 0.7891372421875 0.6132293984375 0.816685753125 0.637273753125 0.8460022796875 0.6389055781249999 0.8773248468749999 0.6161863046875 0.8852140671875001 0.5679601625
11 0.78253875 0.5868379015625 0.7576428828124999 0.5572158734375 0.7170348171875001 0.5433747624999999 0.6775837625000001 0.5601765000000001 0.6745237796875 0.6011244265625 0.7100989421875 0.639928878125 0.7588011359375 0.6439409656249999 0.7864846 0.618807071875 0.78253875 0.5868379015625
11 0.6775518843749999 0.656594425 0.6804081984375 0.6333316250000001 0.6355144203124999 0.5983024718750001 0.601232465625 0.597044865625 0.5720864890625 0.6180635984375 0.564911346875 0.660474040625 0.5881066734375 0.687919475 0.6288165734375 0.6929180234375 0.6775518843749999 0.656594425
11 0.5621899875 0.6345585953125 0.5389946625 0.607113159375 0.499611084375 0.599325775 0.4563172546875 0.6313980203125 0.4513187078125 0.672107921875 0.4720994140625 0.703192465625 0.5268553328125 0.7059800593750001 0.5591300078125 0.675506521875 0.5621899875 0.6345585953125
11 0.4862791421875 0.595721025 0.499949703125 0.532462403125 0.4616200640625 0.5080781890625 0.433051971875 0.5163772234375 0.40696721875 0.552530271875 0.3963909984375 0.5905875265625 0.414757084375 0.625311178125 0.45811962968750003 0.62473205 0.4862791421875 0.595721025
11 0.40492557656250006 0.505052565625 0.3909470328125 0.48267439375 0.36707198750000003 0.47679121875 0.3423810296875 0.48556630624999997 0.319766075 0.5575656578125 0.336669646875 0.5881741468749999 0.3727883359375 0.5985123437500001 0.3978191546875 0.5789561265625001 0.40492557656250006 0.505052565625
11 0.4874324328125 0.4581171484375 0.45668651093749996 0.41203448125 0.42723379375 0.40349866093750003 0.41465028593750003 0.409824771875 0.39802034062499997 0.44910651562500004 0.39713695000000004 0.48835390156249997 0.42516151406249997 0.508521125 0.470938678125 0.5043028890625 0.4874324328125 0.4581171484375
11 0.4134257984375 0.4037710453125 0.3916586296875 0.36469420937499997 0.3527511046875 0.3530296921875 0.307824209375 0.358336221875 0.2852767296875 0.4057464515625 0.3310551328125 0.4576104609375 0.3703025203125 0.458493846875 0.40526419531249996 0.43818919375 0.4134257984375 0.4037710453125
11 0.5607225109375 0.4061144671875 0.5006944171875001 0.37414653593749997 0.48477730625 0.35153033749999996 0.45794411406249996 0.377752525 0.4609378609375 0.4174759640625 0.499676078125 0.46257216874999996 0.5389234640625 0.46345555312500003 0.5586146328125 0.43930812656249996 0.5607225109375 0.4061144671875
11 0.6153753546875 0.361662384375 0.608980528125 0.317585759375 0.568712321875 0.29296351875000004 0.519194215625 0.303609696875 0.49297326874999997 0.33285874843749996 0.494980553125 0.36458989375 0.53756154375 0.394415590625 0.589630459375 0.387034303125 0.6153753546875 0.361662384375
11 0.4808633359375 0.2231432421875 0.444337309375 0.2481752984375 0.43811427187499996 0.28283147343750004 0.4598814421875 0.32190830937500003 0.48606927187500004 0.332994940625 0.5480678078125 0.2687829734375 0.521709428125 0.235045784375 0.4808633359375 0.2231432421875
11 0.6718698953125 0.5506198578125 0.7123074125 0.5418104140625 0.7416570546875 0.5031065546875 0.734411959375 0.457941634375 0.6955044328125 0.44627711718749996 0.6557135187500001 0.4738599875 0.631736640625 0.4768193734375 0.6209898703125 0.49222607343749997 0.6240854484375 0.5231069484375 0.6718698953125 0.5506198578125
11 0.8123632031250001 0.48817466718749997 0.8042003609374999 0.4665105734375 0.7541031296875 0.43379420625 0.73281325 0.446922478125 0.744275340625 0.48178232187500003 0.7218640515625 0.536096546875 0.7755660359375 0.555480971875 0.8095412468750001 0.5271840265625001 0.8123632031250001 0.48817466718749997
11 0.6377903671875 0.47559488281249995 0.669861371875 0.462806471875 0.69108253125 0.41818507968749996 0.6943805359375 0.3752985859375 0.6589415671875 0.3433981296875 0.6240817265625 0.35486022031250003 0.6011256687500001 0.3815584609375 0.5936781437499999 0.41016090937499994 0.6012631015625 0.44454469999999996 0.6377903671875 0.47559488281249995
11 0.8062039234375 0.3299949921875 0.8023955062500001 0.361012059375 0.778452984375 0.37971800624999996 0.7734200796875 0.404681346875 0.8086884968750001 0.413931246875 0.8327672078124999 0.4021292953125 0.8513357234375001 0.36308557656249996 0.8062039234375 0.3299949921875
11 0.8603144781250001 0.3700914078125 0.8322911562499999 0.406006428125 0.8367474171874999 0.4498450265625 0.8713361171875 0.48065718437499994 0.9282686296874999 0.481744240625 0.9479597999999999 0.4575968125 0.9561213984375 0.4231786640625 0.8603144781250001 0.3700914078125
11 0.770393215625 0.40529359062500003 0.7806295750000001 0.378017465625 0.8021574796875001 0.3629506265625 0.80450338125 0.3278183984375 0.7254294828125001 0.282689078125 0.70461565625 0.29194021718749996 0.6797897500000001 0.34989355 0.698869915625 0.3788015 0.7335604484375 0.4007710953125 0.770393215625 0.40529359062500003
11 0.7035948390625 0.268201365625 0.6629524124999999 0.23861369687499998 0.622106321875 0.2267111515625 0.5994226453125 0.267217384375 0.5990153109375 0.30258763593750004 0.62248301875 0.34384106718749996 0.671899290625 0.3420374515625 0.6995483953125 0.3011569984375 0.7035948390625 0.268201365625
11 0.3952621390625 0.2952800265625 0.3715907625 0.27171172499999996 0.343838584375 0.265352496875 0.2981301375 0.30106385 0.29551185 0.322388084375 0.3128914734375 0.3491194390625 0.3795168203125 0.35139662656250004 0.3950928296875 0.3287117125 0.3952621390625 0.2952800265625
11 0.3210861921875 0.274365609375 0.31659557656250004 0.214780453125 0.27074969375 0.1875055671875 0.217252621875 0.20651825625 0.20038464843749998 0.2477385671875 0.20895606562500002 0.29011465 0.24619741093749997 0.31534913593749997 0.29316470625 0.30143806875 0.3210861921875 0.274365609375
11 0.177632259375 0.25675168125000003 0.1563755 0.22954427187499998 0.1051224953125 0.22226729843749998 0.0710454453125 0.2594068078125 0.0607416109375 0.31127205625 0.08369890937499999 0.3406560609375 0.1224702421875 0.34541658124999997 0.15766994375 0.323173359375 0.177632259375 0.25675168125000003
11 0.103013378125 0.199378715625 0.1161416515625 0.22066859062500002 0.15321244375 0.22325252031249998 0.18548711874999999 0.1927789796875 0.1958253125 0.156660290625 0.16800441875 0.11880794218749999 0.1245056828125 0.1124830734375 0.08165354531249999 0.12493162656250001 0.0645131890625 0.1523439453125 0.06481992812500001 0.18189849687499998 0.103013378125 0.199378715625
11 0.39233835 0.3431319484375 0.405670290625 0.3467366984375 0.4222327625 0.332044078125 0.437196528125 0.3063323 0.43134647031249995 0.2898716625 0.3974387296875 0.2935794859375 0.39233835 0.3431319484375
11 0.43501745312500006 0.19586835625000001 0.40100788125 0.20841874374999997 0.361386275 0.202569925 0.35785024375 0.24739498593749998 0.39464989375 0.292253165625 0.4356996546875 0.28647058125 0.4580765875 0.21640979531250001 0.43501745312500006 0.19586835625000001
11 0.5572821078125 0.1616857515625 0.5314341375 0.1398179890625 0.47531753749999994 0.124072671875 0.460319415625 0.1340378890625 0.44834939374999994 0.19947310468749999 0.46861969062500003 0.21868822031250001 0.5352450359375001 0.2209654078125 0.5641186296875 0.18613868281249998 0.5572821078125 0.1616857515625
11 0.45688397500000005 0.11393814375 0.41331652031250005 0.0761201546875 0.37175634999999996 0.07003331093750001 0.3332917578125 0.0948273421875 0.318634734375 0.1500936734375 0.3571349265625 0.1971284421875 0.4194070859375 0.20280671093749997 0.4557969203125 0.17087065625 0.45688397500000005 0.11393814375
11 0.22451314218750001 0 0.216567940625 0.0037515484374999997 0.1965712671875 0.054426665625 0.21714830625 0.1031963359375 0.260307184375 0.120302334375 0.31220554843750004 0.0902704890625 0.3205708203125 0.038167214062499996 0.316047084375 0.0189177375 0.2826879078125 0 0.22451314218750001 0
11 0.3174102484375 0.144039946875 0.3311151671875 0.096527884375 0.3175451984375 0.0948617015625 0.2611918125 0.13713719062500002 0.2546963921875 0.15798537343750002 0.2662603171875 0.1840026515625 0.32203705781249997 0.21052910156250002 0.350945009375 0.1914489359375 0.3174102484375 0.144039946875
11 0.1282900828125 0 0.1624929796875 0.0354839359375 0.193510046875 0.0392923515625 0.2229536390625 0 0.1282900828125 0
11 0.0576373671875 0 0.0450244453125 0.10272400468750001 0.1236210515625 0.0956482171875 0.1437882734375 0.06762365625 0.14079452812499998 0.0279002171875 0.1221797625 0 0.0576373671875 0
11 0.22146837343749998 0.14013093593749998 0.2240866609375 0.118806703125 0.20075514375 0.0844572703125 0.19558480625000002 0.046434373437499996 0.17643716250000002 0.0421155453125 0.152970696875 0.056944359374999996 0.127634378125 0.1030282671875 0.16994298593749999 0.11904596875 0.199328228125 0.1521709140625 0.22146837343749998 0.14013093593749998
11 0.1979700265625 0.25137767499999997 0.21096086718749998 0.20968131250000002 0.2612948859375 0.1843768703125 0.2489825265625 0.1484287328125 0.22680802031249997 0.1447221484375 0.199702446875 0.15713634375000002 0.1850110671875 0.1966561140625 0.15793985 0.22481686875 0.1813731984375 0.2503237390625 0.1979700265625 0.25137767499999997
11 0.15780861875000002 0.44224184062500005 0.199062046875 0.41877413125 0.193619325 0.366943240625 0.1660708140625 0.34289888749999997 0.1455968515625 0.341368896875 0.10407103749999999 0.35102861406249997 0.077612065625 0.3822162296875 0.075028134375 0.4192870234375 0.1045152140625 0.443569403125 0.15780861875000002 0.44224184062500005
11 0.2900372515625 0.36697511718750003 0.25170760937500003 0.34259090312499996 0.203074134375 0.3700719375 0.2113056921875 0.42322914999999994 0.2845626515625 0.4115621515625 0.2900372515625 0.36697511718750003
11 0.209704503125 0.3000455109375 0.17389255625 0.3192618671875 0.16593462187500002 0.335994890625 0.198346728125 0.3685075890625 0.2387498859375 0.3439515859375 0.274970409375 0.345447215625 0.26898415937500003 0.32208258125 0.209704503125 0.3000455109375
11 0.0668296953125 0.32579412812499997 0.0532928453125 0.2837922625 0.03863458125 0.28297635 0.0216978921875 0.2927035421875 0.010034614062499999 0.3876933109375 0.056934434374999995 0.398371365625 0.0703682078125 0.39313355156249996 0.093527934375 0.3487501859375 0.0668296953125 0.32579412812499997
11 0.3389799515625 0.4812131203125 0.28833795 0.42088076875 0.25500809687500003 0.41186889375 0.2136184765625 0.42843260625 0.2071917734375 0.48077390781249996 0.2473925046875 0.52998526875 0.2987817015625 0.544166240625 0.32768965156249996 0.5250860765625001 0.3389799515625 0.4812131203125
11 0.22668175468750001 0.586476090625 0.24419633125 0.5640292015624999 0.2404885078125 0.5301214625 0.20052580312499999 0.47897153281250004 0.1575031171875 0.46876952968749996 0.1248542265625 0.494277640625 0.13750644843749998 0.5194446484374999 0.141282984375 0.58484550625 0.1978756390625 0.5967136921875 0.22668175468750001 0.586476090625
11 0.1318281796875 0.581716809375 0.1329152328125 0.524784296875 0.11019596250000001 0.4934617296875 0.0916244140625 0.47936100625 0.0613575765625 0.48254564687499996 0.0035073171875 0.5049594171875 0.0019098515624999999 0.550022503125 0.030717209375 0.5958671437499999 0.0825824578125 0.60617098125 0.1318281796875 0.581716809375
11 0.03846899375 0.48465476562500004 0.125092253125 0.49233907343750005 0.13522678125 0.4739055109375 0.1256014203125 0.44812625781250004 0.0684983578125 0.4243886453125 0.0389781640625 0.44044194687499993 0.03846899375 0.48465476562500004
11 0.3150043125 0.54025475 0.246304209375 0.5308355421875001 0.23807512968750003 0.5898428124999999 0.2843627046875 0.597494003125 0.3144951421875 0.584467565625 0.3150043125 0.54025475
11 0.3957456328125 0.627896346875 0.3803045765625 0.6014030140625 0.319834790625 0.589058778125 0.2939537046875 0.6075266984375001 0.289465565625 0.6601060249999999 0.3034441109375 0.6824841984375001 0.34126334062499997 0.6949989875 0.377925559375 0.676870925 0.3957456328125 0.627896346875
11 0.396767696875 0.707717440625 0.44254486093749995 0.70349920625 0.4540057109375 0.6822768078125 0.44689680625 0.644015884375 0.4059145203125 0.62520934375 0.376497403125 0.688502325 0.396767696875 0.707717440625
11 0.57072953125 0.773352603125 0.5487243359375 0.7362143359375 0.5226726984375001 0.7320316984375 0.499206228125 0.7468605125 0.488188315625 0.8045414609374999 0.49805169843749997 0.8283821453125 0.5227770125 0.835353621875 0.563043978125 0.8038936171875 0.57072953125 0.773352603125
11 0.6450429078125001 0.8572532578125 0.6247382546875 0.82229158125 0.5741993296875 0.8091989078124999 0.52556585 0.8366799421875 0.52808354375 0.8802805140625001 0.571412971875 0.920037071875 0.602668065625 0.9219069203125001 0.631576015625 0.9028267546875 0.6450429078125001 0.8572532578125
11 0.6032753484375 0.7006048140625001 0.5733134578125 0.736281809375 0.574641021875 0.7895752140625001 0.6387842734375 0.82008063125 0.659903596875 0.7843018015625 0.661501065625 0.739238715625 0.6363671734375 0.7115552515625 0.6032753484375 0.7006048140625001
11 0.49355983906249995 0.7127147484374999 0.5087285125000001 0.7254000859375 0.5688240812500001 0.73277889375 0.5904194578124999 0.69312293125 0.56419726875 0.666289740625 0.532909059375 0.704755571875 0.49355983906249995 0.7127147484374999
11 0.7173465234374999 0.797258284375 0.7120743484375 0.768077946875 0.681159115625 0.7554269687499999 0.664222425 0.7651541609375 0.653170153125 0.8070885499999999 0.6316422484374999 0.8221553890625 0.6468452828125 0.8505872890624999 0.6625918421875 0.8505529296875001 0.7173465234374999 0.797258284375
11 1 0.44690977812500005 0.957583915625 0.4272938234375 0.94676966875 0.46728964531250006 0.91653539375 0.489158646875 0.9883985546874999 0.5048696078125 1 0.49457792968750003 1 0.44690977812500005
11 0.8148465406250001 0.5160286796875 0.8683104937499999 0.537351671875 0.900788834375 0.48919300625 0.861881309375 0.47752848906249995 0.83069369375 0.451069515625 0.8113423828125 0.4644358140625 0.8148465406250001 0.5160286796875
11 0.9849643578125 0.54085210625 0.9699993499999999 0.510481640625 0.9252761250000001 0.49810304531250005 0.88922615 0.5192579687500001 0.87813951875 0.5454457984375 0.8955535031249999 0.587923715625 0.9326586546875 0.6062542015625 0.9719735171874999 0.58254846875 0.9849643578125 0.54085210625
11 0.6108553421875 0.5106596359375 0.5798726328125 0.522597778125 0.574874084375 0.5633076781249999 0.6075242171874999 0.5938818125 0.6448330359375001 0.594527171875 0.672278471875 0.5713318484375 0.676359275 0.554122775 0.6108553421875 0.5106596359375
11 0.56905714375 0.50651135625 0.587966759375 0.5127687546875 0.6115694203125 0.5048439359375 0.61803048125 0.46824919375 0.5842576937499999 0.422778771875 0.5538541125 0.4780794609375 0.56905714375 0.50651135625
11 0.46152443125 0.7973319625 0.45213710156250003 0.7696141421875 0.42244635781250006 0.7630168890625 0.3754790609375 0.77692795625 0.36612732812500004 0.8210389390625 0.37986784687499997 0.8453556750000001 0.42761793593749997 0.8571220281249999 0.45870247812500003 0.8363413234375001 0.46152443125 0.7973319625
11 0.45016293437500005 0.6975473140624999 0.3848982703125 0.708227853125 0.37588639687500003 0.741557703125 0.398095259375 0.7610108453125 0.45308920468749997 0.7618598765625 0.4655365171875 0.74862976875 0.4695829609375 0.7156741359375001 0.45016293437500005 0.6975473140624999
11 0.34745325625 0.70067849375 0.312422865625 0.689490028125 0.2795347078125 0.6608544625 0.2502868984375 0.6907157578125 0.24022108437499998 0.7406424390625 0.259539278125 0.7676118203125 0.30024917812499996 0.77261036875 0.323341428125 0.7528161265625 0.34745325625 0.70067849375
11 0.34721523125 0.702617059375 0.3209268109375 0.756455234375 0.2991608796875 0.773460640625 0.30586121093749996 0.791009575 0.3390548703125 0.79311745 0.3679628203125 0.7740372859375 0.3726889859375 0.7195193921875 0.34721523125 0.702617059375
11 0.1806015703125 0.7293864984375 0.19335438437500002 0.6896287015625 0.162677178125 0.6750391546875 0.1520653578125 0.6412676078125 0.13485628125 0.63718680625 0.100744875 0.6585797578125 0.09237960625 0.7106830328125 0.10758263906250001 0.7391149296874999 0.147340434375 0.75186774375 0.1806015703125 0.7293864984375
11 0.2212402734375 0.590727440625 0.1674708171875 0.5959321375 0.1515893046875 0.6451447421875 0.16291520312500002 0.6731005890625 0.214780453125 0.6834044234375 0.25892455000000003 0.652420475 0.26657574375 0.6061329 0.2212402734375 0.590727440625
11 0 0.6915090484374999 0.048608484375 0.6905501703125 0.06394646875 0.669803821875 0.0650678796875 0.6286178687499999 0.028540615624999998 0.5975676828125 0 0.5947053828125 0 0.6915090484374999
11 0.16359368125 0.5954560859375 0.1313521265625 0.5855939421875 0.08295667500000001 0.6111364109374999 0.11074321250000001 0.6332421984375001 0.151180728125 0.624432753125 0.16359368125 0.5954560859375
11 0.5356536125 0.24167739687499998 0.5540197 0.2764010453125 0.5911248515625 0.2947315359375 0.6215959093750001 0.214841725 0.57745056875 0.1897434328125 0.5402104640625 0.2205911890625 0.5356536125 0.24167739687499998
11 0.17094309531250002 0.7439429265624999 0.1221390671875 0.74877340625 0.11047454999999999 0.7876809312499999 0.122752553125 0.8078825109375 0.173665696875 0.8259406140625 0.194343328125 0.809785478125 0.194988690625 0.772476659375 0.17094309531250002 0.7439429265624999
11 0.3016785734375 0.8170612109375 0.2965082375 0.7790383140625 0.23151471406250002 0.7474446015625 0.1995799015625 0.7671370109375 0.192370403125 0.7938008921875 0.201145490625 0.81849185 0.2379107828125 0.84760346875 0.2863405921875 0.8378075609375 0.3016785734375 0.8170612109375
11 0.2700848609375 0.8820547328125 0.293994265625 0.9036844687500001 0.3429344859375 0.9057579875 0.3620465265625 0.8382480125 0.3057937359375 0.815598696875 0.267839553125 0.8522621546875 0.2700848609375 0.8820547328125
11 0.443331378125 0.897423353125 0.42108815625 0.8622236515624999 0.3858197375 0.8529737515625 0.35776205625 0.8731422125 0.34939678750000003 0.9252454890624999 0.36946341562499996 0.9621457296875 0.40605815781250004 0.96860679375 0.43738072656250004 0.9458875203125 0.443331378125 0.897423353125
11 0.5242407703125 0.895551021875 0.520022534375 0.84977385625 0.49019559843750005 0.83627260625 0.46101526249999997 0.8415447781250001 0.4480918984375 0.85865201875 0.442686015625 0.9347321718750001 0.45081450156249997 0.9406497046875 0.48812332031250005 0.9412950703125 0.5242407703125 0.895551021875
11 0.23284600000000003 0.9689847328125 0.272364528125 0.927593871875 0.2773974359375 0.90263053125 0.2637587515625 0.8694712296875 0.223524903125 0.8605955484375001 0.19992224375 0.868520365625 0.1717627296875 0.897531390625 0.1626490234375 0.93970380625 0.1802666734375 0.964496596875 0.23284600000000003 0.9689847328125
11 0.21114506562500002 0.8492365328125 0.21451179062499998 0.8378431578125 0.1912146296875 0.8192402859374999 0.155980571875 0.8257369453125 0.1387040203125 0.8462452687500001 0.13224296093750001 0.882840009375 0.145507425 0.9110338796875 0.1659813875 0.912563871875 0.21114506562500002 0.8492365328125
11 0.09850453125 0.8531161468749999 0.06327047031250001 0.8596128078125 0.042116784375 0.879645078125 0.025248814062500003 0.9208653890624999 0.0368127375 0.94688266875 0.0852769046875 0.9528333203124999 0.122380815625 0.915081565625 0.1315288828125 0.8886557093749999 0.1246923609375 0.8642027796875 0.09850453125 0.8531161468749999
11 0 0.9057825734374999 0.027629074999999996 0.9014797218749999 0.046673640625 0.8585588703125 0.0267775640625 0.8443091828125 0 0.85084950625 0 0.9057825734374999
11 0 0.8525232687500001 0.040789221875 0.8263516718749999 0.0419449953125 0.8009122796874999 0.012049342187500001 0.755917909375 0 0.7517466859375 0 0.8525232687500001
11 0.0861578109375 0.8014214468749999 0.10853598125 0.78744290625 0.11499704531249999 0.7508481640625 0.08836628125 0.7033029843749999 0.0472821625 0.69333900625 0.024529770312499997 0.7023521203125 0.0122186515625 0.7224862234375 0.0181374265625 0.77043998125 0.045209884374999995 0.79836146875 0.0861578109375 0.8014214468749999
11 0 0.7437488828125 0.009600365625 0.7438104578125 0.024767796875 0.700413553125 0.01725155625 0.6975228828125 0 0.6961619906250001 0 0.7437488828125
11 0.106359390625 0.789143446875 0.0842192453125 0.801183421875 0.0460601546875 0.7994497640625 0.037082640625 0.8485261765625 0.0715007890625 0.8566877796875 0.1052723359375 0.846075959375 0.1270039046875 0.8133239921875 0.106359390625 0.789143446875
11 0.3122916359375 0.906915 0.2786562828125 0.9244308171875 0.26393054375 0.948204028125 0.26471333750000003 0.973881446875 0.352799109375 0.9856809156249999 0.3647360125 0.9605813828124999 0.3462337328125 0.9189537359375001 0.3122916359375 0.906915
11 0.6058242078125 1 0.6390260234375 0.986388790625 0.6425620546874999 0.9415637312499999 0.615863815625 0.9186076734374999 0.5750520796874999 0.9224516890625001 0.5500212640625 0.94200790625 0.5413836062499999 0.9803031875 0.5538996375 0.9985662 0.5655770015625 1 0.6058242078125 1
11 0.5153307296875 0.9200383109375 0.48594672812499995 0.942995609375 0.454827828125 0.9480297546875001 0.4585012921875 0.966190934375 0.48241069531249997 0.9878206703125001 0.5389689890625 0.9839422953125 0.5432191015625001 0.9333015343750001 0.5153307296875 0.9200383109375
11 0.46278328125 0.8191322484375 0.47866603124999996 0.8260018859375 0.49209980625 0.8207640734374999 0.4953634546875 0.7621310203125 0.474753296875 0.7536970328125 0.45757858125000006 0.765362790625 0.46278328125 0.8191322484375
11 0.511036334375 0.5062745734375 0.4906985640625 0.5116485796875 0.501174190625 0.538516128125 0.48869376249999996 0.59208191875 0.5263768 0.597692709375 0.537803290625 0.56072375 0.523892225 0.51375645625 0.511036334375 0.5062745734375
11 0.526579225 0.523925340625 0.540592128125 0.5620500749999999 0.5672560109375 0.5692595703125 0.5708938781249999 0.5155919484375 0.5497733124999999 0.49528853437500003 0.5270209203125 0.5043016484375 0.526579225 0.523925340625
11 0.7923015390625 0.675603390625 0.803728028125 0.6386344328125 0.7862465734375 0.6207456390625 0.7574748140625001 0.6467298 0.7923015390625 0.675603390625
11 0 0.4991513125 0.02962643125 0.4845529296875 0.036563546875000005 0.44408105468750003 0.0069402765625 0.41289467812499997 0 0.4911306421875 0 0.4991513125
11 0.07285154375 0.42098756406250004 0.06407645625 0.3962966078125 0.014523992187500001 0.391196225 0.009592921875 0.4073170046875 0.044657671875 0.43425202812499997 0.07285154375 0.42098756406250004
11 0.060602937499999995 0.1922035734375 0.034789324999999996 0.1860823734375 0.031083981249999997 0.2643391203125 0.0557074640625 0.2801531546875 0.087675396875 0.22012506406250001 0.060602937499999995 0.1922035734375