11 0.140718275 0.6977853484375001 0.1467657671875 0.738540325 0.168625425 0.76379808125 0.20249857656249998 0.775713503125 0.26522372656250004 0.75971348125 0.24716689218750001 0.713720471875 0.2821934765625 0.6170282453125 0.236932584375 0.57441674375 0.1944315953125 0.584467346875 0.170919853125 0.6023238937500001 0.140718275 0.6977853484375001
11 0.345842740625 0.600001890625 0.301493521875 0.6121051625 0.267301275 0.6500795015625 0.24983287031249998 0.727271390625 0.29488517812500004 0.7845623625 0.3692066515625 0.78457895 0.396517075 0.7645675203125 0.42301389375 0.7103721359375 0.42097366875000003 0.6527828015625 0.41286936562500004 0.6287599640625 0.3853628 0.6077097593749999 0.345842740625 0.600001890625
11 0.280080059375 0.4274258859375 0.22289130468749999 0.47442864218749997 0.2242118546875 0.53694520625 0.2460673671875 0.5807833296875 0.27388059062500003 0.60768488125 0.3033417515625 0.61005249375 0.3688392453125 0.5909734734375001 0.3864996453125 0.5734235859375 0.388249803125 0.5508401015625 0.3685616171875 0.4550595515625 0.33879794531249996 0.4282602203125 0.280080059375 0.4274258859375
11 0.222425828125 0.26029234843750004 0.171918609375 0.26685093125 0.14183169375 0.30852172968749997 0.14869693281250002 0.3648802921875 0.1871782171875 0.4274051515625 0.21273433593750002 0.44855757343749997 0.24024505000000002 0.45102740781249995 0.301023896875 0.41654923750000006 0.30801623437500003 0.36337604218749997 0.28021130781250003 0.2993137546875 0.2564011984375 0.2741582171875 0.222425828125 0.26029234843750004
11 0.020826559375 0.20142662812499998 0.010963809375 0.23714800937499997 0.0185528703125 0.269998975 0.0507780828125 0.3064483296875 0.106310603125 0.321140240625 0.1372111203125 0.31365339531249997 0.1940973640625 0.24221892656250002 0.17870650937500002 0.209776834375 0.098337546875 0.169005271875 0.0367409515625 0.18787985625 0.020826559375 0.20142662812499998
11 0.2194614859375 0.20372935 0.2658758109375 0.1377332015625 0.265274940625 0.07028940624999999 0.221248965625 0.01392255 0.135429240625 0.0184201703125 0.1096438015625 0.10484906249999999 0.1207165921875 0.1668545328125 0.1765516234375 0.205978159375 0.2194614859375 0.20372935
11 0.217200234375 0.21656058906250003 0.22129727500000002 0.25741778593750003 0.30669568593749996 0.30085947812499997 0.3241475015625 0.297989059375 0.3550563125 0.2533414796875 0.3364842375 0.21617659687500002 0.3345420828125 0.179118078125 0.3091904015625 0.161866553125 0.2701814359375 0.1639109265625 0.217200234375 0.21656058906250003
11 0.5057809546875001 0.12516030625000002 0.4759150640625 0.0964105296875 0.44419679843750004 0.08829378437499999 0.40549448750000006 0.0961895015625 0.3678143640625 0.1235897046875 0.3398823328125 0.16905918125 0.3373102828125 0.1946194453125 0.3496179890625 0.2428695609375 0.40781234218750007 0.2896927609375 0.4486695375 0.285595721875 0.47895674218749995 0.2664061875 0.5056538546875 0.2346920671875 0.5183911703125 0.197842134375 0.5057809546875001 0.12516030625000002
11 0.3606424703125 0.0613797953125 0.3325060046875 0.10294837500000001 0.335777003125 0.165362721875 0.3959466828125 0.1006014953125 0.45569505 0.0837795765625 0.41689881562500003 0.0525641109375 0.3606424703125 0.0613797953125
11 0.3634714171875 0.2646352953125 0.3501249359375 0.27120216875000003 0.318598665625 0.322727428125 0.32351345781249996 0.3791882109375 0.3410591984375 0.41542897968750003 0.36980068125 0.422723828125 0.4010161484375 0.38392759062500004 0.44321047968749994 0.368025640625 0.4621099453125 0.3181400296875 0.4332703890625 0.2903143640625 0.4039114453125 0.2898971984375 0.3634714171875 0.2646352953125
11 0.4105639515625 0.37951560156249997 0.3799659453125 0.4114341578125 0.37154254531249997 0.4373010796875 0.3774795234375 0.5132663453124999 0.3955363578125 0.5592593546875 0.4232473609375 0.58421045625 0.45281074062500004 0.5885285203125 0.46502867031250006 0.57908708125 0.5057021640625 0.4781873046875 0.4637247078125 0.44224904374999996 0.44341491718750004 0.37192654062499997 0.4105639515625 0.37951560156249997
11 0.53680711875 0.47460135625 0.494915296875 0.5149350187499999 0.473860946875 0.561021953125 0.46892956718749995 0.57888264375 0.48339216093750004 0.6309314359375 0.52916829375 0.6647148125 0.6027742359375 0.651078259375 0.630910703125 0.6095096796874999 0.6626497031249999 0.5247245828125 0.64828518125 0.49320660624999996 0.5984037140625 0.45572677187500005 0.53680711875 0.47460135625
11 0.6440127312499999 0.318385934375 0.6276977593749999 0.286970178125 0.6022438609375 0.2677682046875 0.5589251234375 0.262215221875 0.532129940625 0.27339852656249997 0.4681657265625 0.3217342703125 0.45656110937500005 0.3428783984375 0.4500798671875 0.4058038375 0.4635202703125 0.438348146875 0.481172378125 0.45795899531249995 0.5169959796875 0.4697722 0.546252703125 0.46823892031250003 0.5920412765624999 0.4462811859375 0.6420498421875 0.37422925937499996 0.6440127312499999 0.318385934375
11 0.5943813171875 0.0804229484375 0.5272400312500001 0.10545553125 0.5109084734375 0.1483612484375 0.5167515265625 0.185215328125 0.539944175 0.2172485453125 0.5634476265624999 0.2365527359375 0.625035928125 0.254838890625 0.6637382390625 0.24694317031250002 0.6909464453124999 0.22498129375000003 0.7087132078125 0.1908014859375 0.705744721875 0.15281885312500001 0.6803971875 0.11698696093750001 0.5943813171875 0.0804229484375
11 0.7424592624999999 0.31224866875 0.7439110578125 0.2466531046875 0.7000812265625 0.2313478796875 0.6245206890625 0.2636670171875 0.621437540625 0.279475040625 0.6469895125 0.31920783125 0.6488294484375 0.35431590156250004 0.6317782140625 0.402148846875 0.6414240906249999 0.4182676734375 0.6673932296875 0.4286415203125 0.7062999765625 0.4246466984375 0.729811721875 0.4067901546875 0.7573348765625 0.35351888593749997 0.7424592624999999 0.31224866875
11 0.6993988703125 0.069051796875 0.682454 0.10025482031249999 0.710774171875 0.1554889796875 0.7098376125 0.21225641718750002 0.741245078125 0.233102184375 0.7607495609375 0.23207999687499997 0.79555926875 0.1872279796875 0.8565425531249999 0.15665070625 0.8577774703125 0.1428953484375 0.7756624984375 0.1061269 0.747444546875 0.052843190625 0.6993988703125 0.069051796875
11 0.76180245625 0 0.763248425 0.07450670625 0.7832598546875 0.10181712812499999 0.8336565609375001 0.1304688359375 0.9092129515625 0.1167300640625 0.9778999578124999 0.0652131015625 0.9737787453125 0 0.76180245625 0
11 0.8982174984375 0.1681572546875 0.8684496796875001 0.159938290625 0.8297473703125 0.1678340078125 0.784572109375 0.201494428125 0.7566400796874999 0.24696390625000003 0.7432853046875 0.29069151875 0.7516921171875001 0.3391460703125 0.777248234375 0.3602984921875 0.8483843421874999 0.37417265624999996 0.94089389375 0.2920701234375 0.9484014734375 0.2300687984375 0.9383467234375 0.206148178125 0.8982174984375 0.1681572546875
11 0.978100246875 0.087694365625 0.8667078171875 0.1453610375 0.8702979093750001 0.157885621875 0.9020161765625 0.1660023671875 0.9380400671875 0.200296834375 0.9564035578125001 0.2521411890625 0.9832968125000001 0.2614887015625 0.978100246875 0.087694365625
11 1 0.4895637453125 0.9878110203125001 0.27298695624999997 0.8818569125 0.3411255484375 0.844683734375 0.3968583578125 0.8546238265625 0.474569634375 0.928728421875 0.52642643125 1 0.52554395625 1 0.4895637453125
11 0.9876507468750001 0.5311616640625 0.9268801921875 0.528479096875 0.8989606046875 0.5182074671875 0.857805046875 0.479292425 0.83860721875 0.4861659578125 0.8275136921874999 0.517062328125 0.8571627062499999 0.5976523140625 0.8496509812499999 0.6782340078125 0.8727455578125 0.6897364046875001 0.9351599046875 0.6864654078125 0.965651546875 0.6711767734375 0.9960534093750001 0.5981965828125 0.9966791640625001 0.55415816875 0.9876507468750001 0.5311616640625
11 0.8301796734375 0.5306132484375 0.7964128875 0.502067909375 0.7531963687500001 0.49846537343749997 0.6894448859375 0.5135412781250001 0.64826859375 0.567528078125 0.6625267499999999 0.615675975 0.6621095796875001 0.6450349171875 0.6491719734375 0.6594035859375 0.6540950578125 0.6787036328125 0.7081840765625 0.721830371875 0.79605646875 0.71918098125 0.8396943046875001 0.6748442046875 0.8472101750000001 0.57568214375 0.8301796734375 0.5306132484375
11 0.84674055 0.38012621874999997 0.7635950968749999 0.3610140234375 0.731659953125 0.4047374890625 0.731549440625 0.4399477765625 0.8015487015625 0.48810811249999997 0.8328580921875 0.4884230609375 0.8506207124999999 0.4728236234375 0.84674055 0.38012621874999997
11 0.8017531390625001 0.492009009375 0.7308297625 0.44487500625000004 0.68781768125 0.4451733703125 0.6587612468749999 0.4691879140625 0.675996184375 0.51815770625 0.749295471875 0.49866980937500005 0.8021620125 0.49981080312500004 0.8017531390625001 0.492009009375
11 0.5790456125000001 0.7207750109375 0.559647496875 0.705167278125 0.5636589046875 0.669752553125 0.5448740984375 0.665847509375 0.5316173953125001 0.7301059375000001 0.56968980625 0.784829003125 0.612697740625 0.803111009375 0.630161996875 0.7444994875 0.669898934375 0.700367146875 0.6363407328124999 0.6571423359375 0.61046136875 0.7044600421875 0.5790456125000001 0.7207750109375
11 0.6782118203125 0.709710515625 0.637657134375 0.73823926875 0.616807221875 0.7882271000000001 0.6360906796875 0.857625490625 0.6677025796875 0.882372153125 0.7195386421875 0.9011693968750001 0.780211125 0.8833211484374999 0.803318140625 0.83908244375 0.8021978828125 0.7990471453125 0.777267515625 0.7338563046875 0.7122894109375 0.725526834375 0.6782118203125 0.709710515625
11 1 0.728726878125 0.9758043687500001 0.7156282078125 0.9548688249999999 0.6893441218749999 0.839792375 0.695375021875 0.8066223125 0.7528538421875 0.8278479265625001 0.85931075 0.85474118125 0.8686582640625 1 0.831251203125 1 0.728726878125
11 0.5134541953125 0.700742846875 0.46407967499999997 0.6915956265625 0.431739803125 0.7089369296875 0.393025053125 0.7725737515625 0.3647905125 0.7936115140625 0.40789237343750007 0.85100470625 0.45018892499999996 0.8370532031250001 0.4767713765625 0.859129740625 0.5245021046875 0.8742305281249999 0.5382616078125 0.8568850781249999 0.5233901390625 0.7970344921875 0.5460758421875 0.800735096875 0.55018946875 0.7672708218750001 0.5134541953125 0.700742846875
11 0.352368146875 0.7991520578125 0.3009409609375 0.788156603125 0.27035539375 0.7643340578125 0.232781634375 0.7751043375 0.2452937828125 0.8272553484375 0.280806578125 0.8517975734375 0.33521469375 0.8450345546875001 0.352368146875 0.7991520578125
11 0.21590311562500003 0.509021471875 0.23069724531250002 0.45543939843750003 0.16675376718749998 0.410873303125 0.16540833593749998 0.45983894843749995 0.18777908906250002 0.49484894687500003 0.21590311562500003 0.509021471875
11 0.0073847015625 0.6353419734375 0.014126987499999999 0.78265193125 0.02511 0.7869658484375 0.0432814921875 0.779168203125 0.042586696875 0.6726132234375 0.037974415625 0.6405841546875 0.0073847015625 0.6353419734375
11 0.041597684375 0.50446579375 0.0005319046875 0.52324230625 0.0053361812500000005 0.6149133765625 0.014573182812499998 0.623230409375 0.041159782812500004 0.626726578125 0.056673590625000006 0.5682172750000001 0.041597684375 0.50446579375
11 0.0695241140625 0.9440363406250001 0.0704565234375 0.9058492703125 0.0508498203125 0.9049210078125001 0.0217933875 0.9289355546875001 0.0264056671875 0.9609646218749999 0.0695241140625 0.9440363406250001
11 0.418539703125 0.9795298546875 0.33048360468750004 0.8853765109375 0.31467558125 0.8822933624999999 0.319811396875 0.86833356875 0.3071845921875 0.8699732140625 0.2757605421875 0.9234489203124999 0.2724646625 0.972516784375 0.418539703125 0.9795298546875
11 0.6075233625 0.06995517343749999 0.5909998078124999 0.053218890625 0.5137057 0.033800037500000005 0.47756714999999994 0.05329622656250001 0.462674946875 0.0863474828125 0.514302425 0.1198242015625 0.5441807546875 0.0928328765625 0.6075233625 0.06995517343749999
11 0.5454764234375 0.2668316484375 0.604092090625 0.26571553593749997 0.603683215625 0.2579137421875 0.5293700359375 0.22073642031250001 0.46745434531249996 0.28950076406249997 0.46498450625 0.317011478125 0.502864921875 0.312092540625 0.5077962984375 0.2942318484375 0.5454764234375 0.2668316484375
11 0.0395423234375 0.0547382765625 0.10523596093750001 0.07672089062500001 0.1295778953125 0.0187268265625 0.0215835609375 0.0292760828125 0.0395423234375 0.0547382765625