11 0.5925777578125 0.6677017765625 0.626539234375 0.6855648999999999 0.6540621062499999 0.6748808046875 0.6531870625 0.63960003125 0.6075146890625 0.61602648125 0.5840904515625 0.630663571875 0.5925777578125 0.6677017765625
11 0.5921469687500001 0.578402059375 0.57135765 0.5946497187500001 0.5454465749999999 0.5896699265625001 0.5474940515625 0.6111898765625 0.581455528125 0.6290530000000001 0.596681284375 0.6195388937499999 0.6078084109375 0.6060717921875 0.5921469687500001 0.578402059375
11 0.476201875 0.59873978125 0.507675290625 0.6100149921875 0.5299283203125 0.59610975625 0.52641713125 0.572247384375 0.47854797187500003 0.558189165625 0.46522405781250004 0.5811716 0.476201875 0.59873978125
11 0.44985388750000005 0.569605115625 0.40695962343750003 0.581751696875 0.4044691171875 0.6012217203125 0.41588629218750006 0.616886834375 0.44296858125 0.621134771875 0.46478225 0.6091326046875001 0.46522405781250004 0.5811716 0.44985388750000005 0.569605115625
11 0.39188562656250003 0.5341725859374999 0.3790035171875 0.5291940171875 0.33932794374999997 0.56212869375 0.3585030234375 0.5876028609375 0.40066543125000004 0.5742850671874999 0.39188562656250003 0.5341725859374999
11 0.34489640312500003 0.5032792671874999 0.30288085468750003 0.511619715625 0.2971692078125 0.5363595812499999 0.3110744453125 0.5586126078125 0.3343506 0.5619818328124999 0.3627521875 0.5474916046875 0.367000125 0.5204093140625 0.34489640312500003 0.5032792671874999
11 0.3283586984375 0.4533577328125 0.3119629515625 0.450574728125 0.296004115625 0.471946590625 0.2996609421875 0.503860590625 0.32674323125 0.508108528125 0.347093190625 0.493763934375 0.34460758125 0.4611180828125 0.3283586984375 0.4533577328125
11 0.39672100625 0.4871809171875 0.39086862031249997 0.4517532828125 0.347243725 0.44969968437499996 0.35968280468749997 0.495668225 0.376810403125 0.49962244375 0.39672100625 0.4871809171875
11 0.40331626875 0.40651904375000003 0.3680367171875 0.3943651171875 0.34592809999999996 0.4293509453125 0.364078828125 0.45057962187499995 0.387794340625 0.45204578125 0.40331626875 0.40651904375000003
11 0.417516446875 0.4057884140625 0.39789589062499997 0.44736215625 0.40989806093750003 0.46917582500000005 0.43083179375 0.4740087578125 0.453084821875 0.46010352499999996 0.47117323437499997 0.438917559375 0.46187197187500006 0.42204219375 0.417516446875 0.4057884140625
11 0.48412377500000003 0.4211659265625 0.465238746875 0.42482397499999996 0.46099080625 0.4519062640625 0.47445668750000003 0.4760623578125 0.49304799375 0.4823590015625 0.5120798828125 0.4737236078125 0.5132547671875 0.43390484687499997 0.48412377500000003 0.4211659265625
11 0.5729804609375 0.4617251109375 0.5877644109375 0.48017200625 0.6319743 0.4883741625 0.65408169375 0.4664173046875 0.625390059375 0.4517753171875 0.5842544484375 0.44328066406250005 0.5729804609375 0.4617251109375
11 0.5742997578125 0.442986940625 0.518378975 0.42907436250000003 0.517057228125 0.4738704703125 0.543845796875 0.4880730984375 0.5619989734375 0.4832438375 0.5742997578125 0.442986940625
11 0.619236603125 0.5044761859375 0.5835152484374999 0.5202832640625 0.5800003890625 0.5355077968749999 0.5953693328125 0.5601032484374999 0.631527596875 0.5684510406250001 0.6514382015625 0.556009515625 0.6581742 0.535515140625 0.619236603125 0.5044761859375
11 0.6190799499999999 0.6136852796875 0.6423561062500001 0.6170545062499999 0.664609134375 0.6031492703125 0.6675390015625 0.58177618125 0.6435322125 0.5642067749999999 0.6021016593749999 0.57869578125 0.6190799499999999 0.6136852796875
11 0.47562545 0.5013884421875 0.4356586046875 0.518219871875 0.434192446875 0.5419353859375 0.44604897968749996 0.5556974328125001 0.46976449374999996 0.557163590625 0.4928962390625 0.539452221875 0.4962654609375 0.5161760656250001 0.47562545 0.5013884421875
11 0.4974317765625 0.5675600859375 0.530662621875 0.57122303125 0.542375965625 0.5508755171875 0.538278559375 0.5338935546875 0.5076838609375 0.5188122109375 0.48411153437500004 0.5514556140625 0.4974317765625 0.5675600859375
11 0.5947831140625001 0.5669836609375001 0.5842446546875 0.5475124140625 0.5644821359375001 0.5419476265625 0.5442790328125 0.551314875 0.5356399671875 0.5713698921875 0.5466177859375 0.5889380703125 0.5671121593749999 0.595674071875 0.58892583125 0.5836719015625 0.5947831140625001 0.5669836609375001
11 0.529496309375 0.5198390109375 0.544719615625 0.536382840625 0.5759029828125 0.518525834375 0.5764835421875001 0.49601406406250004 0.55877783125 0.4885136796875 0.5322805359375 0.49041429687500004 0.529496309375 0.5198390109375
11 0.57604984375 0.5135484890625001 0.6195303234375 0.4945214953125 0.5760535140624999 0.4744615828125 0.5621446078125001 0.49129546093750004 0.57604984375 0.5135484890625001
11 0.6729642734375 0.48881719375 0.659351534375 0.46963844374999997 0.6324124328125 0.49950006562500004 0.644853959375 0.519410671875 0.6672513999999999 0.5265860265625 0.6729642734375 0.48881719375
11 0.7138098312500001 0.46817962968750004 0.6927292406250001 0.46832404375000003 0.6757460531249999 0.4854504171875 0.66901005625 0.5059447921875 0.6796941515625 0.5334676625 0.7332774078125001 0.49672807656250006 0.72976621875 0.472865703125 0.7138098312500001 0.46817962968750004
11 0.45454853125000005 0.46244594843750003 0.43083179375 0.4740087578125 0.40872684687499994 0.46990768125000004 0.4137017453125 0.49611247968749994 0.444296446875 0.5111938234375 0.471379959375 0.50241279375 0.478555315625 0.48001535312500004 0.45454853125000005 0.46244594843750003
11 0.5129439109375 0.6262651 0.489959025 0.6389991234375 0.48322302656250005 0.6594934984374999 0.5029830984375 0.6911162203125001 0.528016684375 0.6868731796875001 0.5411937375 0.668868090625 0.5394399796875 0.63739345 0.5129439109375 0.6262651
11 0.5798425109374999 0.6577458609375 0.5630061828125 0.669894890625 0.569444790625 0.6984421109375 0.591109153125 0.7174752265625 0.631220409375 0.7217243890625 0.6403000578125 0.6867373390625 0.6037024359375 0.6802926109375 0.5798425109374999 0.6577458609375
11 0.40944523750000006 0.61439755 0.39231519062500003 0.6365012703125 0.4019749359375 0.6597786484375 0.44867288437499997 0.6745687234375 0.4766351109375 0.6619815578125 0.47824690625 0.64631766875 0.459656821875 0.6269920578125 0.40944523750000006 0.61439755
11 0.51192078125 0.6089906421875 0.47122453125 0.5985929203125 0.45921869062500004 0.61586615625 0.473123925 0.638119184375 0.5119195578125 0.622019609375 0.51192078125 0.6089906421875
11 0.5561221 0.708395578125 0.54090001875 0.67882278125 0.4994694625 0.6933117859375 0.5259630843750001 0.7304980734375001 0.5511435296875 0.7212776859375001 0.5561221 0.708395578125
11 0.5512977375 0.638126528125 0.5578868734375 0.6226095 0.537834309375 0.587912496875 0.51660440625 0.619092190625 0.5512977375 0.638126528125
11 0.40432347812499997 0.593170096875 0.3927594453125 0.582482328125 0.35645309375 0.5921408484375 0.363476696875 0.6268366265624999 0.394511978125 0.6269859375 0.40432347812499997 0.593170096875
11 0.434192446875 0.5419353859375 0.4311206171875 0.5161699453125 0.4175066546875 0.5100201640625001 0.395546121875 0.5269996781249999 0.39159190312500003 0.5441272765625 0.4016910078125 0.565501590625 0.42891893281250004 0.5778011515625 0.44868390312499995 0.557308003125 0.434192446875 0.5419353859375
11 0.35851159374999997 0.49640008125 0.376368596875 0.527583446875 0.39247184375 0.527292175 0.4122368140625 0.5067990250000001 0.3971603640625 0.48527785 0.3833983171875 0.4971343828125 0.35851159374999997 0.49640008125
11 0.37316826718749996 0.3113608203125 0.392782703125 0.334931921875 0.43172274843749997 0.33991293906250003 0.45134208124999997 0.31136816562499997 0.41035578125 0.27183822968750004 0.3821010546875 0.2813511140625 0.37316826718749996 0.3113608203125
11 0.33994231875 0.2555820015625 0.319884853125 0.273000871875 0.3171006234375 0.3024255859375 0.33627570156250003 0.3278997546875 0.36189428125 0.3298052671875 0.374777615625 0.32175486875 0.37829492187499997 0.2804723984375 0.33994231875 0.2555820015625
11 0.348725796875 0.2566075765625 0.37990549218749997 0.2778374765625 0.40362223124999996 0.2662746671875 0.40889574375000004 0.23040889843749998 0.3503412609375 0.20185677968750002 0.3393597734375 0.22337550625000002 0.348725796875 0.2566075765625
11 0.4478370140625 0.22236094843749998 0.42280342812500005 0.226603990625 0.4159193421875 0.265104678125 0.43758248125000004 0.2971667609375 0.4646647703125 0.3014147015625 0.4883815078125 0.2898518875 0.48823832031250003 0.2557423265625 0.4478370140625 0.22236094843749998
11 0.3344839953125 0.7003231421875 0.296569525 0.6865586484375 0.29451715 0.7171545734375 0.314132809375 0.7276967046875 0.32847985 0.72198873125 0.3344839953125 0.7003231421875
11 0.3362450984375 0.653623971875 0.304184240625 0.6622581421875 0.29832695625 0.6789463828125 0.30930477343749996 0.6965145625 0.3363870625 0.7007625 0.354833959375 0.6859785515625 0.3564457515625 0.6703146609374999 0.3362450984375 0.653623971875
11 0.3053554515625 0.6615262859375 0.3238023484375 0.6467423359375 0.31019205781250003 0.6015056484375 0.288083440625 0.6364914765624999 0.3053554515625 0.6615262859375
11 0.3558681015625 0.5859922921875 0.3312763203125 0.5622743296875 0.309463875 0.56124753125 0.3161949765625 0.59286903125 0.3482546125 0.59726383125 0.3558681015625 0.5859922921875
11 0.35542262343750003 0.653040203125 0.3470833984375 0.5979956843750001 0.317804325 0.6032630796875 0.3150200921875 0.6326877921875 0.3245342015625 0.6479135484375 0.35542262343750003 0.653040203125
11 0.3693303078125 0.64923529375 0.38557796718750004 0.6700246125 0.40504798906249995 0.6725151234375 0.40987969843750005 0.6646103578125 0.38748470468749996 0.6313770640625 0.36903903437499996 0.6331320453125 0.3693303078125 0.64923529375
11 0.421588146875 0.69637871875 0.45569893125 0.6832065625 0.41324647499999995 0.667392140625 0.40870726093750004 0.67837118125 0.421588146875 0.69637871875
11 0.459065709375 0.6859883453125 0.4375445328125 0.7010647921875 0.43915387812500006 0.7114588390625001 0.45964702968750004 0.7312238078125 0.48102011874999995 0.7341536718749999 0.493027184375 0.7038514703125001 0.48015631562500005 0.6893902656249999 0.459065709375 0.6859883453125
11 0.49273468593749997 0.70077719375 0.49844511249999995 0.6890662953125 0.476195753125 0.663884625 0.46140813124999996 0.6845246359375 0.49273468593749997 0.70077719375
11 0.61350659375 0.7246505812499999 0.5692979296875 0.7034194578124999 0.5619769375 0.717765275 0.5735397484375 0.7414820125 0.6051600265625 0.747779878125 0.61350659375 0.7246505812499999
11 0.41455720312500005 0.739856753125 0.4316835765625 0.7568399390625 0.45393538125 0.7559636750000001 0.46520936874999996 0.737519225 0.4305172625 0.70545591875 0.41514464218749997 0.719947371875 0.41455720312500005 0.739856753125
11 0.4925792578125 0.79695731875 0.5202502140624999 0.7682669078125001 0.48292196093750006 0.747622 0.4659375484375 0.77777734375 0.4925792578125 0.79695731875
11 0.59198419375 0.7527559984375001 0.558755796875 0.723035115625 0.5407470375 0.7489449703125 0.5498217875 0.7660737906249999 0.5669493859375 0.770028009375 0.59198419375 0.7527559984375001
11 0.4903873671875 0.754356775 0.520543934375 0.7583122171875 0.49536715937500003 0.7284456984375 0.48467939062500004 0.740009734375 0.4903873671875 0.754356775
11 0.565338815625 0.77266293125 0.5379652546875 0.7523117453125 0.5243500671875 0.7591909328125 0.5242019828125 0.7771972468749999 0.55494354375 0.787301246875 0.565338815625 0.77266293125
11 0.3896717 0.7260934812500001 0.3770833125 0.7111602218749999 0.3671274 0.72389546875 0.3896717 0.7260934812500001
11 0.42436870468750004 0.7060409125 0.40694983125000006 0.685983446875 0.3822075203125 0.7063297375 0.38937920312499996 0.723019203125 0.40928858437500004 0.7236066453125 0.42436870468750004 0.7060409125
11 0.368445471875 0.7181862703124999 0.38352559375 0.7006205390625 0.35717638125 0.6845148421875 0.3385826234375 0.7042761375000001 0.368445471875 0.7181862703124999
11 0.40504798906249995 0.6725151234375 0.3669878828125 0.6506990015625 0.36317807812499997 0.68890719375 0.3808906703125 0.6990099703125 0.4022649859375 0.688910865625 0.40504798906249995 0.6725151234375
11 0.496851678125 0.5092956546875 0.5284744046875 0.4895355828125 0.511640525 0.4756266734375 0.4933404890625 0.4854332796875 0.496851678125 0.5092956546875
11 0.5400555765624999 0.3178177875 0.5041885859375 0.3255732421875 0.49335273281249997 0.3551435921875 0.5053549015625001 0.37695726406249996 0.542683153125 0.3976021703125 0.5734271625 0.38164823124999997 0.5775294671875 0.34651432031249996 0.5400555765624999 0.3178177875
11 0.6968401109375 0.3419873484375 0.67151280625 0.3561850828125 0.6739984171875 0.388830934375 0.6993220515624999 0.4137201078125 0.72728305625 0.4141619125 0.7469023875 0.3856171390625 0.7123546921874999 0.3746344265625 0.6968401109375 0.3419873484375
11 0.5750389578124999 0.3659843421875 0.5874804828125 0.3858949484375 0.6179295484375 0.39292466875 0.659655046875 0.355452003125 0.6117871109374999 0.3283648171875 0.578847540625 0.3408051203125 0.5750389578124999 0.3659843421875
11 0.619540115625 0.3902897453125 0.6290542265625 0.405515503125 0.656136515625 0.40976344375 0.6750227671875 0.39307642343750004 0.65775198125 0.3550126453125 0.6420856453125 0.37945878906249997 0.619540115625 0.3902897453125
11 0.75364573125 0.286948953125 0.7387161437499999 0.260450434375 0.6994836 0.25239513750000003 0.683671628125 0.2687896578125 0.6811786718749999 0.31431761874999997 0.7103084375 0.34008550625 0.7243642046875001 0.318274284375 0.748373440625 0.3097857515625 0.75364573125 0.286948953125
11 0.617350675 0.3216312671875 0.627304140625 0.3349539546875 0.653507715625 0.343008028125 0.680006234375 0.328078440625 0.6723988640624999 0.2742051359375 0.6224773296875 0.2907428453125 0.617350675 0.3216312671875
11 0.7123546921874999 0.3746344265625 0.7343127765624999 0.383712846875 0.7594932203125 0.3744924609375 0.761106240625 0.3457996046875 0.7242161234375 0.3362805984375 0.706794803125 0.3422810703125 0.7123546921874999 0.3746344265625
11 0.826989059375 0.2818320921875 0.8048853406250001 0.2647020453125 0.8297732890624999 0.25240737812499997 0.8151374234375 0.21595416875 0.7966929765625 0.2046801828125 0.7783929406250001 0.2144867875 0.768581440625 0.24830262812499998 0.7845353765625 0.2790466390625 0.809420878125 0.29280991093750003 0.826989059375 0.2818320921875
11 0.574170034375 0.265558725 0.552794496875 0.288686796875 0.5498646296875 0.3100598859375 0.5656729328125001 0.3327522734375 0.5989037796875001 0.336415215625 0.6150082515624999 0.3230949765625 0.6211592578125 0.29645204375 0.574170034375 0.265558725
11 0.65805794375 0.21476826718750003 0.6009634984375001 0.22764547968749999 0.5880789421875 0.248724846875 0.59159013125 0.272587221875 0.6340425890625 0.28840164218750003 0.6723988640624999 0.2742051359375 0.6807466578125 0.238046871875 0.65805794375 0.21476826718750003
11 0.56875455625 0.2542859625 0.558070459375 0.22676309374999998 0.53684423125 0.21885588125000002 0.49292316875 0.252814909375 0.4894083078125 0.268039440625 0.5006773984375 0.3017108703125 0.528929675 0.31825592187499996 0.5475222078125 0.3115235953125 0.56875455625 0.2542859625
11 0.4855960546875 0.3323055703125 0.5110702218750001 0.3131304921875 0.48794215 0.2917549546875 0.45222079531250003 0.3075620328125 0.4855960546875 0.3323055703125
11 0.43481661562499996 0.13115694218750001 0.3863587859375 0.15003707500000002 0.38269584375 0.18326792187500002 0.4018709203125 0.20874208906249997 0.440225971875 0.20757455 0.4618940078125 0.18752075625 0.46277516875 0.15765668593749999 0.43481661562499996 0.13115694218750001
11 0.5245471171875 0.22002586875 0.5249889249999999 0.1920648640625 0.5066913359375 0.1758135328125 0.47316799375 0.169076309375 0.4554517265625 0.198060440625 0.45296121874999995 0.2175304625 0.477845496875 0.24432270156250002 0.49731551874999996 0.2468132125 0.5245471171875 0.22002586875
11 0.528501334375 0.20289827031250002 0.5699282171875 0.22749617031249997 0.583690265625 0.2156396390625 0.5820833671875 0.179187653125 0.546806265625 0.1409757890625 0.5245520140625 0.16790999375 0.528501334375 0.20289827031250002
11 0.6049226156249999 0.15840200625 0.5829620828125 0.1753815203125 0.594376809375 0.21710457187499999 0.6224834484375 0.2255980015625 0.6523487421875 0.2134501953125 0.6560104640625 0.19324831874999998 0.6289281765625 0.1890003796875 0.6049226156249999 0.15840200625
11 0.54037623125 0.021225785937499998 0.5140245718750001 0.031178028125 0.50318626875 0.0868063140625 0.516652146875 0.11096240937499999 0.5352434546875 0.117259053125 0.558520834375 0.10759930625 0.5730171828125 0.0708560484375 0.54037623125 0.021225785937499998
11 0.595699778125 0.15927949531250002 0.61473166875 0.150644103125 0.6336215937499999 0.0948701796875 0.62557119375 0.08198684843750001 0.5844355859375 0.07349219375 0.5560303281250001 0.1270693296875 0.595699778125 0.15927949531250002
11 0.7047632375 0.1513845265625 0.7075474671875 0.1219598140625 0.6681705124999999 0.092823925 0.6356702953125 0.1033611609375 0.620882675 0.124001171875 0.6131198734375001 0.1663079921875 0.636101084375 0.1926608734375 0.6753348515625001 0.187687203125 0.7047632375 0.1513845265625
11 0.7750286156249999 0.18564706875 0.770199353125 0.16749389374999998 0.7292118296875 0.140992928125 0.6936361109375 0.164851628125 0.685582040625 0.191055203125 0.698608559375 0.2171143640625 0.737694240625 0.2301470046875 0.7637534015624999 0.217120484375 0.7750286156249999 0.18564706875
11 0.7671177296875 0.24596020468750002 0.77605051875 0.21595049687499998 0.76785325625 0.208044509375 0.7381335984375 0.228243940625 0.693778075 0.2119901578125 0.689092 0.22794654531249997 0.701094171875 0.249760215625 0.74954955 0.25693802187500003 0.7671177296875 0.24596020468750002
11 0.8289068171875 0.125923825 0.81368595625 0.0833220578125 0.78909295 0.0726330640625 0.7612775843749999 0.0802428828125 0.7344841203125 0.1181561296875 0.7480956328125 0.1503638484375 0.787766309375 0.1695450453125 0.8114830468750001 0.157982234375 0.8289068171875 0.125923825
11 0.83886150625 0.1262175453125 0.7915712203124999 0.18345272968749998 0.8069401640624999 0.20804818125 0.8312406703124999 0.215662896875 0.86022725 0.2073212234375 0.8748692374999999 0.17862958906249998 0.874287915625 0.1333941265625 0.83886150625 0.1262175453125
11 0.8409114328125 0.12167955781249999 0.8789727640624999 0.1304667078125 0.905031925 0.1174401875 0.9160146390625 0.08289249374999999 0.8330115656249999 0.0647319734375 0.826421203125 0.093277971875 0.8409114328125 0.12167955781249999
11 0.6750570453125 0.0282653 0.67197909375 0.06764470312500001 0.689981734375 0.10687969374999999 0.7199914421875 0.1158124796875 0.7469293203125 0.0989798265625 0.7586438859375 0.06560334375 0.7466417171875 0.043789673437499996 0.6750570453125 0.0282653
11 0.5788732453125001 0.067196775 0.6287923328125 0.0767170046875 0.6570482796875 0.0541751515625 0.6610037234374999 0.024018584375 0.5646791828125 0.0027825625 0.5567707484375 0.037037759375 0.5788732453125001 0.067196775
11 0.46278815937499995 0 0.4635217140625 0.002480271875 0.5042167421875 0.025906959375 0.5264685453125 0.0250306953125 0.547112228125 0.0007314109375 0.5442203390625 0 0.46278815937499995 0
11 0.423255025 0.0944112359375 0.4188663484375 0.061326026562500004 0.3922234140625 0.0551750203125 0.3783145078125 0.0720088984375 0.37860333125 0.1141700828125 0.397193415625 0.1334956953125 0.42749684375 0.1324737921875 0.44213760625000004 0.11681112499999999 0.423255025 0.0944112359375
11 0.50098948125 0.096321646875 0.47844273125000003 0.120181575 0.44887115624999996 0.1223746875 0.4687768671875 0.1620490359375 0.501713990625 0.175666671875 0.5309942921874999 0.15737030937500002 0.5367059390625 0.13263044375 0.50098948125 0.096321646875
11 0.5071429328125 0.043620778124999995 0.4932377 0.021367749999999998 0.45869000312499997 0.0103850359375 0.42867784999999997 0.027510185937499997 0.41959697656249995 0.07552620625 0.43467220156249997 0.1100763515625 0.474197240625 0.121205925 0.498647059375 0.09778535625 0.5071429328125 0.043620778124999995
11 0.3812321328125 0.18092549687499998 0.3872375 0.146230940625 0.37098861875 0.138470590625 0.350931153125 0.1558894625 0.34858628125 0.183411109375 0.3673220015625 0.2107883421875 0.3916225078125 0.21840305781249997 0.40260277499999997 0.20991330000000002 0.3812321328125 0.18092549687499998
11 0.33688885156250004 0.034382029687499996 0.346987953125 0.055756342187499995 0.37524022968750004 0.072301396875 0.39163842187500003 0.049026464062500004 0.36909779375 0.0077415453125000006 0.3445035640625 0.010081521875 0.33688885156250004 0.034382029687499996
11 0.3825314609375 0 0.3812468234375 0.024577871875 0.391345925 0.0459521859375 0.4190132078125 0.05634868125 0.44013653281250004 0 0.3825314609375 0