11 0.34796424843749996 0.574930428125 0.399151746875 0.541805475 0.40521969062499996 0.49774755156249995 0.37928754531250003 0.46694543906249997 0.332317425 0.4619050359375 0.2818847765625 0.48231956875000004 0.262181125 0.528568925 0.299143559375 0.575782596875 0.34796424843749996 0.574930428125
11 0 0.14221357968749998 0.032225198437500005 0.168269521875 0.059564782812499995 0.1677923078125 0.073989428125 0.154843278125 0.0741988890625 0.1108876171875 0.0064733703125 0.035886290625 0 0.0489555046875 0 0.14221357968749998
11 0.094218696875 0.3625296734375 0.15475635000000001 0.36147298437500003 0.1714796296875 0.3123455171875 0.15620281875 0.27647385625 0.1254056484375 0.246733371875 0.0863150109375 0.24546228124999997 0.056335918750000005 0.262589659375 0.0613664390625 0.3269647953125 0.094218696875 0.3625296734375
11 0.10518081093750001 0.375035575 0.10007223750000001 0.418100040625 0.127236446875 0.46353131718749996 0.1702668265625 0.46668706406249993 0.1872628 0.4331822140625 0.1586960921875 0.36335763593750003 0.10518081093750001 0.375035575
11 0.22069947499999998 0.4462725328125 0.2576668515625 0.437813575 0.2744242171875 0.39063893437499997 0.25130200937499997 0.3529507953125 0.21868835781249998 0.3310557078125 0.183503375 0.32971644218749996 0.16160829062499998 0.36233009374999997 0.18620116874999998 0.4283171890625 0.22069947499999998 0.4462725328125
11 0.195605178125 0.23964776875 0.1717231796875 0.27034267968750003 0.1804889171875 0.3248855046875 0.24212228750000003 0.3306466671875 0.25295299843749997 0.279668634375 0.2189709359375 0.2353330734375 0.195605178125 0.23964776875
11 0.1658696375 0.21477231093750002 0.1402442734375 0.201545646875 0.09337641249999999 0.202363728125 0.06726889375 0.21747010625000002 0.061989882812499994 0.250770434375 0.0979978890625 0.243304934375 0.164564459375 0.251910121875 0.1658696375 0.21477231093750002
11 0.07529460624999999 0.11770546875000001 0.08001834218750001 0.16450515625 0.11078142656250001 0.19229280937499998 0.1576492875 0.1914747265625 0.1786531765625 0.163760190625 0.169575715625 0.1473145453125 0.176943896875 0.121791440625 0.15005238125 0.091982784375 0.08776642031250001 0.104790525 0.07529460624999999 0.11770546875000001
11 0.0129162671875 0.013309470312499998 0.029425142187499996 0.06381029218749999 0.068169971875 0.1012257375 0.12466562343750001 0.0924259125 0.14179794375000002 0.066732371875 0.1368356 0.00626289375 0.0129162671875 0.013309470312499998
11 0.21826499843749997 0.08297843906249999 0.2502650890625 0.06972262968750001 0.254209771875 0.0159346546875 0.23252414843749997 0.00459264375 0.1465997375 0.0060924609375000004 0.1384085296875 0.0404203328125 0.1527941453125 0.081191103125 0.19537645625 0.1146327203125 0.21826499843749997 0.08297843906249999
11 0.350029725 0.07774834375 0.3579482390625 0.027797853125 0.3399296625 0.0027178734374999998 0.259863734375 0.0041154296875 0.2542048296875 0.07160728281249999 0.3082654984375 0.0911745890625 0.3261818125 0.11039608125 0.350029725 0.07774834375
11 0.207293 0.18181779375 0.22798516562499999 0.192200434375 0.29619778124999996 0.1831960890625 0.318195128125 0.15644091875 0.320459678125 0.11830965156249999 0.290587790625 0.0856228859375 0.25523237499999996 0.07451948124999999 0.22408939375 0.08092335 0.1945534296875 0.12343748750000001 0.207293 0.18181779375
11 0.28834250156249996 0.2927248640625 0.34257854375 0.26638367500000004 0.3480279859375 0.2428474859375 0.331859978125 0.21187493906250002 0.290441559375 0.1891568296875 0.24175721874999997 0.19782030781249998 0.22757118125 0.22443913124999998 0.23798296875 0.261372421875 0.28834250156249996 0.2927248640625
11 0.386641409375 0.21677899374999998 0.4204579796875 0.1956777875 0.4265600125 0.1535726921875 0.40035517187499997 0.10714795937499999 0.35729070625000003 0.1020393828125 0.3253928765625 0.1211536765625 0.3183655609375 0.16620505624999998 0.34148776875000003 0.2038931953125 0.386641409375 0.21677899374999998
11 0.2851818109375 0.3914278703125 0.3255726875 0.4112337828125 0.38210242499999997 0.40438678437500003 0.4018742484375 0.36204308125 0.4001990578125 0.3220271609375 0.386977334375 0.291979896875 0.36419599375 0.27382003125 0.309550909375 0.2767272890625 0.2724763328125 0.3350003921875 0.2851818109375 0.3914278703125
11 0.2665738796875 0.44449508125000003 0.291308046875 0.46262085781250006 0.3264589421875 0.46200729531249995 0.3429045859375 0.45292983593749997 0.35106170468750003 0.4166491375 0.2823037015625 0.39440824218750004 0.2665738796875 0.44449508125000003
11 0.362744584375 0.4144917875 0.348558546875 0.4411106109375 0.35074998281249997 0.4547463171875 0.385146028125 0.466843178125 0.42306783281250004 0.513063390625 0.45314918281249994 0.5017944953125 0.46110178125 0.45379683125000003 0.4490780359375 0.43642590156249994 0.4177305359375 0.4311128078125 0.38806316875 0.4101430078125 0.362744584375 0.4144917875
11 0.492074328125 0.437628821875 0.5215080296875 0.38925620312500003 0.5202077921875 0.3707213859375 0.5170229 0.356126309375 0.48838307812500004 0.33806870624999996 0.42188468125 0.333369171875 0.3909753671875 0.40911546249999997 0.427528759375 0.432895203125 0.492074328125 0.437628821875
11 0.4354522140625 0.3272720796875 0.4750590953125 0.30216295937500004 0.4811952125 0.2620106921875 0.45533124062499997 0.23511423437499998 0.4044554640625 0.2301420078125 0.379205053125 0.23839644531249998 0.361181534375 0.2689890953125 0.4099631953125 0.3218567265625 0.4354522140625 0.3272720796875
11 0.42443180937499997 0.19951526875 0.45320797968750004 0.22538418125 0.47081751406250005 0.22703022968750003 0.501790059375 0.21086222187499998 0.5111110703125 0.1853050296875 0.4961069546875 0.1650559921875 0.48528612656250003 0.104688771875 0.4472230328125 0.1063298765625 0.427144428125 0.13109813125 0.42443180937499997 0.19951526875
11 0.5394974609375 0.3567107234375 0.55605030625 0.2978191203125 0.50637745 0.2498505984375 0.486162496875 0.26680754375000004 0.48334762031249995 0.3293661984375 0.5394974609375 0.3567107234375
11 0.6144987859375 0.288985209375 0.6365302171875 0.264182865625 0.6443123828124999 0.20642106093749998 0.6122831484375 0.1620514171875 0.5575017171875001 0.157147365625 0.52584249375 0.1899314484375 0.51922421875 0.258416759375 0.5598877875 0.29384528906249996 0.6144987859375 0.288985209375
11 0.5247126890625 0.1811607703125 0.5535960609374999 0.15721553906250002 0.590597525 0.15070940625 0.6049539953124999 0.133854721875 0.60725263125 0.09767628125 0.5972498859375001 0.0841769234375 0.507010778125 0.062310982812500006 0.485217953125 0.1007831171875 0.49809386718750004 0.1669747328125 0.5247126890625 0.1811607703125
11 0.5042004203125 0 0.4190362203125 0.0023137749999999997 0.4341425984375 0.028421296875 0.47559510468750005 0.05309223125 0.516502221875 0.0465179296875 0.5219516640624999 0.0229817390625 0.5196319968750001 0 0.5042004203125 0
11 0.4895035046875 0.06652341875 0.43417668593750003 0.030374121875 0.41608993749999995 0.0013884921875 0.3843284546875 0.02831409375 0.38514653593750003 0.0751819546875 0.425878278125 0.114516140625 0.4783319265625 0.0979731796875 0.4895035046875 0.06652341875
11 0.521520396875 0 0.520821859375 0.0142110578125 0.5520621593749999 0.0693382984375 0.6147571593750001 0.0799644875 0.634903940625 0.059101887500000005 0.6385578749999999 0 0.521520396875 0
11 0.6489893015625 0 0.6362432046875 0.02391690625 0.63675450625 0.05320931875 0.64572970625 0.06379647968749999 0.7083224484375 0.0685641890625 0.768757840625 0.061649015625000005 0.797232171875 0.0142698546875 0.79411825 0 0.6489893015625 0
11 0.6131402593749999 0.15519947812499998 0.6694946203125001 0.194260971875 0.7339038421875 0.19118328125 0.7616914984375 0.160420196875 0.7641946546875 0.135958721875 0.756797325 0.103856371875 0.6906788265625 0.06496531093749999 0.65552793125 0.065578871875 0.6102330015625 0.10055439375 0.6131402593749999 0.15519947812499998
11 0.76751589375 0.15836510937499998 0.8019119390625 0.17046197031250002 0.8310680046875 0.162139359375 0.8916105999999999 0.10541004218750001 0.897848978125 0.07111625625 0.8857570593749999 0.049839676562500004 0.848482903125 0.040723184375 0.7861628546875 0.0515781 0.7604984625 0.0920712328125 0.76751589375 0.15836510937499998
11 0.75188833125 0.21431043125000002 0.73589075625 0.1931020234375 0.649898171875 0.19069618125 0.6461239234375 0.25424829375 0.66092351875 0.26278036718750003 0.7213589125000001 0.2558651984375 0.7455476921875 0.2427457328125 0.75188833125 0.21431043125000002
11 0.8337509531249999 0 0.83330835 0.0107100078125 0.86605835 0.040416404687500004 0.903230246875 0.043674410937500005 0.936121534375 0.025519490625000002 0.9505395140624999 0 0.8337509531249999 0
11 0.9144161437499999 0.23686799062500002 0.9363794015625 0.20815999375 0.9554013187500001 0.12285408281250002 0.9218964703125 0.1058581109375 0.8753013031249999 0.12229881406250001 0.8169160578125 0.1907110078125 0.8274301015625 0.23350278124999999 0.8560699250000001 0.251560384375 0.9144161437499999 0.23686799062500002
11 0.94004645 0.19442202656250002 0.9448724468749999 0.247080196875 0.985536015625 0.2825087296875 0.9962595234375 0.2813448375 0.9924709546875 0.120253609375 0.9565992968750001 0.1355304203125 0.94004645 0.19442202656250002
11 0.96575925 0.3805250578125 0.9977934265625 0.3692220765625 0.9955728468749999 0.297960915625 0.9561072562499999 0.2752087203125 0.8974201703125001 0.2703728390625 0.8577792046875 0.2935291328125 0.84485931875 0.3367299453125 0.883604146875 0.3741453890625 0.96575925 0.3805250578125
11 0.74608319375 0.3853362296875 0.7484791515625 0.4106889015625 0.774445384375 0.443443840625 0.7932869828125 0.4597190515625 0.832513965625 0.46880145312500004 0.8645140546875 0.45554564375 0.8802097921875 0.403505978125 0.8409195765625 0.3348452921875 0.8162194953125 0.3186723421875 0.775244203125 0.32134098906249997 0.74608319375 0.3853362296875
11 0.9619558546875 0.3864517140625 0.8828152109375 0.3849029859375 0.8833605984374999 0.41614822656249995 0.8664668843750001 0.4555115578125 0.879620434375 0.48165316562499993 0.9109679343750001 0.4869662625 0.9408447640625001 0.46398039999999996 0.9619558546875 0.3864517140625
11 1 0.5515922796875 0.998947434375 0.49129084062499995 0.9325172109375 0.490496959375 0.9201135671875 0.507317559375 0.9171623437499999 0.562064903125 0.97139344375 0.5913963437499999 1 0.587072746875 1 0.5515922796875
11 0.9998727171875 0.48834455625000006 0.9969363171875001 0.3760740171875 0.9630515718750001 0.3932695671875 0.9442732046875 0.436572640625 0.9500244859375 0.486284528125 0.9998727171875 0.48834455625000006
11 0.6273499890625 0.6335399625 0.6502676765625 0.6595111359375 0.6993610593749999 0.6742815875 0.7679876578125 0.6330385453125 0.7759061703125 0.5830880546875 0.7321940578125 0.5408757546875 0.681454628125 0.5437148374999999 0.645753403125 0.5687557859375 0.6268386890625 0.60424755 0.6273499890625 0.6335399625
11 0.785499875 0.57315348125 0.7662734359375001 0.646742425 0.8205045390624999 0.67607386875 0.8380459 0.6738142578125 0.8599118406249999 0.5835751515625 0.832265475 0.5664769187500001 0.785499875 0.57315348125
11 0.74748075 0.46540215781249994 0.7306892984375 0.5106239718750001 0.7389778234375 0.5378272109375 0.76569890625 0.5578717281250001 0.8628289812500001 0.52687498125 0.88098884375 0.5040936390625 0.87972269375 0.48751164999999996 0.8636910328124999 0.4643504125 0.826655484375 0.46890371249999996 0.7697167046875 0.4523167828125 0.74748075 0.46540215781249994
11 0.7005254562500001 0.2933438734375 0.6630759265624999 0.3301358734375 0.6739308375 0.392455921875 0.739674384375 0.409865878125 0.767262459375 0.31171319999999997 0.7493120578125 0.2905388765625 0.7005254562500001 0.2933438734375
11 0.6318889734375001 0.4459321734375 0.6205469625 0.46761779531250003 0.62547521875 0.5261344484375 0.6541491296874999 0.5461448812499999 0.7008465562499999 0.5355626609375 0.7305870390625 0.5047654890625 0.7423089453125 0.44888834062500005 0.73001250625 0.4158947921875 0.659403934375 0.39954646875 0.6238049703125 0.43044589999999994 0.6318889734375001 0.4459321734375
11 0.8720674984375 0.2727687921875 0.8503137015625001 0.257521125 0.8171156343750001 0.2581006 0.778297690625 0.2724521296875 0.7640775703125 0.2971181234375 0.7751760296875 0.31743533749999997 0.839789771875 0.3260746109375 0.8720674984375 0.2727687921875
11 0.8139697703125 0.189785725 0.7546300968749999 0.2035187484375 0.7533930890625 0.24456221406249998 0.7705204671875 0.2745413015625 0.8463057875000001 0.25173081875 0.8234562734375 0.2296652984375 0.8139697703125 0.189785725
11 0.5548424468750001 0.39648803906249996 0.58755835625 0.42424160781250003 0.632439303125 0.4215047875 0.65827413125 0.3907757875 0.6622188140625 0.3369878140625 0.6510180906249999 0.31081211875000003 0.6262839234375 0.292686340625 0.5658826171875 0.3015543390625 0.5443284 0.3536962671875 0.5548424468750001 0.39648803906249996
11 0.504570346875 0.5380119640625 0.533346515625 0.5638808796875 0.566578671875 0.56525423125 0.61495623125 0.5390153062499999 0.62006480625 0.4959508375 0.608591390625 0.4541525234375 0.5738885640625 0.42448021406249997 0.5213326546875 0.4351646921875 0.49364726093750005 0.4717862609375 0.504570346875 0.5380119640625
11 0.427513934375 0.5999130859374999 0.46231902031249994 0.6354438796874999 0.503260225 0.6308224 0.5292654859375 0.609857540625 0.5373203453125 0.5677183578125 0.5066254328124999 0.543836359375 0.48919127500000004 0.496281821875 0.460001121875 0.5026516078125 0.4302947265625 0.5354016046875001 0.427513934375 0.5999130859374999
11 0.625606625 0.589618384375 0.654183215625 0.5480977078125 0.624618109375 0.5329863875 0.5618159046875 0.57217434375 0.5846313328125 0.5922870359375 0.625606625 0.589618384375
11 0.504307534375 0.4110440875 0.49906261562500004 0.44629724218750005 0.5717993890625 0.416702990625 0.5397701546875 0.37233334375 0.504307534375 0.4110440875
11 0.98170296875 0.62247115 0.9497078203125 0.5800543359375 0.8890679078125 0.575252540625 0.851686546875 0.6159501953125 0.844931925 0.6766241953125001 0.8797029265624999 0.7102021578125 0.93249744375 0.713187475 0.98170296875 0.62247115
11 0.8794203484375 0.8059247953125 0.903404609375 0.7810883671875 0.9173861234375 0.7427525796875 0.9110845140625001 0.7174680812500001 0.8679177875 0.7065010265625 0.83420841875 0.6777880875 0.8113149359375 0.7651149953124999 0.8362877093750001 0.7969105640625 0.8794203484375 0.8059247953125
11 0.779178496875 0.770559496875 0.8073411046875 0.7612775140625 0.8209476671875 0.701460625 0.7929945203125001 0.66678694375 0.747909053125 0.6578067984375 0.6985039484375 0.6811335281249999 0.68945563125 0.722313340625 0.7321742890625 0.76356626875 0.779178496875 0.770559496875
11 0.0571248578125 0.251832065625 0.06535015 0.2194570203125 0.10495703125 0.1943478984375 0.07714023125 0.1674855265625 0.0362331125 0.17405983281249998 0.0199579046875 0.1929014296875 0.0166317203125 0.226167671875 0.035609668750000004 0.250254190625 0.0571248578125 0.251832065625
11 0.0156333234375 0.280880928125 0.0220371953125 0.312023909375 0.048621929687499996 0.3242571171875 0.057392607812499996 0.3231273125 0.055274290625 0.25772463437500004 0.02790061875 0.25624901875 0.0156333234375 0.280880928125
11 0 0.2897813375 0.013816843749999998 0.288726325 0.0297170984375 0.248403621875 0.0123852015625 0.20670756875000001 0 0.207653265625 0 0.2897813375