11 0.39902305312499997 0.3761906734375 0.457278546875 0.3605216421875 0.497756571875 0.3233103921875 0.5076485828124999 0.23519547031250002 0.4879607234375 0.18902193125 0.45762879375 0.16535599375 0.3609833375 0.14931124375 0.3264090625 0.158807165625 0.284035928125 0.1955459125 0.274149009375 0.29171377187499997 0.3203734875 0.352555303125 0.39902305312499997 0.3761906734375
11 0.4910294484375 0.1726772546875 0.49279782812499995 0.34723550468750003 0.5766449328125 0.3500246796875 0.6559599546875 0.3023674078125 0.679122821875 0.2256129515625 0.6404736843750001 0.15860849999999999 0.5608791140625 0.1387633453125 0.4910294484375 0.1726772546875
11 0.7786949937500001 0.3752399515625 0.8047336406250001 0.3515383578125 0.8293293015625001 0.2932573921875 0.8134316578125 0.2480288609375 0.7840447359375 0.22057270624999997 0.7357220078125 0.21255033124999997 0.6814955312500001 0.2322432875 0.6143083093749999 0.3563958375 0.63351348125 0.3883586078125 0.665735425 0.40444410937499997 0.7786949937500001 0.3752399515625
11 0.814021325 0.43135135 0.8767681484375001 0.401705253125 0.8975735953124999 0.34247928125 0.8688776 0.283995175 0.8288415140625001 0.270993684375 0.7706522453125 0.391350925 0.814021325 0.43135135
11 1 0.31496599375 0.9982175046874999 0.3142303203125 0.9669558500000001 0.31851341718750004 0.9278851484375 0.3339334625 0.901851596875 0.36568799687500003 0.88295145 0.44149235156250005 0.9083246390624999 0.48908340156249996 0.9618601906249999 0.50041839375 1 0.47750168437499996 1 0.31496599375
11 0.8681822 0.6823794109375 0.9556163812499999 0.73940525 0.9917603671874999 0.5904029546875 0.92353645 0.573392821875 0.8655248484375001 0.6001937078124999 0.8579698812500001 0.6385683875 0.8681822 0.6823794109375
11 0.8931745765624999 0.8768184703124999 0.9168150453124999 0.8062218453125001 0.9106368375 0.7744876875 0.8814836203124999 0.742057509375 0.79809883125 0.721267346875 0.7341580109375 0.7355188671875 0.690839871875 0.77604783125 0.679520159375 0.8537421999999999 0.711518584375 0.8909076031250001 0.7688494484375 0.91124054375 0.8931745765624999 0.8768184703124999
11 0.786728178125 0.718432325 0.9194265484375 0.8159310953125001 0.9414412703125 0.796258515625 0.95230885625 0.7526710125 0.902299253125 0.698937415625 0.8435508781250001 0.6842898015625 0.790274503125 0.7082454765625 0.786728178125 0.718432325
11 0.64414798125 0.7251543500000001 0.7388932359375 0.73267365625 0.775118725 0.7125183859375 0.7893142125 0.6878768765625 0.7954516671875 0.6551875218750001 0.7821604359375 0.6116153015625 0.7297883140625 0.5673572499999999 0.63219275625 0.547049775 0.5812941796875 0.585688725 0.569954090625 0.6311713375 0.586095628125 0.6875317234375 0.64414798125 0.7251543500000001
11 0.7905082078125 0.703271453125 0.841416971875 0.6807383812500001 0.856547278125 0.6362007765625 0.8387494328124999 0.5824468 0.8029760671874999 0.5684952078125 0.7769425187500001 0.6002497421874999 0.7905082078125 0.703271453125
11 0.798855359375 0.41951838124999996 0.7642607078125 0.396802546875 0.672375946875 0.41817728125000003 0.6574640625 0.4335820453125 0.6752924734375 0.535653653125 0.7525296203125 0.5730272937499999 0.8133915249999999 0.55901456875 0.8289994296875 0.5206347953125 0.798855359375 0.41951838124999996
11 0.8216017593749999 0.4332413640625 0.8109475015625 0.4396430890625 0.815286634375 0.5594870734375 0.841589546875 0.5791290890624999 0.8934382265625 0.5447528609375001 0.9047834078125 0.5073231875 0.8718195968750001 0.44173624531250005 0.8216017593749999 0.4332413640625
11 0.8965171390625001 0.5445140625 0.8749698296874999 0.5542385921874999 0.84230085 0.5803128937500001 0.8553430953125 0.604700321875 0.9128771 0.5717416046875 0.8965171390625001 0.5445140625
11 0.6508700078125 0.8677345453124999 0.7078754734375 0.7480886078125 0.6117127078125 0.746254628125 0.606037571875 0.7609429953125 0.6508700078125 0.8677345453124999
11 0.548259671875 0.7827698578125 0.5466084578125 0.7934292078125 0.6186480640625 0.85164904375 0.641623075 0.8523450640625001 0.643020209375 0.8144479812500001 0.6053313609375001 0.767812128125 0.572164409375 0.75551684375 0.548259671875 0.7827698578125
11 0.570975509375 0.74817520625 0.578997884375 0.6998524781250001 0.545073784375 0.613896934375 0.4190566859375 0.59455485 0.3899340328125 0.6104423031249999 0.40043099375 0.729808690625 0.4205862671875 0.76603418125 0.5096614765624999 0.79629479375 0.5487321765625001 0.7808747484375 0.570975509375 0.74817520625
11 0.5911154984375 0.7602418796875 0.60933490625 0.7315713546875 0.5834994046875 0.7019812921875 0.570975509375 0.74817520625 0.5911154984375 0.7602418796875
11 0.420464009375 0.57276364375 0.5223324781249999 0.608226890625 0.5978623765625 0.5676775515625 0.6101525640625 0.5264576609375 0.6030089734375 0.46630196249999994 0.5136644015625 0.3846448015625 0.43549243593750003 0.3671672578125 0.40068445625000004 0.3816372015625 0.3746509046875 0.4133917359375 0.3562079796875 0.4631421640625 0.3609686734375 0.5005616484375001 0.420464009375 0.57276364375
11 0.65374006875 0.5373252453124999 0.66695998125 0.46815631875 0.6221377343750001 0.377470646875 0.595601115625 0.36280265625 0.516977021875 0.379431978125 0.612291565625 0.5380620203125 0.65374006875 0.5373252453124999
11 0.3091505625 0.5832555140625 0.3529361109375 0.5327784984374999 0.3505226546875 0.461724653125 0.329894878125 0.42739427343749997 0.272081325 0.392850559375 0.180186375 0.39811941875 0.1226574671875 0.439131075 0.15402100000000002 0.5959067578125 0.17511109062500002 0.612236153125 0.1940621796875 0.6169611890625 0.3091505625 0.5832555140625
11 0.39568558125000003 0.716548021875 0.3956397359375 0.644071571875 0.32857924843749997 0.5941383796874999 0.274103784375 0.5946465390625 0.188158428125 0.64467651875 0.1692990328125 0.7849043859375 0.208420675 0.85001373125 0.282070746875 0.8331507046875 0.3554565453125 0.7729440656250001 0.39568558125000003 0.716548021875
11 0.4126708671875 0.983468628125 0.5062119375 0.9594874828125001 0.5322047375000001 0.8633094359375001 0.4954456125 0.7887245468749999 0.43716974375 0.7721818218750001 0.357590453125 0.776495484375 0.30905949062500004 0.8137118296875 0.2948589078125 0.8303003984374999 0.28731413125 0.8847809578125 0.3221730515625 0.9508404046875001 0.4126708671875 0.983468628125
11 0 0.816005409375 0.0153481828125 0.7887913890625 0.029914293749999998 0.6011959906250001 0 0.5913926984375 0 0.816005409375
11 0 0.5514999140625 0.0189804875 0.5400952859375 0.03317088125 0.5074008390625 0.0444651234375 0.389441775 0.02572226875 0.3394780171875 0 0.4408055734375 0 0.5514999140625
11 0.1148229484375 0.41000332500000003 0.138986859375 0.418040984375 0.26710220625000003 0.3845639171875 0.2798547140625 0.3253430390625 0.266538009375 0.241506121875 0.2406974125 0.203863121875 0.167733175 0.18164525625 0.1151579140625 0.1906788625 0.09077558125 0.2117740484375 0.0799232765625 0.2795203671875 0.0946676765625 0.3737778359375 0.1148229484375 0.41000332500000003
11 0.1099780421875 0 0.06989881875000001 0.158258871875 0.138361534375 0.17834792187499998 0.2096389 0.1548545609375 0.2290421125 0.12547273125 0.23563678906250002 0.0667294515625 0.22796780156250002 0 0.1099780421875 0
11 0.321546228125 0 0.301005309375 0.06289848125 0.31976854062500004 0.14507399375000002 0.48344901250000005 0.170787240625 0.5137350984375 0.1219767265625 0.484530940625 0.00901715625 0.473997446875 0 0.321546228125 0
11 0.25287919375 0 0.24081395312499998 0.013671498437499999 0.23662254843750002 0.127362746875 0.257250325 0.161693128125 0.29657001250000004 0.165457875 0.31194930625 0.1401050640625 0.3360014890625 0 0.25287919375 0
11 0.5039835546875 0 0.49993570624999994 0.023929040625000002 0.5243893546875 0.11557500312499999 0.5452457390625 0.136878421875 0.6686717078125 0.1787230171875 0.7084027703125 0.08395738750000001 0.7109786171875 0.0372960625 0.5613922812500001 0 0.5039835546875 0
11 0.839393890625 0.10353318125 0.7739999015625 0.067099453125 0.7046176453124999 0.09106531875 0.6823895953125 0.147923678125 0.6888066015625001 0.18273675 0.8262300093749999 0.2612844359375 0.849199925 0.253927515625 0.8780532187500001 0.1866435125 0.839393890625 0.10353318125
11 1 0.1866456140625 0.9810698328124999 0.1650248828125 0.8804157375000001 0.1771679671875 0.85110013125 0.262452959375 0.8963694125 0.3109788296875 0.9423245296875 0.3204238078125 1 0.3125218046875 1 0.1866456140625