11 0.3535156265625 0.3935546875 0.36328125 0.4794921875 0.3896484375 0.5058593734375 0.4355468734375 0.5107421875 0.5224609375 0.5 0.5605468734375 0.4462890625 0.5625 0.4072265625 0.5488281265625 0.3720703125 0.4990234375 0.3339843734375 0.4130859375 0.33203125 0.375 0.3583984375 0.3535156265625 0.3935546875
11 0.16796875 0.5947265625 0.2216796875 0.6328125 0.3222656265625 0.6689453125 0.36328125 0.6357421875 0.37109375 0.5400390625 0.3388671875 0.5078125 0.2841796875 0.4785156265625 0.2333984375 0.4765625 0.1943359375 0.4902343734375 0.1582031265625 0.5458984375 0.16796875 0.5947265625
11 0.3808593734375 0.6943359375 0.4404296875 0.73046875 0.4667968734375 0.7333984375 0.5253906265625 0.7099609375 0.55859375 0.6357421875 0.54296875 0.5498046875 0.5166015625 0.51953125 0.4814453125 0.5078125 0.3974609375 0.5292968734375 0.3652343734375 0.5888671875 0.3808593734375 0.6943359375
11 0.5527343734375 0.7783203125 0.6572265625 0.8261718734375 0.7089843734375 0.8369140625 0.7363281265625 0.8115234375 0.7246093734375 0.6845703125 0.6376953125 0.6230468734375 0.6005859375 0.6230468734375 0.5634765625 0.6386718734375 0.53125 0.7080078125 0.53515625 0.7490234375 0.5527343734375 0.7783203125
11 0.7285156265625 0.7060546875 0.7421875 0.7998046875 0.8037109375 0.8457031265625 0.8828125 0.8544921875 0.9091796875 0.84375 0.9628906265625 0.7783203125 0.9433593734375 0.6923828125 0.9208984375 0.6660156265625 0.8544921875 0.6328125 0.8134765625 0.6347656265625 0.7646484375 0.65625 0.7285156265625 0.7060546875
11 0.6503906265625 0.6005859375 0.66015625 0.6220703125 0.6904296875 0.6503906265625 0.7421875 0.6630859375 0.8369140625 0.6230468734375 0.8964843734375 0.5693359375 0.90234375 0.4951171875 0.8525390625 0.4296875 0.7568359375 0.42578125 0.6865234375 0.4746093734375 0.65625 0.5205078125 0.6503906265625 0.6005859375
11 0.5605468734375 0.5986328125 0.5683593734375 0.6181640625 0.5859375 0.6259765625 0.6542968734375 0.6201171875 0.6484375 0.5751953125 0.6621093734375 0.5009765625 0.6533203125 0.4921875 0.5927734375 0.4921875 0.5546875 0.5166015625 0.546875 0.5478515625 0.5605468734375 0.5986328125
11 0.2714843734375 0.3720703125 0.2792968734375 0.4736328125 0.3730468734375 0.5205078125 0.3808593734375 0.5068359375 0.3535156265625 0.4580078125 0.3515625 0.3935546875 0.38671875 0.3388671875 0.3447265625 0.3125 0.2998046875 0.3183593734375 0.28515625 0.3291015625 0.2714843734375 0.3720703125
11 0.55859375 0.3701171875 0.57421875 0.4287109375 0.6044921875 0.453125 0.6503906265625 0.4560546875 0.7294921875 0.4316406265625 0.7734375 0.3818359375 0.7792968734375 0.3310546875 0.7412109375 0.29296875 0.6689453125 0.2792968734375 0.6064453125 0.296875 0.5683593734375 0.3251953125 0.55859375 0.3701171875
11 0.30859375 0.2431640625 0.3525390625 0.3105468734375 0.40625 0.3291015625 0.4580078125 0.3125 0.4863281265625 0.2861328125 0.4941406265625 0.2451171875 0.484375 0.2080078125 0.4326171875 0.140625 0.3369140625 0.1386718734375 0.30078125 0.1806640625 0.30859375 0.2431640625
11 0.5410156265625 0.2939453125 0.6591796875 0.2578125 0.67578125 0.1728515625 0.5927734375 0.1425781265625 0.5087890625 0.1503906265625 0.4980468734375 0.1904296875 0.5019531265625 0.2685546875 0.5185546875 0.2890625 0.5410156265625 0.2939453125
11 0.9287109375 0.5996093734375 0.8876953125 0.5878906265625 0.8496093734375 0.6181640625 0.8505859375 0.6308593734375 0.9394531265625 0.6767578125 0.95703125 0.6318359375 0.9287109375 0.5996093734375
11 0.9121093734375 0.4423828125 0.91015625 0.4033203125 0.8505859375 0.34765625 0.8076171875 0.3515625 0.7578125 0.4150390625 0.8564453125 0.4316406265625 0.8984375 0.4677734375 0.9121093734375 0.4423828125
11 1 0.2412109375 0.9130859375 0.2402343734375 0.87890625 0.2763671875 0.8847656265625 0.3466796875 0.9248046875 0.3984375 0.98828125 0.4013671875 1 0.3974609375 1 0.2412109375
11 0.7832031265625 0.2509765625 0.83203125 0.2197265625 0.8378906265625 0.1611328125 0.8154296875 0.1328125 0.7548828125 0.12304687343750001 0.6894531265625 0.1904296875 0.6894531265625 0.2314453125 0.7138671875 0.2441406265625 0.7832031265625 0.2509765625
11 0.78515625 0.2705078125 0.7724609375 0.2519531265625 0.6904296875 0.24609375 0.6640625 0.2607421875 0.6708984375 0.27734375 0.7373046875 0.29296875 0.77734375 0.3193359375 0.78515625 0.2705078125
11 0.6777343734375 0.1689453125 0.6796875 0.1025390625 0.6396484375 0.01953125 0.5458984375 0.017578126562499997 0.5136718734375 0.0400390625 0.5078125 0.0849609375 0.5205078125 0.1386718734375 0.5888671875 0.140625 0.6777343734375 0.1689453125
11 0.7675781265625 0.0927734375 0.7685546875 0.11914062656249999 0.91015625 0.1611328125 0.9199218734375 0.1533203125 0.921875 0.1025390625 0.9091796875 0.0566406265625 0.8798828125 0.044921873437499996 0.8720703125 0.0566406265625 0.8212890625 0.05078125 0.7822265625 0.0703125 0.7675781265625 0.0927734375