11 0.6564018921875 0.7478453359375 0.70399294375 0.773218525 0.7916200765625 0.78559021875 0.8570191609375 0.741103553125 0.866743690625 0.7195562421874999 0.8582386234375001 0.6854442828125 0.8113843484375 0.61862259375 0.7637882046875 0.60130234375 0.664079115625 0.592949478125 0.6420440171874999 0.60548865625 0.6081301046875 0.6753383203125 0.6564018921875 0.7478453359375
11 0.636475853125 0.42168856874999994 0.608735053125 0.4678570125 0.6148674140625 0.50859930625 0.6508286359375 0.5720981875 0.7183157796875 0.5965365546875 0.7832321734375001 0.5662606609374999 0.8187565484375 0.5714938578125001 0.8381852359374999 0.5606109921875 0.865941315625 0.49028373125 0.8541338187499999 0.43485307031250003 0.8342580999999999 0.4035761328125 0.7842994375 0.376780340625 0.6845750671874999 0.392586290625 0.636475853125 0.42168856874999994
11 1 0.43860772031249995 0.9825490921875 0.368615953125 0.9238058125 0.3752106296875 0.8522489 0.41921969531250003 0.8654484359374999 0.5206003781249999 0.8957498015625 0.545252075 0.8907706843750001 0.5535387171874999 0.9011963312500001 0.5469134796875 0.933870403125 0.5649348421875 0.9812430296875 0.5611751890625001 1 0.5498957171875001 1 0.43860772031249995
11 0.8002575890625 0.6103257609375 0.862745240625 0.6752625296875 0.9063276484375 0.672447884375 0.959893765625 0.61279525625 0.9686834765624999 0.5713518468750001 0.9078164765625001 0.5653920625 0.8526449921875001 0.541908890625 0.82206916875 0.5767066828125 0.8026557656250001 0.563430734375 0.7256574171875 0.59772545625 0.8002575890625 0.6103257609375
11 1 0.6330627734375 0.95016923125 0.6343425671875 0.922911125 0.666300240625 0.8861876625 0.6845145578125 0.884739584375 0.727146865625 0.902242596875 0.7650541359374999 0.935622878125 0.7899446328125 0.9891431468749999 0.8027684531249999 1 0.801186659375 1 0.6844125234375 0.9877918593749999 0.6923949203124999 1 0.6701860078124999 1 0.6330627734375
11 0.46508249687500003 0.6586682453125 0.43356676250000004 0.6816228796875 0.4110387859375 0.7244787046875001 0.43041653281250003 0.794125228125 0.5163516984375 0.8602610875 0.561824121875 0.8650268765625 0.6129971546874999 0.8442163375 0.643572978125 0.80941854375 0.6473784765625 0.7843147187499999 0.6431412265625001 0.7430999218750001 0.622320496875 0.70803276875 0.602439684375 0.6848087703125 0.5576887515625 0.662753296875 0.5103263124999999 0.650407071875 0.46508249687500003 0.6586682453125
11 0.5814559484374999 0.907435665625 0.620999153125 0.9247508203124999 0.7275977515625 0.9001857203125001 0.771673040625 0.8670544281250001 0.7899332015625 0.8313014421875 0.7821445328125 0.7879527359375 0.6502389671875 0.7554206781249999 0.643334178125 0.8124974609375 0.5997262984375 0.8555768015625 0.5563724999999999 0.8714184093749999 0.5814559484374999 0.907435665625
11 1 0.8095469296875001 0.9986135984375 0.8084588734375 0.926147334375 0.79230715 0.8946417859375 0.7991559078125 0.8536556015625001 0.8164201234374999 0.8273374062500001 0.860220953125 0.8301622406250001 0.8876974843750001 0.8654325359374999 0.920168415625 1 0.8887010734375 1 0.8095469296875001
11 0.61013728125 0.4977011578125 0.613485559375 0.44654340625 0.5954845734374999 0.447005721875 0.5660823703125 0.49862069375000007 0.55657116875 0.5573537859375 0.58685725 0.6061643 0.6193027109375 0.6111587 0.6602939921875 0.585841546875 0.61013728125 0.4977011578125
11 0.515127759375 0.548564075 0.5487672156250001 0.5381639 0.584586425 0.45173585312500003 0.5715747437500001 0.4278056484375 0.4685275640625 0.454504653125 0.46516400156250004 0.5298212203125 0.515127759375 0.548564075
11 0.615152059375 0.433043940625 0.6852914625000001 0.3833495484375 0.77246646875 0.36161437812499997 0.7708356296875001 0.31874326875 0.740554640625 0.261879815625 0.689168278125 0.2455045765625 0.613607815625 0.25327286875 0.594651634375 0.2660508453125 0.6064438515624999 0.345640321875 0.5760762625 0.4256768328125 0.615152059375 0.433043940625
11 0.393602615625 0.20647400624999998 0.3511734484375 0.2583175890625 0.3374046171875 0.308047640625 0.3402192625 0.35163004999999997 0.41691768749999997 0.41704950937499996 0.47208407656249995 0.44858562031250004 0.55830898125 0.43111317343750005 0.59932573125 0.3655313234375 0.605514125 0.31769128750000003 0.59511904375 0.27599889375000003 0.5025637328125 0.19138444999999998 0.46562184531249995 0.1804659265625 0.4255908546875 0.1854144796875 0.393602615625 0.20647400624999998
11 0.5442937328124999 0 0.5166426765625001 0.0258343375 0.572022396875 0.0945562296875 0.590465325 0.14430665625 0.6101226203125 0.146450753125 0.7127635203125 0.0131684296875 0.7114096875 0 0.5442937328124999 0
11 0.47746500156250005 0.1795260125 0.5537062015624999 0.2188915453125 0.5904602296875 0.152359596875 0.5762749312500001 0.11161220937500001 0.528003140625 0.03910519375 0.48088969062500003 0.0075741765625 0.45601956875000005 0.0087427 0.3590945625 0.0922898765625 0.36592803906250004 0.1479542421875 0.40308834843749997 0.18800561093749998 0.47746500156250005 0.1795260125
11 0.7260241875 0.01791384375 0.6561133953125 0.0806351984375 0.6321424359375001 0.15807039375 0.6430151171875 0.1936049578125 0.66952116875 0.22725460156250002 0.725170253125 0.2445799453125 0.74815035625 0.235830984375 0.76168548125 0.18112690781250002 0.8000601625 0.1735719421875 0.8261293703125 0.1489559046875 0.845349821875 0.09283431875 0.8325871296875 0.049719318750000005 0.799445646875 0.0217499078125 0.761319953125 0.01012008125 0.7260241875 0.01791384375
11 0.79152453125 0.1877776203125 0.7760993921875 0.234901259375 0.7523977953125 0.26093990312500004 0.7821859046874999 0.348120003125 0.8203014109375 0.375855709375 0.862928625 0.3853567234375 0.9477411124999999 0.3541460078125 0.9726265156249999 0.3288186671875 0.9570338921875001 0.2662800765625 0.8874688718750001 0.156810796875 0.8739745015624999 0.1470913578125 0.8263630765625001 0.153929928125 0.79152453125 0.1877776203125
11 0.6202992796875 0.15901030625 0.5970905625 0.154732303125 0.5577301218749999 0.2229205640625 0.5802122546875 0.2525411890625 0.6624183296874999 0.22298678593750001 0.6202992796875 0.15901030625
11 0.19158311875 0.18337164374999998 0.21997409218750003 0.23265466093749998 0.2279862796875 0.29708326875 0.25426881562500003 0.3096530078125 0.2893206890625 0.3129911015625 0.333385790625 0.295965684375 0.3549840421875 0.22516082499999998 0.3696775015625 0.21143274843749998 0.35362765937499996 0.1228402296875 0.331135340625 0.10932548281250001 0.300102296875 0.118069346875 0.22168134374999998 0.1547316828125 0.19158311875 0.18337164374999998
11 0.036422992187499996 0.21903803125 0.00393678125 0.27846714375000003 0.0195192109375 0.357111615625 0.035609809375 0.3812806203125 0.0614198421875 0.391955253125 0.1140001984375 0.3929359171875 0.1661182390625 0.3759155984375 0.2002454796875 0.3432517140625 0.224678753125 0.28381750625 0.219496496875 0.23881249218749998 0.178789859375 0.1885742796875 0.14398188125 0.174104334375 0.10016067343749999 0.1799978953125 0.036422992187499996 0.21903803125
11 0.2506053296875 0.4846837609375 0.26574073125000003 0.5211684265625001 0.2962758 0.5507941484375001 0.368264465625 0.5731037031249999 0.4516492546875 0.5523135390625 0.468979690625 0.48861151718749996 0.46284733125 0.447869225 0.3693317296875 0.3836233828125 0.32598811875 0.3833591140625 0.290687259375 0.39920581718750003 0.255366025 0.4472642765625 0.2506053296875 0.4846837609375
11 0.25442101875 0.4434740578125 0.3139163515625 0.37127206562500004 0.3217508671875 0.3421443171875 0.2945284171875 0.31773141875 0.2237133703125 0.3122390453125 0.1936049578125 0.3569848828125 0.1559262953125 0.3875148609375 0.2342606515625 0.487752490625 0.24752641406250003 0.48444496406250004 0.25442101875 0.4434740578125
11 0 0.5613922796875 0.0023307890625 0.5707405640625 0.0877934515625 0.6349813109375 0.1460591328125 0.6345444640625 0.2074342953125 0.5860287843750001 0.2235707375 0.5377213390625 0.21365834687500002 0.481818175 0.1767419296875 0.4306349546875 0.1301009828125 0.400999046875 0.05501811718750001 0.40260950937500006 0.010231528125 0.43692460781250003 0 0.46085803125 0 0.5613922796875
11 0.3485715125 0.6273301796874999 0.40134481875 0.6977083828125 0.417450696875 0.6977185703125001 0.4724292296875 0.65180420625 0.5306949109375 0.651367359375 0.548939790625 0.6397731921875 0.537614984375 0.5701317625 0.5160727671875 0.5523542921875 0.46373630625000006 0.540241771875 0.4450138265625 0.557993771875 0.3538098046875 0.5837528640625 0.3485715125 0.6273301796874999
11 0.392575484375 0.7069400328125 0.36466210625 0.6514991859375 0.32890912031249997 0.6332390250000001 0.2903007328125 0.635819965625 0.328441709375 0.623290975 0.3362915078125 0.5700044109375 0.286094046875 0.546287534375 0.25012263749999997 0.49889453125000005 0.234016759375 0.4988843421875 0.20172349843749998 0.6277109921874999 0.1905763625 0.6516259171875001 0.176599296875 0.6561172484375 0.187009659375 0.673650825 0.21566490468750002 0.6795902328125 0.25570608125 0.6585358015625 0.22439857968750002 0.7267291546875 0.2196276984375 0.78025451875 0.2503811921875 0.8390130796875 0.29134700156250004 0.853960621875 0.3396748234375 0.8378853078124999 0.367644234375 0.8047438250000001 0.384954296875 0.7732535609375 0.392575484375 0.7069400328125
11 0.157134953125 0.7233706890625 0.11665692968750001 0.6861594390625 0.0891854921875 0.6809313312499999 0.048676903125 0.6920377171875 0.0339885375 0.69771285625 0.085491440625 0.90427971875 0.13594807656250002 0.8927059249999999 0.183584971875 0.8456026624999999 0.1760605703125 0.758910346875 0.157134953125 0.7233706890625
11 0.032098521875 0.6901324203125 0.09203579687499999 0.6681431703125 0.103182934375 0.6442282453125 0.005165810937499999 0.5821112171875 0.032098521875 0.6901324203125
11 0 0.45830005468749996 0.0393898390625 0.396441490625 0.0256668546875 0.373695090625 0 0.3727139109375 0 0.45830005468749996
11 0.44527768593749995 1 0.46820663749999997 0.9618398140625001 0.47628504843749997 0.9215802125 0.462572253125 0.882727934375 0.4374837125 0.8547636171875 0.3875250484375 0.8279678265625 0.3564970984375 0.8286587515624999 0.281393859375 0.8624809718750001 0.2555379796875 0.924282790625 0.2768159296875 0.9854038703124999 0.2951036921875 1 0.44527768593749995 1
11 0.5571608218749999 1 0.5930093656250001 0.9901040562500001 0.6162333640625001 0.9702232437499999 0.6231279671875 0.929252340625 0.5748256125 0.9050629593749999 0.5485583593750001 0.8683344015625 0.48532374687499996 0.8609520109375 0.46967509218750003 0.88699575 0.478180159375 0.9211077078125 0.4672412546875 0.990261353125 0.4910411296875 1 0.5571608218749999 1
11 0.399200721875 0.7173656796875 0.3764033828125 0.811618053125 0.443880340625 0.8521623 0.4822499265625 0.8526602750000001 0.4853339359375 0.8448461328124999 0.42520880156249996 0.789384909375 0.40914877031249997 0.7168982703125 0.399200721875 0.7173656796875
11 0.2543643625 0.9074656093750001 0.2688394 0.864604690625 0.221985125 0.7977830015625 0.212062546875 0.7579857156250001 0.1983242796875 0.7593981328125 0.18599843124999998 0.774548815625 0.18405238125 0.855550709375 0.21575597656249998 0.91004655 0.23635828124999997 0.9159808640625 0.2543643625 0.9074656093750001
11 0.2951162140625 1 0.277288434375 0.9872989796875 0.254592971875 0.9204925718749999 0.24085470625 0.9219049890625 0.22568364999999999 0.941790896875 0.22045045000000002 0.9773152734374999 0.22841935000000002 1 0.2951162140625 1
11 0.6574736296875 0.925721296875 0.6415708921875 0.97900276875 0.837950909375 0.9310461890624999 0.8036409046875 0.8782066578125001 0.7685890296875 0.87486856875 0.7171721062499999 0.9068109625 0.6574736296875 0.925721296875