11 0.63853978125 0.9230166171875 0.6634908828125 0.8953056140625 0.65919355 0.831967153125 0.626146440625 0.7984945812500001 0.59514370625 0.8040309765625 0.5643412609375 0.8320486375 0.559299371875 0.885119615625 0.60137904375 0.923008321875 0.63853978125 0.9230166171875
11 0.771604021875 0.81238533125 0.796555121875 0.784674328125 0.8059109296875 0.7206203375 0.7765602796875 0.6830424328125 0.720201715625 0.6899076671875 0.6871338734375 0.749336940625 0.693590234375 0.7978937109375 0.727050365625 0.8205877062500001 0.771604021875 0.81238533125
11 0.8762983312499999 0.8694843062500001 0.905456984375 0.8474202109375 0.9133734359375 0.79322068125 0.878895265625 0.732441834375 0.8337282984375 0.7289415171875 0.8119625656249999 0.7427949453125 0.7959335140625 0.810132375 0.83277515625 0.8600304296875001 0.8762983312499999 0.8694843062500001
11 0.6604160265625 0.8739528999999999 0.6864832390625 0.9048575640625 0.7449966890625 0.9017910046875001 0.7765146625 0.8874264828125 0.78843423125 0.8349729609375001 0.7698580109375001 0.8163884484375 0.73105348125 0.822333715625 0.6953321 0.812470965625 0.664222996875 0.834637278125 0.6604160265625 0.8739528999999999
11 0.692641240625 0.9104022515624999 0.66573969375 0.9382154765624999 0.6672729734375 0.9674722015624999 0.6831790671875 0.9910861656250001 0.8021564140624999 0.9848508265625 0.806883353125 0.963089240625 0.7821532796875 0.9203796671875001 0.749204240625 0.9074379109375 0.692641240625 0.9104022515624999
11 0.5488523328125 0.7790757296875 0.5921710703125 0.7846287125 0.611990503125 0.752297134375 0.5902413578125 0.6918290890625001 0.5749485734374999 0.679917815625 0.5338869390625 0.6801139609375 0.514378309375 0.6997165140625 0.5148811109375 0.7466294921875 0.5488523328125 0.7790757296875
11 0.6359069765625 0.760822753125 0.6822066421875 0.7486172625 0.6973074296874999 0.700886534375 0.6844844812499999 0.661464546875 0.6551296843750001 0.6424670124999999 0.60862558125 0.650771603125 0.5938355953125 0.6857733078125 0.6084004109375 0.7397725484375 0.6359069765625 0.760822753125
11 0.69461656875 0.798817825 0.6824110796875 0.752518159375 0.6613650234375 0.7614443578125 0.617122171875 0.7569177078125 0.6331263375 0.8010624890625 0.6505740078125 0.8167724406250001 0.6762364921875 0.8212949453125 0.69461656875 0.798817825
11 0.612117603125 0.6427653734375001 0.650926278125 0.618239734375 0.6573011578125 0.5719442171875 0.633495196875 0.528208309375 0.5844273328125 0.5249124296875001 0.5404828421875 0.5633978640625 0.538319665625 0.596759921875 0.5605881984375001 0.629819471875 0.612117603125 0.6427653734375001
11 0.528976296875 0.605072809375 0.5248626703125 0.6385370859374999 0.5447718796875 0.6638970625 0.5781339390625 0.6660602390625 0.590764890625 0.645840228125 0.5374977671875001 0.5997367046875001 0.528976296875 0.605072809375
11 0.569130403125 0.531581525 0.6097831609375 0.5235835875 0.6151234125 0.513524690625 0.5922374203125 0.4873428203125 0.5744789484374999 0.4843618921875 0.5343372828125 0.5021120703124999 0.521395528125 0.5350611078124999 0.5375060609375 0.56257596875 0.569130403125 0.531581525
11 0.48041537968750003 0.630109540625 0.520144021875 0.6231379375 0.5314502796875 0.558981725 0.5170857578125 0.5274637515625 0.481675178125 0.5048719734375 0.45631934999999996 0.5062008171875 0.437117375 0.5316547171875 0.440286153125 0.5921186140625 0.48041537968750003 0.630109540625
11 0.517617584375 0.44431415156250004 0.4960562859375 0.46206847656249994 0.4844475234375 0.5017929734375 0.517703215625 0.5205860718750001 0.568423165625 0.4807676515625 0.5450260796874999 0.444833540625 0.517617584375 0.44431415156250004
11 0.6942533109375 0.5866319812499999 0.7040179921874999 0.530379784375 0.677435540625 0.508303246875 0.6421188859375 0.524822653125 0.662735334375 0.600996503125 0.6942533109375 0.5866319812499999
11 0.594763859375 0.66616660625 0.6373712125 0.6394860812500001 0.669089478125 0.647602825 0.6956719312499999 0.6696793624999999 0.70173600625 0.6361128640625 0.6911701609375 0.6024400046875 0.66663623125 0.600792065625 0.6314176484375 0.6378422890625 0.596820671875 0.649434465625 0.594763859375 0.66616660625
11 0.7242338609375001 0.5615911031249999 0.7313118281250001 0.5846898265625 0.7524559562500001 0.59629444375 0.768677 0.5885990171875 0.7744302750000001 0.56776154375 0.7501049265625 0.551434134375 0.7242338609375001 0.5615911031249999
11 0.76041563125 0.6234941093749999 0.8098367062499999 0.6089336890625 0.81785123125 0.5752649734374999 0.78213814375 0.528241484375 0.75247254375 0.521972971875 0.71572068125 0.529766471875 0.69887803125 0.5629199453125 0.7222572406250001 0.60483798125 0.76041563125 0.6234941093749999
11 0.78796460625 0.6394170359375 0.766607746875 0.661072259375 0.8143260343750001 0.7319141499999999 0.8576489203125 0.718886765625 0.8657698078125 0.66858813125 0.8248186875 0.6335739890625 0.78796460625 0.6394170359375
11 0.8249333468750001 0.5797833296875 0.8095259031250001 0.6216627124999999 0.8672091640625 0.6587336703125 0.8908231265625 0.642827575 0.8925732843749999 0.6202440921875 0.8452597265625 0.5757843625 0.8249333468750001 0.5797833296875
11 1 0.6011611421875 0.9748070640625001 0.5846415171875 0.9207056046875 0.5972558828125 0.895958940625 0.62886778125 0.90026041875 0.6736258734375 0.9602007828125 0.7164459578125 1 0.715892025 1 0.6011611421875
11 0.9967399140625 0.7419123 0.9860677046875 0.7248693578125 0.9240705265625 0.6987814125 0.8894694046874999 0.7289539578124999 0.9163502187500001 0.794042575 0.9356461171875001 0.8076998625 0.987490471875 0.7893363718749999 0.9967399140625 0.7419123
11 1 0.8068927468749999 0.987490471875 0.7893363718749999 0.9798931156249999 0.793646140625 0.9643917484375001 0.7964143390625 0.9491970359374999 0.80503388125 0.9394447953125 0.8055449749999999 0.9386228984375 0.80852175625 0.961717475 0.82002415625 0.9855317296875 0.8265993249999999 1 0.8271537328124999 1 0.8068927468749999
11 1 0.9392777875 0.9973117578125 0.9394186718749999 0.9877639531250001 0.9438306609374999 0.977598690625 0.9551203296875 0.9766704265625 0.9747270312499999 1 0.9739812921875 1 0.9392777875
11 0.9865373296875 0.92042528125 0.9789441203125 0.9061546843749999 0.9597504390625 0.8944478484375 0.9380910703125 0.89167135625 0.922589703125 0.89443955625 0.9092432203125 0.9010064296875001 0.895381496875 0.9164014328125001 0.872789721875 0.9518120124999999 0.8510239859375 0.965665440625 0.8474297484375001 0.971721221875 0.8479408421875 0.9814734640625 0.9718454171875001 0.9759578031249999 0.9757504593749999 0.957172996875 0.9879725374999999 0.929151190625 0.9865373296875 0.92042528125
11 0.8952792781250001 0.914450984375 0.8981579921874999 0.8947420640624999 0.8964161265625 0.8801648125 0.8880010203125 0.8688709937500001 0.850942503125 0.8708131484375 0.818610925 0.8509937171875 0.80290511875 0.8498610171875001 0.79715599375 0.852118121875 0.781650478125 0.8734666890625 0.7794872984375 0.906828746875 0.7926210499999999 0.9335217109375 0.8103753749999999 0.9550830093749999 0.81838160625 0.9585750281250001 0.857390571875 0.95653065625 0.8744335140624999 0.9458584468750001 0.8845987781250001 0.9345687796875 0.8952792781250001 0.914450984375
11 0.8402454125000001 0.9652524171874999 0.8340874109374999 0.9597077296875 0.8085271453124999 0.957135675 0.80687920625 0.9816696078125 0.805030975 0.9837222750000001 0.8353140359375001 0.9831131093750001 0.8413739640625 0.96812698125 0.8402454125000001 0.9652524171874999
11 0.91165230625 0.6857415859375 0.8959506484374999 0.66602851875 0.8924669218749999 0.6368740125000001 0.8905164718749999 0.63697623125 0.8897967937500001 0.641903459375 0.885691459375 0.638207003125 0.881275321875 0.647239565625 0.8682354968749999 0.6596577859375 0.8706970406250001 0.669307809375 0.8770594765625 0.6787533953125 0.89029959375 0.6888164375 0.8942004906250001 0.688612 0.9002562718749999 0.6922062437500001 0.9119589625 0.69159293125 0.91165230625 0.6857415859375
11 0.9169152203125 0.562250028125 0.9267738281250001 0.5451090171875 0.9269824109375 0.5304295437500001 0.9203174625000001 0.496552246875 0.9088233578124999 0.4824860859375 0.8889099999999999 0.4757064796875 0.8613992874999999 0.47323664374999996 0.8302943328125 0.47682259374999997 0.8111987234375 0.4856465734375 0.7973370015625 0.5010415734375 0.7904551765625001 0.5190044828125 0.795480478125 0.5402549765625 0.8061526859375 0.55729791875 0.8153896890624999 0.5656149515625 0.8372534953124999 0.572292340625 0.8627115421875 0.5729139437499999 0.9169152203125 0.562250028125
11 0.8800611390625 0.5680930828124999 0.878212909375 0.5701457484375 0.8588106453125001 0.57311838125 0.8560383015624999 0.5761973828125 0.8899073062499999 0.6066931734375001 0.9017122140625 0.608030309375 0.9186529374999999 0.5954076515625 0.9213230640625 0.5903782015625 0.9189678875 0.564098259375 0.911063875 0.562556684375 0.8956647265625 0.5672753328125 0.8800611390625 0.5680930828124999
11 1 0.49668439218750005 0.9963973890625001 0.43682461562499997 0.9649857781250001 0.43455921406250003 0.9457879515625001 0.441432746875 0.9349030109375001 0.4576496453125 0.9205301953125 0.46329240625 0.91939749375 0.4789982109375 0.92001080625 0.4907009015625 0.9265776828125001 0.5040473828125 0.9273954328125 0.5196509703125 0.9381698593750001 0.538644359375 0.969577325 0.5594901250000001 0.99719025625 0.563910409375 1 0.5633576265625 1 0.49668439218750005
11 1 0.56335931875 0.9735804390625 0.5612361375 0.9391961953125 0.539568475 0.9332426312500001 0.53792468125 0.9216380125000001 0.5590688109374999 0.918861521875 0.5807281796875 0.9241976265625 0.5892496515625 0.9319994203125 0.5888407765625 0.9415472234375001 0.584428784375 0.9571508109375 0.583611034375 0.958999040625 0.58155836875 0.9630021546875 0.583304378125 0.980556190625 0.5823844109375 1 0.5939247421875 1 0.56335931875
11 0.9836849515624999 0.3621923375 0.9810231203124999 0.33006104999999997 0.973123253125 0.3099391078125 0.9514680328124999 0.2885822484375 0.9335051234374999 0.2817004234375 0.90414618125 0.281283253125 0.8763246640625001 0.29154244218750003 0.8709844109375 0.301601340625 0.865226990625 0.34101918124999997 0.8809245046875 0.3793126171875 0.8964217250000001 0.3951247890625 0.9145890718749999 0.40590750781249996 0.9418953484375001 0.40447644687500006 0.9572944968750001 0.39975780312500003 0.97865135625 0.3781025796875 0.9836849515624999 0.3621923375
11 0.879055540625 0.4742671265625 0.8927086781250001 0.47355159531249996 0.8947613453125 0.4753998234375 0.9102627140624999 0.472631628125 0.9184775265624999 0.46144417656250003 0.9180686515625001 0.45364238281249997 0.9199168828125 0.45158971562500005 0.9175617062500001 0.425309775 0.9159220593749999 0.41268296875 0.8965239437499999 0.3970752359375 0.886669484375 0.39563588125 0.8802006812500001 0.4028202140625 0.8732166375 0.4188326765625 0.864899603125 0.4280696796875 0.8325597312499999 0.44541098281249997 0.8279391578125 0.45054264843749997 0.8287569078124999 0.466146234375 0.8338885734374999 0.470766809375 0.8436408140625 0.470255715625 0.84569348125 0.47210394375 0.8690988609374999 0.4708773203125 0.879055540625 0.4742671265625
11 0.9939441406249999 0.3900138546875 0.9743374390625 0.3890855921875 0.96119539375 0.399553365625 0.9419975671874999 0.4064268953125 0.9283444281250001 0.4071424265625 0.9245457515625001 0.40929731406250003 0.918179165625 0.4184320953125 0.9200191015625 0.45354016406250003 0.92515076875 0.4581607390625 0.9329525625 0.45775186406249996 0.9457879515625001 0.441432746875 0.96108488125 0.4347636515625 0.9844902609374999 0.43353702656250004 0.9963973890625001 0.43682461562499997 0.9939441406249999 0.3900138546875
11 0.9884243328125001 0.28468964375 0.9708702984375 0.28560961093750004 0.9642992734375 0.2908435 0.9647081484375001 0.2986452921875 0.9730210359375 0.307988659375 0.981947234375 0.32903471562500003 0.9828672015625 0.3465887515625 0.9849198703125 0.34843698125 0.9830716390625 0.350489646875 0.9838893890625 0.36609323437499997 0.9804995875 0.37604991249999997 0.9809084625000001 0.38385170625 0.985937909375 0.38652182968750004 0.99466381875 0.3850866234375 0.9884243328125001 0.28468964375
11 0.87311441875 0.416882228125 0.87825023125 0.4029224328125 0.878152159375 0.38239161718750003 0.8654314281250001 0.34492007812500003 0.8590689921875001 0.33547449218750003 0.841621321875 0.3197645421875 0.8158566203125 0.313291590625 0.8041539296875 0.31390490312499997 0.78166851875 0.332685559375 0.76975724375 0.34797834375000003 0.7629776374999999 0.3678917015625 0.7642042609375 0.39129708124999996 0.781647784375 0.4255874015625 0.8010459015625001 0.441195134375 0.8229097078125 0.4478725234375 0.857302246875 0.432379446875 0.87311441875 0.416882228125
11 0.8763246640625001 0.29154244218750003 0.8751961125 0.2886678796875 0.8730412265625 0.2848692015625 0.8591836515625 0.2816838359375 0.828078696875 0.28526978125 0.8166826625000001 0.29173443906249996 0.8066196187499999 0.30497455625000003 0.804975828125 0.31092811875000004 0.8080548265624999 0.313700465625 0.827661528125 0.314628725 0.8435717703125001 0.3196623234375 0.8620457734375 0.3362963875 0.8648181171875 0.3332173875 0.8663596921875 0.325313375 0.8673901734375 0.307657121875 0.8763246640625001 0.29154244218750003
11 0.8147929640625 0.4795907890625 0.8233144359375 0.47425468437499996 0.8266020203125001 0.46234755781250003 0.8251668125 0.45362165 0.8230119265625 0.44982296875000005 0.7950923375000001 0.43955134375 0.7682032296875 0.41162346093749996 0.7545500921875 0.412338990625 0.7412036093750001 0.41890586875 0.711116696875 0.460576665625 0.7128544140625 0.49373428593749996 0.7172664015625 0.503282090625 0.7406676359375 0.5206358359375 0.76037655625 0.52351454375 0.7818314875000001 0.5223901375 0.7902507390625 0.5151035859374999 0.7953865515625 0.5011437921875 0.8147929640625 0.4795907890625
11 0.7290671640624999 0.5231995953124999 0.7318395078125 0.5201205953125 0.7306087375 0.5152955828125 0.7172664015625 0.503282090625 0.7129566328125 0.495684734375 0.7124455390625 0.48593249375 0.7103928703125 0.48408426406249994 0.711321134375 0.46447756093750003 0.70824213125 0.46170521718749996 0.7043412359375 0.4619096546875 0.690892534375 0.46652608124999995 0.689040159375 0.4871591171875 0.680105665625 0.5032737968750001 0.680310103125 0.50717469375 0.705968440625 0.530277565625 0.713770234375 0.5298686906250001 0.7290671640624999 0.5231995953124999
11 0.7603075125000001 0.37292115 0.7473781984375 0.3501290828125 0.7393719671875 0.3466370609375 0.712065690625 0.348068121875 0.6967687609375 0.3547372140625 0.66996943125 0.3845008875 0.6608305031249999 0.3967146703125 0.6613415953125 0.4064669125 0.6696544828125 0.41581027812500004 0.6925363265625 0.4605725203125 0.7081399140625 0.45975477031249995 0.7374049312500001 0.421060753125 0.7591706640625 0.4072073234375 0.7626626890625 0.39920109375 0.7603075125000001 0.37292115
11 0.7661712984375 0.3168733890625 0.7730531234375 0.2989104796875 0.7717201328125001 0.29213502187499996 0.77018270625 0.2814586640625 0.7615631640625 0.2662639515625 0.7460659421875 0.2504517796875 0.6973047343750001 0.253007246875 0.6839582531249999 0.2595741234375 0.6551062578125 0.287489565625 0.6517164515625 0.29744624375 0.6527386374999999 0.3169507265625 0.6575595046875 0.334300325 0.662895609375 0.3428217953125 0.683013403125 0.3535022984375 0.733316184375 0.3430428203125 0.7503591265625 0.3323706125 0.7661712984375 0.3168733890625
11 0.79932891875 0.31513567187499997 0.798200365625 0.31226110937499996 0.7878348125 0.30106951249999997 0.77407945625 0.29983459687499997 0.7680195265624999 0.314820721875 0.7504613453125 0.334321059375 0.741939875 0.3396571640625 0.7401938625 0.343660278125 0.7525098671875 0.35474965625 0.76000085625 0.36706980312500004 0.7639017515625001 0.3668653671875 0.766674096875 0.3637863671875 0.768113453125 0.3539319078125 0.773351484375 0.3419225609375 0.795734678125 0.3211914546875 0.79932891875 0.31513567187499997
11 0.6524278359375 0.32967975156249996 0.6465764921875 0.3299864078125 0.6401076875 0.337170740625 0.633021425 0.351232753125 0.6331153484375001 0.3903439390625 0.6382470171875 0.3949645125 0.6579559374999999 0.397843221875 0.6884517265625 0.3639742171875 0.68722095625 0.3591492078125 0.669258046875 0.3522673828125 0.6555068375 0.3324520953125 0.6524278359375 0.32967975156249996
11 0.6862761078124999 0.4530773828125 0.6634964796875 0.410265590625 0.654259478125 0.40194855625 0.63629656875 0.39506673124999997 0.5875353609375 0.3976221984375 0.5772678796874999 0.40696141875 0.5630953546875 0.43508544374999997 0.572430428125 0.46393329375 0.6138926421875001 0.5086996796875 0.6210769765624999 0.51516848125 0.6350367703125 0.5203042984375 0.654439034375 0.5173316640625 0.680003446875 0.5013233484375 0.6888357218750001 0.4832582203125 0.6862761078124999 0.4530773828125
11 0.5700793984375 0.4190729828125 0.5770634421875 0.40306052187499997 0.5773742453125 0.39033149843750004 0.5736819343749999 0.3758564640625 0.5673194953125 0.366410878125 0.539812928125 0.345360675 0.5065530875 0.34514794531250004 0.495361490625 0.355513496875 0.4837610203125 0.35807725625 0.4715430921875 0.3675186953125 0.472463059375 0.38507273125 0.48128703906250003 0.4041683390625 0.5050971453125 0.42932387656250004 0.525214940625 0.4400043796875 0.5448216421875001 0.440932640625 0.5582703437500001 0.43631621562499995 0.5700793984375 0.4190729828125
11 0.610736303125 0.39249467656250003 0.6239805671875 0.38397735312500003 0.630347153125 0.3748425703125 0.63291920625 0.3492823046875 0.64000546875 0.3352202921875 0.6381613859375 0.3186925890625 0.6326208453125 0.3062702234375 0.625436509375 0.299801421875 0.61558205 0.298362065625 0.6074736 0.292919596875 0.5879691171875 0.2939417828125 0.574622634375 0.30050865781249997 0.56065869375 0.3139532109375 0.5517242 0.33006789062499997 0.546792825 0.34792858125000004 0.5629075046875001 0.3568630734375 0.5757346 0.37770469375000004 0.5782983578125 0.3893051640625 0.5854826953125001 0.3957739703125 0.610736303125 0.39249467656250003
11 0.344232121875 0.457312509375 0.36969016875 0.4579341125 0.3896035265625 0.4647137203125 0.399359915625 0.445622259375 0.39946628125 0.42899234062499997 0.37462983906249997 0.4029126859375 0.3627227125 0.3996251046875 0.3505089296875 0.3904861734375 0.32710355 0.391712796875 0.31375706718749996 0.398279671875 0.30348958593750003 0.40761889218749997 0.29650554218749997 0.4236313546875 0.297527728125 0.4431358375 0.30204193749999997 0.4546340890625 0.3071736046875 0.4592546640625 0.3171302828125 0.4626444671875 0.3266780875 0.4582324765625 0.34217945625 0.45546428125 0.344232121875 0.457312509375
11 0.35837976718750003 0.5406706953125 0.366385996875 0.5441627140625 0.38578826093749996 0.5411900796875 0.39893030625 0.530722309375 0.405194671875 0.5196370765625 0.40560769375000005 0.5088585015625 0.3994538421875 0.48473344531249996 0.3928869640625 0.4713869625 0.3797490671875 0.46327436562499996 0.3679441578125 0.46193723125 0.36188837500000004 0.4583429875 0.35203391562499997 0.456903634375 0.322879409375 0.46038736093750005 0.3091199046875 0.4777328140625 0.3040863109375 0.49364305625 0.305108496875 0.5131475390625 0.311573153125 0.5245435734375 0.3187574875 0.531012375 0.3288163859375 0.5363526281250001 0.35837976718750003 0.5406706953125
11 0.45241845312500006 0.506405253125 0.46976805156249996 0.5015843890625 0.4781873046875 0.4942978359375 0.48116822968750006 0.47653936406249997 0.47963080468749997 0.4658630078125 0.477684503125 0.4473848578125 0.4731702953125 0.43588660625 0.4559270625 0.42407754999999997 0.445970384375 0.420687746875 0.420716775 0.4239670359375 0.409320740625 0.43043169531250003 0.397716125 0.4515758234375 0.39812499843750004 0.4593776171875 0.39473519218750003 0.4693342953125 0.406429590625 0.5058817203125 0.41566659218749996 0.5141987546875 0.43362950156249996 0.5210805796875 0.4432795234375 0.5186190374999999 0.45241845312500006 0.506405253125
11 0.46466541093749997 0.3669012359375 0.4612797546875 0.3582775484375 0.4436276484375 0.3386667 0.4296678546875 0.3335308859375 0.402361578125 0.3349619484375 0.3890150953125 0.341528821875 0.3761797078125 0.3578479390625 0.3724749546875 0.3991140109375 0.3891007265625 0.41780074218749996 0.403162740625 0.4248870046875 0.43426769375 0.421301059375 0.445868165625 0.4187373 0.457881659375 0.40539496249999996 0.46650949375 0.3834289390625 0.46466541093749997 0.3669012359375
11 0.3601630984375 0.3694442640625 0.35328127343750004 0.38740717343750003 0.3555383796875 0.3931562984375 0.3606700453125 0.3977768734375 0.37257717343749996 0.40106445781250005 0.375349515625 0.3979854578125 0.374838421875 0.388233215625 0.376686653125 0.3861805484375 0.3760774890625 0.3558974890625 0.3643747984375 0.3565108015625 0.36160245625 0.359589803125 0.3601630984375 0.3694442640625
11 0.461680334375 0.40324007812499996 0.45254140625000006 0.4154538609375 0.45284806250000004 0.42130520625 0.46793640937500003 0.42931558125 0.4761470765625 0.43670850000000005 0.48251366406249996 0.42757371875 0.4821047890625 0.41977192499999993 0.48395301718750006 0.417719259375 0.48241559062499995 0.40704290312499997 0.46958849531249997 0.386201284375 0.464967921875 0.39133295 0.461680334375 0.40324007812499996
11 0.48417404218750004 0.3472986828125 0.4876660640625 0.3392924515625 0.4938323578125 0.3076764046875 0.49198827500000003 0.2911487046875 0.48614107500000003 0.272874990625 0.47895674218749995 0.2664061875 0.46704961562499997 0.2631186015625 0.4436442359375 0.26434522656250004 0.437895109375 0.266602328125 0.4239311671875 0.280046884375 0.4185909171875 0.29010578124999997 0.4155077703125 0.30591380625000003 0.41683661250000004 0.331269634375 0.43952231406250003 0.334970240625 0.4622038703125 0.35725121406250004 0.46620698593750004 0.35899722343749996 0.47390655937500004 0.356637903125 0.48417404218750004 0.3472986828125
11 0.394559784375 0.335370821875 0.40616025625 0.3328070609375 0.41078082812499994 0.32767539375 0.41746236562499994 0.2872312203125 0.41181960625 0.272858403125 0.39837505 0.2588944625 0.388418371875 0.255504659375 0.3689138875 0.2565268453125 0.35556740625 0.2630937203125 0.3343127671875 0.286699390625 0.3289725140625 0.2967582890625 0.32927916874999996 0.302609634375 0.33389559687500003 0.31605833437499997 0.3485709203125 0.33484728750000003 0.3529829125 0.344395090625 0.3601672453125 0.3508638953125 0.373922603125 0.3520988140625 0.394559784375 0.335370821875
11 0.2777290296875 0.38256557343750003 0.2820388015625 0.3901629296875 0.301952159375 0.3969425359375 0.3136548484375 0.396329225 0.34055225 0.3870963703125 0.35236130625 0.3698531375 0.35226323437499996 0.3493223203125 0.3487753578125 0.338748184375 0.3237344796875 0.308767634375 0.3212729390625 0.2991176125 0.3120359375 0.290800578125 0.3060823734375 0.289156784375 0.282574775 0.2884329625 0.26922829375 0.2949998390625 0.2591652484375 0.3082399546875 0.25238564218750004 0.3281533125 0.25546049375 0.349506025 0.26212959062499996 0.3648029546875 0.2723929234375 0.374044103125 0.2707491328125 0.3799976671875 0.2777290296875 0.38256557343750003
11 0.300295925 0.45863720468749997 0.29978483125 0.4488849640625 0.2951684078125 0.4354362625 0.2947595328125 0.42763446875 0.2982515515625 0.4196282390625 0.2969185640625 0.4128527796875 0.2826521125 0.40186562031250006 0.26869231875 0.39672980625 0.25113828437499996 0.397649775 0.24733960625 0.399804659375 0.23337566562499998 0.41324921249999996 0.22988364374999998 0.42125544374999996 0.2311102671875 0.44466082343749996 0.237779359375 0.45995775468750005 0.25112169687499997 0.4719712453125 0.26118059374999997 0.4773114984375 0.28427931875 0.47023352812499997 0.28797577812499997 0.466128196875 0.29752358125 0.46171620312500006 0.300295925 0.45863720468749997
11 0.2570137359375 0.3737042015625 0.26513840312500003 0.3894942828125 0.300284984375 0.4103545546875 0.3079045859375 0.4010364984375 0.2785451421875 0.382305315625 0.254125325 0.3495317625 0.250040084375 0.3489350671875 0.2570137359375 0.3737042015625
11 0.26253431875 0.3911851171875 0.2567893375 0.374861853125 0.25546049375 0.349506025 0.25002217187500003 0.3390341046875 0.24406860937500002 0.3373903125 0.21676233281249999 0.338821375 0.21101320625 0.3410784765625 0.20454440468750001 0.3482628125 0.202279003125 0.3796744234375 0.213875328125 0.3956910296875 0.22999000937499997 0.40462552343749997 0.23974225 0.4041144296875 0.2491878359375 0.39775199375 0.2607883078125 0.39518823125 0.26253431875 0.3911851171875
11 0.4084781109375 0.5263103171875 0.38496636562500003 0.5441668625 0.381372125 0.55022264375 0.38188321875 0.5599748859375 0.3907071984375 0.57907049375 0.3910138546875 0.5849218390625001 0.396247740625 0.5914928609375 0.40774599218749996 0.586978653125 0.4359763859375 0.5845212578125001 0.4377223953125 0.5805181421875 0.435988825 0.5287801546875001 0.42018079999999997 0.5256970046875 0.4084781109375 0.5263103171875
11 0.2645055015625 0.29818105625 0.26337694843750004 0.29530649531250003 0.2592716140625 0.29161003281250003 0.23566179687500002 0.2889357625 0.23360912968749997 0.28708753124999997 0.208253303125 0.288416375 0.19983405 0.295702928125 0.19819025625 0.301656490625 0.1996213171875 0.3289627671875 0.2109109875 0.3391280296875 0.222409240625 0.334613821875 0.24776506875 0.33328497968750004 0.2540294328125 0.3221997484375 0.25382499531249997 0.3182988515625 0.2608090390625 0.302286390625 0.2645055015625 0.29818105625
11 0.3621577109375 0.6314176484375 0.38752183125 0.5929280703125 0.3854733125 0.5724994718749999 0.375725215625 0.5544301968750001 0.36854088281249997 0.5479613953125 0.33867084531249997 0.53779198125 0.3172159140625 0.5389163875 0.3039716515625 0.5474337109375 0.2882616984375 0.56488138125 0.28097099999999997 0.5750424984375 0.27953164531249997 0.5848969578125 0.2845569453125 0.6061474515625 0.293380925 0.6252430609374999 0.3148317109375 0.6426990234375001 0.33628664218750004 0.64157461875 0.3537384578125 0.6387042 0.3621577109375 0.6314176484375
11 0.4543440203125 0.61778524375 0.43823348749999996 0.590270384375 0.427250475 0.585956465625 0.40394731406249995 0.5891335375 0.38125746562499996 0.6040133 0.3658541703125 0.627312315625 0.362464365625 0.63726899375 0.363588771875 0.658723925 0.3706667421875 0.6818226484375 0.3859595234375 0.6937339234375 0.40741445625 0.6926095171875 0.42271138593749996 0.685940425 0.45269608124999994 0.6423191765625 0.4557792296875 0.6265111531249999 0.4543440203125 0.61778524375
11 0.5124278624999999 0.6998187328125 0.528959709375 0.6793942828125 0.5270134078125001 0.66091613125 0.50813053125 0.636480271875 0.48452071406249997 0.633806 0.46901934531249995 0.6365741984375 0.4519764046875 0.6472464062500001 0.43636866875 0.6666445249999999 0.4295890625 0.6865578828125 0.4308156875 0.7099632625 0.43512546093750004 0.7175606171875 0.4484677953125 0.7295741109375 0.46252980781249997 0.7366603734375 0.47043382031250003 0.7382019484375 0.5015387734375001 0.734616 0.508109796875 0.7293821140625 0.5124278624999999 0.6998187328125
11 0.437169834375 0.756569584375 0.442510084375 0.7465106859375 0.44600210625000003 0.73850445625 0.4446691171875 0.7317289984375 0.43102012343749996 0.713864159375 0.4270211578125 0.69353778125 0.42301804218749994 0.69179176875 0.3860617421875 0.6956843734375 0.379490721875 0.7009182578125001 0.379695159375 0.7048191546875 0.37435490625 0.7148780515625 0.369525746875 0.7346891906249999 0.3703434953125 0.7502927765625 0.3748577078125 0.7617910296875 0.388200040625 0.7738045234375 0.40000495 0.775141659375 0.42885280000000003 0.7658065859375001 0.437169834375 0.756569584375
11 0.34951431875 0.7073787671875 0.3553656625 0.7070721109375 0.3610125703125 0.702864559375 0.374461271875 0.69824813125 0.377233615625 0.69516913125 0.3759006265625 0.6883936734375 0.3707689609375 0.683773096875 0.36851185468750003 0.6780239703125 0.36574365625 0.662522603125 0.363690990625 0.6606743734375 0.362771021875 0.6431203390625 0.359589803125 0.63839754375 0.3187326078125 0.6424945859375 0.31216158437499997 0.647728471875 0.310415571875 0.6517315875 0.31113110312500003 0.6653847265625 0.3156453140625 0.676882978125 0.3221099703125 0.6882790125 0.337504971875 0.7021407328125 0.34951431875 0.7073787671875
11 0.276538275 0.6583965328125 0.3038445515625 0.656965471875 0.308465125 0.65183380625 0.3109308140625 0.6429034609375 0.28927559375 0.6215466015625 0.28886671875 0.6137448078125 0.2822998421875 0.6003983265625 0.279122771875 0.5770951640625 0.2739911015625 0.5724745890625 0.266087090625 0.5709330171875 0.25797864062500003 0.5654905453125 0.24832861875 0.5679520890624999 0.2363151234375 0.5812944234375 0.2352846453125 0.5989506765625 0.24811174062500002 0.619792296875 0.25539414531250004 0.6467919171875 0.2686342625 0.6568549609375001 0.276538275 0.6583965328125
11 0.315265465625 0.53901860625 0.3180378109375 0.53593960625 0.316807040625 0.53111459375 0.305210715625 0.5150979875 0.30521901093750003 0.47793725 0.3000873421875 0.47331667812499995 0.27657974375 0.4725928515625 0.26138503125 0.4812123953125 0.2529657796875 0.48849894843749997 0.2386910359375 0.514672525 0.24186810625000002 0.5379756859375 0.2526425359375 0.5569690765625 0.26598487187500003 0.5689825703125 0.27594155 0.5723723703125 0.283641125 0.5700130484375 0.30202120312499997 0.5475359296875 0.315265465625 0.53901860625
11 0.557459434375 0.850011546875 0.5713253046875 0.8160361765624999 0.5701967515625 0.8131616125000001 0.5616794281249999 0.7999173484375001 0.5416638515625001 0.7911872953125 0.525958046875 0.790054596875 0.4851008515625 0.7941516359375 0.4691864609375 0.8076984078124999 0.4621001984375 0.8217604218749999 0.4614785921875 0.8472184687500001 0.46629945937499995 0.8645680656250001 0.4797440125 0.8785320078125001 0.49370380625 0.8836678203125 0.53702254375 0.889220803125 0.5525239109375 0.8864526046875 0.557144484375 0.8813209390625 0.557459434375 0.850011546875
11 0.5131999953124999 0.91980636875 0.5320911671874999 0.9070814953124999 0.542256428125 0.8957918265625 0.5428738890625 0.8889141468749999 0.5350720953125 0.889323021875 0.52316496875 0.8860354375 0.511462278125 0.88664875 0.48775024218749996 0.8820240265624999 0.4797440125 0.8785320078125001 0.46845434375000006 0.86836674375 0.4631182390625 0.859845271875 0.4592173421875 0.8600497078125 0.45090031093749994 0.8692867109375 0.45182027812500003 0.886840746875 0.4583871515625 0.900187228125 0.4697790390625 0.9123029390624999 0.4838410515625 0.9193892015625 0.5131999953124999 0.91980636875
11 0.43293325312500003 0.88098525625 0.44617751562499997 0.8724679328124999 0.4599370203125 0.8551224796874999 0.4602519671875 0.8238130890625 0.4707280375 0.799794396875 0.4693950453125 0.7930189390625 0.45667016875 0.7741277640625001 0.4348063625 0.7674503765625 0.41540409843750004 0.7704230125 0.40010716874999996 0.7770921046875 0.39220315625 0.7755505328125001 0.388404478125 0.7777054171875 0.381935675 0.784889753125 0.37690208125 0.8007999953124999 0.3792614015625 0.8084995703125 0.3787420171875 0.8359080656250001 0.3899253171875 0.8627032484375 0.40532032031250004 0.8765649703125 0.41732966562499996 0.8818030046875001 0.43293325312500003 0.88098525625
11 0.4054225390625 0.8785154171875 0.3827409828125 0.85623444375 0.3711405125 0.8587982046875 0.3581006859375 0.8712164250000001 0.3460871921875 0.8845587609375001 0.3445456203125 0.8924627734374999 0.34556780625 0.91196725625 0.361571975 0.9561120359374999 0.40540595156250003 0.95283689375 0.424501559375 0.9440129140625 0.429122134375 0.9388812453125001 0.43240971874999995 0.9269741171874999 0.431187240625 0.88498836875 0.4054225390625 0.8785154171875
11 0.659683909375 0.9346212359375 0.6579420453125 0.9200439812500001 0.6538367109375 0.9163475249999999 0.634741103125 0.9251715046875001 0.609385275 0.926500346875 0.59542548125 0.9213645312500001 0.577155915625 0.9086313593750001 0.5732550187500001 0.9088357968749999 0.5686344437499999 0.913967465625 0.565244640625 0.9239241453125 0.566369046875 0.9453790765625 0.5710876921875 0.960778225 0.5967460296875 0.983881096875 0.620355846875 0.98655536875 0.64941228125 0.9625408234374999 0.659683909375 0.9346212359375
11 0.6317518796875 0.9800907140625 0.62158661875 0.9913803796874999 0.62271516875 0.99425494375 0.6792781703124999 0.9912906015624999 0.6791759515625 0.9893401515625 0.6687081796875 0.9761981093750001 0.6546461671875 0.969111846875 0.6317518796875 0.9800907140625
11 0.576526015625 0.9712501437500001 0.5711899109374999 0.9627286734375 0.5664712656249999 0.947329525 0.564937984375 0.9180728 0.5627831015625 0.914274121875 0.5476947531249999 0.9062637468749999 0.534041615625 0.9069792765625 0.5227478 0.9153943828125 0.5126847531250001 0.9286344968750001 0.5110409625 0.9345880609374999 0.51206315 0.9540925437500001 0.5251969015625 0.9807855078125 0.52806731875 0.9982373250000001 0.575904409375 0.9967081921875 0.576526015625 0.9712501437500001
11 0.5823773609375 0.9709434874999999 0.5784764640625 0.971147925 0.5757041203125 0.9742269265625 0.5762152125 0.98397916875 0.574366984375 0.9860318343750001 0.575904409375 0.9967081921875 0.6188142734375 0.9944593812500001 0.620458065625 0.98850581875 0.6144022828125 0.9849115749999999 0.598594259375 0.98182843125 0.5823773609375 0.9709434874999999
11 0.513092959375 1 0.52324230625 0.9994680953125 0.522526775 0.985814959375 0.510010484375 0.9522443140625001 0.5036480437499999 0.9427987281249999 0.49246059531249997 0.9345839140625 0.47850080000000006 0.9294480984375 0.46289721406249995 0.930265846875 0.439900709375 0.9392942640624999 0.42634564218750004 0.9605406140625 0.4310607203125 1 0.513092959375 1
11 0.42623855468749994 1 0.42705702656250005 0.9927741203125 0.41402549375 0.96803160625 0.37050231875 0.9585777234374999 0.326292425 1 0.42623855468749994 1
11 0.2731801921875 0.9861699234374999 0.3041787828125 0.9992138953125 0.3338485296875 0.986902040625 0.3519219515625 0.958573578125 0.3517216609375 0.9360923109374999 0.33397148125 0.8959506484374999 0.28490361875 0.8926547687499999 0.258002071875 0.9204679921875 0.25563445156250003 0.9499291546874999 0.2731801921875 0.9861699234374999
11 0.26714929062500004 0.8710934734375 0.310259446875 0.891325925 0.3336648265625 0.8900993015625 0.35994891562500003 0.869163759375 0.36426698125 0.839600378125 0.35400779375 0.8117788609375 0.316544546875 0.7873388546875 0.274043559375 0.7973894578125 0.255250459375 0.8306451515625 0.26714929062500004 0.8710934734375
11 0.382246478125 0.7721607296874999 0.3546418390625 0.7305797093749999 0.309985965625 0.7368316359375 0.29253 0.7582824203125 0.2969378453125 0.78641059375 0.360067721875 0.796792734375 0.373720859375 0.7960772031250001 0.382246478125 0.7721607296874999
11 0.287704990625 0.7595131890625 0.26912876875 0.740928678125 0.22591225 0.7373261421875 0.2035249125 0.7766376171875 0.211420628125 0.8153399265625 0.252171459375 0.8278728078125001 0.28810971875 0.785895353125 0.287704990625 0.7595131890625
11 0.17095572187500002 0.901560234375 0.20051495468749997 0.92445866875 0.2469168390625 0.914203628125 0.260778559375 0.8988086234375 0.26232428125 0.87232424375 0.251554 0.8347504859375 0.230512090625 0.8250963140625001 0.1955062390625 0.8288867 0.1642949171875 0.8491025671875001 0.17095572187500002 0.901560234375
11 0.2514193140625 1 0.25922454687499996 0.9624537406250001 0.2472234953125 0.9200549703125 0.194765828125 0.9267157718749999 0.1623195890625 0.9606869953125001 0.169806434375 0.9915875125 0.177768984375 1 0.2514193140625 1
11 0.2970503203125 1 0.26240161875 0.9857569015625 0.249577075 1 0.2970503203125 1
11 0.1828426421875 1 0.15934280781250001 0.9598650984375 0.1500226359375 1 0.1828426421875 1
11 0.14474800937500001 1 0.147946775 0.9663297578125001 0.1392250125 0.9491845953125001 0.11325587343750002 0.9388107484375 0.0745535625 0.9467064687500001 0.055147151562499996 0.9682594703125 0.0498192015625 1 0.14474800937500001 1
11 0.0877978265625 0.9381891437500001 0.1341997109375 0.927934103125 0.1482700171875 0.8978596281250001 0.1332921828125 0.8546389624999999 0.11029982499999999 0.8450870109374999 0.061947492187499995 0.8554442703125 0.0452070625 0.8905481937499999 0.0505390171875 0.9176500328125 0.0877978265625 0.9381891437500001
11 0.15381055937500002 0.9102819953125 0.175976875 0.9413910984375 0.1926109421875 0.92291709375 0.1679789390625 0.9007383375 0.15381055937500002 0.9102819953125
11 0.1857539984375 0.8293977937499999 0.2049559734375 0.80394389375 0.20208970312500002 0.7679117109375 0.1559005484375 0.7449069109375 0.12099691562499999 0.7506477421875 0.095841378125 0.77445785 0.09532199375 0.8018663453125001 0.11943875468750001 0.832873228125 0.1857539984375 0.8293977937499999
11 0.2789832296875 0.7423680312500001 0.313682425 0.7327263015625001 0.32570006406249996 0.7008035984375 0.311437759375 0.6712360703125 0.280541390625 0.6601425453124999 0.243891746875 0.66988649375 0.2284884515625 0.6931855078125 0.2381301796875 0.727884703125 0.2789832296875 0.7423680312500001
11 0.193997840625 0.688147765625 0.1617560421875 0.7260198859375 0.19973037968750001 0.7602121359375 0.23238105625 0.7301418078124999 0.230230315625 0.707762759375 0.21740322031249998 0.6869211421875 0.193997840625 0.688147765625
11 0.20529165625 0.6797326609375001 0.2413279875 0.658286021875 0.2498536046875 0.63436955 0.2311793109375 0.5952542171874999 0.214447171875 0.5931974046875 0.1742032890625 0.6089971328125 0.16156818906249998 0.647797515625 0.1775765046875 0.6733619281250001 0.20529165625 0.6797326609375001
11 0.251616203125 0.5560449609375 0.2274013671875 0.5045072609375 0.20420042500000002 0.509634784375 0.17770775156250002 0.5452497984375 0.180884821875 0.568552959375 0.214344953125 0.5912469546875 0.229948540625 0.5904292046874999 0.251616203125 0.5560449609375
11 0.1821114453125 0.5919583390625001 0.185701540625 0.6044829265625 0.23015297812500002 0.5943301046875 0.19422715937499999 0.5805664546875 0.1821114453125 0.5919583390625001
11 0.23930849531249998 0.5077948484375 0.25532925 0.47761815468749996 0.23685524687499998 0.4609840890625 0.2023563421875 0.49310708124999997 0.21179778124999998 0.505325009375 0.23930849531249998 0.5077948484375
11 0.20266714531250002 0.4803780578125 0.2299775671875 0.46036662812499995 0.229981715625 0.441786259375 0.2152083203125 0.402466490625 0.18071770781250002 0.397428746875 0.1494041671875 0.41569416718749996 0.1396436359375 0.453365996875 0.1673546375 0.478317096875 0.20266714531250002 0.4803780578125
11 0.1385067875 0.4876521703125 0.11920259687500001 0.511155621875 0.1213491890625 0.5521150359375 0.1739049265625 0.5659850546875 0.20184110156249999 0.501935209375 0.1754630875 0.48375956562500005 0.1385067875 0.4876521703125
11 0.157569221875 0.6274711374999999 0.1787216453125 0.60191501875 0.178725790625 0.5833346500000001 0.164050465625 0.5645456984375 0.120833946875 0.560943165625 0.08397572187499999 0.5853665828125 0.0832518953125 0.60887418125 0.1008017828125 0.62653458125 0.157569221875 0.6274711374999999
11 0.12159038281250001 0.7044218843750001 0.15574399375 0.72255398125 0.17623936875 0.6851668375 0.15725842031249998 0.6402001609375 0.1379625203125 0.6265428734375 0.0950526578125 0.628791684375 0.0776989125 0.65219291875 0.09008575937499999 0.6861509625 0.12159038281250001 0.7044218843750001
11 0.07687286875 0.67375006875 0.0767623578125 0.7089603578125 0.12058804218750001 0.74284595 0.1459438703125 0.74151710625 0.1566243734375 0.7213993125 0.1113551875 0.7159485484375 0.07687286875 0.67375006875
11 0.03302645 0.7327663171875 0.0292194796875 0.772081940625 0.049639784375 0.8071941578124999 0.0915233125 0.8040212312499999 0.106526028125 0.7357596875 0.0799435765625 0.71368315 0.03302645 0.7327663171875
11 0.0870988828125 0.85021453125 0.115435640625 0.831127215625 0.0985032109375 0.8065891374999999 0.07335182031250001 0.811818878125 0.068416296875 0.8482599359374999 0.0870988828125 0.85021453125
11 0.0661633390625 0.8239304421875 0.049946440625 0.8130455015625 0.0157624859375 0.813859103125 0.020979784374999998 0.8947516015625 0.0432566125 0.8906504125 0.04788133125 0.8669383765625 0.068416296875 0.8482599359374999 0.0661633390625 0.8239304421875
11 0.04683011875 0.9774964718750001 0.07599291875 0.93685200625 0.034837359375 0.8979369640625 0.0201578875 0.89772838125 0.0253751875 0.9786208765625 0.04683011875 0.9774964718750001
11 0.037647026562500005 0.7276346499999999 0.0123892703125 0.749494309375 0.0154558296875 0.8080077593749999 0.047430771875 0.8099106781250001 0.0279563703125 0.7677669328125 0.0297029828125 0.750409653125 0.037647026562500005 0.7276346499999999
11 0.0475508 1 0.049291659375000005 0.9871464953125001 0.024451071875 0.9796472109375 0.025952428125 1 0.0475508 1
11 0.0186743703125 0.6455072375 0.01424579375 0.7102809062500001 0.027792565624999998 0.72619529375 0.0748119109375 0.709062575 0.078009715625 0.6394638953125 0.04598479375 0.6254958078125 0.0186743703125 0.6455072375
11 0.013211165624999998 0.7465175296875 0.025842117187500003 0.7262975125 0.0110645734375 0.7055581140625 0.013211165624999998 0.7465175296875
11 0.10297325625 0.5560117859375 0.07793237812500001 0.5260312375 0.0430287453125 0.5317720703125 0.027318795312499998 0.5492197390625 0.0364411359375 0.6113274296875 0.078937978125 0.6198571937499999 0.082127490625 0.5874192500000001 0.10297325625 0.5560117859375
11 0.111183925 0.5634047046874999 0.12155362656249999 0.5560159328125 0.1187895734375 0.5219341984375 0.08275738906249999 0.5248004671875 0.111183925 0.5634047046874999
11 0.11273379218749999 0.5183399546875 0.13748045312499999 0.48672805625000004 0.135125278125 0.46044811250000006 0.11275037968749999 0.444018484375 0.0757940796875 0.4479110859375 0.058031459375000004 0.46351052656249997 0.055254971875 0.4851698953125 0.07547083593750001 0.516381215625 0.11273379218749999 0.5183399546875
11 0.1578358640625 0.352666509375 0.16151988125 0.40430227968750004 0.2118226625 0.3938428015625 0.19920829843750001 0.3397413421875 0.1578358640625 0.352666509375
11 0.1969594875 0.2968314796875 0.178281046875 0.2762965171875 0.1332162984375 0.274746646875 0.12047897968750002 0.31159658281249997 0.142543078125 0.3407552375 0.16430466562499998 0.345482175 0.197466434375 0.3251640890625 0.1969594875 0.2968314796875
11 0.09994401875 0.3302750234375 0.128378846875 0.331718525 0.127969971875 0.32391673125 0.113090209375 0.3012268828125 0.09994401875 0.3302750234375
11 0.1304491734375 0.36661157499999997 0.10995700625 0.35573231875 0.06771195625000001 0.36060255625000004 0.064918503125 0.38332723281250003 0.07627239218750001 0.4225762203125 0.10247903124999999 0.44112479843749997 0.1370547578125 0.4419690296875 0.1540068171875 0.38529898125 0.1304491734375 0.36661157499999997
11 0.076705771875 0.35481867500000003 0.15474856718750002 0.387054903125 0.1517800796875 0.34907226874999997 0.12447794999999999 0.33192296250000003 0.08936988125 0.3337628984375 0.076705771875 0.35481867500000003
11 0.0060103140625 0.399695821875 0.0051732140625 0.42520879687499996 0.0466395734375 0.45139481249999996 0.063989171875 0.44657395156249996 0.07662012343749999 0.42635393437499997 0.0625622546875 0.40068730625000004 0.05418370625 0.3812335515625 0.0368264265625 0.37948693906250003 0.017236640625 0.3858261328125 0.0060103140625 0.399695821875
11 0.09789135 0.32842679375 0.1054928546875 0.305536653125 0.0579665640625 0.2943367609375 0.035477003125 0.331697790625 0.0686304796875 0.3485404390625 0.09789135 0.32842679375
11 0.058665507812499997 0.382311375 0.062983571875 0.3527479953125 0.027057753125 0.3389843453125 0.007753560937499999 0.36248779531249997 0.008980184375 0.385893175 0.058665507812499997 0.382311375
11 0 0.49231860781250003 0.0041219984375 0.53576689375 0.0335831609375 0.53813450625 0.06017390625 0.5230503093750001 0.063154834375 0.5052918359375 0.0474573234375 0.46699840000000004 0 0.4666948625 0 0.49231860781250003
11 0.0067672437500000005 0.642219653125 0.0436254703125 0.6177962328125 0.02812825 0.6019840624999999 0.024746739062500002 0.5747800046875 0.0041137046875 0.572927628125 0.0067672437500000005 0.642219653125