11 0.46135706406250004 0.40604864375 0.41803950156249997 0.3902350234375 0.3888538546875 0.41157685 0.3739759859375 0.4766550265625 0.37401034375000003 0.49240158593750005 0.40019817343749997 0.5034882171875 0.41965255625 0.5373615968750001 0.434843721875 0.5418505625 0.465616209375 0.5075849578125 0.4806699421875 0.4490876828125 0.46135706406250004 0.40604864375
11 0.5417135421875 0.5208641203125 0.5233143375 0.5264761515624999 0.508826625 0.548310796875 0.5052284296875 0.6016553265625 0.534551509375 0.6432997375 0.5817805625 0.6753359718749999 0.615795446875 0.6467159312499999 0.621825440625 0.5976055734375 0.5847137359375 0.5392624968749999 0.5417135421875 0.5208641203125
11 0.60656963125 0.48947159375 0.586231859375 0.4948456 0.5701229484375 0.5138574625000001 0.570474675 0.5270192671875 0.61759658125 0.5839677187500001 0.6259127953125 0.6204090875 0.6489653750000001 0.6009379390625 0.6501317734375001 0.5433592359375 0.632122725 0.5057277359375 0.60656963125 0.48947159375
11 0.6072649390625 0.6600989937499999 0.573884790625 0.6835495234375 0.5730014031249999 0.7227969109375 0.55611625 0.7561439421875 0.5567853453125 0.766720990625 0.5913965359375 0.789336775 0.6298161437500001 0.7809354921875 0.6544555625 0.7485405640625 0.6543524890625 0.7013008859375 0.6405723 0.6773072421874999 0.6072649390625 0.6600989937499999
11 0.653297309375 0.6618154734374999 0.6408209515625 0.6432293671875 0.6223873890625 0.6330948390625 0.612094178125 0.6528207796875 0.654987225 0.696131375 0.653297309375 0.6618154734374999
11 0.6272166265625 0.625816625 0.6516761109375 0.6589926921875 0.6573846640625 0.6846189875 0.6688402015625 0.6794662421875 0.679416421875 0.6414089859375001 0.6682095375 0.61248385625 0.6452641046875 0.6070427890625 0.6272166265625 0.625816625
11 0.67606280625 0.7328275375 0.6720785265625 0.7572637015625 0.6828265390625 0.7979392437499999 0.7270962046875 0.8059986 0.7482102171875 0.7862894234375 0.755861409375 0.74000185 0.7410947593749999 0.7080159125 0.7065179265625 0.7011466875 0.67606280625 0.7328275375
11 0.6902977953125 0.8172226640625 0.6700287406250001 0.8540897890625001 0.6884238734375 0.920629653125 0.7037909015625 0.93169951875 0.72800580625 0.926801565625 0.7623037015625 0.8798502078125001 0.75930995625 0.8401267703125 0.7367890375 0.8071887296875 0.6902977953125 0.8172226640625
11 0.421892203125 0.8236224546875001 0.3801958390625 0.8106316140625 0.366167 0.8207158453125001 0.3611921859375 0.9093116125 0.332709990625 0.9569770468750001 0.3489219765625 0.9852048640625 0.44197317812500003 0.9966301156249999 0.4666125984375 0.9642351874999999 0.473277328125 0.9099553203124999 0.4656302078125 0.8840909984374999 0.421892203125 0.8236224546875001
11 0.44343072968749997 0.7764163046875 0.3972912140625 0.7996120437500001 0.4429334265625 0.8445720546875 0.4696832046875 0.8911479515625 0.474757021875 0.921943759375 0.4971748640625 0.9076421218749999 0.5161057296875 0.8496208984375 0.4961237578125 0.7960048125 0.44343072968749997 0.7764163046875
11 0.367856915625 0.8550317453125 0.3504482453125 0.7964841734375 0.3235913203125 0.77482049375 0.287075921875 0.76771324375 0.2343444640625 0.8045300718749999 0.2026885890625 0.8780430625 0.205858196875 0.9243474031250001 0.22450198124999998 0.9568093921875 0.24036224062499997 0.9718754046875 0.2872052109375 0.9750032734375 0.3434964328125 0.941247253125 0.361509553125 0.9067268578125001 0.367856915625 0.8550317453125
11 0.31129082656249996 0.7628152890625 0.3637352015625 0.816481671875 0.38696364375000003 0.8035914249999999 0.41576320625 0.753341234375 0.4123833765625 0.6847094328125001 0.3795348890625 0.655750771875 0.33917671562499996 0.6639140296875 0.31129082656249996 0.7628152890625
11 0.2975915703125 0.553859075 0.2470816890625 0.5725826140625 0.2149285109375 0.7142513546875 0.206501078125 0.7748740984375 0.22511050312499997 0.791589528125 0.310162859375 0.763988653125 0.3380487484375 0.66508739375 0.33921514531249997 0.6075086921875 0.32508323125 0.57035324375 0.2975915703125 0.553859075
11 0.1988114546875 0.877567009375 0.2346618328125 0.801945315625 0.20473837343749998 0.781216975 0.20057823125000002 0.7990722375 0.19119869375 0.8674492484374999 0.1988114546875 0.877567009375
11 0.40537913750000004 0.50937180625 0.3601230078125 0.49332015937499996 0.3304441296875 0.5106658390625001 0.3130657453125 0.5400167234375 0.3103509375 0.5541138671875 0.335621021875 0.5887013249999999 0.34559279374999996 0.6437120359375 0.3762924921875 0.650105209375 0.4035395734375 0.6285253562500001 0.4247263734375 0.5681574046875 0.40537913750000004 0.50937180625
11 0.438892646875 0.6210594125 0.4124218078125 0.6283040953125 0.39211839375 0.6494246609375 0.4156257734375 0.6903549953125 0.41756026874999996 0.7627449171875 0.493095653125 0.7405348140625 0.51579650625 0.7079018609375 0.5202053015625 0.6559687234375 0.50092678125 0.628676246875 0.438892646875 0.6210594125
11 0.41044888281249997 0.612319509375 0.4146777421875 0.6259573671875 0.50092678125 0.628676246875 0.502586409375 0.5750936906249999 0.4916968921875 0.54358380625 0.456768334375 0.5235527765625 0.4250093828125 0.5498260890625 0.41044888281249997 0.612319509375
11 0.49039306250000003 0.53817626875 0.507947309375 0.5154062859375 0.508513328125 0.4787436546875 0.48014235312500003 0.4293449765625 0.4803869328125 0.46741899687500005 0.46191493906250003 0.5136898078125001 0.49039306250000003 0.53817626875
11 0.5126006828125 0.5015471687499999 0.49684349843750003 0.5337208359375001 0.5068880578125 0.5480727703125 0.5270156078125 0.5203713015625 0.5126006828125 0.5015471687499999
11 0.5980088375 0.4149562015625 0.566322675 0.4005707375 0.5506726375000001 0.40783218593750004 0.547816325 0.43109498593750006 0.5206036015625 0.46842139843749997 0.5175714265625 0.48510329687500003 0.52747448125 0.5086208890624999 0.5636725125 0.5183128953125 0.5842932937499999 0.49460757343750006 0.609636165625 0.48853625625 0.617639084375 0.45541048437500004 0.5980088375 0.4149562015625
11 0.5023156156249999 0.37696931718750004 0.4648481125 0.3776163328125 0.46248503124999996 0.40487527968750003 0.5034738703125 0.46369440937500006 0.52155570625 0.46066713125 0.545243021875 0.436026471875 0.5503209109375 0.3946703828125 0.5284347296874999 0.35656282968749997 0.5023156156249999 0.37696931718750004
11 0.420689665625 0.27249286562499997 0.4337966875 0.35806135625 0.49424398125 0.37860196875 0.534709303125 0.3455264953125 0.5342888593749999 0.3008715703125 0.507890809375 0.267457478125 0.4490647140625 0.249739646875 0.420689665625 0.27249286562499997
11 0.3760682734375 0.25127170625 0.345437290625 0.2763716515625 0.33271228124999996 0.2918634203125 0.3258373296875 0.3238158265625 0.324919584375 0.347316653125 0.3656638421875 0.3680617609375 0.38673942499999997 0.4047579203125 0.427556471875 0.3848442515625 0.42801941718750003 0.30094194218750003 0.3993310734375 0.25412801875 0.3760682734375 0.25127170625
11 0.29876611249999996 0.35197658125000003 0.27507472499999996 0.44876913749999997 0.2767989984375 0.4988315984375 0.3243110609375 0.5125365171875 0.3728480171875 0.47782839062500004 0.3885364859375 0.41416160625 0.3740872046875 0.3795909125 0.349486215625 0.355580503125 0.29876611249999996 0.35197658125000003
11 0.30760177187500004 0.5524644484375 0.30968184375 0.54353681875 0.2648502296875 0.49998819687499996 0.2520180734375 0.5403921828125 0.2527215265625 0.566715790625 0.30760177187500004 0.5524644484375
11 0.29859025 0.345395678125 0.3168479484375 0.348949303125 0.33271228124999996 0.2918634203125 0.355588996875 0.26581136875 0.32665200156249996 0.25307532187500004 0.303526634375 0.313205246875 0.29859025 0.345395678125
11 0.47370820468749997 0.145192825 0.45086584687500003 0.18699143437500002 0.45174516249999996 0.21989594375000002 0.47070631562500004 0.24977317812500002 0.5117679421875 0.2679335296875 0.5341514265625 0.23788533125 0.527246190625 0.18193928125 0.50116550625 0.1459404328125 0.47370820468749997 0.145192825
11 0.5250974015625001 0.1593737953125 0.5369005921875 0.23953475000000002 0.567248565625 0.2327661171875 0.5906185125000001 0.21071021406249998 0.5976693265625 0.18533870937500002 0.5829026765624999 0.15335277187500002 0.5602746125 0.1453269484375 0.5250974015625001 0.1593737953125
11 0.5679176609375001 0.24334316718750001 0.570980121875 0.31455972499999996 0.601679821875 0.3209528953125 0.6182819640624999 0.30593718124999997 0.63076239375 0.25237139062499997 0.618251678125 0.218038725 0.589173178125 0.214468334375 0.5679176609375001 0.24334316718750001
11 0.5363305015625001 0.348349275 0.569213346875 0.393054496875 0.5990680875 0.38228971875 0.6093269421875 0.34681721875 0.6013624531249999 0.32353765156250003 0.54063215 0.3213283546875 0.5363305015625001 0.348349275
11 0.5636503703125 0.286110646875 0.556286259375 0.24191501093749998 0.536583225 0.2421195046875 0.515645075 0.2684095828125 0.5377071203125 0.3130980359375 0.5636503703125 0.286110646875
11 0.6237034359375 0.42204668749999996 0.6252559171875001 0.39337635 0.607281228125 0.371491409375 0.5785888124999999 0.39682938125 0.6132343609375 0.43519172656249994 0.6237034359375 0.42204668749999996
11 0.6113726546875 0.3221430265625 0.6087265640624999 0.36773328906249997 0.6293089140625 0.4004333046875 0.661736959375 0.3847370421875 0.669422509375 0.35419602656250004 0.6591333703125 0.3017700703125 0.63005486875 0.2981996796875 0.6113726546875 0.3221430265625
11 0.6639928937499999 0.38239031093750003 0.6386843796874999 0.4042081890625 0.643264965625 0.43100785 0.6691354265625 0.44467923750000005 0.6908841765625 0.41980055156249996 0.706289634375 0.37446508125 0.6960692125 0.3535322453125 0.6731237796875 0.3480911765625 0.6639928937499999 0.38239031093750003
11 0.6446718703125 0.483655065625 0.65380275625 0.44935593125000006 0.6312818390625 0.416417890625 0.6158076640625 0.43026024218750003 0.617639084375 0.45541048437500004 0.6446718703125 0.483655065625
11 0.6446718703125 0.483655065625 0.66349151875 0.5226979578125001 0.67512291875 0.5241261140625 0.6859093609375 0.50839631875 0.690035146875 0.4747944984375 0.67688969375 0.44563134218749995 0.65542395625 0.4521787125 0.6446718703125 0.483655065625
11 0.6731237796875 0.3480911765625 0.6900776484375 0.3462372640625 0.699032671875 0.30535722656250003 0.6943105796875 0.2877232234375 0.6681227515625 0.2766365921875 0.6549045109375 0.2881322140625 0.6731237796875 0.3480911765625
11 0.6178999515625 0.2048769203125 0.63076239375 0.25237139062499997 0.6269539765625 0.2833884578125 0.6536006796875 0.2827246765625 0.67210703125 0.252200428125 0.666505625 0.2016619140625 0.6475788296875 0.18753124062499998 0.6178999515625 0.2048769203125
11 0.5517138187499999 0.07081155624999999 0.5291544703125 0.0942788515625 0.5281295781249999 0.14269189531249998 0.5360597078125 0.150224903125 0.5722233812499999 0.1441703484375 0.5855831265625 0.1235090703125 0.589074175 0.0950767578125 0.57497661875 0.07366786875 0.5517138187499999 0.07081155624999999
11 0.4716665640625 0.09771511875 0.4740255734375 0.14260806875 0.495667175 0.1426415984375 0.5220308671875 0.1603091328125 0.5290473234374999 0.11919106875 0.5162192390625 0.087443159375 0.49746830937500003 0.0798933859375 0.4716665640625 0.09771511875
11 0.46937627031250007 0.0843152875 0.470045365625 0.0948923375 0.49746830937500003 0.0798933859375 0.521400203125 0.0933267484375 0.52732305 0.06912860937500001 0.5083618984375 0.0392513765625 0.48897623125 0.036871115625 0.46937627031250007 0.0843152875
11 0.40501748437499996 0.047552065625 0.38020220312499997 0.0733660890625 0.38823540625 0.12813877499999998 0.42566447968750004 0.1838970953125 0.4473060828125 0.1839306265625 0.46486032968749996 0.16116064375 0.4741327203125 0.1176958515625 0.44639647968749996 0.0631276609375 0.40501748437499996 0.047552065625
11 0.3889003203125 0 0.38619783750000003 0.008509174999999999 0.388556846875 0.053402123437500004 0.43215741875 0.050884429687499996 0.46324320312499995 0.086185965625 0.47371227656250003 0.0730409265625 0.4781554296875 0.036854348437500004 0.45874255625 0 0.3889003203125 0
11 0.6732187093750001 0.5396346484375 0.664156540625 0.6054269031249999 0.679557928125 0.6322433281250001 0.7047592953125 0.6353376671875 0.722948278125 0.6073981734375 0.7251011375 0.557811765625 0.7003242859375 0.527220453125 0.6732187093750001 0.5396346484375
11 0.6392422546875001 0.511849353125 0.6511182359375 0.5513515296875 0.6489653750000001 0.6009379390625 0.6555916749999999 0.60306340625 0.6702552500000001 0.587809665625 0.6727598375 0.5513850609375 0.6560546203125 0.5191610984375 0.6392422546875001 0.511849353125
11 0.6993640375 0.6792785125 0.7026407921875 0.7006706359375 0.7391561921875 0.7077778859375 0.7555096828125001 0.7268400453125 0.7557583343750001 0.6927621703125 0.7413434109375 0.6739380374999999 0.712582278125 0.6677828906250001 0.6993640375 0.6792785125
11 0.6870979 0.6830198671875001 0.6625656281250001 0.6905025765625 0.6736310078125001 0.7285933640625 0.6989395218750001 0.706775484375 0.6870979 0.6830198671875001
11 0.6736694390625 0.6721880265625 0.6832207671875 0.682543815625 0.7033826750000001 0.67058890625 0.7002474249999999 0.6400311265624999 0.6805443906249999 0.6402356218749999 0.676384246875 0.658090884375 0.6736694390625 0.6721880265625
11 0.6649933531250001 0.766888646875 0.6741585984375 0.7483360703125 0.6619308921875 0.6956720890625 0.65466985625 0.69871613125 0.6544555625 0.7485405640625 0.64529031875 0.767093140625 0.6649933531250001 0.766888646875
11 0.5455481734375 0.64989740625 0.522602740625 0.6444563375000001 0.5154791375000001 0.7104866171875 0.504868559375 0.7327973140624999 0.46179557656250003 0.7550577140625 0.474447796875 0.780224721875 0.48932159531249997 0.7872984421875 0.5129017625000001 0.78757 0.538386140625 0.7723330234375 0.5701107328125 0.7303131515625 0.5700076578125 0.683073471875 0.5455481734375 0.64989740625
11 0.5448365765625 0.767877590625 0.5074377890624999 0.800017725 0.516740465625 0.8444513875 0.5124731765625 0.88721886875 0.5506441328125 0.912895459375 0.5920959156250001 0.8878122796874999 0.59971275 0.8257781453125 0.577157475 0.7770935437500001 0.5448365765625 0.767877590625
11 0.5489104625000001 1 0.5608989140625 0.9495748562499999 0.5445110640624999 0.9147661375 0.50796130625 0.8919123265625 0.474932884375 0.9285246624999999 0.46597786250000006 0.9694046984375 0.4509969171875 0.987243196875 0.45166601249999994 0.9978202453125 0.46941869062499997 1 0.5489104625000001 1
11 0.5791857953124999 1 0.589025309375 0.9608995140625 0.58430321875 0.9432655125 0.56121628125 0.9469901015625 0.55037173125 1 0.5791857953124999 1
11 0.5920959156250001 0.8878122796874999 0.5483881984375001 0.915242190625 0.56072305 0.9429939546874999 0.6004464890625 0.9400002093750001 0.619621934375 0.9200530078125 0.62438245625 0.8812816734375 0.6112370031250001 0.85211851875 0.6015441703125 0.8509283890624999 0.5920959156250001 0.8878122796874999
11 0.6151141375 0.8525945703125 0.62505155 0.8918587234375 0.607707525 0.9369561671875 0.6634670859375 0.9556093359375 0.6861679390625001 0.9229763828124999 0.6773584921875 0.8825388671875001 0.6483871390625 0.8540562578124999 0.6151141375 0.8525945703125
11 0.6099331734375 0.84671098125 0.6310128265625 0.811255246875 0.6293572703125 0.7926859046875 0.5913965359375 0.789336775 0.6016856749999999 0.84176273125 0.6099331734375 0.84671098125
11 0.6202621609375 0.7892727765625 0.6356451875 0.8102690000000001 0.611034815625 0.8488789125 0.6612038609375 0.8584947703125 0.6795780796875001 0.8251553062499999 0.6454502046874999 0.7745358140625 0.6202621609375 0.7892727765625
11 0.6668716640625 1 0.6691756390625 0.98123563125 0.6678718078125 0.9758280953125 0.6621976140625 0.9659483578125 0.6515183171875 0.956765934375 0.63826571875 0.9525149984375 0.6366445203125 0.949692215625 0.611443153125 0.9465978765624999 0.6011155828125 0.9505772578125 0.58807320625 0.9686537812499999 0.5853583984374999 0.9827509234375 0.5826123984375 1 0.6668716640625 1
11 0.7069804453125 1 0.7006859375000001 0.9890401953125 0.69356640625 0.9829185796875001 0.6896892734375 0.9824425281250001 0.684508309375 0.9765589374999999 0.678692609375 0.975844859375 0.6770714109375 0.9730220781250001 0.6681891765625 0.9732433390624999 0.667554440625 0.97841285 0.6691756390625 0.98123563125 0.6668716640625 1 0.7069804453125 1
11 0.6958223421875 0.9805718499999999 0.6974435406249999 0.9833946328125001 0.7016380421874999 0.981285928125 0.7074537421875 0.9820000062500001 0.7201787515625 0.9665082390625 0.7252909984375 0.9408987078125 0.72317656875 0.9340797796875 0.6960366359375 0.9307474140625001 0.6927942375 0.9251018515625 0.6869785375 0.9243877734374999 0.6835946359375 0.92790786875 0.6807039640625 0.935424109375 0.6634670859375 0.9556093359375 0.66202175 0.9593674562500001 0.666074746875 0.966424409375 0.6699518796875 0.9669004625 0.671573078125 0.9697232437500001 0.6773887796875 0.970437321875 0.6900066421875 0.979857771875 0.6958223421875 0.9805718499999999
11 0.7366121515625 1 0.7226105484375 0.9707424109374999 0.718733415625 0.9702663593749999 0.7139041781250001 0.9775445734374999 0.703259240625 0.9841087109375 0.70117916875 0.993036340625 0.7051785828125 1 0.7366121515625 1
11 0.7870077656250001 0.9511002984375001 0.7840827359375 0.9428699796875 0.7853522078124999 0.9325309562499999 0.784048378125 0.9271234203125 0.772524125 0.9007830453125001 0.76540459375 0.8946614296875 0.7576503265625 0.8937093265625 0.7276884390625 0.9293863203124999 0.7227520546874999 0.961576753125 0.7378360734375 0.9909779343749999 0.7488327375 0.997575603125 0.7643412703125 0.9994798109374999 0.7803086765625 0.98963360625 0.7857726515625 0.9771858796874999 0.7870077656250001 0.9511002984375001
11 0.7940626515625 0.8535768984375001 0.8042143578125 0.843016615625 0.80967833125 0.8305688874999999 0.8109478046874999 0.8202298671875001 0.8132037390625 0.8178831375 0.8157426843750001 0.7972050921875 0.8128176546875 0.7889747734375 0.7951603328125 0.7645050765625 0.7896620015625 0.7612062421875 0.7567063671875001 0.7571597999999999 0.7533224640625 0.76067989375 0.7523703609375 0.7684341609375 0.750114425 0.770780890625 0.7482102171875 0.7862894234375 0.74193564375 0.7973257593749999 0.739855571875 0.806253390625 0.7583234937500001 0.832134478125 0.762234984375 0.8483570890625 0.76628798125 0.85541404375 0.78373508125 0.8575562781249999 0.79018551875 0.8531008453125001 0.7940626515625 0.8535768984375001