11 0.57671625 0.5372341734375 0.645417765625 0.5140662109374999 0.6575251921875 0.46978268593749994 0.651880615625 0.40677668593750005 0.6192472984374999 0.324331809375 0.57117355625 0.31316939062500004 0.5124251828124999 0.32781700625 0.4860866125 0.40382959375 0.4910300703125 0.451913521875 0.506866584375 0.5033202609375 0.5369291515625 0.5310508734375 0.57671625 0.5372341734375
11 0.4764639609375 0.264318125 0.5081624609375 0.326866903125 0.568333440625 0.3098516765625 0.6211474984375001 0.3158063671875 0.6046047765625 0.2575304953125 0.5404455328125 0.21414613125 0.49685802968750004 0.22501371718750002 0.4764639609375 0.264318125
11 0.5047638625 0.083144825 0.46168961406250003 0.03148400625 0.41597839218750005 0.029797131249999997 0.36785880625 0.0911111640625 0.369957053125 0.14393031875 0.397408115625 0.1813701828125 0.44193043750000005 0.190398690625 0.49073076406249994 0.1762184859375 0.5142037484374999 0.1371528796875 0.5047638625 0.083144825
11 0.5055458609375 0.34462909218750004 0.4672272171875 0.263601728125 0.4111158171875 0.22827539843750003 0.3334163546875 0.24764805 0.3021343234375 0.275576709375 0.27771633281249997 0.31085209687500004 0.2812422796875 0.3532507015625 0.336388296875 0.41699856874999996 0.371668778125 0.4333636203125 0.4801675796875 0.40027308125000005 0.5055458609375 0.34462909218750004
11 0.35217386875 0.548934696875 0.3652161140625 0.52454726875 0.3557864171875 0.4544333359375 0.304887840625 0.4157943875 0.23855903125000003 0.432332015625 0.20324289062499998 0.4723375359375 0.2114938765625 0.5336872296874999 0.23113588906250002 0.5599901421875 0.264521265625 0.5768277 0.319474328125 0.57117803125 0.35217386875 0.548934696875
11 0.3735078515625 0.521473446875 0.42749553125000006 0.5442453203125 0.47771336875000003 0.5357504390625001 0.50023115625 0.50900049375 0.4808534125 0.43935397031249995 0.44984074375 0.4158860796875 0.36029303125 0.4442515828125 0.3735078515625 0.521473446875
11 0.43998376875 0.6468098062500001 0.44000414374999997 0.61459805 0.4154084796875 0.5563170859375 0.3734925703125 0.5456322640625 0.329894878125 0.5726057265625 0.31209703125 0.626359703125 0.32035820625 0.6716035140625001 0.3516045796875 0.7000454328125 0.4075077421875 0.6901330390625 0.4240963125 0.675932459375 0.43998376875 0.6468098062500001
11 0.2316383375 0.8889768359374999 0.304409621875 0.7973614375 0.323406559375 0.7201599484375001 0.3096937609375 0.681307671875 0.2327412609375 0.64312594375 0.181573321875 0.65588354375 0.1225403015625 0.7460865250000001 0.10829387500000001 0.8019744062499999 0.11656014374999998 0.83916528125 0.1729001515625 0.8875185734375 0.2051068140625 0.8955918875 0.2316383375 0.8889768359374999
11 0.31766010312500004 0.8182127296875 0.29753030156250004 0.8141735234375 0.262442771875 0.867206009375 0.22547541249999997 0.8965521765625001 0.23492039375 0.9425072921875 0.27279200625 0.9813748531250001 0.3121066 0.9856630453124999 0.33627560624999997 0.9695724515625 0.3512231484375 0.9286066390625001 0.31766010312500004 0.8182127296875
11 0.5175406 0.8529194484374999 0.5080956171875 0.8069643328125 0.46761759375 0.7697530828125 0.42167266562499994 0.7630921859375001 0.3411127109375 0.8113588765624999 0.3309054890625 0.847116959375 0.339644259375 0.8862029421875001 0.37372565468749996 0.9260155109375001 0.47888636562500003 0.9279768421875 0.511829803125 0.8946016546875001 0.5175406 0.8529194484374999
11 0.6128143890625 0.7587129203125 0.61522275625 0.6957120125 0.6052950828125 0.6639676671875 0.5657620671875 0.6305466359375 0.450170615625 0.6432634828125 0.420062203125 0.6880093203125 0.4216777609375 0.755039246875 0.46904019999999996 0.7673854718750001 0.512124634375 0.8029404109374999 0.5675552953125 0.7911329140625 0.6128143890625 0.7587129203125
11 0.315058784375 0.8118161 0.330687065625 0.8179841203124999 0.3567562734375 0.7933680796875 0.4074568015625 0.7706624296875 0.40062842343750005 0.706945128125 0.3307532875 0.7132959125 0.3105776390625 0.7817331578125 0.315058784375 0.8118161
11 0.43838349218749995 0.555621065625 0.43244918125 0.5762233703125 0.44591808125 0.6262075031250001 0.4767021390625 0.63664843125 0.5439759546875 0.6239010171875 0.556555884375 0.581512603125 0.53858036875 0.5417102234375 0.50282738125 0.5234500609375 0.43838349218749995 0.555621065625
11 0.561392278125 1 0.6010623046875 0.9901091515625 0.6100704390625 0.9777985843750001 0.608912103125 0.9368225875 0.5644254390625 0.871423503125 0.52534455 0.8721093359375001 0.5021052703125 0.9161489656249999 0.45471736093750004 0.9440674359375001 0.44449994843749996 0.9959313968749999 0.44538439218750003 1 0.561392278125 1
11 0.43883288593750003 1 0.43928712656249996 0.9992440171875 0.4407504859375 0.932452890625 0.356669675 0.9302680437499999 0.3324752 0.9866233359375001 0.3439262421875 1 0.43883288593750003 1
11 0.79354065625 0.74485301875 0.7528085515625 0.7348795015625 0.6627832406249999 0.7694028359375 0.6454680859375 0.808946040625 0.6589166125 0.8911419296875 0.763599725 0.8992610890625 0.807187228125 0.8883935031249999 0.839668346875 0.8370173328125 0.8311785640625 0.77874655625 0.79354065625 0.74485301875
11 0.6779492046875 0.7575698671875 0.7215418015624999 0.7386493421875 0.7355290546875 0.7180521328125 0.7384201125 0.6408404546875001 0.7313325578125001 0.6124138234375 0.7107404390625 0.5903736296875 0.6586427765625 0.5751821984375 0.630688646875 0.5841648609375001 0.6181239984375 0.6023944593749999 0.604827675 0.65401961875 0.620633625 0.7537439921875 0.6433647421875001 0.7641798265624999 0.6779492046875 0.7575698671875
11 0.8622268890625 0.745843871875 0.8871122937499999 0.72051653125 0.89424569375 0.6764667125 0.8824534765625 0.5968772359375001 0.82966998125 0.5426049109375 0.8012484421874999 0.5416395281249999 0.743668590625 0.5811572625 0.73843539375 0.6166816390625 0.7523564234375 0.700772634375 0.7653681046874999 0.7247028421875 0.8148542624999999 0.749603525 0.8622268890625 0.745843871875
11 0.8273125562500001 0.5250764296875 0.8725716515625 0.4926564375 0.8787549515625 0.45286933906250004 0.8593772078124999 0.383222815625 0.8347662625 0.34910066875 0.7909654296874999 0.3227824734375 0.7175388765624999 0.32699935 0.6916982796875 0.36464235 0.6876488859375 0.40087802968749997 0.72526641875 0.466983321875 0.7951007999999999 0.5250560531249999 0.8273125562500001 0.5250764296875
11 0.87659048125 0.5047383937500001 0.8438960328125 0.5189287859375 0.8339377953125 0.535502071875 0.8800909593749999 0.5874016906249999 0.8989911062499999 0.6632060453124999 0.9153357828124999 0.660137315625 0.9335959453125 0.62438433125 0.9270165499999999 0.541482234375 0.87659048125 0.5047383937500001
11 0.5814260046874999 0.5803440796875 0.6003669046875 0.5917249203125 0.7012801765625001 0.56857733125 0.70673689375 0.554132859375 0.693024096875 0.5152805796875 0.6558383171875 0.5154939078125 0.5805013734375 0.5443421046875 0.5814260046874999 0.5803440796875
11 0.6309624828125 0.9001245921875001 0.6373743937499999 0.8733644593750001 0.613749209375 0.7786090171875 0.553811934375 0.80059826875 0.5575715875 0.8479708953125 0.604202346875 0.8937126828125 0.6309624828125 0.9001245921875001
11 0.6425311828125 0.95863416875 0.6238036109375 0.9844391078125 0.69652905 0.9653001609375 0.65511620625 0.9081928140625 0.64161164375 0.91457925625 0.6425311828125 0.95863416875