11 0.258948440625 0.8445599749999999 0.2729972078125 0.8271319796875 0.278874696875 0.7995663171875 0.26468753125 0.7570668015625001 0.24396500156249998 0.7512760625 0.212894121875 0.78493300625 0.21194191093749998 0.8136295546874999 0.23552521718750002 0.84537793125 0.258948440625 0.8445599749999999
11 0.28041558125 0.7317629015625 0.293828159375 0.6961168453125001 0.2915343734375 0.6584135140625 0.27137883125 0.6408770828125 0.2519503640625 0.6441612937500001 0.22895987812500002 0.6853533265625 0.2304140234375 0.7269946109375 0.255403959375 0.7430593437499999 0.28041558125 0.7317629015625
11 0.356043265625 0.770813990625 0.3713168953125 0.7324971890625 0.3695684125 0.7104093390624999 0.34541811718750004 0.6904066531249999 0.322085778125 0.693827190625 0.2968707046875 0.7272796453125 0.2977795453125 0.7533054484374999 0.3210902 0.7772460859375 0.356043265625 0.770813990625
11 0.3248081546875 0.6598573203125 0.3557664671875 0.6509589703125 0.364253765625 0.61418203125 0.3481146625 0.5717506796875 0.3289805328125 0.5554814578125 0.30564819375 0.5589019953125 0.2901927953125 0.5920136359375 0.2994546828125 0.633382265625 0.3248081546875 0.6598573203125
11 0.3443058234375 0.6865368640625 0.3734722828125 0.7102730140625 0.3870449453125 0.707193290625 0.40976277968749997 0.65819351875 0.410057115625 0.638640084375 0.39761843125 0.6182284203124999 0.3684302875 0.621853446875 0.3586489265625 0.6495554359375 0.34339698125 0.6605110625 0.3443058234375 0.6865368640625
11 0.298087275 0.482296284375 0.317948478125 0.5193861484375 0.353174196875 0.52076179375 0.365271028125 0.5034019625 0.3637043140625 0.48651927187500005 0.3557364890625 0.45422558906250005 0.338372525 0.4326830421875 0.3167194703125 0.42822767656250005 0.3006278828125 0.44312125468749997 0.298087275 0.482296284375
11 0.44954609375 0.5382424453125 0.4210375078125 0.5053631859375 0.38794549375 0.5091245375 0.3684044578125 0.5371673421875001 0.375532640625 0.573398978125 0.40656015156249997 0.59446438125 0.4414223328125 0.5854297046875 0.44954609375 0.5382424453125
11 0.4235739703125 0.3541408765625 0.3842626140625 0.347696396875 0.36267875781250003 0.37320478437500004 0.3642237875 0.41744865000000003 0.387897978125 0.45179960937499997 0.401652409375 0.45392504687499996 0.4271401359375 0.42828033281250005 0.4235739703125 0.3541408765625
11 0.502971271875 0.44517540625 0.47110412031250004 0.428047953125 0.44561639375000006 0.45369266875 0.43367964531250003 0.503618834375 0.45140714531250004 0.535571703125 0.47483036875 0.5347537453125 0.4944622890625 0.5093135203125 0.502971271875 0.44517540625
11 0.5489522453125 0.36279134062499996 0.565134715625 0.35050034218750004 0.570739553125 0.3151269390625 0.5558945140625 0.28177053750000003 0.5107273515624999 0.275530546875 0.4926838296875 0.2904922875 0.488373053125 0.33494064218749997 0.5037850828125 0.35655135 0.5489522453125 0.36279134062499996
11 0.5453685421875 0.4280603375 0.5375824859375 0.400971815625 0.5061914390625 0.3694960890625 0.49057595625 0.37004139375 0.4708531515625 0.39287903750000003 0.46981005781249996 0.4189730046875 0.5069660265625 0.44764166093749996 0.5453685421875 0.4280603375
11 0.56035198125 0.5213442484375 0.5763526828125001 0.503848090625 0.5799147015624999 0.46594026875 0.55353981875 0.43819800625000005 0.5261218421875 0.43654970937500004 0.5046288703124999 0.4646606765625 0.5059012484375 0.5010968 0.5311638375000001 0.524969275 0.56035198125 0.5213442484375
11 0.54632904375 0.623458346875 0.5720894234375 0.605621375 0.5793735437499999 0.562372065625 0.5625765687500001 0.5290838265625 0.53320665625 0.5275036921875 0.51180456875 0.558217240625 0.512895178125 0.5894482046875 0.5265370390624999 0.6163322375 0.54632904375 0.623458346875
11 0.57543045 0.72927801875 0.5949498015625 0.7285963875 0.6100633484375 0.6577132515625 0.6041383437500001 0.6279539875 0.5889080828125 0.6115484375 0.5501420296874999 0.6207194406250001 0.5423126046875 0.6483532671875001 0.5522106796874999 0.7079399625 0.57543045 0.72927801875
11 0.6065488453125 0.7529460046875001 0.62364015625 0.7666808078125 0.6583205703125 0.752440971875 0.6738668515625 0.7219319125 0.6731614640625 0.6737500953125 0.656637140625 0.648269596875 0.6292191640625 0.6466213015625 0.6042767421875 0.687881496875 0.5992388937500001 0.7115092078125 0.6065488453125 0.7529460046875001
11 0.675641165625 0.8287058671875001 0.7031283421875 0.8603179187500001 0.7285035 0.8594317984375 0.74441331875 0.8393330609375 0.747702684375 0.7936174968749999 0.735467453125 0.7510498203125 0.7101139796875 0.724574765625 0.67693108125 0.7257335375 0.657480928125 0.7563789234375 0.675641165625 0.8287058671875001
11 0.69236479375 0.7199830734375 0.7281358171875 0.7369741999999999 0.7436604140624999 0.7338263140625 0.7538961953125 0.7191372265625 0.7528272703125001 0.6605450875 0.7264523875 0.632802825 0.6912266703125 0.6314271796875001 0.675589503125 0.659333659375 0.6810384046875 0.7034411984375 0.69236479375 0.7199830734375
11 0.7142863562499999 0.620198903125 0.7417260171875 0.5944860249999999 0.7429725640625 0.5462360453125 0.7340742140625001 0.515277734375 0.6849122984375 0.5065714906250001 0.67049999375 0.5135891640625 0.662648884375 0.568584165625 0.6806490375 0.6083447734375 0.7142863562499999 0.620198903125
11 0.6848606359375 0.3371992828125 0.6762349390625 0.3140487125 0.6429611562499999 0.3126049046875 0.6177460828125 0.3460573609375 0.6151145890625 0.382629809375 0.6746031703125001 0.379249546875 0.686700003125 0.36188971406250003 0.6848606359375 0.3371992828125
11 0.6676609015625 0.46027034999999994 0.6893356421875 0.4373645421875 0.6894482109375 0.412605946875 0.6747849390625 0.38445470625 0.6414202718750001 0.38040831875 0.6025416515625001 0.414337915625 0.599819275 0.44830778593750004 0.621087109375 0.4697140046875 0.6676609015625 0.46027034999999994
11 0.65922111875 0.55437221875 0.6714305203125 0.51225379375 0.7080628671875 0.4979457921875 0.6873620218750001 0.46479387968749997 0.65018436875 0.46348639843750006 0.624423990625 0.48132337031250005 0.6195679109375 0.51015624375 0.635434359375 0.5447798546875 0.65922111875 0.55437221875
11 0.7636042109375001 0.549424203125 0.798717359375 0.5755584421875 0.818145828125 0.57227423125 0.8302426593750001 0.5549144 0.8373450124999999 0.50645993125 0.8160988625 0.45769253593750003 0.7863654140625 0.44570208125 0.7632148437499999 0.45432777968750004 0.7477594453124999 0.48743941875 0.7636042109375001 0.549424203125
11 0.711239665625 0.47698882343750004 0.7446043328124999 0.4810352125 0.7612629078125 0.4543959421875 0.7805096078125 0.4459065703125 0.78554745625 0.422278859375 0.7610336249999999 0.391865853125 0.7198612171875001 0.388092115625 0.6961436578125 0.40846350625000005 0.6914693453125 0.4425015390625 0.711239665625 0.47698882343750004
11 0.6878339812500001 0.338398328125 0.7130965703125 0.36227080312500004 0.7422847140625 0.3586457765625 0.75633348125 0.34121778125 0.7583979859375 0.3163910234375 0.7461627546875 0.27382334531249997 0.7290714421875 0.2600885421875 0.698022246875 0.26638431093750004 0.6807966828125 0.304769275 0.6878339812500001 0.338398328125
11 0.6797752734375 0.303502065625 0.695048903125 0.265185265625 0.6946161671875 0.22481118906250003 0.6740970890625 0.1968644375 0.6449089453125 0.20048946406249998 0.6206027125 0.259967721875 0.6237361406249999 0.2937331015625 0.6527208328125 0.3122640890625 0.6797752734375 0.303502065625
11 0.6865791421874999 0.16255375156250002 0.66596918125 0.13200441875 0.64449789375 0.1327542125 0.625229509375 0.168604759375 0.6305875249999999 0.2101097171875 0.646769996875 0.1978187203125 0.6819957140625 0.19919436562499998 0.6865791421874999 0.16255375156250002
11 0.7402377484375 0.24406408124999998 0.7696293453124999 0.21828304062499998 0.7713303125000001 0.1830459609375 0.7488593 0.1551673734375 0.71558551875 0.1537235640625 0.689643371875 0.1663553765625 0.68505994375 0.20299599218750003 0.7087341328125001 0.23734695 0.7402377484375 0.24406408124999998
11 0.792398840625 0.3386554734375 0.8222448578125 0.325887334375 0.825625109375 0.282774353125 0.8116197109375 0.24548 0.788399940625 0.2241419421875 0.761254615625 0.230301384375 0.7457992171875001 0.2634130265625 0.765547853125 0.325261484375 0.792398840625 0.3386554734375
11 0.8559038625 0.310380290625 0.8314158609375 0.36465338593749996 0.8411321671875 0.4190349203125 0.85663508125 0.4432482109375 0.92068540625 0.43058850781249997 0.9325095859375001 0.4054209359375 0.9304884515625 0.37552534375 0.9248360984374999 0.3535738171875 0.8985521000000001 0.3284341359375 0.8867712890625 0.298879359375 0.8559038625 0.310380290625
11 0.8325323015625001 0.4805704546875 0.8527312109375 0.44338453749999995 0.8334369953125 0.394548978125 0.8044306203125 0.403379165625 0.7850713515625001 0.43662713125 0.8325323015625001 0.4805704546875
11 0.8395912843750001 0.48683833437499996 0.8538693343749999 0.531940428125 0.8760676953125 0.552011278125 0.905619375 0.558796571875 0.9403906734374999 0.547159315625 0.954257671875 0.5245261593749999 0.9561404078125 0.4944942421875 0.9391616640624999 0.45600084374999994 0.893630965625 0.43935053125 0.853094746875 0.45379485624999993 0.8395912843750001 0.48683833437499996
11 0.8998544546874999 0.561603640625 0.844018775 0.5296786640625 0.8193490062500001 0.5787466 0.8228459703125001 0.6229223015625001 0.8457930875 0.63645261875 0.861906359375 0.594197865625 0.8984478234375001 0.5772872859375 0.8998544546874999 0.561603640625
11 1 0.5192546124999999 0.9993556343750001 0.5008023953125 0.960226046875 0.4995630765625 0.954530325 0.5323339 0.9221653828124999 0.5569158953125 0.9210314046875 0.5804072812500001 0.9761183265625 0.618872790625 1 0.6088071390625001 1 0.5192546124999999
11 0.8500821796875 0.6193654390625001 0.8512636734375001 0.6531989828125 0.86815153125 0.689089803125 0.9190619312500001 0.719883896875 0.9635929046875 0.707905825 0.978684765625 0.6643838640624999 0.9768454 0.6396934328125 0.9580964890624999 0.60647335625 0.9142450734375 0.5819471421875 0.8771583046875 0.583242240625 0.8500821796875 0.6193654390625001
11 0.929012621875 0.3612452328125 0.93677699375 0.4156949296875 0.9642641703124999 0.44730698281250003 0.998468478125 0.4474154171875 0.9935390515625 0.3342372578125 0.9564522828124999 0.33553235625 0.929012621875 0.3612452328125
11 0.9574044921875 0.3068358109375 0.9914704015625 0.2470167375 0.9885404265625001 0.1910953421875 0.96643295 0.17362707500000002 0.9220837453125 0.19081030625 0.8899697703125 0.2505612171875 0.891787453125 0.302612821875 0.9149163390625 0.3213482984375 0.9574044921875 0.3068358109375
11 0.8995693640625 0.21765406562499998 0.8699267984375 0.20826619218750003 0.8294814640625001 0.22531309843749997 0.8194274515625001 0.245207346875 0.8264647500000001 0.2788364 0.8476416999999999 0.297640040625 0.8847284703125 0.2963449421875 0.8995693640625 0.21765406562499998
11 0.939196740625 0.1771839375 0.966342065625 0.17102449375 0.9726956609374999 0.12911055625 0.952176584375 0.1011638046875 0.9072820734375 0.10273155468749999 0.8782540140625 0.1389229171875 0.876258709375 0.1937134296875 0.9052434015624999 0.212244415625 0.939196740625 0.1771839375
11 0.745236375 0.3872059953125 0.7730178890625 0.39926461562500004 0.7853656890625 0.417073696875 0.814008528125 0.397833190625 0.817276209375 0.3794788015625 0.8118056250000001 0.3627324375 0.7866339203125 0.34146254374999996 0.763210696875 0.3422805 0.7416268406250001 0.3677888875 0.745236375 0.3872059953125
11 0.8601671234375001 0.20860700781250002 0.8701302515625 0.1861101765625 0.869697515625 0.1457361015625 0.8463176625 0.091831709375 0.8014231515624999 0.0933994609375 0.7823365359375 0.1344551671875 0.7927799156249999 0.2096573421875 0.8216737234375 0.22558574999999997 0.8601671234375001 0.20860700781250002
11 0.6758063484375 0.3857219140625 0.69335208125 0.41246962187499997 0.7121443609375 0.3909673484375 0.731572828125 0.3876831375 0.7331612265625 0.3772046546875 0.6973902046875 0.3602135265625 0.6758063484375 0.3857219140625
11 0.6294876703125001 0.5423817640624999 0.6207018890625 0.486664859375 0.6115092015625 0.47525998124999996 0.5824119421875 0.48148758750000004 0.569090246875 0.519736225 0.582801309375 0.5765840125 0.6247224734375 0.573817215625 0.6294876703125001 0.5423817640624999
11 0.5349943609375 0.382821915625 0.5483418859375 0.42925938124999996 0.571470771875 0.44799485937499994 0.5957336359375 0.44323895 0.6104619609374999 0.38930666875000003 0.5700599953125 0.3516312265625 0.5349943609375 0.382821915625
11 0.625030203125 0.3028080515625 0.6027409578125 0.2801346234375 0.5756865171875 0.288896646875 0.5691728390625 0.29824424843749997 0.5727606875 0.34502253125000004 0.605740134375 0.366019771875 0.6267786859375 0.32489590156250003 0.625030203125 0.3028080515625
11 0.5692378921875 0.216160725 0.5964957859375 0.1852426875 0.59465641875 0.16055225625 0.5741373421875 0.13260550468750001 0.5527569390625 0.135957878125 0.5232744578124999 0.1591363375 0.5128352234375 0.195981440625 0.5262044343750001 0.21505773281249999 0.5692378921875 0.216160725
11 0.5941152609375 0.256984053125 0.5534406421875 0.2115008703125 0.5320602390625 0.21485324218750002 0.5162413046875 0.2375545625 0.52225719375 0.2699164078125 0.5660177265625 0.2918400421875 0.5909384625 0.2779410203125 0.5941152609375 0.256984053125
11 0.5938209234375 0.2765374875 0.6207627953125 0.29253405625 0.62480091875 0.2402779625 0.6053724515625001 0.243562171875 0.5938209234375 0.2765374875
11 0.47913285156249996 0.266210834375 0.47050715312499997 0.2430602640625 0.44485934374999997 0.23613864375000002 0.4230028359375 0.253839290625 0.4202804578125 0.28780916093750003 0.43986901093749997 0.3170912859375 0.4655168203125 0.32401290625 0.47913285156249996 0.266210834375
11 0.49683037499999994 0.10143032031250002 0.4772893390625 0.129473125 0.47865260000000004 0.1685118296875 0.5097709953125 0.1921798140625 0.5314674203124999 0.1419128328125 0.5165314953125 0.10595384999999999 0.49683037499999994 0.10143032031250002
11 0.48920854843750006 0.21895541093749998 0.47543243437499993 0.244191146875 0.48015426093749997 0.26747804375 0.5141768015625 0.26238131875000004 0.5223005640625 0.2151940578125 0.50827348125 0.2052608796875 0.48920854843750006 0.21895541093749998
11 0.481898596875 0.177518615625 0.47059389218750003 0.1336155671875 0.43927204375000006 0.1321035953125 0.41945835468750003 0.152338659375 0.4207307328125 0.188774784375 0.435870109375 0.20257775156250002 0.4749088140625 0.20121449062500002 0.481898596875 0.177518615625
11 0.38816233906250003 0.2355127921875 0.376156390625 0.2554752046875 0.3790171671875 0.2814328453125 0.4119966125 0.3024300875 0.42915297812500003 0.2340813671875 0.41707782968749996 0.22408002656249998 0.38816233906250003 0.2355127921875
11 0.43119994375 0.3486630640625 0.422916096875 0.36328398906250003 0.42872853437499997 0.4178018484375 0.45362758750000004 0.4312640015625 0.4730994234375 0.373257440625 0.45453228125 0.3452425265625 0.43119994375 0.3486630640625
11 0.8176480375 0.6139836796875 0.8067068687500001 0.58049095 0.7474217390625 0.5617152015625 0.7399558500000001 0.59975935 0.7192116359375 0.6213297843750001 0.76612728125 0.6496576265625 0.8124284218750001 0.63240623125 0.8176480375 0.6139836796875
11 0.7505809984375 0.6801666843749999 0.751489840625 0.7061924875 0.7830626546875 0.7428733750000001 0.8163364375000001 0.74431718125 0.8470220968750001 0.727611090625 0.8607982109375 0.7023753562499999 0.8592314968749999 0.685492665625 0.8442046890625001 0.646931103125 0.8047115640625 0.6352814625 0.7700311515625 0.6495213 0.7505809984375 0.6801666843749999
11 0.7927572781250001 0.8246160828125 0.8282339640625 0.8611606421875001 0.8922842890625 0.848500940625 0.9119162093750001 0.8230607140625 0.9138898296875 0.7956313765624999 0.899793546875 0.7557344421875001 0.86477128125 0.732202784375 0.8048065953125001 0.749931321875 0.7873992609375 0.7831111234375 0.7927572781250001 0.8246160828125
11 1 0.7933687890625001 0.9700415296875 0.780641746875 0.9284839015624999 0.7938188640625 0.9272156703125001 0.8694300171875 0.952014115625 0.9321841718749999 0.9988269140625 0.9333760249999999 1 0.9322902750000001 1 0.7933687890625001
11 1 0.9371927046874999 0.9674141828125 0.929261475 0.93295890625 0.8939841234375001 0.9037490781249999 0.9249703234375 0.9046579187500001 0.9509961265625 0.9244282390624999 0.9854834109375 0.9907940359375 0.9831658671874999 1 0.9667366734374999 1 0.9371927046874999
11 0.8478917140625001 0.9204065218749999 0.8850693671875 0.9217140031250001 0.919477128125 0.899666425 0.927851859375 0.8876480796875 0.9261942609375 0.868162809375 0.9130285031250001 0.8269305031249999 0.88270638125 0.8540469156249999 0.8282339640625 0.8611606421875001 0.8242175250000001 0.8860555640625 0.8478917140625001 0.9204065218749999
11 0.741941909375 0.9084718468749999 0.7027214359375 0.904629946875 0.6754635437500001 0.9355479843750001 0.67487486875 0.9746548515625 0.6823882734375 0.9939356328125 0.7409463296875 0.9918907406249999 0.7556529703125 0.9653196328125 0.7647547734375 0.97412193125 0.765049109375 0.9545684968750001 0.741941909375 0.9084718468749999
11 0.729524909375 0.8606990078125 0.7366530921875001 0.8969306421875001 0.7781673515625 0.938475875 0.8150723531249999 0.9319756140625 0.8255115859375 0.8951305125 0.8134581234375 0.8577679953124999 0.7797516046874999 0.8159501109375 0.7523336281249999 0.8143018140624999 0.7445950859375 0.8445382203125 0.729524909375 0.8606990078125
11 0.5755513109375 0.9286139796875 0.6048995390624999 0.9575552890625 0.6458901781249999 0.9561238640624999 0.66189088125 0.9386277078124999 0.6640462687500001 0.9164035296874999 0.6577577265625 0.87623394375 0.6266393328125 0.8525659578125 0.5876006281249999 0.8539292187499999 0.5719634625000001 0.8818356984375001 0.5755513109375 0.9286139796875
11 0.5856703765625 0.8266362078125 0.5990395875 0.8457125 0.6465222203125001 0.8622946484374999 0.66390786875 0.8564760203124999 0.6725769359375 0.8249042421875 0.6562560656249999 0.777267728125 0.643159509375 0.765999178125 0.60216886875 0.7674306015625 0.5829004859375 0.8032811484375 0.5856703765625 0.8266362078125
11 0.78347370625 0.8106086250000001 0.7911430484374999 0.7504084640625 0.7651317015625 0.7330765203125 0.74198113125 0.74170221875 0.751039565625 0.8052268640625 0.78347370625 0.8106086250000001
11 0.797868471875 0.9429994031250001 0.7741509125 0.96337079375 0.7692039484375 0.9896010859375 0.8502547015624999 0.9880736078125001 0.84980028125 0.9750607078125 0.82732926875 0.9471821171875 0.797868471875 0.9429994031250001
11 0.5403039093750001 0.9545995109375 0.51862916875 0.9775053171874999 0.5135004359375 0.99853045 0.582839578125 0.99741195 0.5858346078125 0.9712498203125 0.5696738203125 0.95617964375 0.5403039093750001 0.9545995109375
11 0.672628596875 0.9942764484375 0.6720832921875 0.9786609671875001 0.6557407390625001 0.9583856296875 0.595048978125 0.9552935234375 0.583770103125 0.9960765796875 0.672628596875 0.9942764484375
11 0.593543171875 0.74428003125 0.5456061171875 0.7146849828125 0.5187117609375 0.7560133421875 0.5242515453125 0.8027234609375 0.5452467265625 0.8163219390625001 0.576295921875 0.8100261703125 0.5953825390625 0.7689704640625 0.593543171875 0.74428003125
11 0.5735993765625 0.92868214375 0.5702841796875 0.8897116015625001 0.585376040625 0.846189640625 0.564947846875 0.8208454703125 0.5454284953124999 0.8215271015625 0.5351927140625 0.8362161890625 0.5297479609375 0.9041559296875 0.5454326421875 0.9335743781250001 0.5735993765625 0.92868214375
11 0.5092071984375 0.9035703500000001 0.5252079015625 0.8860741921875 0.530267434375 0.8350853062500001 0.52016590625 0.7976546265625 0.501031775 0.7813854046875 0.463559784375 0.7996313546875 0.46574100312500005 0.86209328125 0.4875541421875 0.8991149843749999 0.5092071984375 0.9035703500000001
11 0.508727534375 1 0.510617975 0.999933984375 0.526549478125 0.952474071875 0.5105921437500001 0.9152478796875 0.4754789953125 0.889113640625 0.4481302171875 0.9174290984375 0.45598547343750007 0.9744813765625 0.47655428125 1 0.508727534375 1
11 0.5263594171875 0.7231743546875 0.50574945625 0.692625021875 0.470796390625 0.69905711875 0.45366170937500006 0.7400446625 0.4527095 0.7687412078125 0.46803064531249994 0.7877493359375001 0.5108823359375 0.78364716875 0.5263594171875 0.7231743546875
11 0.44752910625000003 0.62039413125 0.46711765781250003 0.64967625625 0.49054087968750004 0.6488582984375 0.5076538765625 0.6352319296875 0.5162320593749999 0.6010575703125001 0.51180456875 0.558217240625 0.4943497203125 0.534072115625 0.4593966546875 0.5405042109375 0.44739070625000005 0.5604666218750001 0.44752910625000003 0.62039413125
11 0.4372974703125 0.7471304984375 0.45534099218749996 0.7321687578125 0.462715996875 0.6915220296875 0.45000466093749997 0.663302625 0.4185010453125 0.6565854921875001 0.3968263046875 0.6794913015625 0.39215199375 0.713529334375 0.407836675 0.742947784375 0.4372974703125 0.7471304984375
11 0.46312290312500004 0.6472100015625 0.44975369374999996 0.628133709375 0.44151321718750003 0.5880322859375 0.4117580828125 0.60340300625 0.4128486921875 0.63463396875 0.42621790156249995 0.6537102609375001 0.4556786984375 0.657892975 0.46312290312500004 0.6472100015625
11 0.4280831 0.7630867968749999 0.3894513 0.7201380296875 0.36228429218749997 0.7536586484375001 0.35956191406250004 0.7876285171874999 0.3751557109375 0.8144443859375 0.4007126375 0.818763428125 0.42443019687500005 0.7983920375 0.4280831 0.7630867968749999
11 0.44043089999999996 0.780895878125 0.42107163124999997 0.8141438453125 0.42624787968750005 0.8504436421875001 0.4594999765625 0.879248625 0.4689870015625 0.87110006875 0.465148184375 0.789152871875 0.44043089999999996 0.780895878125
11 0.40241775156250004 0.8955736265625 0.3884381828125 0.9429653765625 0.40085518281250004 0.990738215625 0.44586226093750003 0.9644118703125001 0.4485154390625 0.9004782453125 0.426317078125 0.8804073984375 0.40241775156250004 0.8955736265625
11 0.3823055796875 0.8233148484375 0.37958320156249997 0.8572847171875001 0.3931341796875 0.8815661703125001 0.4185093375 0.8806800499999999 0.4293121078125 0.8542452687500001 0.41995933750000003 0.8102740562499999 0.3823055796875 0.8233148484375
11 0.3851013015625 0.9313560093750001 0.39692548125 0.9061884375 0.39526788281249997 0.8867031671875001 0.3585880203125 0.8436862390625001 0.3429725375 0.84423154375 0.3237041546875 0.8800820890625 0.330559684375 0.9085059828125001 0.359817028125 0.9348447109375 0.3851013015625 0.9313560093750001
11 0.3260154796875 0.7783769687500001 0.337614521875 0.802726584375 0.364941615625 0.8017723015625 0.356043265625 0.770813990625 0.3260154796875 0.7783769687500001
11 0.30929185000000003 0.8870997624999999 0.331057475 0.8667965343749999 0.33852336250000004 0.8287523875 0.32367832343749997 0.795395984375 0.29830316562500003 0.7962821046874999 0.276628425 0.8191879140625 0.27249941718750004 0.8688414265625 0.2878205625 0.88784955625 0.30929185000000003 0.8870997624999999
11 0.2599956796875 0.9305132875 0.2760872671875 0.915619709375 0.2819647578125 0.8880540453125001 0.268799 0.846821740625 0.2336641671875 0.848048675 0.21616594843749998 0.8786258968749999 0.217165675 0.90725428125 0.23852439374999998 0.93126308125 0.2599956796875 0.9305132875
11 0.3400250234375 0.9277186000000001 0.3211852296875 0.8918959453124999 0.28800233125 0.8930547171875001 0.2749532890625 0.93911109375 0.2927716734375 0.9736665421874999 0.31832859999999996 0.9779855828124999 0.3399124546875 0.9524771937500001 0.3400250234375 0.9277186000000001
11 0.2689724765625 0.6279323437500001 0.2888770484375 0.610299859375 0.2903962484375 0.5698576203125 0.266064184375 0.544649775 0.2524006390625 0.545126915625 0.23090766718750003 0.573237884375 0.230046340625 0.6045370109375 0.2494531234375 0.628613975 0.2689724765625 0.6279323437500001
11 0.26981626406250003 0.7360416703125 0.2670938875 0.770011540625 0.28650067031250004 0.794088503125 0.3155979296875 0.787860896875 0.3171863296875 0.7773824125 0.2977795453125 0.7533054484374999 0.30413314062499996 0.7113915109375 0.2932611703125 0.7078625374999999 0.28236751718750003 0.7316947390624999 0.26981626406250003 0.7360416703125
11 0.2945077171875 0.659612559375 0.2957800953125 0.6960486828125 0.3069247171875 0.707385396875 0.3414233625 0.6879404 0.340514521875 0.661914596875 0.30279156406249996 0.6449916328125 0.2945077171875 0.659612559375
11 0.3139537234375 0.5169198953125 0.2951139296875 0.4810972390625 0.2815412671875 0.48417696093749996 0.26563144843750003 0.5042756984375 0.262909071875 0.5382455687500001 0.2803639203125 0.5623906953125 0.2980222203125 0.5643798078125 0.3139537234375 0.5169198953125
11 0.29279845781249997 0.47075508125 0.313655240625 0.42442605 0.3120885265625 0.4075433609375 0.29156945 0.37959660781250004 0.2680553421875 0.3778119859375 0.24842342187500002 0.403252209375 0.24987756718749998 0.4448934953125 0.27132717031250003 0.47150487500000005 0.29279845781249997 0.47075508125
11 0.450087253125 0.44181065 0.4302952484375 0.4346845390625 0.401652409375 0.45392504687499996 0.3898282296875 0.4790926203125 0.392598121875 0.5024476796874999 0.43284000312500004 0.5075567859375 0.43472273906250003 0.47752486875000005 0.450087253125 0.44181065
11 0.3901184203125 0.3474919078125 0.4057339015625 0.34694660312500003 0.41077175 0.3233188921875 0.4091141515625 0.303833621875 0.38988913593749996 0.28496181875 0.36841785 0.2857116125 0.3523262625 0.300605190625 0.3527806828125 0.313618090625 0.3901184203125 0.3474919078125
11 0.3799952078125 0.3374224015625 0.3597487828125 0.317283390625 0.3347371609375 0.3285798328125 0.315287009375 0.3592252171875 0.3142439140625 0.3853191828125 0.3335598140625 0.40679356718750004 0.3551219859375 0.408646353125 0.3799952078125 0.3374224015625
11 0.261978546875 0.539580940625 0.2620911140625 0.5148223468750001 0.275594578125 0.48177886875000003 0.2533962171875 0.461708021875 0.23219758281249997 0.47026555625000005 0.2220526859375 0.48755722500000004 0.22554965 0.5317329265625 0.2406890265625 0.54553589375 0.261978546875 0.539580940625
11 0.19484645312499999 0.6878474703124999 0.21066538750000002 0.6651461515625 0.21254812343750001 0.635114234375 0.18989534218749998 0.6020304828125 0.1568942125 0.6083944171875 0.1450700328125 0.6335619890624999 0.14243853906249998 0.6701344390624999 0.1597116203125 0.6890744046874999 0.19484645312499999 0.6878474703124999
11 0.236966925 0.5508773828125 0.2206243703125 0.53060204375 0.1948639921875 0.54843901875 0.19046233125 0.5902847906249999 0.20001855468750002 0.6120999890625 0.2217624953125 0.6191579359375 0.23218004374999998 0.609674009375 0.236966925 0.5508773828125
11 0.23520090468750002 0.668197984375 0.261346503125 0.63341015625 0.227527415625 0.6163508671875 0.21897091875000002 0.6231640515625 0.2159758890625 0.64932618125 0.23520090468750002 0.668197984375
11 0.1961663453125 0.7816085234375 0.217455865625 0.77565356875 0.239788478125 0.7436046484375 0.2281894359375 0.7192550328125 0.22348929218750002 0.6686069625 0.2023815421875 0.6797670765625 0.175668953125 0.726300596875 0.1767595625 0.757531559375 0.1961663453125 0.7816085234375
11 0.1743790375 0.829272925 0.1965081984375 0.8193800187500001 0.200251984375 0.7866773578124999 0.1820483796875 0.7690727640625 0.1466408921875 0.7624919578125 0.13277389374999998 0.7851251140625 0.1334100828125 0.803343175 0.1427845375 0.8199532140624999 0.1743790375 0.829272925
11 0.1735393953125 0.8332108765624999 0.16959215625 0.8880695515625 0.1850041859375 0.9096802609375001 0.2142832140625 0.908657815625 0.216823821875 0.8694827843749999 0.1976204921875 0.8232498078124999 0.1735393953125 0.8332108765624999
11 0.2098298921875 0.78113138125 0.19800571250000001 0.8062989546875 0.20531566406250001 0.8477357484375 0.220545925 0.8641412984375 0.2354343328125 0.8427753515624999 0.21416649843750002 0.82136913125 0.2098298921875 0.78113138125
11 0.1528085734375 0.60332558125 0.135444609375 0.5817830374999999 0.1311988875 0.5441478671875 0.1093423796875 0.5618485140625 0.11052387187499998 0.5956820578124999 0.1302033078125 0.6275667609375 0.142187571875 0.6349655234375 0.1528085734375 0.60332558125
11 0.17818373125 0.6024394625 0.18851039687499999 0.590352953125 0.19002959531250002 0.549910715625 0.16969228593750002 0.5271691234375 0.148221 0.5279189171875001 0.13426311562499998 0.5479494921875 0.135444609375 0.5817830374999999 0.1508566390625 0.6033937453125 0.17818373125 0.6024394625
11 0.1424643703125 0.75482054375 0.1326571796875 0.6978364296875 0.10700936875 0.6909148078125 0.0853346296875 0.7138206171875 0.084291534375 0.7399145828125 0.10628644218750001 0.7821414453125 0.131752484375 0.7838579046875 0.1424643703125 0.75482054375
11 0.1278444671875 0.671946953125 0.10528257031249999 0.641465784375 0.0955228953125 0.6418066 0.07580009062500001 0.66464424375 0.0728050609375 0.690806371875 0.0917574234375 0.701870434375 0.12457678593749999 0.690301340625 0.1278444671875 0.671946953125
11 0.051784048437499994 0.592521790625 0.0526020046875 0.6159450125 0.0719179046875 0.6374193953125 0.10128781718749999 0.6389995296875 0.10523505625 0.5841408546875 0.0636991125 0.569956796875 0.051784048437499994 0.592521790625
11 0.09733643125 0.581810925 0.1281346578125 0.540346240625 0.1286107625 0.5259979671874999 0.1118137875 0.4927097296875 0.0941554875 0.4907206171875 0.06467300625 0.5138990765625 0.058046759375 0.5480052718749999 0.075592490625 0.574752978125 0.09733643125 0.581810925
11 0.2050088890625 0.5311473484375 0.22073693906249997 0.50584345 0.22084950781249998 0.48108485625 0.202464134375 0.4582751015625 0.1789500265625 0.456490478125 0.15718440312499998 0.4767937046875 0.1541893734375 0.502955834375 0.16969228593750002 0.5271691234375 0.2050088890625 0.5311473484375
11 0.216828921875 0.393932496875 0.219417046875 0.412082396875 0.24654068593749998 0.43328412812500006 0.2501935890625 0.3979788859375 0.269734625 0.36993608125 0.2325569734375 0.3686285984375 0.216828921875 0.393932496875
11 0.2390055984375 0.441364521875 0.21857740468750003 0.41602034843749996 0.198876284375 0.41149682031249996 0.1771106609375 0.431800046875 0.1759766828125 0.45529143281250006 0.22643266093749997 0.4730726265625 0.240663196875 0.4608497921875 0.2390055984375 0.441364521875
11 0.249942621875 0.362809971875 0.2675100375 0.36219650312499996 0.280173859375 0.333090978125 0.306297775 0.3256643265625 0.30464017656250003 0.30617905625 0.2843937515625 0.28604004375000003 0.2573393109375 0.2948020671875 0.239931978125 0.327981871875 0.240749934375 0.35140509375 0.249942621875 0.362809971875
11 0.3076393515625 0.3920642046875 0.3213462671875 0.33686471562500003 0.2877998328125 0.327613165625 0.273569296875 0.33983599999999997 0.26862233125 0.36606629218750003 0.3076393515625 0.3920642046875
11 0.27073020468750003 0.28651718593750003 0.29229237656249996 0.288369971875 0.3084531625 0.30344015 0.3284486203125 0.28841024531250004 0.328652071875 0.26625423125 0.3103575828125 0.24604705624999998 0.282848721875 0.24179617968749997 0.26666625 0.2540871765625 0.26339856875 0.272441565625 0.27073020468750003 0.28651718593750003
11 0.288431875 0.23378395 0.300710475 0.221629278125 0.3063153125 0.1862558734375 0.2959194484375 0.1683786265625 0.27231445781249997 0.1639914234375 0.2564046390625 0.18409016250000002 0.253409609375 0.210252290625 0.2688216390625 0.231863 0.288431875 0.23378395
11 0.3124437703125 0.193859125 0.3014375484375 0.24244992031249998 0.3363689296875 0.2633789984375 0.348102225 0.23560884531249998 0.3463537421875 0.2135209953125 0.33001118749999997 0.1932456578125 0.3124437703125 0.193859125
11 0.3721399515625 0.2803701265625 0.39179355625 0.22756872499999997 0.3601081734375 0.21564643437500003 0.3463320578125 0.24088216875000001 0.3513265375 0.27197680625 0.3721399515625 0.2803701265625
11 0.30770440468750004 0.30998068125 0.30824970937499996 0.32559616406249997 0.32720207343749996 0.33666022500000004 0.34998910625 0.31762420625 0.35139573749999997 0.3019405609375 0.319892121875 0.2952234296875 0.30770440468750004 0.30998068125
11 0.387763725 0.5039193765625 0.395796603125 0.4541295359375 0.3675606703125 0.4290580171875 0.35342101875 0.44388343125 0.36676854375 0.49032089687499997 0.387763725 0.5039193765625
11 1 0.6131267984375001 0.981952446875 0.6460294765625 0.9829521734375 0.674657859375 1 0.7011664046874999 1 0.6131267984375001
11 0.185485390625 0.41978170156249994 0.20371068124999997 0.41002512031249994 0.2075453515625 0.379925040625 0.1848925703125 0.346841290625 0.1702768140625 0.376014978125 0.1501904734375 0.3884423015625 0.1519172703125 0.4378913265625 0.17282156875000002 0.4488872265625 0.185485390625 0.41978170156249994
11 0.2459912359375 0.3056213671875 0.2181188375 0.29096016874999997 0.200257084375 0.31112707031250003 0.19158801718750001 0.34269885 0.2074544671875 0.37732245937500003 0.2230699484375 0.3767771546875 0.2410225875 0.35921283437499996 0.2459912359375 0.3056213671875
11 0.269185175 0.242273321875 0.2406765890625 0.20939405937500002 0.22329094062500002 0.2152126890625 0.21314604374999999 0.23250435781249998 0.2181405234375 0.26359899531250003 0.2417238296875 0.29534737187500004 0.2638529890625 0.2854544671875 0.269185175 0.242273321875
11 0.1509392296875 0.3819017703125 0.17288662187499998 0.366803703125 0.1806251640625 0.33656729531249996 0.1602878546875 0.313825703125 0.132869878125 0.31217740781250003 0.114917240625 0.329741728125 0.11183132656250001 0.3533012765625 0.1253823046875 0.377582728125 0.1509392296875 0.3819017703125
11 0.16714753124999998 0.454296875 0.1531204484375 0.444363696875 0.1317400453125 0.44771607031249994 0.11460536406249999 0.48870361406249996 0.129926509375 0.50771174375 0.1535315 0.512098946875 0.1553233515625 0.47946444843749997 0.16714753124999998 0.454296875
11 0.12175108593749999 0.3855267953125 0.11169707343749999 0.4054210453125 0.114648734375 0.43398126562500006 0.125884240625 0.44792055937499997 0.15293868125 0.4391585359375 0.148329421875 0.3911130453125 0.12175108593749999 0.3855267953125
11 0.22964868125 0.28534603125 0.21294259062499998 0.254660371875 0.197327109375 0.25520567656250004 0.1795562390625 0.2779751578125 0.18055596406250002 0.306603540625 0.1939251734375 0.3256798328125 0.21049286562499997 0.29643798125 0.22964868125 0.28534603125
11 0.03597850625 0.36376737812500004 0.0417217421875 0.38832148125 0.0664607109375 0.3692173015625 0.0500272734375 0.3463393828125 0.03597850625 0.36376737812500004
11 0.07617701875 0.423598834375 0.1074079828125 0.42250822499999996 0.1103121265625 0.393743515625 0.1040019015625 0.380935103125 0.0646905453125 0.3744906234375 0.048598957812499996 0.38938420156250003 0.0474649796875 0.41287558750000003 0.06482894375 0.43441813281249997 0.07617701875 0.423598834375
11 0.1219803703125 0.44805688593750004 0.107498865625 0.4251108046875 0.082032825 0.4233943453125 0.066032121875 0.440890503125 0.067213615625 0.474724046875 0.080673709375 0.49640291875000003 0.11172290468749999 0.4901071484375 0.1219803703125 0.44805688593750004
11 0.07472701875 0.494004828125 0.0450844546875 0.484616953125 0.0289928671875 0.49951053125 0.0238641359375 0.5205356625 0.0379604171875 0.5604325953125 0.060362231249999995 0.55834743125 0.0574105703125 0.5297872109374999 0.07472701875 0.494004828125
11 0.05223846875 0.605534690625 0.061474525 0.5622172187500001 0.039912353125 0.5603644328125 0.0333986734375 0.5697120359375 0.037553512500000004 0.604744625 0.05223846875 0.605534690625
11 0.0991891890625 0.3550456265625 0.0915157015625 0.3031985109375 0.0659587765625 0.2988794703125 0.0497763046875 0.3111704671875 0.0490058640625 0.3450721734375 0.0664607109375 0.3692173015625 0.09387868906249999 0.370865596875 0.0991891890625 0.3550456265625
11 0.110991684375 0.357239228125 0.114917240625 0.329741728125 0.12710495625 0.31498447500000004 0.1504372953125 0.3115639390625 0.149891990625 0.2959484578125 0.131688384375 0.2783438625 0.1026820078125 0.28717405 0.09103959687499999 0.317546784375 0.0960340765625 0.3486414203125 0.110991684375 0.357239228125
11 0.13377457343750002 0.22615593125000003 0.1166398921875 0.267143475 0.151753040625 0.2932777140625 0.173518665625 0.2729744859375 0.173631234375 0.2482158921875 0.16128343437499998 0.23040680937500002 0.13377457343750002 0.22615593125000003
11 0.1597384046875 0.1861629453125 0.1416948828125 0.201124684375 0.1404700203125 0.22201349062500003 0.1773533359375 0.2428744046875 0.1899262734375 0.2111663 0.17953040781250001 0.1932890546875 0.1597384046875 0.1861629453125
11 0.184615771875 0.2269862703125 0.17819297812499998 0.238936453125 0.18291480468750002 0.26222335 0.2109906546875 0.254728534375 0.22115723593749997 0.210075690625 0.20163788437500002 0.210757321875 0.184615771875 0.2269862703125
11 0 0.3078062015625 0.0259678625 0.328939278125 0.05638086875 0.30442544531250004 0.065049934375 0.27285366718750004 0.0431242265625 0.26059055937500003 0.01588801875 0.264147421875 0 0.284218621875 0 0.3078062015625
11 0.06647825 0.2298088484375 0.0735155484375 0.263437903125 0.1005483046875 0.282037053125 0.116821659375 0.272348634375 0.11666157656250001 0.23978229999999998 0.0942814484375 0.214506290625 0.06647825 0.2298088484375
11 0.10667261718750001 0.1775930265625 0.0950302046875 0.207965759375 0.1223356140625 0.23437265156249998 0.1404700203125 0.22201349062500003 0.14030993593750002 0.1894471546875 0.1281439046875 0.1768432328125 0.10667261718750001 0.1775930265625
11 0.064050209375 0.244225284375 0.0492960546875 0.2134714625 0.029867585937500003 0.21675567187500003 0.018134290625 0.24452582500000003 0.023604875 0.261272190625 0.0490709171875 0.26298865 0.060782528125 0.26257967187500003 0.064050209375 0.244225284375
11 0.093463490625 0.19108306875 0.062050759375 0.18696851718750002 0.0519058625 0.2042601859375 0.0546757546875 0.2276152453125 0.0657294921875 0.23634938125 0.0729919296875 0.22046124687500002 0.0942814484375 0.214506290625 0.093463490625 0.19108306875
11 0 0.40566327031249994 0.0114905046875 0.418040475 0.0206139921875 0.39948159687499996 0.037908756249999995 0.3910603890625 0.0375452203125 0.3806500671875 0.02901040625 0.360102078125 0.007630003125 0.363454453125 0 0.3726930890625 0 0.40566327031249994
11 0.0588822546875 0.43202004218749995 0.0418126265625 0.3909240625 0.0206139921875 0.39948159687499996 0.0124210296875 0.416705103125 0.015372690625 0.4452653234375 0.036549640625000004 0.4640689625 0.04817036875 0.46105740468749995 0.0588822546875 0.43202004218749995
11 0 0.4756628515625 0.0079068015625 0.4833094703125 0.033281959374999996 0.48242335000000003 0.0385015765625 0.4640008 0.024565378125000002 0.45667020156250004 0.00990210625 0.42851895781250005 0 0.4319483984375 0 0.4756628515625
11 0 0.2281829203125 0.02056233125 0.23010939062500002 0.042146185937500004 0.2046010015625 0.040579471875 0.1877183109375 0.0243278015625 0.170045553125 0 0.17667375000000002 0 0.2281829203125
11 0.06797066406249999 0.6922780703125 0.08966708906250001 0.6420110890624999 0.0559388859375 0.6275543796874999 0.0399381828125 0.6450505359375 0.0389859734375 0.6737470828125 0.06797066406249999 0.6922780703125
11 0 0.370978990625 0.0251065359375 0.360238403125 0.024743 0.3498280828125 0.020202940625 0.33174634687500004 0.0008653562499999999 0.3376331390625 0 0.3385168984375 0 0.370978990625
11 0.1804433953125 0.331362134375 0.18806936875 0.3258843234375 0.1795562390625 0.2779751578125 0.1592881296875 0.2851973203125 0.1533197546875 0.310160403125 0.1804433953125 0.331362134375
11 0.063076315625 0.3002830046875 0.0934676375 0.303130346875 0.1006391890625 0.2846396328125 0.07099662500000001 0.2752517578125 0.063076315625 0.3002830046875
11 0.0437903921875 0.475542003125 0.0685985609375 0.4864015765625 0.06805325625 0.47078609531250004 0.0610159578125 0.437157040625 0.0437903921875 0.475542003125
11 0.40851208593750005 0.59439621875 0.375532640625 0.573398978125 0.36747393125 0.538502715625 0.3514732296875 0.555998871875 0.3480237796875 0.5691480999999999 0.3681576359375 0.61404570625 0.39938859843749996 0.612955096875 0.40851208593750005 0.59439621875
11 0.34700236875 0.5678808921875 0.35957530625 0.5361727859375 0.32008218125 0.524523146875 0.304626784375 0.5576347859374999 0.3289805328125 0.5554814578125 0.34700236875 0.5678808921875
11 0.659644609375 0.9582493031249999 0.6724685140625 0.9617101140625 0.680864928125 0.9223305953125 0.703561078125 0.90069199375 0.7019034796875 0.8812067234375001 0.6874219765625 0.8582606421874999 0.6577577265625 0.87623394375 0.66534033125 0.9254784781250001 0.6543557921875001 0.9467081 0.659644609375 0.9582493031249999
11 0.4725499734375 0.24559468281250002 0.488935896875 0.2111476703125 0.451667359375 0.207237609375 0.43641541406249995 0.218193234375 0.430265271875 0.23795115625 0.4725499734375 0.24559468281250002
11 0.5183533234375 0.27005273281250003 0.4946574484375 0.26306295 0.4805177984375 0.2778883640625 0.4742550859375 0.32240488125 0.4837204265625 0.3416175 0.4926404609375 0.3452146359375 0.49277471406249995 0.2930948671875 0.5183533234375 0.27005273281250003