11 0.7163176421874999 0.84843805625 0.7567002656249999 0.8402659015625 0.7807793609375 0.8171143125 0.79090566875 0.782663978125 0.77164479375 0.7208621671875 0.7266598375 0.7413013421875 0.6282669750000001 0.7113832421875 0.5880826421875 0.7588122203125 0.600343803125 0.800728953125 0.6194063859375001 0.8232739359375 0.7163176421874999 0.84843805625
11 0.607932809375 0.6487122984375 0.622340553125 0.6923673 0.6620523328125001 0.724525265625 0.7400526593750001 0.73792981875 0.7949072609375001 0.689940875 0.791034140625 0.6157203890625 0.76962081875 0.5894947109374999 0.7141129703125 0.5658705734375 0.6567093374999999 0.5709219937500001 0.6331435671875 0.5802724484375 0.6135617953125 0.6088430015624999 0.607932809375 0.6487122984375
11 0.43903506718749996 0.723416784375 0.488966434375 0.7780672296875 0.551328209375 0.773476625 0.5939624265625 0.7493567546875 0.6193714781249999 0.7201737296874999 0.62019396875 0.6906290328125 0.5977132203125 0.6262198203125 0.5792631109374999 0.6095021125 0.5566189796875001 0.60893628125 0.46200009375000006 0.633610253125 0.4367952 0.6647357031250001 0.43903506718749996 0.723416784375
11 0.27514796874999997 0.7897390953125 0.28434090625 0.839833846875 0.3275292234375 0.867698646875 0.38345125156250004 0.8578932375000001 0.4438764671875 0.8161923921875 0.46366239687500005 0.7895642640625 0.46468904687499996 0.7619619921874999 0.427077209375 0.7030708890625 0.373610934375 0.6988710031250001 0.311091640625 0.7299905859375 0.28721670312500003 0.755084603125 0.27514796874999997 0.7897390953125
11 0.2705008921875 1 0.29551117968749996 0.992824646875 0.33022404375000003 0.9587359859375001 0.341989471875 0.9025106562499999 0.3328956796875 0.8720443187500001 0.2585819140625 0.8189746250000001 0.226989778125 0.8360422765625 0.1904802765625 0.9184349140625001 0.2125527109375 0.978959275 0.2269138125 0.9941428718750001 0.25347630312499997 1 0.2705008921875 1
11 0.21881762968750001 0.795659653125 0.1504827890625 0.752762909375 0.0831628703125 0.7568926921875 0.029177403125 0.8038083437499999 0.03816031875 0.88927506875 0.1258202671875 0.9105018312500001 0.18716125781249998 0.8961990999999999 0.22330908593749998 0.8383930156250001 0.21881762968750001 0.795659653125
11 0.2317496296875 0.797246271875 0.272336409375 0.79101654375 0.31124915937500003 0.70346160625 0.3074693171875 0.686183934375 0.2612652828125 0.65765415625 0.22512332031249999 0.6781458390624999 0.188217234375 0.682024825 0.17231615625000002 0.7082446375 0.1763992984375 0.7470931484375 0.2317496296875 0.797246271875
11 0.125371459375 0.5138445609375 0.0982241421875 0.54517416875 0.09177852812500001 0.5772737640625001 0.101688946875 0.6155098046874999 0.13102362343750001 0.6517042734375 0.177892634375 0.677218334375 0.20355248124999997 0.678449140625 0.2510923359375 0.663633084375 0.29480570781250004 0.6030679484375 0.288575984375 0.56248116875 0.2678276375 0.5332397734375001 0.23475976250000002 0.5082390390625 0.1972937109375 0.49744775468749997 0.125371459375 0.5138445609375
11 0.06927431875 0.662122153125 0.1122584796875 0.6880445265625 0.1744160984375 0.681511496875 0.1065945859375 0.6248136171875001 0.086668734375 0.566027525 0.0575264859375 0.6064042828125 0.06927431875 0.662122153125
11 0.27210320781249997 0.6486595109375 0.2793595828125 0.66164401875 0.3324641875 0.690430459375 0.388590371875 0.682567475 0.4238632 0.663149084375 0.4296438375 0.6340652078125 0.3892670796875 0.6049229578124999 0.371178640625 0.5636186953125 0.320372275 0.54735594375 0.2940940890625 0.577612259375 0.2952140234375 0.6069528 0.27210320781249997 0.6486595109375
11 0.3843614421875 0.5956191453125 0.41783763125 0.6245047296874999 0.44410995 0.6315628156249999 0.519660390625 0.621658259375 0.564645346875 0.6012190828125 0.588111971875 0.5722402171875001 0.5908768906249999 0.5424913625000001 0.580808953125 0.5307843046875 0.4779187703125 0.4954472390625 0.44422669218750005 0.5392480296875 0.3750634953125 0.56321038125 0.3843614421875 0.5956191453125
11 0.472709828125 0.4645725875 0.5151806624999999 0.504296096875 0.5623063375 0.5229095890625 0.5804006390625001 0.526899453125 0.6316211875 0.50973265625 0.662962525 0.4622511734375 0.6454924234375 0.3894597875 0.6025082640625 0.3635374125 0.5161782703125 0.33627921875 0.48545526875 0.35227357812500004 0.4506373953125 0.4040482265625 0.472709828125 0.4645725875
11 0.31109778593750004 0.36568957968750004 0.28057894375000003 0.38362636562499997 0.26273543906249996 0.410050334375 0.2594571953125 0.453600325 0.272027525 0.47977349687500004 0.3236446546875 0.541120353125 0.34536714375 0.55160246875 0.4085455484375 0.554781565625 0.44034184062500004 0.53965634375 0.4590019734375 0.521002075 0.468924125 0.4846093140625 0.46586176718749994 0.45547293125 0.4415377375 0.41089628906250003 0.366967309375 0.3647271640625 0.31109778593750004 0.36568957968750004
11 0.0760584265625 0.4277069953125 0.10457060781250001 0.4934461609375 0.14827225156249998 0.5075098265625 0.1847700234375 0.4997459875 0.21554552968750001 0.4749086359375 0.23359318906249998 0.45042709218750004 0.248631 0.3879661703125 0.238720578125 0.3497301296875 0.21536483281250002 0.3237086078125 0.1803020265625 0.3077550265625 0.14252680625 0.31270730156250004 0.1080706078125 0.3398953953125 0.0760584265625 0.4277069953125
11 0.2998166375 0.2676991640625 0.2342349890625 0.2696823671875 0.221244615625 0.31425314375 0.25747399375 0.388018675 0.27342171249999997 0.39027026875000004 0.3117627640625 0.3626738625 0.346726425 0.3589990328125 0.395386209375 0.3735235171875 0.41097812031250003 0.363047265625 0.41997863124999996 0.336570790625 0.4139530609375 0.29792643750000003 0.3948904796875 0.275381453125 0.34025176562500004 0.2506840203125 0.2998166375 0.2676991640625
11 0.059206665625 0.323428484375 0.091253753125 0.3387170921875 0.1449300515625 0.3075450015625 0.2016687078125 0.305509296875 0.220842165625 0.2730538921875 0.21880059531249998 0.2536296359375 0.172188246875 0.2212150078125 0.138461259375 0.1619155890625 0.124660121875 0.1614022640625 0.0922396296875 0.2453290125 0.040505756250000004 0.27629694531250004 0.059206665625 0.323428484375
11 0 0.26378858437499997 0.061312471874999996 0.259380946875 0.08753815000000001 0.23796762500000002 0.11351302968750002 0.186140471875 0.09583877187499999 0.11140665937500001 0.040797609375 0.0455099765625 0 0.050242009374999994 0 0.26378858437499997
11 0.1477709390625 0.11969555312499999 0.1411211671875 0.149852721875 0.1510315859375 0.1880887625 0.18701016718750002 0.23144046093749998 0.2338791796875 0.256954521875 0.2782458 0.26800246875 0.3261939671875 0.2570712625 0.34597989687499997 0.23044313593750002 0.356112071875 0.1586784015625 0.2692804796875 0.07059254375 0.2069712109375 0.066340153125 0.1836095984375 0.0776330328125 0.1477709390625 0.11969555312499999
11 0.0632375828125 0.04413338125 0.126655053125 0.1523551125 0.1389745828125 0.148114453125 0.1454201984375 0.11601485781250001 0.17778232031250002 0.078245503125 0.22859455468749998 0.057193856249999994 0.23652177187499998 0.029848246875 0.0632375828125 0.04413338125
11 0.47470655781250004 0 0.24776801406249999 0.0247384515625 0.3213584328125 0.1269812546875 0.37896035625 0.161186659375 0.4560449078125 0.1471930953125 0.503952303125 0.0704760828125 0.4993832203125 0 0.47470655781250004 0
11 0.558666046875 0 0.52808976875 0.0011670984375 0.505597290625 0.0113866859375 0.506098884375 0.0722143515625 0.49730253125 0.1006332515625 0.460594734375 0.1437690640625 0.46846358437499996 0.1625808484375 0.499898203125 0.1720421796875 0.578826034375 0.1382160453125 0.659690425 0.14150015625 0.6699683828125 0.11783524062499999 0.6634353546875 0.05567762187500001 0.6465718625 0.0260279125 0.5735394484375 0 0.558666046875 0
11 0.513291025 0.16867065312500001 0.48655202343750004 0.2038851109375 0.4852162015625 0.24723094531249998 0.5036079421874999 0.3101060453125 0.5596757546875 0.34840045625 0.6070114515625 0.33164197500000003 0.6363519921874999 0.33052204375 0.651378071875 0.342689921875 0.6703940125 0.3367634984375 0.7106308484375 0.280491528125 0.703386203125 0.1928782203125 0.656826359375 0.151620596875 0.557406846875 0.14930476718750002 0.513291025 0.16867065312500001
11 0.362143503125 0.16000835468750002 0.347408996875 0.244040115625 0.392743896875 0.2736431828125 0.4279117140625 0.27191078125 0.4723425703125 0.199486934375 0.4710184796875 0.1682039671875 0.454510796875 0.15128210312499998 0.362143503125 0.16000835468750002
11 0.476227421875 0.1990786203125 0.4328698578125 0.2723716015625 0.435418890625 0.31530912031249997 0.46092121875 0.343068909375 0.5089218921875001 0.3232947109375 0.485624515625 0.2511157953125 0.48399712343749995 0.198261990625 0.476227421875 0.1990786203125
11 0.7163355171875 0.4095082453125 0.7017643953125 0.42969662187499996 0.6661882625 0.42754417499999997 0.6632716921874999 0.4465076109375 0.728135859375 0.45638312187499996 0.780791371875 0.41549890312500004 0.7967974625 0.371593103125 0.7373522578125 0.3572202703125 0.6912007265625 0.3198475 0.6497914546875 0.3556219234375 0.698398734375 0.37898940312499996 0.7163355171875 0.4095082453125
11 0.7000962281249999 0.3110570125 0.7307083515625 0.350063040625 0.7817188765624999 0.36826821875000004 0.850012940625 0.34537915625000004 0.87307125 0.3125154375 0.8891298437499999 0.25976664375 0.8681307031250001 0.20011141562499998 0.8227432968749999 0.17935134218749998 0.782821496875 0.1825653515625 0.7190247515625 0.2108733765625 0.7141073875 0.2761983625 0.7000962281249999 0.3110570125
11 0.6968795937500001 0 0.6904310203125 0.0135625953125 0.6652786359375 0.0358450515625 0.677323909375 0.1504481609375 0.73645994375 0.1805645546875 0.8416600937500001 0.15379650625000002 0.8495873125 0.126450896875 0.8098605031250001 0 0.6968795937500001 0
11 0.699763596875 0.47605817500000003 0.693212975 0.52584375625 0.7122230515625 0.557231734375 0.777798834375 0.592562934375 0.8002854484374999 0.6196577484375 0.8553442078125 0.573611228125 0.83919819375 0.532102809375 0.8598532578125001 0.504401390625 0.8724353171875 0.4559457625 0.8543935218750001 0.44311290625 0.7954032718749999 0.46109633125 0.7979115265625001 0.4382480453125 0.764277821875 0.43589143906250005 0.699763596875 0.47605817500000003
11 0.806468534375 0.63177311875 0.798179640625 0.683705284375 0.7759904671875 0.7154957109375 0.7887124453125 0.7524543031250001 0.84013715 0.7372299296875 0.8627871453125 0.7004813624999999 0.8531858937499999 0.6465017609375 0.806468534375 0.63177311875
11 0.523877590625 0.7832353921874999 0.46959468437499996 0.77126580625 0.42843620781249997 0.8374540625 0.47740516250000004 0.836234984375 0.5111963859374999 0.8120626078125 0.523877590625 0.7832353921874999
11 0.6609379859375 0.984856934375 0.8076931953125 0.9704142812500001 0.8114263953125 0.9592205484375 0.8026884125 0.9414820562499999 0.696315825 0.94775255625 0.6645720390625 0.9540347875 0.6609379859375 0.984856934375
11 0.528450596875 0.9575403687499999 0.5493505937500001 0.9975671828125 0.6406445953125 0.987971796875 0.648466803125 0.9783121749999999 0.6505667453124999 0.9515790359375 0.591325696875 0.9391486296875 0.528450596875 0.9575403687499999
11 0.965957171875 0.9066468671875001 0.9277736375 0.90771429375 0.92787278125 0.9273427062499999 0.9533751125000001 0.9551024953124999 0.9851188984375 0.9488202640625 0.965957171875 0.9066468671875001
11 0.9831359781250001 0.55625200625 0.8937201671875 0.6491150296875 0.8914685734375001 0.6650627484375 0.8772591234375 0.6606645703125 0.8795573578125 0.673188259375 0.9346043859375 0.7017705421875 0.983777496875 0.702493890625 0.9831359781250001 0.55625200625
11 0.064917196875 0.41513080156250004 0.0490686265625 0.43250762031249995 0.0337216484375 0.5107121046875001 0.0550824625 0.5457807765625 0.088867821875 0.5589228 0.1195966875 0.505614040625 0.0910786421875 0.4771892734375 0.064917196875 0.41513080156250004
11 0.2647711453125 0.4667889890625 0.26058885468750004 0.408312065625 0.25281915312500003 0.40912869374999994 0.2195820328125 0.485285740625 0.291492553125 0.5435177312499999 0.3190948265625 0.5445443859375 0.3122001234375 0.5069733203125 0.2941058203125 0.5029834578125 0.2647711453125 0.4667889890625
11 0.0580055421875 1 0.0794469859375 0.9831298328125 0.0979613328125 0.9163757468749999 0.038772790625 0.8951023453125 0.054598021875 1 0.0580055421875 1