11 0.6677104515625001 0.9123221234375001 0.690667753125 0.8829381218749999 0.6819626203125 0.8200537171875 0.646661084375 0.7889679328125 0.61612006875 0.7966534828125 0.5873470703125 0.8267515640624999 0.5860195078125 0.88004496875 0.630639659375 0.9149060515624999 0.6677104515625001 0.9123221234375001
11 0.7927333062499999 0.7926782375 0.8156906062499999 0.7632942359375 0.8205554421875 0.69874365 0.7886549875 0.66330468125 0.7329126046875001 0.6740845671875 0.704070890625 0.73567576875 0.7138986734375 0.783663884375 0.7488603515625 0.8039685375 0.7927333062499999 0.7926782375
11 0.901155609375 0.842335015625 0.9287041203124999 0.8182906624999999 0.9328205203125 0.7636709374999999 0.89418661875 0.7054452203125 0.84888550625 0.7051041171875 0.8281391593749999 0.7204421 0.8168463765625 0.7887336296874999 0.8570789859374999 0.8359401921874999 0.901155609375 0.842335015625
11 0.686110896875 0.8618519140625001 0.7142704109375 0.8908629390625 0.7724274125 0.88372215625 0.8028665921875 0.86719404375 0.8110981531249999 0.814036828125 0.7912707921875 0.7967934 0.7529755109375 0.8054310515624999 0.716653153125 0.7980841234375 0.687166075 0.8223665015625 0.686110896875 0.8618519140625001
11 0.7208001890625 0.8959645593750001 0.6959043265625 0.9255865890624999 0.6994747171875 0.9546650890624999 0.716989290625 0.9771119781250001 0.8352418593750001 0.9625923875 0.8384392734375 0.940554078125 0.810790171875 0.8996736249999999 0.7770186234375001 0.8890618031249999 0.7208001890625 0.8959645593750001
11 0.5682006703125 0.7749881484375 0.6118012421875 0.7775058421875001 0.6293170578125 0.7438704890625 0.60340285625 0.6850668843750001 0.587316434375 0.674251396875 0.5463685078125 0.6773113796875 0.5282748046875 0.698227034375 0.532048865625 0.7449906609375 0.5682006703125 0.7749881484375
11 0.6537699890625001 0.7507070109375 0.699105459375 0.73530155 0.710839934375 0.686633715625 0.6952982828125001 0.648202240625 0.6646897921875 0.6312986703125001 0.6188782703125 0.64282699375 0.6065659078125 0.6787751328125 0.624862040625 0.73162684375 0.6537699890625001 0.7507070109375
11 0.7149869703125 0.7845141546875001 0.6995815125 0.739178684375 0.6792093828125 0.7495512375 0.6347585421875 0.748121840625 0.65380310625 0.7910426921875 0.6723041453125 0.8054972875 0.698219590625 0.80821865 0.7149869703125 0.7845141546875001
11 0.6218033000000001 0.6345966749999999 0.6588066171875 0.6074236234375 0.6619365546875 0.560796190625 0.635137721875 0.5188274421875 0.585959475 0.5189623906249999 0.5448066390624999 0.5604194890625 0.5449759515625 0.593851175 0.56949635625 0.62527681875 0.6218033000000001 0.6345966749999999
11 0.5362352203125 0.602795571875 0.534465965625 0.636465284375 0.5560957 0.6603746890625 0.589527384375 0.6602053765625 0.6007170921875 0.6391535296875 0.54436370625 0.5968780390624999 0.5362352203125 0.602795571875
11 0.5711650203125 0.5266823015625001 0.6111608421875 0.515868053125 0.6157864125 0.5054611421875 0.5911298140625 0.4809394953125 0.5732066609375 0.479204596875 0.53440096875 0.4997116765625 0.5237891484375 0.5334832234375 0.541779778125 0.5598072468749999 0.5711650203125 0.5266823015625001
11 0.4895390703125 0.6311587546874999 0.5286846203125 0.621432803125 0.535488025 0.5566441890625 0.5189599109375 0.526205009375 0.48205966875 0.50613838125 0.4568583015625 0.5092327203125 0.439478675 0.535964078125 0.4468574828125 0.5960596453125 0.4895390703125 0.6311587546874999
11 0.5136902203125 0.44322085937500005 0.49341992343749996 0.462435975 0.48461047968750004 0.5028734921875 0.519096103125 0.5193010109375 0.566914909375 0.476041540625 0.54106818125 0.4418270625 0.5136902203125 0.44322085937500005
11 0.6998232625 0.5728705234375 0.7056402015625001 0.5160742046875 0.677582521875 0.49590574375 0.6435042328125 0.5148484734375 0.6693840796875 0.5893986375 0.6998232625 0.5728705234375
11 0.606124215625 0.6591514390625 0.646766640625 0.62956376875 0.6789738375 0.6354481859375001 0.7070315171875 0.6556166484375 0.710739340625 0.6217089078125 0.697850334375 0.5888551093750001 0.6732612125 0.5889225859375 0.6407129140625 0.6283392812499999 0.60700884375 0.6423165828124999 0.606124215625 0.6591514390625
11 0.7279840156249999 0.54579930625 0.736656028125 0.568348028125 0.758558146875 0.5784494390625 0.774202871875 0.5696412343749999 0.7784885828125 0.5484531921875 0.7530835484375 0.53386240625 0.7279840156249999 0.54579930625
11 0.768395784375 0.6050276078125 0.816680790625 0.5870552171875 0.8223271796875 0.55290945 0.7834208953124999 0.508491728125 0.753390290625 0.5043078515625 0.7172716015625 0.5146460484375 0.702782646875 0.5488936453125 0.7290289609375 0.5890787203125 0.768395784375 0.6050276078125
11 0.7969883796875 0.618990028125 0.7771941375 0.6420822796875 0.8297378656250001 0.70942294375 0.872046475 0.693405240625 0.876638925 0.6426626468750001 0.8333450953125 0.610590403125 0.7969883796875 0.618990028125
11 0.8297072296874999 0.556922778125 0.817258675 0.5997749125 0.8773873609375 0.6327317859375 0.89983425 0.6152172109375 0.9000047999999999 0.5925666546875 0.849705140625 0.5515156546875 0.8297072296874999 0.556922778125
11 1 0.5627661546875 0.9795547515624999 0.5513144671875 0.9264650140624999 0.5676720328125 0.903983765625 0.6009331671875 0.9113969328125 0.645282175 0.9741782640625001 0.683816721875 1 0.681649590625 1 0.5627661546875
11 1 0.6902210234374999 0.936903803125 0.6687155265625 0.9044916984375 0.701228225 0.9358473843749999 0.7642831796875 0.9560489625 0.776561184375 1 0.7574467515625 1 0.6902210234374999
11 1 0.7589295671875 0.9992078390625 0.75945518125 0.9839373328125 0.7632979578125 0.969380903125 0.7729564328125 0.95968806875 0.7741465640625 0.959075825 0.7771734265625 0.9829165109375 0.7870368109375 1 0.790492290625 1 0.7589295671875
11 1 0.8685917296874999 0.9861458015625001 0.8614164234375 0.964345515625 0.8601575765625 0.949075009375 0.864000353125 0.9362191203125001 0.871482234375 0.9234650640625001 0.8878066796875 0.9033984374999999 0.924706925 0.8826520875 0.94004490625 0.8794890359374999 0.9463366593750001 0.880679165625 0.9560294921875 1 0.9423315125 1 0.8685917296874999
11 0.9232270375 0.8858681140625 0.9247239125 0.86600639375 0.9219694328125 0.8515861593749999 0.9127870093749999 0.840906859375 0.8759542421875001 0.8454293546875 0.8423188890625 0.8279135390624999 0.826572328125 0.8278791796875 0.8209946546875001 0.8305318265625001 0.8070161109375 0.8529099984374999 0.8071854203125 0.886341684375 0.8221491859375 0.9120534625 0.841364303125 0.9323237593749999 0.8495946218749999 0.9352487843749999 0.88836595625 0.9304882640625 0.904622925 0.918653196875 0.9139759 0.9066819374999999 0.9232270375 0.8858681140625
11 0.871870959375 0.9403847656250001 0.86534118125 0.9352831453125001 0.8396637625000001 0.9345003500000001 0.8397312375 0.9590894734375001 0.8380306953125001 0.961266065625 0.86819749375 0.9585459453125 0.8731972828125001 0.9431736031250001 0.871870959375 0.9403847656250001
11 0.9236062203125 0.656573715625 0.9065676953124999 0.638003959375 0.901058740625 0.6091634859374999 0.899120171875 0.6094015109375001 0.8987459531249999 0.6143669390625 0.8943927687500001 0.6109658609374999 0.8906174671875 0.620284475 0.8784756578125 0.6335820578125 0.8816043562500001 0.643036865625 0.8886101859375 0.6520156203125 0.9025200124999999 0.6611305671875 0.9063971453124999 0.6606545140625 0.9126888984375 0.6638175734375 0.9243202984375 0.6623894171875 0.9236062203125 0.656573715625
11 0.9202419781250001 0.5330158546875 0.9288808749999999 0.5152288953124999 0.9280649609375 0.50057063125 0.9190530875 0.46724078125 0.9066057765625001 0.45401067343749996 0.8862680046875001 0.44863666718750006 0.85865201875 0.4480918984375 0.827872978125 0.453838884375 0.8094394156250001 0.46397341093750005 0.7966853609375 0.48029785625 0.791073328125 0.4986970609375 0.7975687484375 0.5195452421875 0.8094038140625001 0.5358022124999999 0.819198484375 0.5434546453125 0.8414748218750001 0.548590625 0.8669142140625 0.5474348515624999 0.9202419781250001 0.5330158546875
11 0.8838852625 0.5414154859375 0.882184721875 0.543592078125 0.8630370812500001 0.547910903125 0.8604862703125 0.5511757937499999 0.8964000515625001 0.579234715625 0.9082694765625 0.579745125 0.9242884218749999 0.565971490625 0.9266012078125 0.560768034375 0.9224185703125001 0.534716396875 0.9144262781249999 0.5337299328125 0.899393796875 0.539511278125 0.8838852625 0.5414154859375
11 1 0.47290600781250003 0.9907812968749999 0.40235157499999996 0.959288178125 0.40228285625 0.9406165890624999 0.41047881875 0.930889396875 0.42741550781250004 0.9169452124999999 0.43404712031250003 0.916910853125 0.4497936796875 0.9183390093750001 0.46142508125 0.9258208921875 0.47428096875000003 0.9277251015625 0.489789503125 0.9397981937500001 0.5079850390625 0.9725832796875 0.5265891515625001 1 0.5290334999999999 1 0.47290600781250003
11 1 0.5282935109375 0.9766984390625 0.5280516671875 0.9408864921875001 0.508835309375 0.934832765625 0.5076108203125 0.92473135625 0.529512940625 0.923472509375 0.5513132265625 0.92939004375 0.5594417140625 0.9371443109375001 0.558489609375 0.9463610906250001 0.5534223421875 0.961869625 0.551518134375 0.963570165625 0.5493415421875001 0.967685325 0.55080405625 0.985132425 0.548661821875 1 0.556136203125 1 0.5282935109375
11 0.9728937421875001 0.3287878734375 0.9679970296875 0.2969205359375 0.958712771875 0.2773986765625 0.9356205234375 0.2576044328125 0.91722131875 0.2519924015625 0.8879047921875 0.2536242234375 0.8608666921875001 0.265799153125 0.8562411203125 0.276206065625 0.8532473749999999 0.315929503125 0.8715778656250001 0.3530346546875 0.8881403375 0.367727278125 0.90701559375 0.377216440625 0.9341555265625001 0.373884075 0.949188009375 0.3681027359375 0.9689822515625 0.34501048437500004 0.9728937421875001 0.3287878734375
11 0.8763371453125 0.44788823281249995 0.8899071125000001 0.44622205 0.8920837046875001 0.4479225890625 0.9073542124999999 0.444079815625 0.9147686171875 0.4323465796875 0.9138165140625001 0.4245923125 0.91551705625 0.4224157203125 0.9113344203124999 0.396364084375 0.9088179671875001 0.3838824125 0.8883783624999999 0.3696658421875 0.8784475031250001 0.36891740781250004 0.8724956125000001 0.37653548125 0.8666455546874999 0.39299611875 0.8589931203125 0.4027907875 0.82794169375 0.4223457640625 0.82369034375 0.4277872453125 0.825594553125 0.443295778125 0.8310360328125 0.4475471296875 0.8407288671875 0.446357 0.8429054593749999 0.4480575390625 0.866168259375 0.4452012265625 0.8763371453125 0.44788823281249995
11 0.9850686718749999 0.355825975 0.965444978125 0.35626766718749997 0.9530651421874999 0.367626684375 0.934393553125 0.37582264374999996 0.9208235859375 0.3774888265625 0.9171844796874999 0.379903446875 0.9114706124999999 0.38946008593750003 0.91575508125 0.42435428750000004 0.9211965640625 0.42860563906250004 0.9289508312500001 0.427653534375 0.9406165890624999 0.41047881875 0.9554110437500001 0.40275890781249996 0.9786738453125 0.3999025953125 0.9907812968749999 0.40235157499999996 0.9850686718749999 0.355825975
11 0.9722152640624999 0.2511433703125 0.9547681640624999 0.2532856046875 0.9485782437499999 0.2589651140625 0.9495303484375001 0.26671938125 0.9584747453125001 0.275460109375 0.9688472984375001 0.2958322390625 0.970989534375 0.3132793390625 0.973166128125 0.31497987968749996 0.9714655859375 0.3171564734375 0.9733697937500001 0.33266500625 0.97068279375 0.3428338921875 0.9716348984375 0.350588159375 0.976838353125 0.3529009421875 0.985442890625 0.35086054375 0.9722152640624999 0.2511433703125
11 0.866407528125 0.3910575515625 0.8705570437500001 0.37677350781249996 0.8690270546875001 0.35629954375 0.8537234281250001 0.3198066359375 0.8467175984375 0.31082788125 0.8282165609375 0.29637328749999997 0.8020630890625 0.291713359375 0.7904316890625 0.293141515625 0.7693111218750001 0.3134449265625 0.758495634375 0.32953134687499996 0.7531216281249999 0.34986911875 0.755977940625 0.37313191875 0.77577094375 0.4061219109375 0.7962105484374999 0.42033847968750004 0.8184868875 0.425474459375 0.8517149046875 0.407620021875 0.866407528125 0.3910575515625
11 0.8608666921875001 0.265799153125 0.8595403703125 0.263010315625 0.8571257515624999 0.25937120937499997 0.8430797312499999 0.25716025781249996 0.812300690625 0.26290724062500004 0.80138336875 0.2701510984375 0.792268421875 0.284060925 0.791043934375 0.29011465 0.794308821875 0.2926654640625 0.8139325156250001 0.29222376875 0.8301551265624999 0.2961352609375 0.8497444609375 0.31144012499999996 0.8522952703125 0.30817523593749996 0.8532817343750001 0.30018294375 0.85307806875 0.2824978171875 0.8608666921875001 0.265799153125
11 0.8126024703124999 0.45768165781250003 0.8207309546875001 0.45176412343749994 0.8231799328125 0.439656671875 0.82113953125 0.43105213593749997 0.8187249124999999 0.427413025 0.7901568234375 0.41911399375 0.7613850640625001 0.3931298296875 0.7478150984374999 0.39479601249999996 0.734959209375 0.402277896875 0.70785239375 0.44594594218749994 0.7118988374999999 0.4789015765625 0.7169660984374999 0.4881183578125 0.7415208640625 0.50379744375 0.7613825828125 0.5052943125 0.7827068171875 0.5026760265625 0.7905972765625 0.4948199265625 0.7947467921875 0.48053588124999996 0.8126024703124999 0.45768165781250003
11 0.7301274906249999 0.5071641640625 0.7326783015625 0.503899275 0.731113953125 0.49917187187499995 0.7169660984374999 0.4881183578125 0.7121368640625 0.4808401421875 0.7109467328125 0.47114730937499993 0.7087701390625 0.46944676875 0.708328446875 0.449823075 0.7050635562500001 0.44727226406250004 0.701186421875 0.44774831718749997 0.6880925078125 0.4532916328125 0.6876839328125001 0.474003621875 0.6798953062499999 0.4907022859375 0.6803713578125 0.49457941875 0.7075787671875 0.515836178125 0.7153330343750001 0.514884075 0.7301274906249999 0.5071641640625
11 0.75080884375 0.3550725734375 0.7363211296875 0.3332379296875 0.7280908109374999 0.3303129 0.700950878125 0.333645265625 0.686156421875 0.34136517187500004 0.6614985828125 0.37292576875 0.6532339078125 0.3857473 0.6544240375 0.3954401328125 0.6633684343749999 0.40418086249999996 0.6893169968749999 0.4472379078125 0.7048255296875 0.44533370000000005 0.7313201015625 0.40469251406250006 0.7520664484374999 0.3893545296875 0.7549914796875 0.38112421093750004 0.75080884375 0.3550725734375
11 0.7527486515625 0.29875230468749997 0.758360684375 0.2803531015625 0.756558309375 0.2736871328125 0.75427988125 0.2631440265625 0.7446214062500001 0.24858759687499998 0.728058934375 0.23389497499999998 0.6795947671875 0.23984562656250002 0.666738878125 0.24732750937499998 0.6399044484374999 0.2771875640625 0.6372174421875 0.28735645 0.6395977015625001 0.3067421171875 0.6456170734375 0.32371316562499997 0.65153460625 0.33184165 0.6723484296875 0.341092790625 0.721799059375 0.3271498453125 0.7380560296875001 0.3153147796875 0.7527486515625 0.29875230468749997
11 0.7857042843750001 0.29470586249999997 0.7843779625 0.291917025 0.773256971875 0.28147575625 0.7594489796875 0.2812033734375 0.754449190625 0.29657571250000003 0.7382940546875 0.31725334374999997 0.7301655703125001 0.323170878125 0.7287030546875 0.3272860375 0.7417626140625 0.33748928125 0.750094765625 0.349256871875 0.7539718984375 0.3487808203125 0.756522709375 0.34551593281250004 0.757271146875 0.3355850734375 0.7616586890625 0.3232395953125 0.7825412296875001 0.30099761406250003 0.7857042843750001 0.29470586249999997
11 0.640175590625 0.319461815625 0.634359890625 0.32017589375 0.628407996875 0.3277939671875 0.6223199125 0.3423160375 0.6251418656250001 0.3813253984375 0.63058335 0.38557674999999997 0.6504450687500001 0.387073621875 0.6785039890625 0.3511598421875 0.676939640625 0.3464324390625 0.6585404359375 0.3408204078125 0.6434404796875001 0.322012625 0.640175590625 0.319461815625
11 0.6825491921875 0.44019771875 0.6568386546875 0.399079240625 0.6470439875 0.3914268078125 0.6286447828124999 0.385814775 0.580180615625 0.3917654265625 0.570589615625 0.4017981203125 0.558413446875 0.4308422625 0.5697381046875 0.458968659375 0.6142220640625 0.5007337390625 0.6218401390625 0.5066856296875 0.6361241843750001 0.5108351484375 0.655271825 0.5065163234375001 0.6796572796875 0.48876371875 0.68720788125 0.4701264890625 0.6825491921875 0.44019771875
11 0.5642635046875 0.41438162500000003 0.5701135640625 0.3979209875 0.5695356781250001 0.385201290625 0.5648426328125 0.37101907968750003 0.5578368015625 0.3620403234375 0.5289288515624999 0.342960159375 0.49573519218750006 0.3450680359375 0.485293921875 0.356189025 0.47390054687500005 0.359555746875 0.46237098281250005 0.3698264671875 0.4645132171875 0.3872735671875 0.47464774531250004 0.40570713124999996 0.5001546125 0.42914048125 0.5209684359375 0.43839162031249995 0.540592128125 0.437949925 0.55368604375 0.4324066125 0.5642635046875 0.41438162500000003
11 0.6029673640625 0.38503198125 0.6155852265624999 0.37561153125 0.6212990921875 0.36605489062499996 0.6220818875 0.3403774703125 0.628169971875 0.3258554 0.625177465625 0.30949659375 0.61878388125 0.2974909765625 0.61116580625 0.2915390875 0.601234946875 0.2907906484375 0.5927666015625 0.2859270546875 0.573380934375 0.288307315625 0.5605250453124999 0.2957891953125 0.5475329640625 0.31017507499999997 0.5397443375 0.3268737390625 0.5360708734374999 0.3450349171875 0.5527695375 0.3528235421875 0.567019225 0.3727196203125 0.570385946875 0.38411299374999996 0.5780040234375 0.3900648875 0.6029673640625 0.38503198125
11 0.3416338359375 0.46828231093749995 0.3670732296875 0.4671265375 0.387411 0.47250054375 0.3958118703125 0.45277501875 0.39475793124999997 0.436178190625 0.368162765625 0.41189456562500004 0.3560553140625 0.40944559218750004 0.343233784375 0.4011809140625 0.3199709828125 0.40403722656249996 0.30711509375 0.4115191078125 0.2975240953125 0.42155180156250005 0.29167403593749996 0.438012440625 0.294054296875 0.45739810625 0.2993595875 0.4685534546875 0.30480106875 0.47280480625 0.3149699546875 0.47549180937499996 0.3241867359375 0.470424546875 0.33945724374999997 0.46658177187499994 0.3416338359375 0.46828231093749995
11 0.361561790625 0.5504505515625 0.369792109375 0.5533755765625 0.38893975 0.5490567515625 0.4013195875 0.5376977375 0.406795425 0.526202528125 0.40645556718750003 0.515421396875 0.3986338265625 0.49178437812500003 0.3911519421875 0.478928490625 0.377480140625 0.471752109375 0.365610715625 0.47124170000000004 0.3593189625 0.4680786421875 0.349388103125 0.4673302078125 0.32054762812500004 0.47283916406250004 0.3080315984375 0.49110217812499996 0.3041201078125 0.5073247890625 0.30650036875 0.52671045625 0.31374422343749997 0.537627778125 0.3213623 0.54357966875 0.3317692109375 0.548205240625 0.361561790625 0.5504505515625
11 0.4529811671875 0.509708771875 0.46995221562499995 0.5036894046875 0.4778426765625 0.49583330312499996 0.479577571875 0.47791015156250005 0.47729914687499997 0.467367046875 0.47406861562499997 0.44906967656249996 0.4687633265625 0.43791432812500003 0.45073834062499996 0.42733686562499995 0.4405694546875 0.42464986250000003 0.4156061125 0.4296827671875 0.40468879218750003 0.436926625 0.3945873828125 0.4588287453125 0.3955394875 0.46658301093750004 0.39285248125 0.476751896875 0.4070678109375 0.512394534375 0.4168624796875 0.52004696875 0.4352616828125 0.5256590015625 0.444716490625 0.522530303125 0.4529811671875 0.509708771875
11 0.455466984375 0.3696902734375 0.45148801718750003 0.3613237640625 0.43251092656249995 0.3429920359375 0.41822688125 0.33884251875000004 0.3910869484375 0.342174884375 0.378231059375 0.349656765625 0.3665653 0.36683148125 0.3657481484375 0.4082554625 0.3836369421875 0.4257369171875 0.39815901249999996 0.4318250015625 0.4289380546875 0.42607801875 0.44033142812500004 0.4227112984375 0.45138494375000004 0.40856344375000003 0.45845948906249995 0.3860490796875 0.455466984375 0.3696902734375
11 0.35139662656250004 0.3795168203125 0.3457845953125 0.3979160234375 0.348437240625 0.40349369843750005 0.353878721875 0.40774505000000005 0.3659861734375 0.41019402656250004 0.36853698281249997 0.4069291375 0.36734685312500004 0.3972363046875 0.3690473953125 0.3950597109375 0.366327275 0.3648929125 0.3546958734375 0.36632106875 0.352145065625 0.369585959375 0.35139662656250004 0.3795168203125
11 0.4550240484375 0.406148825 0.4467593734375 0.4189703546875 0.4474734515625 0.42478605468749997 0.46308381875000004 0.43172440781250004 0.4717901890625 0.43852657031250003 0.4775040578125 0.42896993125 0.476551953125 0.42121566406250005 0.4782524921875 0.419039071875 0.475974065625 0.4084959671875 0.461724378125 0.3885998921875 0.457473028125 0.394041371875 0.4550240484375 0.406148825
11 0.4735606875 0.34877461875 0.4764857171875 0.3405442984375 0.480431565625 0.308575128125 0.4774390609375 0.292216325 0.4703313953125 0.2743950046875 0.462713321875 0.2684431125 0.45060587031250005 0.2659941359375 0.4273430703125 0.2688504484375 0.42176539531249996 0.2715030921875 0.4087733125 0.28588897343749997 0.40414774531250003 0.296295884375 0.4021748203125 0.3122804703125 0.40526915937499997 0.3374818375 0.428157740625 0.3395909546875 0.45233828750000005 0.36023546875 0.456453446875 0.36169798124999997 0.4639696875 0.35880731093749996 0.4735606875 0.34877461875
11 0.38333268125000003 0.3431269890625 0.3947260546875 0.33976026406250004 0.3989774046875 0.3343187828125 0.40282142343749994 0.29350704843750003 0.39618981249999996 0.2795628625 0.38180393125 0.26657078125 0.3716350453125 0.26388377812499997 0.352249378125 0.2662640390625 0.3393934890625 0.2737459203125 0.3198372734375 0.2987767375 0.315211703125 0.30918365 0.31592578125 0.31499935 0.32146909687499997 0.3280932640625 0.3374193234375 0.34581275 0.3424865890625 0.35502953125 0.3501046625 0.3609814234375 0.36391265625 0.361253809375 0.38333268125000003 0.3431269890625
11 0.27007865937500003 0.398356478125 0.274907896875 0.4056346921875 0.29524566874999997 0.4110086984375 0.30687706875 0.4095805421875 0.3330648984375 0.3984939109375 0.343642359375 0.3804689234375 0.3421123703125 0.359994959375 0.337895375 0.3496898828125 0.3108241578125 0.321529128125 0.3076954625 0.3120743203125 0.2979007953125 0.3044218875 0.29184706875 0.3031973984375 0.2683462421875 0.3041151453125 0.255490353125 0.3115970296875 0.24637540625 0.3255068546875 0.24100139999999998 0.34584462656250003 0.24555825156250002 0.366930834375 0.2532781609375 0.3817252890625 0.2641611234375 0.3902279921875 0.2629366375 0.39628171874999996 0.27007865937500003 0.398356478125
11 0.2978970703125 0.47266861406249994 0.29670694062499997 0.46297578125000005 0.29116362812499996 0.449881865625 0.2902115234375 0.44212759999999995 0.29313655 0.43389728125 0.2913341765625 0.42723130937500003 0.276336053125 0.4172660921875 0.26205200781250004 0.4131165765625 0.24460490781250002 0.41525881093750006 0.24096579999999998 0.41767342812499997 0.2279737203125 0.4320593078125 0.225048690625 0.44028962656250004 0.227905003125 0.46355242656250006 0.23562491093750002 0.4783468828125 0.24977276406249999 0.48940039375 0.2601796765625 0.494025965625 0.28272839843750003 0.4853539515625 0.2861294796875 0.48100076875 0.2953462609375 0.4759335015625 0.2978970703125 0.47266861406249994
11 0.2487956890625 0.3909617171875 0.258002025 0.40614658593749997 0.2945181296875 0.4245043421875 0.301469175 0.4146774671875 0.27087462812499996 0.398039925 0.24422812968750002 0.3670496453125 0.2401112171875 0.366739375 0.2487956890625 0.3909617171875
11 0.2555222296875 0.408014953125 0.24865259062499998 0.3921322015625 0.24555825156250002 0.366930834375 0.23940269218750002 0.35686378125 0.23334896718749998 0.35563929375000003 0.2062090328125 0.3589716578125 0.2006313578125 0.3616243015625 0.19467946875 0.369242378125 0.19461074843749998 0.400735496875 0.2072960875 0.41590416875 0.223994753125 0.4236927953125 0.2336875859375 0.422502665625 0.2426663421875 0.4154968375 0.254059715625 0.4121301125 0.2555222296875 0.408014953125
11 0.41053636875 0.5326304703125 0.38832750625 0.5520836140625 0.3851644515625 0.5583753671875 0.38635458125 0.5680682 0.3964891078125 0.5865017625 0.3972031875 0.5923174625 0.4028826953125 0.5985073812499999 0.4140380421875 0.5932020921875 0.4420282484375 0.5887814296875 0.4434907609375 0.5846662703125001 0.4381523546875 0.5331752421875 0.42216776874999995 0.5312023140625 0.41053636875 0.5326304703125
11 0.2510009765625 0.3150999421875 0.24967465312499998 0.3123111078125 0.2453214671875 0.3089100234375 0.22158261562499998 0.30788920625 0.21940602187499997 0.3061886640625 0.19420465468749998 0.3092830015625 0.186314196875 0.31713910312500004 0.18508970625 0.3231928296875 0.1884220703125 0.3503327625 0.2003933328125 0.3596857359375 0.21154868124999998 0.354380446875 0.23675004843749997 0.35128610781249997 0.2422258859375 0.3397909 0.24174983437500003 0.3359137671875 0.2475998921875 0.31945312812500004 0.2510009765625 0.3150999421875
11 0.37166071875 0.6407129140625 0.3942781578125 0.60054778125 0.3908096 0.5803118453125 0.3798248015625 0.562966578125 0.372206728125 0.5570146874999999 0.3417000703125 0.548953675 0.3203758375 0.5515719625 0.307757975 0.5609924109375 0.29330337968750003 0.5794934515625 0.2867392421875 0.5901383890624999 0.2859908078125 0.6000692484375 0.292486225 0.6209174296875 0.302620753125 0.6393509921875 0.3252369515625 0.655268103125 0.3465611859375 0.652649815625 0.36377025937499996 0.6485690140625 0.37166071875 0.6407129140625
11 0.46267152031250003 0.620683125 0.4446808921875 0.5943591046875001 0.43342370937499997 0.59082183125 0.41039893593750004 0.595616709375 0.3888023171875 0.612042990625 0.3750618 0.636359728125 0.372374796875 0.6465286140625001 0.374993084375 0.6678528484374999 0.38366509843749996 0.6904015703125 0.399751515625 0.7012170578125 0.42107574999999997 0.698598771875 0.43587020625 0.6908788640625 0.4627389953125 0.6452722484375 0.4647119203125 0.6292876625 0.46267152031250003 0.620683125
11 0.5263362390624999 0.6984650609374999 0.541403078125 0.676937159375 0.538172546875 0.6586397875000001 0.5176311078125 0.6355806562499999 0.49389225468750003 0.6345598359375 0.47862174843750005 0.6384026125 0.462364778125 0.650237678125 0.44814820624999996 0.670677284375 0.4427742 0.6910150546875 0.4456305125 0.7142778562500001 0.450459753125 0.7215560703125 0.46460760468749995 0.732609584375 0.4791296765625 0.73869766875 0.48712196875 0.7396841328125 0.5179010109375 0.733937146875 0.524090928125 0.7282576390625 0.5263362390624999 0.6984650609374999
11 0.455220275 0.7603274046874999 0.45984584375 0.7499204921875 0.462770871875 0.7416901734375 0.4609684984375 0.7350242046875 0.44610656562499995 0.7181549890625 0.44069944375 0.6981570796875001 0.436584284375 0.6966945625000001 0.3999895421875 0.7031556265625001 0.393799625 0.7088351328125 0.394275678125 0.712712265625 0.38965010625 0.7231191781249999 0.386214665625 0.7432189234375 0.38811887343749996 0.7587274578125001 0.3934241671875 0.7698828046874999 0.40757201875 0.7809363203124999 0.41944144375 0.7814467296875 0.447567840625 0.770122071875 0.455220275 0.7603274046874999
11 0.3643469046875 0.717370953125 0.3701626046875 0.716656875 0.37550225312499996 0.7120656640624999 0.38859616875 0.7065223484375001 0.3911469796875 0.703257459375 0.3893446046875 0.696591490625 0.383903125 0.6923401375 0.381250478125 0.6867624625000001 0.37740770156250003 0.67149195625 0.375231109375 0.6697914140625 0.373088875 0.6523443140625 0.369585959375 0.647854934375 0.3291140859375 0.65479205 0.3229241671875 0.660471559375 0.3214616515625 0.6645867187500001 0.3231278328125 0.6781566859375 0.3284331265625 0.6893120328125 0.33567698125 0.7002293546875 0.3520014265625 0.7129834078124999 0.3643469046875 0.717370953125
11 0.2881318 0.6735985890625 0.315271734375 0.670266225 0.3195230859375 0.66482474375 0.32135981875 0.6557441546875 0.2982675703125 0.6359499109375 0.297315465625 0.62819564375 0.28983358125 0.61533975625 0.285038703125 0.59231498125 0.2795972203125 0.588063628125 0.27160492812500003 0.5870771671874999 0.26313658281249996 0.5822135703125 0.253681775 0.5853422687500001 0.242628259375 0.599490121875 0.24283192812499999 0.6171752484375 0.257081615625 0.637071325 0.2662296796875 0.66349718125 0.2801395078125 0.672612128125 0.2881318 0.6735985890625
11 0.3184372703125 0.5518099875 0.32098808125 0.5485451 0.31942373281249997 0.5438176953125 0.30673839531249997 0.5286490234375 0.30415446875 0.49157822968750003 0.298712984375 0.4873268796875 0.2752121578125 0.4882446234375 0.26065572812500004 0.4979030984375 0.25276527031249996 0.5057592 0.24035107500000003 0.532864775 0.24514595312499998 0.5558895500000001 0.2572190484375 0.5740850859375 0.2713669015625 0.585138603125 0.2815357875 0.587825603125 0.289052028125 0.5849349328125 0.3058194078125 0.5612304375 0.3184372703125 0.5518099875
11 0.5817350375 0.84515076875 0.593197128125 0.8102909265625 0.59187080625 0.8075020890625 0.5824503562500001 0.794884225 0.561874559375 0.787571653125 0.5461280000000001 0.787537296875 0.505656125 0.794474409375 0.490725478125 0.8090983140624999 0.48463739375000003 0.8236203859375 0.4857931640625 0.8490597796875001 0.491812534375 0.8660308265625 0.5061984125000001 0.8790229093749999 0.5204824578125 0.883172425 0.5640830296875 0.88569011875 0.5793535359375 0.8818473421874999 0.5836048875000001 0.8764058625000001 0.5817350375 0.84515076875
11 0.542452053125 0.9178629562499999 0.5604095640625 0.9038512984375 0.5697625359375 0.8918800375 0.5698987296875 0.884976040625 0.5621444624999999 0.8859281453125 0.5500370109375 0.8834791687499999 0.538405609375 0.884907325 0.51442873125 0.8819479359375 0.5061984125000001 0.8790229093749999 0.4942271515625 0.869669934375 0.48830961874999995 0.8615414484375 0.48443248437499997 0.8620175 0.476780053125 0.87181216875 0.4789222875 0.88925926875 0.48640416875000003 0.9021151578125 0.4986134546875 0.9134066984375 0.5131355265625 0.9194947828125001 0.542452053125 0.9178629562499999
11 0.4596728125 0.884735534375 0.472290675 0.8753150859375 0.484806703125 0.857052071875 0.4829368515625 0.8257969781250001 0.49171194218750003 0.801106021875 0.489909565625 0.794440053125 0.4758979046875 0.7764825390625 0.4536215671875 0.771346559375 0.4344739265625 0.7756653874999999 0.41967947031249997 0.7833852953125 0.41168717812500005 0.782398834375 0.40804807031249996 0.7848134515625 0.402096178125 0.7924315265625 0.3981846875 0.8086541390624999 0.4010753578125 0.8161703796875001 0.40246915625 0.8435483390625 0.415494353125 0.8694981437499999 0.4318188 0.8822521984374999 0.444164278125 0.88663974375 0.4596728125 0.884735534375
11 0.432056825 0.8841907625 0.4078762796875 0.86354625 0.39648290468749997 0.8669129734375 0.38434109375 0.88021055625 0.373287578125 0.8943584093749999 0.37230111718750003 0.902350703125 0.374681378125 0.9217363703125001 0.393725946875 0.964657221875 0.43722468281250004 0.9583323531250001 0.45565824531250004 0.9481978249999999 0.45990959687500005 0.9427563421875 0.46235857343750003 0.9306488906249999 0.45821029687500003 0.8888506906250001 0.432056825 0.8841907625
11 0.6896125718749999 0.9224235343749999 0.68685809375 0.9080032953125 0.6825049078125 0.9046022171875 0.6640713453125 0.91473674375 0.638869978125 0.9178310828124999 0.6245859328125001 0.9136815640625 0.6054726500000001 0.9022538296875 0.601595515625 0.9027298828125 0.597344165625 0.9081713656250001 0.5946571625 0.9183402515625 0.5972754484375 0.9396644843749999 0.603056790625 0.9546969656250001 0.6302641999999999 0.9759537249999999 0.6540030531250001 0.9769745453124999 0.6813135359375 0.9509916234375 0.6896125718749999 0.9224235343749999
11 0.664920375 0.9697306906250001 0.655567403125 0.9817019484375 0.6568937234375001 0.9844907859375001 0.7131121578124999 0.9775880296875 0.71287413125 0.9756494625000001 0.701515115625 0.9632696265625 0.6869930453124999 0.9571815421875 0.664920375 0.9697306906250001
11 0.60921235 0.9647640171875 0.6032948171875 0.9566355328125 0.597513475 0.9416030515625 0.593943084375 0.9125245515625 0.5915284656249999 0.90888544375 0.575918096875 0.901947090625 0.56234813125 0.9036132734375 0.551668834375 0.9127956968750001 0.5425538859375 0.926705521875 0.5413293984374999 0.9327592484375 0.5437096593749999 0.9521449140625 0.5586734234375 0.9778566921875 0.5627542265625001 0.9950657656249999 0.610368121875 0.9902034109375 0.60921235 0.9647640171875
11 0.61502805 0.9640499390624999 0.6111509171875 0.9645259906250001 0.60860010625 0.96779088125 0.6097902359375 0.9774837140624999 0.608089696875 0.9796603078125001 0.610368121875 0.9902034109375 0.653016590625 0.9849668375 0.654241078125 0.9789131140625 0.6479493265625 0.9757500546875001 0.631964740625 0.9737771328125 0.61502805 0.9640499390624999
11 0.5305813125000001 1 0.558026821875 0.9966301156249999 0.5563606390625 0.98306015 0.5415330671875 0.9504443734375 0.5345272359375 0.94146561875 0.5227940015625 0.9340512125 0.50850995625 0.9299016921875 0.49300142343750003 0.9318059015625 0.47069072656250005 0.9424164812500001 0.45865075 0.964556628125 0.46542095781250004 1 0.5305813125000001 1
11 0.4614653546875 1 0.46160889687499995 0.9966619921875 0.4468831578125 0.9728887828125 0.40280653437499997 0.9664939531250001 0.37170944375000003 1 0.4614653546875 1
11 0.362823378125 1 0.3682178359375 0.9973061124999999 0.38427113749999997 0.96778591875 0.3825031203125 0.9453733859375 0.361996040625 0.9065676953124999 0.31281779374999996 0.9067026453125001 0.28792193125 0.936324675 0.287615184375 0.9658792281249999 0.307182959375 1 0.362823378125 1
11 0.2936026765625 0.8864323515624999 0.3380191609375 0.90360830625 0.3612819609375 0.9007519937499999 0.38604163593749996 0.878033965625 0.38828694375 0.8482413859375001 0.3761120171875 0.821203284375 0.3370351796875 0.7994361171875 0.2953388171875 0.8124269578125001 0.278911296875 0.84691258125 0.2936026765625 0.8864323515624999
11 0.40151829218749996 0.77971183125 0.37108035156249997 0.7401577015624999 0.32696936875 0.749509434375 0.3110522578125 0.7721256328125 0.3174114875 0.7998778125 0.3811118046875 0.80583094375 0.39468177187500003 0.8041647609375 0.40151829218749996 0.77971183125
11 0.30632485625 0.7736899796875 0.2864974953125 0.7564465499999999 0.2431349484375 0.755867421875 0.223544375 0.7966447984375 0.23412059531249999 0.8347020546874999 0.2756464078125 0.844361771875 0.30856892343750003 0.7999796453125 0.30632485625 0.7736899796875
11 0.1997686828125 0.923535021875 0.230853225 0.9443157296875 0.27642672031250004 0.9308488374999999 0.2891807734375 0.914524390625 0.2888752734375 0.8879967000000001 0.275510215625 0.8512657671875001 0.253846121875 0.843102921875 0.21918994687499999 0.849325959375 0.18946484218749998 0.8716697734375 0.1997686828125 0.923535021875
11 0.2890953625 1 0.29207020625 0.9781228734375 0.2771407984375 0.9366645359374999 0.22527555000000002 0.9469683734375 0.1952780609375 0.9831201796875 0.20063902968749997 1 0.2890953625 1
11 0.181078590625 1 0.181333878125 0.98975179375 0.1714373765625 0.9732567953125001 0.144807853125 0.9647197343749999 0.10675059687499999 0.9752959578124999 0.0888949203125 0.9981501796875 0.08871586406250001 1 0.181078590625 1
11 0.119368459375 0.9658755078124999 0.16494195625000002 0.952408615625 0.17688009843750002 0.9214259046875 0.158923828125 0.8793553234375 0.13532116875 0.87143050625 0.0878091046875 0.885135425 0.0735581796875 0.9213215890625 0.08076767500000001 0.9479854718749999 0.119368459375 0.9658755078124999
11 0.18327368593749999 0.9334315234374999 0.207556065625 0.9629186015625001 0.22286093125 0.943329265625 0.19674181875000002 0.922922778125 0.18327368593749999 0.9334315234374999
11 0.2094971140625 0.8505160890625 0.226876740625 0.8237847328125 0.2215039734375 0.7880402625 0.1738226 0.76831349375 0.1394044515625 0.7764750968749999 0.1159711 0.801981965625 0.1173649 0.829359925 0.14358584531250002 0.8586089765624999 0.2094971140625 0.8505160890625
11 0.2964283546875 0.7571949859375 0.33037045 0.74515625 0.340132 0.7124729999999999 0.32384191093750003 0.6839723859375 0.292246959375 0.67506110625 0.256366296875 0.6873378671875 0.2426257796875 0.71165460625 0.254664515625 0.745596703125 0.2964283546875 0.7571949859375
11 0.20786777031249998 0.709035078125 0.1783463375 0.7490640187500001 0.21861330156249997 0.780524021875 0.24908684218750002 0.748249346875 0.2453802578125 0.7260748421875001 0.231130571875 0.706178765625 0.20786777031249998 0.709035078125
11 0.2185470671875 0.69985265625 0.2529995734375 0.67594449375 0.25983609375 0.6514915625000001 0.23847874375 0.6137741671875 0.22164388750000003 0.6128895375 0.18260016875 0.6314580515625 0.172702425 0.6710452984375 0.19045502812499998 0.6954307531249999 0.2185470671875 0.69985265625
11 0.2561307515625 0.573234815625 0.22837981406250002 0.5235118 0.2055930671875 0.53024525 0.1816493046875 0.56762154375 0.1864441828125 0.5906463171875 0.22140586093749998 0.6109509703125 0.23691439375 0.6090467609375 0.2561307515625 0.573234815625
11 0.18930049531249998 0.61390911875 0.1937555171875 0.6261527640625 0.23739044687500002 0.6129238984375001 0.20059203750000001 0.6016998328125001 0.18930049531249998 0.61390911875
11 0.24048726718750002 0.52596078125 0.2543639765625 0.49474004374999997 0.23477464218750002 0.47943517968749993 0.20260056093749998 0.5138864437499999 0.21287128125 0.525416009375 0.24048726718750002 0.52596078125
11 0.20202267499999998 0.501166746875 0.22787064375 0.4792989859375 0.22657868125 0.46076358749999996 0.2090984640625 0.422570140625 0.17434045468749998 0.4199506125 0.1443773234375 0.44035586093749995 0.137268421875 0.47861678437500005 0.1666524234375 0.5015740828124999 0.20202267499999998 0.501166746875
11 0.1385260265625 0.5128987406250001 0.1209083765625 0.53769153125 0.125906925 0.5784014328125 0.1793021625 0.5885715609375 0.2027023953125 0.522729009375 0.1751207671875 0.506437678125 0.1385260265625 0.5128987406250001
11 0.16729530312500002 0.6510473875 0.1866134953125 0.624078003125 0.1853215296875 0.6055426078124999 0.16937130312499998 0.587823121875 0.1260087578125 0.5872439968750001 0.0909440078125 0.6141790203124999 0.09186175156250001 0.637679846875 0.11060081718749999 0.654073009375 0.16729530312500002 0.6510473875
11 0.13677192031250002 0.7303204421875 0.172107165625 0.7460259359375 0.18994461875 0.7073001796875 0.167873190625 0.663767084375 0.14767160937499998 0.6514890796875 0.1050231421875 0.656725653125 0.0893440578125 0.68128041875 0.104069525 0.7142916796875001 0.13677192031250002 0.7303204421875
11 0.0900237765625 0.7028426796875 0.09236968125 0.7379749062500001 0.13845234687500002 0.7687208296875 0.1636537140625 0.765626490625 0.17290485312499998 0.7448126671875 0.12736571562500001 0.742533 0.0900237765625 0.7028426796875
11 0.05040093125 0.7647737390625 0.0493457546875 0.8042591515625 0.0721656203125 0.8378613890625 0.11372579062499999 0.8317745437499999 0.1239302765625 0.7626327453124999 0.09587259687500001 0.7424642828125 0.05040093125 0.7647737390625
11 0.11253442031250001 0.8781639531250001 0.1394706859375 0.8571464593749999 0.1208678140625 0.8338493031249999 0.0961424984375 0.8408207750000001 0.093760996875 0.87751735 0.11253442031250001 0.8781639531250001
11 0.0898163890625 0.8534042796874999 0.0728796984375 0.8436770875 0.03883576875 0.8468732609374999 0.0496831328125 0.9272047671875001 0.0716196109375 0.9215596156249999 0.074578996875 0.8975827375 0.093760996875 0.87751735 0.0898163890625 0.8534042796874999
11 0.0861416296875 1 0.10749903281249999 0.9653650953125 0.0637291515625 0.929415715625 0.0490708890625 0.930231628125 0.0584918859375 1 0.0861416296875 1
11 0.054652284375000006 0.75933225625 0.030980907812500003 0.782900559375 0.038121690624999996 0.8410575609375 0.07015148437499999 0.840725384375 0.047784721875000005 0.8000427640625001 0.048316296875 0.7826059296875 0.054652284375000006 0.75933225625
11 0.029996926562499998 0.6787283671875 0.030097520312499997 0.7436531734375 0.044721424999999995 0.75858381875 0.090431115625 0.73821293125 0.088766171875 0.668560721875 0.05584489687500001 0.65686060625 0.029996926562499998 0.6787283671875
11 0.031593153125 0.779873696875 0.042782857812500005 0.7588218453125 0.026594604687500002 0.7391637953125 0.031593153125 0.779873696875
11 0.10784757812500001 0.5835705296875 0.0807763609375 0.555409775 0.0463582125 0.563571378125 0.03190361875 0.5820724171875 0.045336151562499996 0.6433924734375001 0.08832447812500001 0.6489370296875 0.08924346562499999 0.6163556140625001 0.10784757812500001 0.5835705296875
11 0.11655394999999999 0.5903726921875 0.1263829765625 0.582278565625 0.1212482359375 0.5484726625 0.0855037640625 0.5538454265625 0.11655394999999999 0.5903726921875
11 0.1149564828125 0.5453096046875 0.137437728125 0.5120484703125 0.1332550953125 0.48599683281250006 0.10978862656249999 0.47116802187499995 0.07319388593750001 0.47762908125000003 0.0565626953125 0.4944295796875 0.05530385156249999 0.516229865625 0.0776476640625 0.5459549703125 0.1149564828125 0.5453096046875
11 0.14839189375 0.3768935703125 0.15566886562499999 0.428146575 0.2051194953125 0.4142036296875 0.1887619328125 0.3611138921875 0.14839189375 0.3768935703125
11 0.183525359375 0.31846542499999997 0.163459971875 0.299283428125 0.1183968859375 0.300880890625 0.108261115625 0.338529571875 0.132305471875 0.3660780828125 0.15434378437500001 0.36927549531250004 0.186007453125 0.34669365625 0.183525359375 0.31846542499999997
11 0.08907911874999999 0.358594959375 0.117545375 0.35805143125 0.1165932703125 0.3502971640625 0.10016699062500001 0.328700546875 0.08907911874999999 0.358594959375
11 0.122044675 0.3927150640625 0.1008435265625 0.383291771875 0.0590411140625 0.3910970109375 0.057839659375 0.4139611921875 0.0719037609375 0.45232256406250004 0.0993404453125 0.46899787656249997 0.1338908375 0.46742817187499996 0.1468485015625 0.40971365156250006 0.122044675 0.3927150640625
11 0.06760955937499999 0.3846998421875 0.14771093125 0.41141355468749996 0.14210013906250002 0.37373051562500004 0.1136682421875 0.3585274828125 0.078774040625 0.3628119515625 0.06760955937499999 0.3846998421875
11 0.0002167828125 0.4343991359375 0.0011614171875 0.45990835625 0.0443534109375 0.4831380375 0.061324459374999994 0.47711867343750003 0.072514165625 0.4560668203125 0.056700128125000006 0.431443340625 0.0469849640625 0.412621434375 0.029548128125 0.41208985781249996 0.0104482625 0.41978012343750004 0.0002167828125 0.4343991359375
11 0.086902525 0.35689441875 0.0928887765625 0.33352978437499997 0.0446969921875 0.325672440625 0.0248683890625 0.3645112515625 0.0591159890625 0.3790002046875 0.086902525 0.35689441875
11 0 0.4023702359375 0.00221659375 0.42042294375000006 0.0515310328125 0.41338399531250003 0.053776342187500006 0.38359141874999997 0.0169779328125 0.37236735468750004 0 0.39625988749999996 0 0.4023702359375
11 0 0.523103725 0.0078249046875 0.5702704671875 0.03737945625 0.5705772078125 0.062853209375 0.5536748765625 0.06458810781249999 0.5357517234375 0.04625761875 0.498646571875 0 0.5015840421875 0 0.523103725
11 0.017889475 0.676279390625 0.0529542265625 0.649344365625 0.0363917546875 0.63465174375 0.031120820312500002 0.6077498359375 0.010408832812500001 0.6073412593749999 0.017889475 0.676279390625