11 0.3777230359375 0.5266916593750001 0.40523170000000003 0.49728894375 0.40147788437500004 0.45297382812500003 0.3520941640625 0.417215325 0.30338498125 0.413809246875 0.2640022296875 0.4590237484375 0.2812583734375 0.50624093125 0.3305534921875 0.529266928125 0.3777230359375 0.5266916593750001
11 0 0.920557209375 0.05441786562499999 0.8662944093749999 0.056509153125 0.8223880265625001 0.042781976562500004 0.808701815625 0.0155048359375 0.8067944109375 0 0.8180417921875 0 0.920557209375
11 0.14497552656249998 0.7052268546875 0.162108778125 0.67020388125 0.1479795515625 0.6202685125 0.087580165625 0.6160449765625 0.052911609375 0.649841759375 0.0445188484375 0.71386539375 0.0735604765625 0.732538284375 0.112664065625 0.73331478125 0.14497552656249998 0.7052268546875
11 0.16897525 0.51601038125 0.125838684375 0.5169097671875 0.0963340125 0.5608571171875 0.0991817640625 0.6041299265625 0.152012528125 0.6185926328125 0.184194421875 0.5503588140625 0.16897525 0.51601038125
11 0.24394688125 0.6338318328125 0.2690098453125 0.597405465625 0.25474437499999997 0.5494184640625 0.21827036875 0.539036375 0.18287963125 0.555161609375 0.15486695781249998 0.6197711796875 0.1750251703125 0.6534860359375 0.210232025 0.653990046875 0.24394688125 0.6338318328125
11 0.2336124328125 0.6556249640625 0.1717620125 0.6581525890625 0.16015373593749999 0.7121619015625 0.1823965578125 0.7440646328125 0.2055044796875 0.749596284375 0.24176031562500003 0.7070999687499999 0.2336124328125 0.6556249640625
11 0.1513998890625 0.7673497625000001 0.152040140625 0.7301945390625 0.0851144375 0.7353041078125 0.04954649375 0.7259643265625 0.0530754640625 0.7594953 0.07835659687499999 0.7759473375 0.1251174125 0.779217171875 0.1513998890625 0.7673497625000001
11 0.157592728125 0.8607827875 0.15157041875 0.8349090406249999 0.1614961390625 0.8189610109375 0.1419715015625 0.790185196875 0.0952106875 0.7869153625 0.06303546875 0.81305491875 0.0558689 0.8595432468749999 0.06764770625 0.8730932156250001 0.1291780015625 0.8891431984375 0.157592728125 0.8607827875
11 0 0.961834409375 0.11149309999999998 0.9740539 0.11961337187500001 0.9139270015625 0.1038492265625 0.8873720374999999 0.0478915484375 0.87562751875 0.00724164375 0.9109639390625001 0 0.9297284359375 0 0.961834409375
11 0.175625365625 0.8688963828125 0.13135121562500002 0.9000635828125001 0.11485153749999999 0.94002559375 0.1212349375 0.9747351156249999 0.2069630984375 0.9807298125000001 0.229212596875 0.9705382828125 0.2280883640625 0.9166175750000001 0.19682588437499998 0.9017051765625 0.175625365625 0.8688963828125
11 0.2871319953125 0.898230521875 0.2321213421875 0.91494169375 0.23424023906250002 0.9826372156250001 0.31412329843750003 0.988223184375 0.3334297640625 0.9641205953125 0.328136309375 0.9138241375 0.30602973125 0.8799730390624999 0.2871319953125 0.898230521875
11 0.23329989062499998 0.9120872640625001 0.269187959375 0.9028494374999999 0.3007296015625 0.8717708406250001 0.3004637921875 0.8335733125000001 0.27989685 0.8057035593749999 0.2122489671875 0.79314158125 0.191041775 0.8024270484375 0.175264275 0.8600606078125 0.20253474218749998 0.904062275 0.23329989062499998 0.9120872640625001
11 0.3170111078125 0.7789304265625 0.3347779359375 0.7488464953125 0.33056775156249996 0.725057359375 0.277784628125 0.695913775 0.22585324999999998 0.7245876359375 0.21352279375 0.7609253984375 0.2262962671875 0.7882501828125 0.274460478125 0.7994497296875 0.3170111078125 0.7789304265625
11 0.3799314453125 0.8870986437499999 0.4085300546875 0.8421089890625 0.40463999531250006 0.7997422421875 0.371974121875 0.77690013125 0.326207971875 0.7874051125 0.30114500781250003 0.8238314765625001 0.305804884375 0.869188896875 0.3366586359375 0.8899463984375 0.3799314453125 0.8870986437499999
11 0.3525447640625 0.7187625640624999 0.37624529687499997 0.70181986875 0.391021453125 0.67250575625 0.39478861875 0.6326323484375 0.377259990625 0.5893118984375 0.32116606875000003 0.5795157453125 0.2797939859375 0.5971806187500001 0.264152734375 0.6528658125 0.2981267234375 0.7129993875 0.3525447640625 0.7187625640624999
11 0.3406564171875 0.5387839171875 0.3247083890625 0.5288581984375 0.289637778125 0.5264058234375 0.2639888796875 0.543212271875 0.2770758 0.5940537046875 0.3469035734375 0.57544180625 0.3406564171875 0.5387839171875
11 0.383513821875 0.5838755250000001 0.41423800625 0.5644871328125001 0.44582061093750003 0.560821921875 0.458737003125 0.5441040734375 0.45330730625 0.49575598125000003 0.4238569515625 0.48292819375 0.3835681375 0.5271003890625 0.3485861296875 0.5373805218750001 0.345684059375 0.55088285 0.35845753281250003 0.5782076328125 0.383513821875 0.5838755250000001
11 0.5094698046875 0.6445674265625 0.513414178125 0.6301590359375 0.5156826718749999 0.61171766875 0.48882093437499996 0.5618709015625 0.42411608593750005 0.5632199796874999 0.386368253125 0.5850540750000001 0.4132709515625 0.6623142265624999 0.47992416875000005 0.6611013890625 0.5094698046875 0.6445674265625
11 0.4415294078125 0.7621849671875001 0.4687655859375 0.7366789859375 0.46473928593749997 0.6962606046875 0.42650079375 0.66911303125 0.40076328906249997 0.673186971875 0.349281603125 0.723429115625 0.3656793265625 0.7549231171875 0.390463128125 0.764487746875 0.4415294078125 0.7621849671875001
11 0.4646173 0.893999403125 0.478582675 0.8342812328125 0.49462598125 0.8148452015625001 0.48665530468749996 0.788835209375 0.4565713734375 0.77106838125 0.438899825 0.7717905625 0.4088092171875 0.79611799375 0.40793744218750005 0.864583334375 0.42669225937500005 0.890368478125 0.4646173 0.893999403125
11 0.47444015781250004 0.6695284359375 0.473977109375 0.732148675 0.49327690156250004 0.75014035 0.5453921609375 0.70483724375 0.53194415 0.645160040625 0.47444015781250004 0.6695284359375
11 0.5944424046875 0.8433618812500001 0.6287498734375 0.800729325 0.6240013921875 0.7426393953125 0.6032982078125 0.71671800625 0.549016409375 0.7090064671875 0.5065543828125 0.7422582765625 0.50957934375 0.8109961046875 0.5394793921875001 0.845392175 0.5944424046875 0.8433618812500001
11 0.48409429687500005 0.9374560953125 0.575354109375 0.9203428718750001 0.5860496484375 0.9073855171874999 0.585647596875 0.8711363562500001 0.57219290625 0.8535534109375 0.5355826578125 0.8451196890625001 0.507992065625 0.8196956343749999 0.48066728437500006 0.8324691078124999 0.4643448140625 0.8978961375000001 0.48409429687500005 0.9374560953125
11 0.49348987187500004 1 0.4969563734375 0.9775133859375 0.49274618906249995 0.9537242484374999 0.4522392046875 0.94501804375 0.40955233125 0.9674857109375001 0.39310029375 0.9927668468749999 0.483866834375 1 0.49348987187500004 1
11 0.46683147812500003 0.9323331734375 0.4573211640625 0.9003418375000001 0.4058051921875 0.8810763359375 0.36307068125 0.9182248812499999 0.3598008453125 0.9649856953124999 0.390109621875 0.993536665625 0.409688575 0.9655373453125 0.46683147812500003 0.9323331734375
11 0.6121383765624999 1 0.611644234375 0.947354203125 0.5926169296875 0.9254657937499999 0.5294517171875001 0.9327962171875 0.49536909375000004 0.9862129171875 0.49532435625 1 0.6121383765624999 1
11 0.771073728125 1 0.745448 0.9518159374999999 0.68545734375 0.9417472984374999 0.6227008609375 0.9432326218749999 0.6131838703125 0.9533355484375001 0.611140225 0.9825610578124999 0.6192923796875001 1 0.771073728125 1
11 0.6676495515624999 0.944417846875 0.7357128375 0.9090404609375 0.7447801359375 0.8773692515624999 0.7435606265625 0.8528102953125 0.7174210671875 0.820635078125 0.6532611890625 0.8141906859375 0.5949397390625 0.8502492890625 0.5891765640625 0.9046673296875 0.632578940625 0.9419654718749999 0.6676495515624999 0.944417846875
11 0.823968628125 0.976885578125 0.8616688218749999 0.9697323593749999 0.8748577 0.9491177796875 0.8704226687500001 0.9145445015625 0.8129320281249999 0.854724375 0.784251490625 0.844887259375 0.7492694828124999 0.8551673921875 0.7387921171875 0.9210031515624999 0.762302090625 0.9627839609375 0.823968628125 0.976885578125
11 0.7365912890625 0.7984808578125 0.7317475296875 0.76975268125 0.70827851875 0.7553852546875001 0.6482878624999999 0.7453166171875 0.633062015625 0.753062446875 0.6335050296875 0.8167249921874999 0.719505678125 0.8188229515625001 0.7365912890625 0.7984808578125
11 0.9123566546875 1 0.910691453125 0.9966550875 0.8787953984374999 0.9768036515625 0.8415039328124999 0.978111765625 0.814675953125 1 0.9123566546875 1
11 0.9006904828125 0.9156820859374999 0.9350389140625 0.9004629140624999 0.9205076343749999 0.8142783828125 0.9000769343749999 0.7844602609375 0.84257961875 0.7667343984375 0.8130339828125001 0.7832683625 0.8002948 0.8254512265624999 0.8550196124999999 0.8968253125000001 0.9006904828125 0.9156820859374999
11 0.9841358906250001 0.7443277203124999 0.9734879921875 0.7426041984375 0.9310259656250001 0.7758560109375 0.9234506671875 0.828189440625 0.9368986796875 0.8878666468749999 0.97192165 0.9049999 0.9841358906250001 0.7443277203124999
11 0.9437175109375 0.7483540203125 0.9843197734375 0.727698475 0.9902668312499999 0.6566511921875 0.9588681078124999 0.6436871625 0.876491709375 0.6457584203125 0.83584180625 0.6810948406249999 0.8464830296875 0.7249126234375 0.8848577625 0.7501118296875 0.9437175109375 0.7483540203125
11 0.7655167015625 0.6928193328125001 0.8062961703125 0.6976288046875 0.831808828125 0.682770721875 0.8746386218750001 0.6162604234375 0.861687940625 0.5634706234375 0.8304254609375 0.5485582265625 0.7907769 0.5555752 0.771109346875 0.5708420125 0.7434644375 0.6021930953125 0.7397449078125 0.6273856265625 0.7655167015625 0.6928193328125001
11 0.9553801015625 0.6375695734375 0.93835548125 0.5590422687500001 0.909722584375 0.534524275 0.878139978125 0.5381894890625001 0.8636363093750001 0.5636068671875 0.878446753125 0.6038004015625 0.8762668640625 0.634974278125 0.9553801015625 0.6375695734375
11 1 0.438420171875 0.9755307312499999 0.4333997390625 0.9198388640624999 0.45985274374999996 0.9199207875000001 0.5146795140625 0.9314271109375 0.53212621875 0.9978078421875001 0.534810115625 1 0.5034607984374999 1 0.438420171875
11 0.9486899296875 0.5372491375 0.9403448125 0.586591896875 0.9568311375 0.630818409375 0.9897694984375001 0.6497637843749999 0.9985776609375 0.5378007874999999 0.9486899296875 0.5372491375
11 0.683493809375 0.4658416734375 0.7340151140625 0.4713323625 0.77987654375 0.43146562812499994 0.774583090625 0.3811691703125 0.7082090359375 0.3363910109375 0.6584099078125 0.348571871875 0.634164403125 0.37330803281249997 0.63212075625 0.4025335421875 0.649152053125 0.43896658437499997 0.683493809375 0.4658416734375
11 0.8466793562499999 0.344115903125 0.8292802937499999 0.340941346875 0.7735884234375 0.36739435625 0.7889371640625 0.44188868125 0.83528925 0.4510036171875 0.8637925796875001 0.43537571562500005 0.8466793562499999 0.344115903125
11 0.7668515203124999 0.5617337515624999 0.8245803593750001 0.5481494984374999 0.8613268515625 0.5546348484375 0.8785487078124999 0.5323443859375 0.88068095625 0.5158513874999999 0.8637382640625001 0.4921508515625 0.7683635468750001 0.4561131890625 0.7406300359375 0.4747317625 0.7309291625000001 0.5014639328125 0.745330875 0.5475025687499999 0.7668515203124999 0.5617337515624999
11 0.7346286625 0.602554184375 0.6680640484375 0.6164995296875 0.653962434375 0.6781660671874999 0.689435096875 0.7168676031250001 0.7380080359375001 0.72222205 0.7570420171875 0.7020161953125 0.7346286625 0.602554184375
11 0.61999511875 0.57593823125 0.6539281453125 0.6086584203125 0.7252955562500001 0.59602786875 0.7393018921875 0.5637230828125 0.730520434375 0.507309034375 0.702432509375 0.4749975734375 0.656352909375 0.4619859 0.62667103125 0.48046823281249995 0.618687003125 0.538646765625 0.6288785328125 0.5608962640625 0.61999511875 0.57593823125
11 0.8596652312499999 0.7463923046875001 0.8302215515625001 0.691470253125 0.765244215625 0.696716065625 0.75309764375 0.7164245859375 0.7660073578125 0.7418009999999999 0.8040210015625 0.7581644359374999 0.8371432453125 0.76048056875 0.8596652312499999 0.7463923046875001
11 0.7583501312500001 0.7393076625 0.7396772421875 0.7683492875 0.7387645046875 0.80940124375 0.7973041249999999 0.8262210453125001 0.8088647625000001 0.7868926093749999 0.83283778125 0.7660531828125 0.7583501312500001 0.7393076625
11 0.615260896875 0.7136387328125 0.640909796875 0.6968322812500001 0.6534651 0.6712786609375 0.6523408671875 0.6173579515625 0.628149678125 0.5853189765625 0.5834734734375 0.58023701875 0.5493498890625 0.6062403328125 0.536610703125 0.6484231968749999 0.555406484375 0.701621728125 0.615260896875 0.7136387328125
11 0.5698349015625 0.5792833171875 0.6060430984375 0.551467878125 0.6196883453125 0.5103273203125 0.6168405921875 0.4670545078125 0.5699025703125 0.43831965625 0.5366440828125 0.43795188906250004 0.506553475 0.4622793234375 0.492179375 0.527842596875 0.5179102015625 0.5658629171875 0.5698349015625 0.5792833171875
11 0.48901149374999997 0.503147396875 0.5089105703125 0.45657046562500003 0.540813303125 0.43432764375 0.534974878125 0.3918246515625 0.510102471875 0.369527515625 0.4694592453125 0.36276967187500003 0.43284232031250003 0.3964302140625 0.4322430328125 0.4609988203125 0.46019471406249995 0.495258646875 0.48901149374999997 0.503147396875
11 0.5893452796875 0.41226870312499997 0.5655085015625 0.4311597625 0.6261736984375 0.4735808265625 0.656489153125 0.46003753437499995 0.6301247484375 0.41707817656249996 0.5893452796875 0.41226870312499997
11 0.53303409375 0.6295731015625 0.5673415625 0.5869405421875 0.4962533140625 0.5535801 0.4996460390625 0.589059440625 0.53303409375 0.6295731015625
11 0.9874524578124999 0.402907078125 0.943062090625 0.3097398578125 0.8901836875000001 0.3099580328125 0.8537030046874999 0.34167020312499996 0.8572729375 0.4026145625 0.8924731171875001 0.44521283125 0.9532812328125001 0.443591265625 0.9874524578124999 0.402907078125
11 0.9219025375 0.304344453125 0.9295188 0.27942440625 0.9175627859375 0.2404094203125 0.8949112328125001 0.214351790625 0.8513659375 0.2210962796875 0.8247633359375 0.2515413 0.8430551078124999 0.3399466828125 0.8782209984374999 0.3130373046875 0.9219025375 0.304344453125
11 0.8013219359375 0.34877578124999997 0.831051453125 0.31561257343750004 0.8205941125 0.2551655484375 0.7929558828125 0.24442236875 0.7456500953125 0.248946003125 0.7008309703125 0.2879066734375 0.707711703125 0.329503603125 0.755828271875 0.355384028125 0.8013219359375 0.34877578124999997
11 0.0603172828125 0.809928003125 0.089501828125 0.7845582640625001 0.05126333749999999 0.7574106890625 0.044743696875 0.724649534375 0.0231754140625 0.725099228125 0.002962884375 0.748159509375 0.0045434890625 0.781554240625 0.0198103 0.8012217937500001 0.0603172828125 0.809928003125
11 0.048742384374999996 0.6534660078125001 0.040042854687500004 0.65187873125 0.01285431875 0.6627038359374999 0.004829325000000001 0.6934689828125 0.0157906734375 0.71870915625 0.043204059375 0.718668190625 0.048742384374999996 0.6534660078125001
11 0 0.7625718265625 0.01719406875 0.72663886875 0.00342593125 0.6855392703125001 0 0.685096359375 0 0.7625718265625