11 0.4240324953125 0.1713963640625 0.40052871406249996 0.1419252421875 0.36276031406250003 0.12370099062499999 0.2708830328125 0.1230007828125 0.2189429734375 0.1746496171875 0.21256665625 0.2159129078125 0.221805821875 0.2566308953125 0.2735228171875 0.3105228890625 0.370586671875 0.319836396875 0.40033044375 0.3041403546875 0.41983739687500005 0.2751215828125 0.4240324953125 0.1713963640625
11 0.5194728328125 0.1622005671875 0.4671671625 0.1474154375 0.42800453125000004 0.1732119734375 0.43422594375 0.23944144375 0.41849893125 0.2927571625 0.45782268437500007 0.32753878125 0.49800776406249997 0.33102127812500004 0.53446866875 0.2838216203125 0.564076115625 0.2642217078125 0.5672301890625 0.2426140953125 0.5194728328125 0.1622005671875
11 0.6548503890624999 0.20535380937499997 0.681632178125 0.18878404375 0.7079244296875 0.130213590625 0.6958472062500001 0.06418860937500001 0.6752372453125 0.0336392765625 0.6167349546875001 0.0092989609375 0.5797163484375 0.012545995312499999 0.5453313093750001 0.035244217187499996 0.5154760031250001 0.1037106734375 0.5188593640625 0.14463315000000002 0.5400146296874999 0.1907979640625 0.5612256624999999 0.2105775734375 0.609150321875 0.2118354796875 0.6548503890624999 0.20535380937499997
11 0.8416094140625001 0 0.7971309515625 0.0264511796875 0.75028450625 0.028087093749999997 0.7272144968750001 0.0670018703125 0.7268984734374999 0.11391647812500001 0.7439453796875 0.1543618125 0.78292831875 0.179383759375 0.8093135265625 0.179439525 0.8877751203124999 0.131750328125 0.8861144109374999 0.028229598437499996 0.8635514859375 0 0.8416094140625001 0
11 0.9226323203125 0 0.9037499890625 0.0295680671875 0.9050017203125 0.121377184375 0.914432978125 0.1396138328125 0.9597364671875 0.149757696875 0.988959728125 0.17512045625 0.9828443874999999 0 0.9226323203125 0
11 0.9263490781250001 0.1450606625 0.8737831546875 0.1508049359375 0.8257345671874999 0.17398029843750001 0.798419871875 0.20327172500000001 0.7931775328125 0.22104363125 0.8318878203125 0.2382578359375 0.8736406484374999 0.286634840625 0.9890526843749999 0.233746675 0.9874849328125 0.188852165625 0.9598727921875 0.1536615640625 0.9263490781250001 0.1450606625
11 0.857820678125 0.2813243390625 0.8280521125 0.24034609843750002 0.7826122984375 0.2262983671875 0.7279581125 0.228206934375 0.6969998015625001 0.23710528437499998 0.6562942109375001 0.274681590625 0.6535057453124999 0.3627231640625 0.6850217562500001 0.39777743593750003 0.7433195578125 0.416261946875 0.7958049218750001 0.38022859531250003 0.8431161109374999 0.3639190859375 0.857820678125 0.2813243390625
11 0.5498796609375 0.277420509375 0.5223604734375 0.3008561296875 0.5115349859375 0.326640265625 0.5231350640625 0.3790017015625 0.5889121859374999 0.41579102343749996 0.6620632796875 0.38392179843749996 0.647104634375 0.34731217187499996 0.6544786 0.2786536234375 0.6435043874999999 0.272196746875 0.5498796609375 0.277420509375
11 0.6671816875000001 0.39058316249999997 0.5994774234375 0.4105362890625 0.5666477359375001 0.4497918796875 0.6226651828125 0.4869220171875 0.641255046875 0.515587578125 0.64429759375 0.5467503781249999 0.6561455281249999 0.5502452703125 0.7289558078125 0.50861636875 0.7364661 0.4438616921875 0.732822484375 0.42346861875 0.6671816875000001 0.39058316249999997
11 0.4160388828125 0.3622212703125 0.39410285 0.37764465937499997 0.392107546875 0.432435171875 0.3988494734375 0.45760583906249996 0.4127175078125 0.46298450312500006 0.444481378125 0.4491722359375 0.557829946875 0.44912264375 0.5575448953125 0.4129777625 0.49620455156250004 0.363330453125 0.4160388828125 0.3622212703125
11 0.344337790625 0.32368450000000004 0.2781764828125 0.33185785156250003 0.2435311859375 0.375085475 0.23985660000000003 0.437751890625 0.2551436640625 0.4557840546875 0.3038057171875 0.450176103125 0.3545684296875 0.47674100781249995 0.3792619546875 0.4563355359375 0.3900192859375 0.4285994640625 0.3856816421875 0.3603498953125 0.344337790625 0.32368450000000004
11 0.6504136109374999 0.2182117953125 0.642153525 0.2614951859375 0.658041659375 0.26875762187499996 0.7046030531249999 0.230976825 0.7864480046875 0.22421010468749997 0.79068029375 0.2054963125 0.7652245765625 0.1760933546875 0.7181736421875 0.17187346406249998 0.6504136109374999 0.2182117953125
11 0.491272453125 0 0.46205493124999997 0.0010202984375 0.4555298921875 0.010042578125 0.4434340953125 0.055414229687500004 0.4510621421875 0.10596005625 0.4684374671875 0.1278279265625 0.510847134375 0.139049996875 0.52387241875 0.0643311546875 0.5745979390625 0.0058846296875 0.572405378125 0 0.491272453125 0
11 0.44479735624999994 0.09445293437499999 0.43219962812499996 0.0694867546875 0.3930803625 0.0405609375 0.30860184375 0.027876467187499997 0.2835675015625 0.038522265625 0.254505359375 0.073737659375 0.249331184375 0.0934615 0.26119152031250004 0.125293534375 0.34303647187499997 0.118526815625 0.3864561890625 0.13069077499999998 0.42947932343749995 0.1594802625 0.44622878125 0.1354435734375 0.44479735624999994 0.09445293437499999
11 0.8805065046875 0.28737223749999996 0.8608632234375 0.312487140625 0.8523986453125 0.349914725 0.85294395 0.36553020625 0.8877503656249999 0.382880734375 0.9367780296875001 0.4437067484375 0.9670671078125 0.44362618906250006 0.9979572546875 0.432775903125 0.9883152890625 0.2406125296875 0.9514330093750001 0.24776343281250002 0.8805065046875 0.28737223749999996
11 0.9286418703124999 0.46255686718750005 0.9297076875 0.43711354687500004 0.913137921875 0.4103317578125 0.8540903265625 0.3703759625 0.8190236546874999 0.37355483437500003 0.77097506875 0.396730196875 0.73485498125 0.45368953125000006 0.7344026328125 0.49670026875 0.7511087234375 0.5273859265625 0.7900234984375001 0.5504559359375001 0.83801631875 0.5536657796875 0.8891632156249999 0.5352680109375 0.9286418703124999 0.46255686718750005
11 0.732054115625 0.5133939609375 0.672101825 0.5594596421875 0.6717734078125 0.57803710625 0.7681680265625 0.5961684046875 0.8414244734375 0.651262540625 0.8624186171874999 0.6368492 0.8823221546875001 0.591204896875 0.8681009078124999 0.5477294125000001 0.79601563125 0.5541553203125 0.732054115625 0.5133939609375
11 1 0.5343094578125 0.9263181484375 0.5359248453125 0.8893801015625 0.56946095625 0.8756731875 0.624660446875 0.8809403187499999 0.663562825 0.8975100843750001 0.6903446140625 0.9365611843750001 0.7173184921875 1 0.7211734265625 1 0.5343094578125
11 0.7812367203125 0.7745319046875 0.8072811140624999 0.764827996875 0.8361387656250001 0.7237567953124999 0.8404949828125 0.68060973125 0.8254000125 0.640096234375 0.786144421875 0.607266546875 0.7306041171875 0.5837999546875 0.6698896359375001 0.58005720625 0.637115715625 0.5929275890625 0.624803034375 0.6041062937499999 0.61109611875 0.659305784375 0.6107800984375 0.7062203921875 0.6233778265625001 0.7311865703125 0.70995700625 0.776043890625 0.7812367203125 0.7745319046875
11 0.83445948125 0.7316327 0.8006879124999999 0.7718983390624999 0.824792765625 0.790599734375 0.85231195 0.7671641124999999 0.9231145250000001 0.7519885828125 0.9218194265624999 0.7149018140625001 0.8723270187500001 0.6687493984375 0.8420379406249999 0.6688299578125 0.83445948125 0.7316327
11 1 0.8012399046875001 0.9858615000000001 0.7859522453125 0.9421691328125 0.7659805484375 0.9106655171875 0.7592634171875 0.8523801125 0.7691160499999999 0.8102678937500001 0.8223760015625 0.8104971750000001 0.8849060921874999 0.840129415625 0.9219804640625 0.88793014375 0.9476716421875 0.933834703125 0.9470457781249999 0.9697750968750001 0.9409049234375001 1 0.9194189906249999 1 0.8012399046875001
11 0.7139290390624999 0.7778594984375 0.6446570234375 0.7529181140625 0.61955451875 0.761611975 0.5894265609375 0.8222706890625 0.6050668359375 0.87839966875 0.6401459046875 0.9035579421875 0.715465815625 0.9058135 0.741510209375 0.8961095875 0.780195703125 0.856649509375 0.7912008875 0.7800468953124999 0.7139290390624999 0.7778594984375
11 0.5972776718749999 0.7672756875 0.6297789390624999 0.7465975640625 0.6090326515625 0.7121443609375 0.5965464500000001 0.6344077671874999 0.5137596140625 0.6421845375 0.51622588125 0.7407913453125 0.5513049484375 0.76594961875 0.5972776718749999 0.7672756875
11 0.5857085640624999 0.6318547625 0.6320654703125 0.588218159375 0.6438204515625 0.53308683125 0.6288618046875001 0.4964772046875 0.58570234375 0.4637838421875 0.5401943671875 0.44778417812500004 0.4600968609375 0.44862693125 0.41379572031249995 0.4658783265625 0.3962406984375 0.494828934375 0.4107469984375 0.5744493 0.43135695781249994 0.6049986328125 0.5116713515625 0.638348828125 0.5634317171875 0.637518475 0.5857085640624999 0.6318547625
11 0.32442189843749997 0.64879635625 0.3596124984375 0.6211842125 0.3846220453125 0.5538641328125 0.3813750109375 0.5168455265625 0.360833215625 0.48824812968750003 0.2979499109375 0.45038059375 0.2629514046875 0.4555114015625 0.222846884375 0.48231798281250005 0.1929915796875 0.5507844390625001 0.2005514640625 0.5993783296874999 0.22122958593750003 0.631879596875 0.2601443625 0.65494960625 0.2982411796875 0.6545963953125 0.32442189843749997 0.64879635625
11 0.402133696875 0.5796358703125 0.382818834375 0.5861733078125 0.3598169875 0.62704001875 0.3313559140625 0.6514856875 0.3298377546875 0.7199397453125 0.3678912015625 0.7743088828125 0.439511734375 0.7825565734375 0.4985221359375 0.73750094375 0.5070982500000001 0.6473029453125 0.4425356625 0.6173113125 0.402133696875 0.5796358703125
11 0.23651665 0.6499117578125 0.1987854421875 0.7166989312500001 0.19949186875 0.7928925671875 0.23511623906249998 0.8336663203124999 0.28499283124999997 0.8348560640624999 0.3203879203125 0.8130997296875 0.349109246875 0.7681246578125001 0.327681328125 0.714152103125 0.3276565359375 0.65747781875 0.23651665 0.6499117578125
11 0.46488689375 0.781670453125 0.463368728125 0.8501245125000001 0.4908445453125 0.8814112390625001 0.532516815625 0.8994991703125 0.56273773125 0.8974666734375001 0.595102671875 0.872884678125 0.5874064609375 0.8203869171875 0.5957347140625 0.7790554625 0.503640546875 0.7441623109375 0.46488689375 0.781670453125
11 0.4550156828125 0.8347816828125 0.45337976874999997 0.7879352374999999 0.397647371875 0.786949984375 0.3522075578125 0.772902253125 0.32240801874999997 0.8149835 0.2888967015625 0.8347197390625001 0.28964649531250003 0.8561910265625 0.32304628125 0.8892252015625 0.3885383546875 0.889869640625 0.42057487812499994 0.8838651109375 0.442442746875 0.8664897874999999 0.4550156828125 0.8347816828125