11 0.3969963515625 0.83738201875 0.4354913765625 0.8212126124999999 0.4416750359375 0.7939403703125001 0.4255656 0.76042449375 0.40940991875000005 0.754873075 0.3529087375 0.7708762890624999 0.3406476390625 0.8024354718750001 0.36590321875 0.832010515625 0.3969963515625 0.83738201875
11 0.4028389828125 0.6863832046875 0.3909565171875 0.6539656203125 0.3649624765625 0.658492446875 0.3441274984375 0.6778967484375 0.346111640625 0.7154134265625001 0.37002904375 0.7292988375 0.3891334890625 0.7252380625 0.4028389828125 0.6863832046875
11 0.400061490625 0.55119396875 0.368276146875 0.5519598765625 0.34593680312499997 0.573680703125 0.3456044203125 0.6096930140625 0.359563525 0.6236983640625 0.3928532375 0.6206159390625 0.40344377812500004 0.6093794328125 0.400061490625 0.55119396875
11 0.4422762640625 0.4304024390625 0.43289023281250005 0.414426671875 0.37789341875 0.4281133640625 0.3592087765625 0.46702819062499995 0.3688346921875 0.502920559375 0.40803565312499995 0.5135573499999999 0.440093409375 0.4717999796875 0.4422762640625 0.4304024390625
11 0.40191704375 0.41901347031249997 0.43856159375 0.408229290625 0.43078615 0.36695169375000003 0.3968642 0.38115068281250003 0.40191704375 0.41901347031249997
11 0.47739256875 0.6425817281249999 0.5005440640625001 0.6246817906250001 0.49455912343749997 0.5730398171875 0.46554262656249995 0.54925608125 0.4276198703125 0.549329775 0.40788318281249997 0.5645071109375001 0.4037299140625 0.6013315765625 0.43321245781249995 0.6320049078125 0.47739256875 0.6425817281249999
11 0.4002876546875 0.5381669640625 0.408229290625 0.56143840625 0.461315659375 0.548157790625 0.49374696875 0.569218928125 0.50415759375 0.5430449734375 0.49117683593750006 0.5148543546875 0.4538263515625 0.4988323375 0.44246990156250005 0.4782834953125 0.41515140937500006 0.5000642921875 0.4002876546875 0.5381669640625
11 0.3925071328125 0.6236846421875 0.394611215625 0.671159621875 0.4101946265625 0.69280675 0.45836181875 0.6845652578125 0.4621090125 0.6458303484375 0.40923508281250004 0.6131403484375 0.3925071328125 0.6236846421875
11 0.46937215937500004 0.70818280625 0.45575916093749996 0.6911087453125 0.40446329375 0.6940249828125 0.3897657296875 0.7141215 0.39313429375000003 0.7393633562499999 0.42660392031249994 0.751218378125 0.45514836562500005 0.7430217671875 0.46937215937500004 0.70818280625
11 0.49299835 0.85691134375 0.5324254734375 0.8545211281249999 0.5489735109375 0.8290393843749999 0.5361589453125 0.782842609375 0.512241540625 0.7689572 0.4766353078125 0.7705352640625 0.455514196875 0.797987421875 0.459002703125 0.833187578125 0.49299835 0.85691134375
11 0.46445298125 0.713221925 0.4288604703125 0.74774359375 0.433041190625 0.7768063390625 0.45626638125 0.796829159375 0.4766353078125 0.7705352640625 0.512241540625 0.7689572 0.5103773453125 0.7413988218750001 0.5001791578125 0.7216021640625 0.4998930234375 0.72965001875 0.48245913749999997 0.71338811875 0.46445298125 0.713221925
11 0.547796446875 0.9221388703125 0.5797617078124999 0.9363104109375 0.6114271109375 0.9255862078125 0.62531251875 0.9016688015625001 0.6252987953125 0.8687251953124999 0.6081510437500001 0.8444154375 0.5563291546875 0.8354629296875 0.5373446515625 0.8494820046875 0.5280922875 0.87640814375 0.547796446875 0.9221388703125
11 0.6134762984375 0.8412867593750001 0.6392304531249999 0.8168433359374999 0.638404575 0.7800788390625 0.611298521875 0.755889025 0.5776027328125 0.7570610109375 0.5437407515625 0.7762391484375 0.5403396609375 0.8119053562499999 0.5670996109375 0.839163878125 0.6134762984375 0.8412867593750001
11 0.6124893078125 0.695733146875 0.5512813875 0.6708048703125 0.5144706453125 0.6995952046875 0.51153560625 0.7421510062500001 0.5343547203125001 0.7602633812499999 0.5791071 0.7547444875 0.6136013218749999 0.7244497859375 0.6124893078125 0.695733146875
11 0.5588032234375 0.6592222609375 0.548318903125 0.6474734578125 0.4937744140625 0.6351061390625 0.46749424062499995 0.6476808203125 0.4615504671875 0.6948696640625001 0.46896608281249996 0.7062723609375 0.5023757375 0.7131482296875 0.5588032234375 0.6592222609375
11 0.5777602796875 0.5793159734375 0.547119471875 0.547890459375 0.5176506484375001 0.5501607296875 0.49433296093749995 0.5860668234374999 0.499731909375 0.6208609015625 0.527996225 0.6458029 0.5612859375 0.6427204718749999 0.5777602796875 0.5793159734375
11 0.576422103125 0.5636263390625 0.5881109328125 0.54816286875 0.5838702437500001 0.5141209734375 0.5356293578125 0.48443971093749993 0.49875864375 0.50825089375 0.49511766718750005 0.5240005 0.513829759375 0.5509728843749999 0.5490299171874999 0.54748438125 0.576422103125 0.5636263390625
11 0.5181492234375 0.4961422640625 0.5282137453125 0.47303701406250004 0.5192200671875 0.4260280859375 0.49072958906249997 0.4141130921875 0.451136275 0.43450946406249996 0.44147783125 0.4595251578125 0.45845939218750004 0.501841071875 0.483069009375 0.50958906875 0.5181492234375 0.4961422640625
11 0.52241379375 0.309537215625 0.5066042171875 0.30091709375 0.46087349062499994 0.320621253125 0.4327565671875 0.371524765625 0.441164253125 0.4016858015625 0.47503995468750004 0.41545126562499995 0.5116245359375 0.3996879375 0.52241379375 0.309537215625
11 0.44993684375000004 0.3349264625 0.464920540625 0.3067820921875 0.45564073125000004 0.267821015625 0.4229232890625 0.2548077375 0.3988996640625 0.26390763125 0.38472812031250003 0.2958728921875 0.3997992359375 0.338594884375 0.426725375 0.34784724843750003 0.44993684375000004 0.3349264625
11 0.5883833453125 0.5071714078125 0.6235697796874999 0.47073929375 0.62083345625 0.4343808765625 0.592915246875 0.4063701703125 0.546538559375 0.40424728906249996 0.524199215625 0.4259681125 0.5274015890625 0.469216125 0.55920065625 0.5013938234374999 0.5883833453125 0.5071714078125
11 0.5900727046875 0.39299706093750003 0.6002571671875 0.3798501125 0.6008157140625 0.33081079375 0.57220529375 0.3089375015625 0.5356207140625 0.32470082968749997 0.5168161265625 0.35365735468750004 0.5209968421875 0.3827201015625 0.545726403125 0.40042639687500003 0.5900727046875 0.39299706093750003
11 0.6307317859375 0.4292817828125 0.6301132671875 0.47334195156250003 0.675165503125 0.49271880625 0.7226867312499999 0.46265027031250006 0.728750446875 0.4254197234375 0.6796974078125 0.391917575 0.6307317859375 0.4292817828125
11 0.6553962921875 0.5688042046875 0.680052159375 0.548587746875 0.6792262796874999 0.5118232546875 0.6455767375 0.48503078125 0.6218392484375 0.486082821875 0.588563259375 0.5221088578125 0.5896153 0.545846346875 0.62210658125 0.5718866359375 0.6553962921875 0.5688042046875
11 0.58944403125 0.690647778125 0.6174084875 0.690694025 0.6337303609375 0.6782392875000001 0.652355034375 0.6343453125 0.64336135625 0.58733638125 0.6163752484375 0.57310486875 0.5953603578125 0.5775717218749999 0.577654059375 0.6023012796875 0.563256353125 0.6472935453125 0.58944403125 0.690647778125
11 0.706109734375 0.835574228125 0.751960403125 0.8258283687500001 0.761152796875 0.793923078125 0.7417484937500001 0.7730881046875 0.7343791265624999 0.733720953125 0.69535808125 0.7380216140625 0.6738308921875 0.7635633281249999 0.675815034375 0.8010800078125 0.706109734375 0.835574228125
11 0.6169510828125 0.8435433109374999 0.63190225625 0.8763070015625001 0.656511871875 0.8840550015625 0.6915920859375 0.8706081937500001 0.6976558015625 0.8333776500000001 0.653401996875 0.7848780750000001 0.6169510828125 0.8435433109374999
11 0.7343791265624999 0.733720953125 0.7783656 0.6964167140625 0.783857046875 0.67528188125 0.7596397859375 0.636500721875 0.7057412609375 0.6459604453125001 0.6795810296875 0.668493428125 0.6774581453125 0.7148701171875 0.7025937812499999 0.7344868578125 0.7343791265624999 0.733720953125
11 0.7305033453124999 0.6027586828125 0.6896643515624999 0.5515365109375 0.659623259375 0.5699024953125 0.6465500046875 0.5976407890625001 0.6546715546875 0.6358496796875001 0.6870428937499999 0.6519316671875 0.7187082953124999 0.6412074609375 0.7305033453124999 0.6027586828125
11 0.7936405109375 0.5334292140625 0.732358896875 0.47057818124999995 0.681362884375 0.49839017031250005 0.6982982 0.5686705390625 0.73664075625 0.603450896875 0.7673278125 0.6069119546875 0.792449725 0.5935850921875 0.7936405109375 0.5334292140625
11 0.86949466875 0.6930207046875 0.9148055953125 0.6384624921875 0.9108510375 0.5963727421875 0.8729745296875 0.5684819796875 0.83968481875 0.571564409375 0.79246345 0.6265286984375 0.7945675328124999 0.6740036765624999 0.831285778125 0.7011422546875 0.86949466875 0.6930207046875
11 0.84692051875 0.568029653125 0.872568453125 0.5665715375 0.88319151875 0.49442696875000003 0.868194096875 0.48962773437499996 0.8163259593750001 0.5086396828125 0.79573086875 0.5479605859375 0.80385241875 0.5861694765625 0.8161872140625 0.59253305 0.84692051875 0.568029653125
11 0.76490506875 0.6283928953125 0.77099623125 0.6570495625 0.7923109796875 0.677478459375 0.79437389375 0.6261226203125 0.8085454359375 0.5941573609375 0.7909453578125001 0.5959016125 0.76490506875 0.6283928953125
11 0.7482284453125 0.48417745625 0.8155138046875001 0.5048187937499999 0.8505940187500001 0.4913719890625 0.861064615625 0.4701771828125 0.8558455796875 0.4503205546875 0.840608271875 0.42560471718750004 0.7776098499999999 0.411040821875 0.7463505265625 0.42367547187500004 0.733277271875 0.4514137640625 0.7482284453125 0.48417745625
11 0.8190673609375001 0.418202828125 0.8533354203125001 0.4009351296875 0.85858698125 0.359883696875 0.8421914140625001 0.334415678125 0.7952287296875 0.315444896875 0.7544171828125 0.3301099375 0.7455708953125 0.3589465203125 0.76596726875 0.398539834375 0.8190673609375001 0.418202828125
11 0.6873117390625 0.32440605 0.6560986625 0.309076246875 0.6176036375 0.325245653125 0.599205128125 0.35611262187500003 0.6115536421875001 0.39541980312499997 0.638885859375 0.4065826125 0.677380884375 0.39041320625 0.6873117390625 0.32440605
11 0.7671855015625 0.40427116874999997 0.7455708953125 0.3589465203125 0.7566137625 0.3216560046875 0.721699740625 0.3170966546875 0.6928169093750001 0.33621482343750003 0.689595734375 0.3868184796875 0.7109104828125 0.407247378125 0.7385888046875 0.4153414796875 0.7671855015625 0.40427116874999997
11 0.8605385968749999 0.45830843750000005 0.886772521875 0.4736982140625 0.8905796875 0.439942453125 0.9063755406249999 0.41561897343750004 0.9264583328124999 0.39737292968750004 0.9570254453124999 0.3908756890625 0.9552811921875 0.37327561249999996 0.917404684375 0.3453848484375 0.8753749031250001 0.354318553125 0.8522971015625 0.41014124687500003 0.8605385968749999 0.45830843750000005
11 1 0.44890838437499997 0.9913671984375 0.41153075 0.9551149999999999 0.3912817671875 0.9127990859375 0.408263328125 0.888096971875 0.4564442421875 0.9054846109374999 0.5006706000000001 0.93976639375 0.516346509375 0.981390096875 0.5055023609375 1 0.47265198281250004 1 0.44890838437499997
11 0.96773085 0.5163927593750001 0.88522190625 0.503979190625 0.8710503624999999 0.5359444515625 0.8748250046875 0.563096753125 0.9180867390625 0.5928379859375 0.9601165187499999 0.5839042796875 0.9786349734374999 0.5629956109375 0.96773085 0.5163927593750001
11 1 0.48482828749999995 0.9702272875 0.5328345765625 0.9801393390625 0.5606790890625 1 0.5743327390624999 1 0.48482828749999995
11 1 0.5803582625 0.9775966531250001 0.5722017265625 0.9476155328125 0.5955468640625 0.9491935937499999 0.6311530984375 0.979368353125 0.6556890203125 1 0.65263369375 1 0.5803582625
11 1 0.6587091968750001 0.9672134734375 0.6642628953124999 0.9445879968750001 0.694031575 0.950106890625 0.7387839546875 1 0.7810589828125 1 0.6587091968750001
11 0.9411869093749999 0.72969778125 0.9452802078125 0.687894165625 0.966687453125 0.65239415 0.9452527625 0.622006953125 0.9229596687500001 0.6157633203125 0.881995653125 0.681378121875 0.88443211875 0.6928407890625 0.9034903140624999 0.7167444703125 0.9411869093749999 0.72969778125
11 0.8193382609375 0.79054079375 0.8549582171875001 0.8219063359375 0.9162123859375001 0.8188701578125 0.9434709046875 0.7921102109375 0.9414267953125 0.74961438125 0.9316346859375001 0.73172816875 0.88623634375 0.7154200203125 0.8260342171874999 0.7421936875 0.8147514640625 0.759567603125 0.8193382609375 0.79054079375
11 0.76960673125 0.7961196609375001 0.8135469546874999 0.786779878125 0.8143453859375 0.757657159375 0.84617698125 0.7289267953125 0.8417700984375 0.7128910546875 0.8051118234375 0.690731628125 0.7643002765625 0.705396665625 0.739764353125 0.7355714265625 0.7448771734374999 0.7784133609375 0.76960673125 0.7961196609375001
11 0.7873541984375 0.87022091875 0.7523664812499999 0.8277388109375 0.7046653390625 0.8428699 0.7095382703124999 0.8657952343750001 0.7319513062499999 0.8819971656250001 0.7588174734375001 0.8862703828124999 0.783653253125 0.880991375 0.7873541984375 0.87022091875
11 0.8634121499999999 0.8241029187500001 0.8162695531249999 0.7901946859375 0.7681023640625 0.79843618125 0.7550291109375 0.8261744734375001 0.7676637609375 0.8574337984374999 0.8157247312499999 0.8721776109375 0.85694235625 0.8594230171874999 0.8634121499999999 0.8241029187500001
11 0.784119303125 0.8878809671875001 0.7775295625 0.9132427671875 0.7940450765625 0.9486690875000001 0.825364371875 0.9410135859375 0.8402743765625 0.874946459375 0.798124653125 0.8739218624999999 0.784119303125 0.8878809671875001
11 0.870029334375 0.8646283296874999 0.84450134375 0.8760447499999999 0.8229279078125 0.9295509187500001 0.8265226328124999 0.9417657687500001 0.9609459625 0.9072029328125 0.93957124375 0.8817948843750001 0.870029334375 0.8646283296874999
11 1 0.8126105796875001 0.9919379546875 0.8087644656249999 0.962875209375 0.8129451859374999 0.9410618875000001 0.84653475625 0.9464608374999999 0.8813288343749999 0.9698059734375001 0.9113099546875001 1 0.904892015625 1 0.8126105796875001
11 1 0.775644715625 0.9451877140624999 0.7438230765625 0.941274328125 0.80056414375 0.9503142531250001 0.8196086171875001 0.9877109875000001 0.807666178125 1 0.8100991531249999 1 0.775644715625
11 0.6834085109375 0.1275565703125 0.692374740625 0.1086782859375 0.6866296843749999 0.0769529125 0.652454121875 0.0382916984375 0.617253965625 0.0417802015625 0.5935301984375 0.07577585 0.5998612484375 0.12434911875000002 0.6342629718749999 0.14998332812499998 0.6834085109375 0.1275565703125
11 0.714030515625 0.2528337515625 0.73527156875 0.23533989531250002 0.737500671875 0.16597789999999998 0.702226821875 0.1315436515625 0.658978809375 0.134746021875 0.6340368078124999 0.1630103359375 0.6326061375 0.20324961406250003 0.6822451703125 0.253599659375 0.714030515625 0.2528337515625
11 0.6089220281250001 0.7494055078125 0.6422254640625 0.779266684375 0.661329909375 0.775205909375 0.6767196859375 0.748971984375 0.6749154609375 0.72639275625 0.623665840625 0.7013445375 0.6089220281250001 0.7494055078125
11 0.635926940625 0.6697853546875 0.635068534375 0.693928921875 0.6529684734375001 0.7170804203125 0.6782703 0.71869100625 0.6832220046875 0.652743821875 0.6547315265625 0.640828828125 0.635926940625 0.6697853546875
11 0.56097386875 0.1715516859375 0.5142373499999999 0.139553903125 0.490619803125 0.1505642421875 0.4840900375 0.1809051921875 0.50320820625 0.20978802187499998 0.5400326734374999 0.213941296875 0.5616798015625 0.19835788125 0.56097386875 0.1715516859375
11 0.47853861875000003 0.197060875 0.48685888593750004 0.1563555484375 0.5079799953124999 0.12890338750000002 0.48347660000000003 0.0981700875 0.45290948750000004 0.1046673265625 0.4151203953125 0.1476429265625 0.4156001671875 0.187476128125 0.43801320625000006 0.20367806093750002 0.47853861875000003 0.197060875
11 0.43926904218749996 0.02170605625 0.4270079421875 0.05326523749999999 0.44236519375 0.087939375 0.47571487812499996 0.0898360953125 0.4932875109375 0.022204629687499998 0.4724388109375 0.008665325 0.43926904218749996 0.02170605625
11 0.4875942140625 0 0.5029596765625 0.03013254375 0.5423867984374999 0.027742325 0.54295906875 0.011646614062500001 0.538920371875 0 0.4875942140625 0
11 0.5431989546875 0.0315632140625 0.50104923125 0.030538621874999998 0.488954321875 0.044091646875 0.4838227046875 0.0951013796875 0.5039192203125 0.10979894531250001 0.526484725 0.07505111249999999 0.5455292015625 0.0660111875 0.5431989546875 0.0315632140625
11 0.565773103125 0.15655426249999999 0.598762959375 0.128576084375 0.5898892250000001 0.0915254578125 0.5559535484375 0.0727808390625 0.5283951703125 0.0746450359375 0.510688871875 0.09937459531250001 0.5102365484375 0.12542860625000002 0.536590415625 0.150776684375 0.565773103125 0.15655426249999999
11 0.627784534375 0.0255645484375 0.601084559375 0.0032851781250000005 0.568200925 0.008278053125 0.5477720265625 0.0295927984375 0.5482517984374999 0.069426 0.58704668125 0.07815234374999999 0.629814921875 0.0351167734375 0.627784534375 0.0255645484375
11 0.631973896875 0.21436617343750003 0.6346690500000001 0.1518937734375 0.6022377421875 0.1308326359375 0.5763036734375 0.140338609375 0.5660267140624999 0.2094144703125 0.631973896875 0.21436617343750003
11 0.654579253125 0 0.6535386875 0.0011211234375000001 0.6496715515625 0.029897734375000002 0.681756753125 0.054027578124999996 0.7298040015625 0.035827784375 0.727533728125 0.0063589640625 0.72133355 0 0.654579253125 0
11 0.7715013984375 0.062906390625 0.7302100796875 0.03773823125 0.6909028984375001 0.0500867453125 0.6946912609375 0.11018265468749999 0.7205191109375 0.123661984375 0.76023236875 0.1132239125 0.7771265109375001 0.084673465625 0.7715013984375 0.062906390625
11 0.7285669671874999 0.1239481203125 0.7168781359375 0.139411590625 0.7417276390625 0.1670761875 0.8020497093750001 0.15026082031250002 0.8007115328125 0.1345711875 0.7568175562499999 0.1159465109375 0.7285669671874999 0.1239481203125
11 0.8388553734374999 0.248265759375 0.8498519906249999 0.23893970000000003 0.8590306625 0.174090803125 0.8200558640625 0.150427009375 0.7542885953125 0.160412759375 0.735364065625 0.1794109828125 0.735963778125 0.22920248437500002 0.7657324609375 0.2518279609375 0.8388553734374999 0.248265759375
11 0.9221764718750001 0.2645002140625 0.95441414375 0.2376802984375 0.9385771203125 0.1631729609375 0.89492303125 0.1644648875 0.8667923828124999 0.1824247953125 0.8485138156250001 0.223250065625 0.861960621875 0.2583302796875 0.8873823937499999 0.269899165625 0.9221764718750001 0.2645002140625
11 0.8874936921875 0.120118584375 0.872030221875 0.10842975625 0.8647208265625 0.0740417546875 0.8387267859374999 0.0785685796875 0.8058568749999999 0.1165050578125 0.806216703125 0.14637995937499998 0.8688690187500001 0.1640125609375 0.8874936921875 0.120118584375
11 0.9303955984375 0.1199849203125 0.9056848421874999 0.0084269546875 0.8783800718749999 0.06315135625 0.8965798656249999 0.111198603125 0.9200911921875001 0.12317356875 0.9303955984375 0.1199849203125
11 0.8247085765625 0 0.8252662546874999 0.010544759375 0.857351459375 0.0346746046875 0.9060309468750001 0.0053582484375 0.90483645 0 0.8247085765625 0
11 0.788982578125 0 0.770555575 0.016183596875 0.7786308796875 0.0823569421875 0.7983213171875 0.0951440640625 0.8182379171875 0.09490417500000001 0.8570190765625 0.0706869125 0.86239058125 0.03959378125 0.8315236125000001 0.0211952703125 0.8241737234375 0 0.788982578125 0
11 0.537973696875 0 0.538266053125 0.0036587296875 0.549908634375 0.0161597140625 0.5987680375 0.0017808125 0.5996621281250001 0 0.537973696875 0
11 0.6109764234374999 0 0.6083802296874999 0.004729573437500001 0.6435941109375001 0.0341846734375 0.6594402828125 0 0.6109764234374999 0
11 0.8818960234375 0.164238725 0.9385771203125 0.1631729609375 0.9304555703125 0.12496407031250001 0.8978580703124999 0.1219090890625 0.8818960234375 0.164238725