11 0.3681640625 0.42578125 0.3222656265625 0.4755859375 0.3046875 0.5244140625 0.30859375 0.6669921875 0.3681640625 0.75 0.4296875 0.7685546875 0.5595703125 0.7480468734375 0.60546875 0.6728515625 0.61328125 0.6337890625 0.6074218734375 0.5654296875 0.5839843734375 0.4912109375 0.5517578125 0.4472656265625 0.4658203125 0.4082031265625 0.3681640625 0.42578125
11 0.6123046875 0.2402343734375 0.5791015625 0.2421875 0.55078125 0.2666015625 0.55078125 0.2998046875 0.5839843734375 0.3251953125 0.6308593734375 0.2861328125 0.6123046875 0.2402343734375
11 0.5302734375 0.1582031265625 0.51171875 0.1826171875 0.546875 0.2177734375 0.5800781265625 0.2001953125 0.5576171875 0.1542968734375 0.5302734375 0.1582031265625
11 0.5175781265625 0.2646484375 0.53515625 0.2255859375 0.5292968734375 0.2080078125 0.4951171875 0.1894531265625 0.4677734375 0.1933593734375 0.45703125 0.2099609375 0.4609375 0.2412109375 0.4951171875 0.2636718734375 0.5175781265625 0.2646484375
11 0.51171875 0.3056640625 0.4970703125 0.2792968734375 0.4697265625 0.2675781265625 0.4355468734375 0.2763671875 0.4277343734375 0.3076171875 0.4365234375 0.3203125 0.49609375 0.3291015625 0.51171875 0.3056640625
11 0.5771484375 0.2441406265625 0.6123046875 0.2402343734375 0.61328125 0.2216796875 0.5732421875 0.2089843734375 0.5361328125 0.2265625 0.5234375 0.2607421875 0.546875 0.2802734375 0.5771484375 0.2441406265625
11 0.546875 0.3837890625 0.57421875 0.3623046875 0.5722656265625 0.3291015625 0.5556640625 0.3125 0.5146484375 0.3144531265625 0.4980468734375 0.3310546875 0.4980468734375 0.3583984375 0.5205078125 0.3808593734375 0.546875 0.3837890625
11 0.4912109375 0.3378906265625 0.4677734375 0.34375 0.4550781265625 0.3623046875 0.4550781265625 0.3876953125 0.4707031265625 0.3974609375 0.51953125 0.3837890625 0.4912109375 0.3378906265625
11 0.4189453125 0.38671875 0.4003906265625 0.4052734375 0.4121093734375 0.4111328125 0.4521484375 0.4082031265625 0.4609375 0.3955078125 0.4189453125 0.38671875
11 0.65625 0.4521484375 0.6582031265625 0.4208984375 0.6376953125 0.3984375 0.5810546875 0.39453125 0.5546875 0.4423828125 0.5966796875 0.4785156265625 0.61328125 0.4794921875 0.65625 0.4521484375
11 0.6972656265625 0.4990234375 0.6689453125 0.46484375 0.6396484375 0.46484375 0.6171875 0.4853515625 0.6181640625 0.51171875 0.6591796875 0.51171875 0.6894531265625 0.5283203125 0.6972656265625 0.4990234375
11 0.7060546875 0.65234375 0.7265625 0.6240234375 0.71875 0.5927734375 0.7041015625 0.5800781265625 0.6230468734375 0.6220703125 0.6416015625 0.66015625 0.67578125 0.6630859375 0.7060546875 0.65234375
11 0.7578125 0.5732421875 0.7714843734375 0.5439453125 0.7255859375 0.5078125 0.7041015625 0.515625 0.6933593734375 0.5380859375 0.69921875 0.5751953125 0.734375 0.5908203125 0.7578125 0.5732421875
11 0.8378906265625 0.4853515625 0.8300781265625 0.4462890625 0.8115234375 0.43359375 0.7705078125 0.4433593734375 0.7421875 0.4794921875 0.7480468734375 0.5185546875 0.78515625 0.5341796875 0.8378906265625 0.4853515625
11 0.7832031265625 0.4365234375 0.7910156265625 0.4130859375 0.7744140625 0.38671875 0.7080078125 0.390625 0.68359375 0.4111328125 0.6855468734375 0.4482421875 0.734375 0.4638671875 0.7832031265625 0.4365234375
11 0.6708984375 0.4472656265625 0.6640625 0.4619140625 0.7089843734375 0.5126953125 0.73828125 0.5048828125 0.73828125 0.4775390625 0.6708984375 0.4472656265625
11 0.6230468734375 0.3935546875 0.6533203125 0.37890625 0.6699218734375 0.3564453125 0.6640625 0.3212890625 0.6376953125 0.3046875 0.5908203125 0.3222656265625 0.5761718734375 0.3466796875 0.5800781265625 0.3837890625 0.6230468734375 0.3935546875
11 0.6816406265625 0.4130859375 0.70703125 0.3857421875 0.6748046875 0.3652343734375 0.6464843734375 0.4013671875 0.6816406265625 0.4130859375
11 0.515625 0.2978515625 0.51171875 0.3154296875 0.51953125 0.3154296875 0.55859375 0.3115234375 0.5439453125 0.2832031265625 0.515625 0.2978515625
11 0.7099609375 0.38671875 0.7265625 0.3857421875 0.7578125 0.3662109375 0.7578125 0.3251953125 0.7333984375 0.2871093734375 0.6962890625 0.2792968734375 0.6699218734375 0.3017578125 0.6699218734375 0.3369140625 0.6845703125 0.3652343734375 0.7099609375 0.38671875
11 0.671875 0.2919921875 0.7050781265625 0.2705078125 0.70703125 0.2509765625 0.6728515625 0.2050781265625 0.6376953125 0.1972656265625 0.6191406265625 0.2158203125 0.6171875 0.2392578125 0.6494140625 0.2871093734375 0.671875 0.2919921875
11 0.8183593734375 0.3681640625 0.8457031265625 0.3505859375 0.8515625 0.3076171875 0.8232421875 0.27734375 0.7861328125 0.2792968734375 0.7578125 0.3056640625 0.7597656265625 0.3349609375 0.7802734375 0.3613281265625 0.8183593734375 0.3681640625
11 0.6660156265625 0.3232421875 0.66796875 0.2978515625 0.6357421875 0.28515625 0.6269531265625 0.3037109375 0.6660156265625 0.3232421875
11 0.9003906265625 0.3291015625 0.91796875 0.3115234375 0.9199218734375 0.2607421875 0.8916015625 0.2285156265625 0.8544921875 0.2265625 0.828125 0.2490234375 0.8261718734375 0.2744140625 0.8642578125 0.32421875 0.9003906265625 0.3291015625
11 0.9042968734375 0.3798828125 0.9667968734375 0.3447265625 0.96484375 0.3095703125 0.9423828125 0.2890625 0.9238281265625 0.2900390625 0.9033203125 0.3300781265625 0.8652343734375 0.3369140625 0.8730468734375 0.3740234375 0.9042968734375 0.3798828125
11 0.8583984375 0.40625 0.8691406265625 0.3916015625 0.87109375 0.3720703125 0.8583984375 0.35546875 0.7988281265625 0.3857421875 0.8115234375 0.41015625 0.83203125 0.4091796875 0.8583984375 0.40625
11 0.8691406265625 0.4814453125 0.9003906265625 0.4580078125 0.8818359375 0.4199218734375 0.8271484375 0.41015625 0.796875 0.4228515625 0.7978515625 0.43359375 0.83203125 0.4482421875 0.8427734375 0.4824218734375 0.8691406265625 0.4814453125
11 0.94921875 0.2744140625 0.97265625 0.2548828125 0.9765625 0.2197265625 0.9462890625 0.18359375 0.9130859375 0.1816406265625 0.8925781265625 0.1943359375 0.8847656265625 0.2216796875 0.9287109375 0.2734375 0.94921875 0.2744140625
11 0.9990234375 0.109375 0.9716796875 0.1171875 0.9375 0.1630859375 0.9482421875 0.18359375 0.98046875 0.1962890625 1 0.1923828125 0.9990234375 0.109375
11 0.93359375 0.1689453125 0.9433593734375 0.1318359375 0.9189453125 0.109375 0.8642578125 0.09960937343750001 0.8417968734375 0.1298828125 0.84375 0.1533203125 0.90234375 0.1826171875 0.93359375 0.1689453125
11 0.8798828125 0.22265625 0.890625 0.1865234375 0.8466796875 0.1640625 0.8134765625 0.171875 0.8027343734375 0.2080078125 0.8271484375 0.2363281265625 0.8378906265625 0.2353515625 0.8798828125 0.22265625
11 0.81640625 0.2685546875 0.8222656265625 0.2353515625 0.8095703125 0.2167968734375 0.7607421875 0.21484375 0.71484375 0.2431640625 0.71484375 0.2744140625 0.7597656265625 0.2939453125 0.81640625 0.2685546875
11 0.9511718734375 0.0615234375 0.9345703125 0.048828126562500004 0.8964843734375 0.0673828125 0.8964843734375 0.0927734375 0.92578125 0.1044921875 0.95703125 0.0849609375 0.9511718734375 0.0615234375
11 0.953125 0.0595703125 0.9697265625 0.08398437343750001 1 0.0947265625 0.9931640625 0.00390625 0.96484375 0.0185546875 0.953125 0.0595703125
11 0.83984375 0.1162109375 0.8154296875 0.09960937343750001 0.7666015625 0.10351562656249999 0.74609375 0.1435546875 0.8046875 0.1728515625 0.8359375 0.1572265625 0.83984375 0.1162109375
11 0.69140625 0.2158203125 0.70703125 0.2119140625 0.7089843734375 0.1728515625 0.7246093734375 0.1513671875 0.7177734375 0.1464843734375 0.6904296875 0.1503906265625 0.6640625 0.1806640625 0.66796875 0.2041015625 0.69140625 0.2158203125
11 0.7949218734375 0.2041015625 0.796875 0.1826171875 0.7822265625 0.16015625 0.7412109375 0.1484375 0.7128906265625 0.1630859375 0.70703125 0.2099609375 0.7363281265625 0.2216796875 0.7949218734375 0.2041015625
11 0.7109375 0.2490234375 0.7246093734375 0.2275390625 0.6962890625 0.21484375 0.6894531265625 0.2216796875 0.7109375 0.2490234375
11 0.7402343734375 0.1396484375 0.75390625 0.1103515625 0.7431640625 0.08398437343750001 0.7158203125 0.08203125 0.6894531265625 0.1044921875 0.68359375 0.1416015625 0.6953125 0.1474609375 0.7402343734375 0.1396484375
11 0.8720703125 0.037109373437499996 0.8232421875 0.041015626562500004 0.796875 0.0673828125 0.8017578125 0.09570312656249999 0.8457031265625 0.1142578125 0.89453125 0.0849609375 0.8720703125 0.037109373437499996
11 0.8203125 0.0361328125 0.8017578125 0.0078125 0.7724609375 0.0058593734375 0.74609375 0.0205078125 0.7402343734375 0.0517578125 0.7587890625 0.078125 0.7890625 0.0830078125 0.8203125 0.0361328125
11 0.84375 0.0380859375 0.8505859375 0 0.7910156265625 0.0009765625 0.8173828125 0.0390625 0.84375 0.0380859375
11 0.73828125 0.0771484375 0.7421875 0.0224609375 0.7333984375 0.01171875 0.7041015625 0.015625 0.67578125 0.0595703125 0.6777343734375 0.0947265625 0.6933593734375 0.0986328125 0.73828125 0.0771484375
11 0.9560546875 0.08789062656249999 0.9238281265625 0.1083984375 0.94921875 0.1396484375 0.99609375 0.1083984375 0.9853515625 0.08984375 0.9560546875 0.08789062656249999
11 0.6640625 0.1103515625 0.6621093734375 0.1240234375 0.6904296875 0.1464843734375 0.69140625 0.1044921875 0.6640625 0.1103515625
11 0.7890625 0.0966796875 0.7431640625 0.08398437343750001 0.7548828125 0.11132812656249999 0.7890625 0.0966796875