11 0.319295178125 0.662269115625 0.3520541078125 0.6697808937499999 0.3802894015625 0.629986884375 0.38054585625000004 0.58432061875 0.3697888734375 0.5561578953125 0.33739325937500003 0.5434504703124999 0.31131292187500004 0.56642675 0.3016530125 0.6205723046875 0.319295178125 0.662269115625
11 0.45114658125 0.8346469234375 0.4652553265625 0.8708756015624999 0.5068478046875 0.8920577109375 0.5245897 0.8763299281249999 0.5317313375 0.844197746875 0.5287678234375 0.8165799968749999 0.50192879375 0.766408503125 0.4867051703125 0.7601229125 0.46275485781250003 0.7806376125 0.45114658125 0.8346469234375
11 0.4045994859375 0.9123183328125 0.40984974999999996 0.949232828125 0.43583035781249996 0.9836811421875 0.4530023484375 0.9901029749999999 0.4767460703125 0.9865422468749999 0.49485128125 0.9656188171875 0.4979145265625 0.9358119734375 0.493365959375 0.9028623343750001 0.45959188281249996 0.86786905 0.4198979078125 0.875535478125 0.4045994859375 0.9123183328125
11 0.5562273171875 1 0.562392303125 0.937710175 0.5500752 0.8898594140625 0.5231613734375 0.8827563640625 0.49921106093749995 0.9032710640625 0.49929298749999995 0.958097834375 0.4820711328125 0.9803882968750001 0.4829295546875 0.996111478125 0.5143591765625 1 0.5562273171875 1
11 0.6303559671875 1 0.614428315625 0.9635383546874999 0.6068913015625 0.9173271156249999 0.585277603125 0.9184262625 0.5716141 0.931828709375 0.5604965609375 1 0.6303559671875 1
11 0.5614020890625 0.8958725187500001 0.5828341296875 0.89737119375 0.5890425453125 0.8925842765625 0.597017671875 0.890531425 0.600212709375 0.88683905625 0.6002376421875 0.8724829062499999 0.5868056609375001 0.8545752343749999 0.5673967859375 0.8101443578125 0.561551684375 0.8097356281250001 0.545238115625 0.8190369765625001 0.5420430781250001 0.822729346875 0.5411347906249999 0.8357184609375 0.540069778125 0.83694925 0.53830306875 0.8342151859375001 0.53510803125 0.83790755625 0.536693084375 0.8432394437499999 0.535239825 0.8640220281250001 0.5368248765625 0.8693539187500001 0.54654178125 0.8843912812499999 0.5614020890625 0.8958725187500001
11 0.587250903125 0.9042063593749999 0.585120878125 0.9066679375 0.5847575640625 0.911863584375 0.587407628125 0.915964684375 0.6010462000000001 0.9169183859375 0.6083196281250001 0.9109006781250001 0.6092528484375 0.883555415625 0.60395271875 0.8753532171874999 0.6020043515625 0.8752169734375 0.5879775328125 0.893815065625 0.587250903125 0.9042063593749999
11 0.7000477953125 1 0.7036898953125 0.975001184375 0.7148849921875 0.954899815625 0.717741646875 0.94204694375 0.7239500640625 0.937260028125 0.7234300234375 0.9306973484375 0.7146214078125 0.9026708687499999 0.7015527406250001 0.8795675484375 0.677132253125 0.8648072734375001 0.6644019703125 0.8508644578125001 0.6445549828125 0.8546976718750001 0.6294631515625 0.874526553125 0.61262954375 0.877265221875 0.6088147359375 0.9318195062499999 0.61143986875 0.950276753125 0.6211318390625 0.979670265625 0.6342685875 1 0.7000477953125 1
11 0.6078494531249999 0.875625703125 0.6255664171875 0.8742540671875 0.642788271875 0.8519636046875 0.65627011875 0.8411589812500001 0.655750078125 0.8345963031249999 0.6423679625000001 0.7879763328125 0.6420545125 0.7644596828125 0.645456140625 0.7438133421875001 0.6429877328125 0.73711441875 0.6318425015625 0.728503490625 0.6047470171875 0.7239982640625 0.5887967640625 0.728103965625 0.5753149171875 0.7389085890625 0.5685615281249999 0.751488975 0.5655232156250001 0.7669396703125 0.5668767453125 0.803581678125 0.5783354265625 0.83570925625 0.5967042218749999 0.867014775 0.6078494531249999 0.875625703125
11 0.7254781203125 0.8734089968750001 0.756181821875 0.8403139109375 0.7583367796875 0.8234961828125 0.7585433703125 0.8065422124999999 0.752566475 0.780019009375 0.7354443500000001 0.7448848781249999 0.7145822140625 0.7212365875 0.7032553265625 0.71522348125 0.6757965265625 0.7159139015625 0.6593013015625 0.7278130703125 0.6449111671875001 0.7516068109375 0.6425496203125001 0.785378509375 0.645174753125 0.8038357578124999 0.6619335625 0.844165534375 0.6790806203125 0.8649435171875 0.7056311328125 0.8772422125 0.7254781203125 0.8734089968750001
11 0.6685729625 0.6932193109375 0.6778196921874999 0.6729817 0.6787529109375 0.6456364359375 0.671529346875 0.6229418453125 0.6522522640624999 0.60462544375 0.624793465625 0.6053158640625 0.6164550234374999 0.612564359375 0.5983747453125 0.619131640625 0.580269534375 0.6400550703125 0.5724262 0.6682223953124999 0.5746880171875001 0.6918752890625 0.5875750265625 0.7175764296875 0.6047470171875 0.7239982640625 0.6263607140625 0.722899115625 0.644985965625 0.708538365625 0.661117875 0.7018348421875 0.6685729625 0.6932193109375
11 0.564433271875 0.7825266078124999 0.56588653125 0.7617440249999999 0.5687431859375 0.7488911515625001 0.579756625 0.73138760625 0.579236584375 0.7248249265625 0.5735980734374999 0.7074622265625 0.5546843046875 0.683950178125 0.5414090484375 0.6778008296875 0.5297188453125 0.676983371875 0.5134052765625 0.6862847171875 0.503820165625 0.697361828125 0.4988334859375 0.7126762796875 0.49719856875 0.7360566875 0.5065272249999999 0.7706458453125 0.5165825109375 0.7948437125 0.531962859375 0.8128876281249999 0.5493165078125 0.8167116390625001 0.5668767453125 0.803581678125 0.564433271875 0.7825266078124999
11 0.5258221109375001 0.6767108859375 0.5334588546875 0.6654975328125 0.5363404421875 0.6382885125 0.52703671875 0.5893432046875 0.520853234375 0.5797739734375 0.503317928125 0.5785477859375 0.4849242 0.561598415625 0.47907909843749996 0.5611896859375001 0.4709223140625 0.565840359375 0.4568954953125 0.584438453125 0.45349386875000003 0.6050847953125 0.456795765625 0.641863046875 0.46648773749999994 0.6712565578125 0.480101375 0.6865664078125 0.5013517578125 0.69066290625 0.5056118078125 0.6857397453125 0.5258221109375001 0.6767108859375
11 0.8162982046874999 1 0.7970797328125 0.9554263796875 0.7703724953125 0.9313693593749999 0.7207550265625 0.940952396875 0.700833240625 0.98785405625 0.701281903125 1 0.8162982046874999 1
11 0.914502853125 1 0.8749075640624999 0.9204054828125001 0.832043484375 0.917408134375 0.8073665421875 0.9483141265624999 0.8243502859375 1 0.914502853125 1
11 0.7947929828125 0.9461296359375 0.812353221875 0.9329996749999999 0.8143265218750001 0.91877976875 0.7926308953125 0.8650521484375 0.7607802546875 0.8445512531249999 0.7327515499999999 0.8673912906250001 0.7411469859375 0.9293257125000001 0.762760684375 0.9282265640625 0.7947929828125 0.9461296359375
11 0.758130190625 0.8404501546875001 0.7662620421875 0.8501556296875 0.812477884375 0.861218934375 0.8327131187499999 0.8378339234375 0.8348680765625 0.8210161953125 0.780513253125 0.7023522015625 0.7633412625 0.6959303671875 0.7328192171875 0.72642763125 0.7560998953125 0.785487140625 0.758130190625 0.8404501546875001
11 0.8327131187499999 0.8378339234375 0.8218564046875001 0.8670957953125 0.8069711640625 0.86997070625 0.8198083078125 0.9243841453125 0.8715558015625 0.912339528125 0.8417532578125 0.8345502828125 0.8327131187499999 0.8378339234375
11 0.7335707796875 0.7016801890625 0.723878809375 0.672286678125 0.690938221875 0.667372721875 0.6492210828125 0.717971353125 0.6532745421875 0.730002165625 0.6818232859375 0.71372480625 0.7257274453125 0.729847515625 0.7335707796875 0.7016801890625
11 0.746450659375 0.6294861171874999 0.702151121875 0.5350199890625 0.6809007390625 0.5309234921875 0.657313740625 0.5462425468750001 0.6520955390625 0.59286711875 0.6911198796875 0.6647749000000001 0.7302688828125 0.6649019375 0.746450659375 0.6294861171874999
11 0.7290222140625 0.6687305515624999 0.736740884375 0.7123439687500001 0.7736280703125 0.6888181140625 0.7513874734375 0.6428839625 0.7290222140625 0.6687305515624999
11 0.5449032765624999 0.50183468125 0.549790225 0.5439448203125 0.5763158046875 0.570599665625 0.613334784375 0.573188284375 0.639753503125 0.5593725078125 0.6535986640625 0.5433722359375001 0.65629859375 0.5187610390625 0.646606621875 0.489367528125 0.618652715625 0.46913911875 0.5655018265625 0.47325402499999997 0.5449032765624999 0.50183468125
11 0.5860576421875 0.57128088125 0.5836711625000001 0.619408728125 0.5919846703125 0.62651638125 0.646770478125 0.59902106875 0.6518070218750001 0.55499431875 0.6152831515625 0.573324528125 0.5860576421875 0.57128088125
11 0.5538436859375 0.5559756328125001 0.5300750296875 0.573892509375 0.5485257531250001 0.6600247984375 0.5703211078125 0.6563278265625 0.5845545171875 0.6207757609375 0.5802125390625 0.5708721515625 0.5538436859375 0.5559756328125001
11 0.583496634375 0.7199017671875 0.5973168624999999 0.7182576453125 0.58175485625 0.7028115515625 0.5713611875 0.669453184375 0.5629978140625 0.6910578296875001 0.583496634375 0.7199017671875
11 0.42641264375 0.7963699984375 0.44976811874999995 0.8123610640625 0.46275485781250003 0.7806376125 0.491848575 0.7565667859375 0.4920551640625 0.7396128140625 0.470541196875 0.6832873687500001 0.44947247187499995 0.6765930499999999 0.4247955296875 0.707499040625 0.418305725 0.7723083749999999 0.42641264375 0.7963699984375
11 0.45731580625 0.6484257265625 0.44151514687500004 0.5663945359375 0.416913003125 0.5542320828125 0.38516922187499997 0.5742018109375 0.381536071875 0.626158271875 0.403074971875 0.66812756875 0.44131568750000005 0.6812437234375001 0.45731580625 0.6484257265625
11 0.49613355625000005 0.7372874781250001 0.5095085421875 0.68601223125 0.48080307343750006 0.6905312640625 0.49613355625000005 0.7372874781250001
11 0.4904059875 0.567202790625 0.5169565 0.5795014875 0.5488819375 0.5569339375 0.5450849343749999 0.49923685625 0.5559416484375 0.46997498593750003 0.5471080984375 0.45630465468750003 0.5182459046875 0.4490653625 0.49216556718750004 0.4720416421875 0.47824560937499994 0.5311103562499999 0.4904059875 0.567202790625
11 0.65874206875 0.539816109375 0.6947209671875 0.529279371875 0.697577621875 0.5164265 0.6486547203125 0.43207917812499996 0.6389128828125 0.4313979625 0.622756040625 0.452457634375 0.619717728125 0.46790832968749996 0.65279010625 0.498936759375 0.65874206875 0.539816109375
11 0.577968525 0.43496789375 0.55170653125 0.46054199687499997 0.56532016875 0.4758518484375 0.6149376390625 0.466268809375 0.6176126359375 0.4560137609375 0.6068307203125001 0.4422071859375 0.577968525 0.43496789375
11 0.612857478125 0.44001809375 0.6325477421875 0.424426553125 0.6347026984374999 0.40760882499999995 0.59697489375 0.303160134375 0.5719173828125 0.31965517656250003 0.5567176 0.3432308703125 0.5626388390625 0.39949234218749996 0.5820469171875 0.4326425578125 0.612857478125 0.44001809375
11 0.5612097140625 0.3946381171875 0.5485364265625 0.44987821875 0.5765651296875001 0.4270381828125 0.5750050109375 0.4073501453125 0.5612097140625 0.3946381171875
11 0.4821601453125 0.4191314796875 0.5065557 0.44824790468750003 0.530117765625 0.4472849984375 0.55017134375 0.4264978109375 0.558039609375 0.3839743390625 0.5457474390625 0.32176743124999996 0.5280554078125 0.30878291875 0.5064417109375 0.309882065625 0.47677808906249997 0.3561025109375 0.4821601453125 0.4191314796875
11 0.3842965390625 0.3626882 0.3782199140625 0.393589590625 0.38505523125 0.435835975 0.406957446875 0.47260962500000003 0.4184659921875 0.47602490625 0.44826140625 0.4559189359375 0.45631133124999995 0.41079764062499996 0.4480476875 0.3749776921875 0.427367209375 0.348731578125 0.40593516875 0.347232903125 0.3842965390625 0.3626882
11 0.48452882343750003 0.48325499531249994 0.458704940625 0.4605650078125 0.4287528015625 0.46891265156250006 0.41241430156250003 0.49257014843749997 0.41181946406250003 0.5290759140625 0.44151514687500004 0.5663945359375 0.47500070625 0.5635150234374999 0.48452882343750003 0.48325499531249994
11 0.48878887187500003 0.47833183593750006 0.510452434375 0.448520390625 0.488161971875 0.43129853437500004 0.47875851875000003 0.4397778203125 0.477305259375 0.46056040468750004 0.48878887187500003 0.47833183593750006
11 0.4865769203125 0.4259666453125 0.47423488437500005 0.392472034375 0.4888814734375 0.3230120265625 0.461084290625 0.31454194375 0.439264003125 0.3325950640625 0.433914009375 0.3531051625 0.47434174375 0.43294265468750004 0.4865769203125 0.4259666453125
11 0.5042546906250001 0.24316072812499998 0.5077382453125 0.27734115625 0.533718853125 0.31178947031250004 0.5512541578125 0.31301565781249996 0.579489453125 0.27322165 0.542388546875 0.2158062609375 0.5042546906250001 0.24316072812499998
11 0.564397621875 0.29305053281250004 0.5500074890625 0.3168442703125 0.5481909140625 0.3428225015625 0.5543743984375 0.3523917328125 0.595208184375 0.3004260671875 0.5805295328125 0.2863470078125 0.564397621875 0.29305053281250004
11 0.5033713359374999 0.2417936953125 0.5294516734375 0.218817415625 0.532696575 0.1864127484375 0.5136260828125 0.151142375 0.480867153125 0.1436305953125 0.45442350156250005 0.171802521875 0.45224361249999995 0.2029763984375 0.4723791171875 0.23701598124999998 0.5033713359374999 0.2417936953125
11 0.3108712671875 0.9227326343750001 0.3560470296875 0.9206705812499999 0.3710070671875 0.874727225 0.3581699234375 0.8203137843749999 0.329877634375 0.790924875 0.314290696875 0.7898349296875 0.29831551093750003 0.8082967796875 0.291875571875 0.8443938171875001 0.3108712671875 0.9227326343750001
11 0.3126379765625 0.9254667015625 0.30001455312499997 0.9519945062499999 0.299601371875 0.98590245 0.37062595 0.992174234375 0.3791959140625 0.9536156171875 0.355865371875 0.9232684046875 0.3126379765625 0.9254667015625
11 0.397094534375 0.9496461609375 0.383976003125 0.9552551359375 0.372235934375 0.9831499750000001 0.3725743171875 0.9923104765625 0.4762010984375 0.9943357171875 0.439545434375 0.98655145 0.397094534375 0.9496461609375
11 0.3768272359375 0.889492103125 0.3896643796875 0.9439055406250001 0.405953015625 0.9489603421874999 0.4122611625 0.88674883125 0.42202793125 0.8730739 0.45003170312499996 0.8645900109375001 0.45112164843749997 0.8490030718750001 0.4410663625 0.82480520625 0.4203609515625 0.8129152390625001 0.38435712031249997 0.8378081265624999 0.3768272359375 0.889492103125
11 0.34390069375 0.7286697109375 0.326374859375 0.77468396875 0.32917593749999996 0.78696001875 0.3463229953125 0.8077380015625 0.3656250109375 0.81169825625 0.399710921875 0.7879882406250001 0.42318554375 0.7165233015625 0.4202220296875 0.6889055515625 0.40484168125000003 0.670861634375 0.366914415625 0.68126213125 0.34390069375 0.7286697109375
11 0.4302844453125 0.8109986328125001 0.43347948281250004 0.8073062625 0.432596128125 0.8059392296875 0.42147582968749997 0.782972153125 0.41760402812499997 0.76834351875 0.42360922187499994 0.72879273125 0.41674837656249997 0.7392144640625 0.41054820468750003 0.7596754234375 0.404537684375 0.777424271875 0.3964854375 0.7903614953125 0.3892120078125 0.796379203125 0.3883037203125 0.8093683171875 0.39412389062500003 0.8241331953125 0.398020625 0.82440568125 0.4022806734375 0.8194825203124999 0.4104374578125 0.814831846875 0.4302844453125 0.8109986328125001
11 0.2684631015625 0.75921983125 0.276594953125 0.7689253078125 0.28755852656249997 0.7801340578125 0.30260049218749996 0.789017471875 0.3103939609375 0.7895624437500001 0.32049911249999996 0.7850480140625 0.32369415 0.78135564375 0.3233557671875 0.7721951421875 0.3196656234375 0.7549686828125 0.32166385625 0.72639263125 0.3237938796875 0.72393105 0.3241571953125 0.7187354046875 0.32150713125 0.7146343046875 0.3174287390625 0.7169596421875 0.29404833125 0.715324725 0.284669809375 0.7094478625 0.276876340625 0.708902890625 0.271394553125 0.703298515625 0.262536071875 0.7039843328125001 0.25773104999999996 0.7167009625 0.25858947187500003 0.73242414375 0.2684631015625 0.75921983125
11 0.328655896875 0.780397340625 0.3316692765625 0.7793027921875 0.3325775640625 0.7663136781250001 0.3395126109375 0.75113546875 0.345407578125 0.7228319015625 0.34984928437499996 0.71531091875 0.3502126 0.710115271875 0.35447265 0.7051921125 0.3548359640625 0.6999964671875001 0.3569659890625 0.6975348875 0.356082634375 0.6961678546875001 0.354315925 0.6934337875 0.350419190625 0.6931613015625 0.34615914062500003 0.6980844609375 0.3442107734375 0.6979482171875 0.3356906734375 0.7077945375 0.33374230625 0.7076582953125 0.3239755375 0.721333228125 0.32361222343749996 0.7265288734375 0.3214821984375 0.7289904546875 0.31984728125 0.7523708609375 0.321613990625 0.7551049265625001 0.32106901875 0.7628983953125 0.3226540703125 0.7682302859375 0.328655896875 0.780397340625
11 0.351665859375 0.6893326890625 0.3541592 0.6816754625 0.3538208171875 0.6725149609375001 0.3520541078125 0.6697808937499999 0.3323887765625 0.6710162859375 0.319295178125 0.662269115625 0.3093966171875 0.6498295749999999 0.3019913953125 0.6297328078125 0.2784293296875 0.6306957125 0.2603241203125 0.6516191421875 0.258689203125 0.67499955 0.2630810453125 0.6961908625000001 0.27316126406249996 0.70603258125 0.2959966984375 0.71546096875 0.3115836359375 0.7165509125 0.327533890625 0.7124452109375 0.351665859375 0.6893326890625
11 0.4013082625 0.665393503125 0.397593184375 0.6625231921875 0.3968914875 0.6585583359375 0.3854078734375 0.6407869078124999 0.3815111390625 0.6405144203125 0.3772510890625 0.6454375796875 0.36909430468750004 0.6500882546875 0.36163921875 0.658703784375 0.3593275359375 0.6637631859375 0.35878256406250003 0.67155665625 0.36514770625000004 0.678528065625 0.3709928078125 0.6789367937499999 0.383227984375 0.6719607843750001 0.400944946875 0.6705891484375 0.4013082625 0.665393503125
11 0.35474690781249996 0.54727448125 0.36254037656250004 0.5478194546874999 0.3643070859375 0.5505535187499999 0.3721005546875 0.5510984921875 0.373867265625 0.5538325578125 0.3875058359375 0.5547862609374999 0.3892725453125 0.5575203265625001 0.4029111171875 0.558474028125 0.41000288906250004 0.5550541453125 0.41480791093749997 0.542337515625 0.4141062125 0.538372659375 0.408649359375 0.5184121359375 0.41010261875 0.4976295515625 0.41223264375 0.49516797031250004 0.41277761562500004 0.48737450156250006 0.4067757890625 0.475207446875 0.397578925 0.46673276250000006 0.3819919875 0.46564281718749995 0.35856171406250004 0.49272019843750003 0.3546649796875 0.4924477109375 0.349521575 0.4960038390625 0.3473416859375 0.5271777156249999 0.3491083953125 0.5299117796874999 0.350148475 0.5430371390625 0.35474690781249996 0.54727448125
11 0.358743371875 0.490122375 0.37027685 0.4791815078125 0.3839652859375 0.4514229140625 0.38380856093750004 0.4396645875 0.38048173125 0.417242484375 0.375726575 0.401246815625 0.3713098 0.39441165 0.3576712296875 0.3934579484375 0.331615825 0.40207808125 0.315822296875 0.41794210625000006 0.3044455421875 0.4406412984375 0.30262896875 0.46661952968750003 0.3040323625 0.47454924218750005 0.313567609375 0.492184428125 0.324712840625 0.50079535625 0.34419651406249996 0.5021577875000001 0.35271661249999997 0.49231146875 0.358743371875 0.490122375
11 0.3090012390625 0.5714861531250001 0.33562655 0.540716403125 0.3287413671875 0.5271823171875 0.3209478984375 0.52663734375 0.31351774374999997 0.5208967265625 0.2920857046875 0.5193980515625001 0.2736421109375 0.531160978125 0.25979695 0.547161246875 0.2526802453125 0.5649372796875001 0.2490969609375 0.58818144375 0.25507385625 0.6147046484375001 0.27063586093750003 0.630150740625 0.29827631875 0.6268624984375 0.3016530125 0.6205723046875 0.303832903125 0.589398428125 0.3090012390625 0.5714861531250001
11 0.34366934374999997 0.39769989375 0.34579936875 0.3952383140625 0.35359283750000003 0.3957832859375 0.3557228625 0.39332170624999996 0.3713098 0.39441165 0.3753881921875 0.3920863140625 0.37736149218750004 0.377866409375 0.3794915171875 0.375404828125 0.3798797640625 0.35585303437500004 0.3747612921875 0.3450530140625 0.368916190625 0.344644284375 0.36714948125 0.34191021718750003 0.34376907343749996 0.3402753 0.3356122890625 0.3449259734375 0.3215854703125 0.363524065625 0.318547159375 0.3789747609375 0.316417134375 0.3814363421875 0.319042265625 0.3998935890625 0.3200968453125 0.4125997703125 0.3264724203125 0.4056342078125 0.32665407812499997 0.403036384375 0.3317974828125 0.39948025781249996 0.34366934374999997 0.39769989375
11 0.3423799390625 0.5281360187499999 0.345574975 0.5244436484375 0.34614488125 0.5022940296875 0.324712840625 0.50079535625 0.313567609375 0.492184428125 0.305617415625 0.47988113125 0.30262896875 0.46661952968750003 0.304082228125 0.4458369453125 0.29884904375 0.451671978125 0.2910117484375 0.46287988281250003 0.2873569609375 0.477319240625 0.286265534375 0.5046331734375 0.296164096875 0.5170727140625 0.29987917343750004 0.5199430234375 0.317414478125 0.5211692125 0.3191811890625 0.5239032765625 0.3423799390625 0.5281360187499999
11 0.3046272 0.4380434765625 0.306757225 0.43558189687500004 0.3062371859375 0.42901921718749997 0.304470475 0.4262851515625 0.294002009375 0.4359952265625 0.2920536421875 0.435858984375 0.28228687343750003 0.4495339171875 0.279611875 0.45978896718750006 0.2774818515625 0.4622505453125 0.27639190625 0.477837484375 0.278158615625 0.48057154999999996 0.279380353125 0.49109908593749996 0.28468048281249997 0.499301284375 0.284498825 0.50189910625 0.2896138328125 0.46395772500000004 0.30353725468750004 0.453630415625 0.3046272 0.4380434765625
11 0.25050035625 0.59611115625 0.2508636703125 0.5909155109374999 0.2490969609375 0.58818144375 0.2526802453125 0.5649372796875001 0.25979695 0.547161246875 0.27062873125000003 0.532255525 0.269927034375 0.52829066875 0.26569191718749996 0.51885768125 0.257560065625 0.50915220625 0.2359463671875 0.5102513546874999 0.22584121562499998 0.5147657859375 0.21838612968749999 0.523381315625 0.2087760859375 0.5488145734375001 0.207686140625 0.5644015125 0.21103790312499998 0.5724674671875001 0.2106745875 0.5776631125 0.22782164531250002 0.5984410953125 0.23171838125000002 0.59871358125 0.23348509062499997 0.6014476484375 0.24730531875 0.5998035265625 0.25050035625 0.59611115625
11 0.2388279546875 0.483042334375 0.23719303749999998 0.5064227406249999 0.23984310312499998 0.510523840625 0.2495849390625 0.51120505625 0.2517149640625 0.5087434765625 0.2556116984375 0.5090159640625 0.26304185156250004 0.51475658125 0.26657527187499996 0.5202247140625 0.272238715625 0.523231265625 0.28359053749999996 0.5148882234375 0.2859022203125 0.50982881875 0.2853821796875 0.503266140625 0.279380353125 0.49109908593749996 0.278158615625 0.48057154999999996 0.27639190625 0.477837484375 0.2774818515625 0.4622505453125 0.282105215625 0.45213174062499994 0.2826501875 0.44433827187499997 0.28000012343749997 0.44023717187500006 0.272206653125 0.4396922 0.2700766296875 0.44215377812499995 0.2601531359375 0.44407038749999994 0.24648963125 0.457472834375 0.24417795 0.4625322359375 0.24345131874999998 0.4729235296875 0.2388279546875 0.483042334375
11 0.3107287578125 0.3927859375 0.31392379375 0.3890935671875 0.3144687671875 0.3813000984375 0.32176712812499997 0.36092624375 0.330287228125 0.3510799234375 0.3349105921875 0.3409611171875 0.33439055156249997 0.3343984390625 0.322205240625 0.3126621515625 0.316541796875 0.30965560000000003 0.304488278125 0.3140337875 0.292798075 0.313216328125 0.28677131562499997 0.3154054234375 0.2784328734375 0.3226539203125 0.2644060546875 0.3412520125 0.26191271562499996 0.34890923749999997 0.2602777984375 0.37228964531250003 0.263447903125 0.3829534234375 0.2696313859375 0.39252265625 0.2790099078125 0.3983995171875 0.294596846875 0.39948946093750004 0.3107287578125 0.3927859375
11 0.3073520625 0.39907613125 0.30644377500000003 0.41206524531250005 0.308210484375 0.4147993125 0.3078471703125 0.41999495781249996 0.310497234375 0.4240960578125 0.3124456015625 0.4242323 0.3177706640625 0.41807835000000004 0.324524053125 0.40549796406249994 0.32382235625 0.40153310781249996 0.3185222265625 0.39333090937500004 0.3146254921875 0.39305842343749997 0.3073520625 0.39907613125
11 0.4137286390625 0.347777875 0.4158586625 0.3453162953125 0.41975539843750004 0.34558878125 0.42152210781250005 0.3483228484375 0.4332123109375 0.34914030625 0.4346406390625 0.3427138703125 0.4390823453125 0.3351928875 0.43944566093750004 0.32999724218750004 0.44157568593749996 0.32753566093750003 0.44069233125 0.32616862812499997 0.4260136796875 0.3120895671875 0.42211694531250005 0.31181708124999996 0.42035023593750004 0.309083015625 0.4067116640625 0.3081293140625 0.40032159062500006 0.3155140546875 0.398373221875 0.3153778109375 0.38860645312500003 0.32905274218749997 0.38593145624999997 0.33930779218749996 0.38380143125 0.34176937343749997 0.38289314375 0.3547584875 0.38554320937500003 0.3588595875 0.38943994375 0.3591320734375 0.4039868015625 0.3470966609375 0.4137286390625 0.347777875
11 0.3909181359375 0.323993340625 0.402633271875 0.31045465 0.4106083984375 0.3084018 0.4138034359375 0.30470943125 0.41382836875000006 0.29035328125 0.413308328125 0.28379060156249997 0.403591425 0.2687532390625 0.39244619375 0.2601423109375 0.3867827484375 0.257135759375 0.3536605046875 0.2548196265625 0.345503721875 0.2594702984375 0.325086828125 0.28545313125 0.32363356875 0.3062357171875 0.328388725 0.322231384375 0.340053996875 0.33740499062499996 0.371046215625 0.342182703125 0.383099734375 0.33780451718750004 0.388424796875 0.33165056718749997 0.3909181359375 0.323993340625
11 0.445027178125 0.2781770234375 0.4460672578125 0.2913023828125 0.455602503125 0.30893756875 0.46303265781249997 0.3146781875 0.48641306562500003 0.31631310468749996 0.506805025 0.30468642031250004 0.5121300875 0.29853247031249996 0.513558415625 0.2921060359375 0.5063348515625 0.2694114453125 0.50280143125 0.2639433125 0.5037097187499999 0.250954196875 0.4994746015625 0.24152120937500002 0.48760274062500003 0.2433015734375 0.48583603125 0.24056750624999998 0.47609419375 0.23988629062500003 0.46866404062499994 0.23414567343749998 0.46087057031249995 0.23360070156249998 0.458740546875 0.2360622796875 0.45289544375 0.23565355000000002 0.4450770421875 0.2494647265625 0.44326046718749995 0.2754429578125 0.445027178125 0.2781770234375
11 0.26868749375 0.630014496875 0.25115218906250003 0.628788309375 0.24315212968750002 0.6451973093750001 0.24292060625 0.6765074281250001 0.2552626421875 0.7100020390624999 0.262536071875 0.7039843328125001 0.2601424625 0.654216965625 0.26868749375 0.630014496875
11 0.3718405578125 0.9048065546874999 0.37251732187500003 0.9231275578125 0.383819278125 0.9434968109374999 0.391431090625 0.9466396078124999 0.39179440468750004 0.9414439625 0.37945236875 0.90794935 0.3787756046875 0.8896283453124999 0.37630719687499997 0.8829294234375 0.3739705828125 0.9023449749999999 0.3718405578125 0.9048065546874999