11 0.704539071875 0.7571987015625 0.6840523625 0.6990468265625001 0.6271409328125 0.6900034328125 0.5822279046875 0.7197659015625 0.55960650625 0.7693250265625 0.580543859375 0.8136735749999999 0.620146565625 0.836522640625 0.6796550671875 0.8083421218750001 0.704539071875 0.7571987015625
11 0.804456515625 0.8541470453125 0.7877052234375 0.80855335625 0.7370147953124999 0.7867241078125 0.6756966765625 0.8195436812500001 0.6623533828125 0.8727220421874999 0.6849865203125 0.9074533296875 0.7439352390625 0.9218140874999999 0.772445525 0.9119668078125001 0.804456515625 0.8541470453125
11 0.7641590609375 0.7171383078125 0.8105425515625001 0.6846602390625 0.8185661234375001 0.6166610828125 0.796950459375 0.5761594390625 0.7551989796874999 0.559872878125 0.7013446531249999 0.5672345765625 0.6782702656249999 0.61373894375 0.685857284375 0.6606916078125 0.7167510578125 0.7048124875 0.7641590609375 0.7171383078125
11 0.8941569984375001 0.7053534875 0.8955089265625 0.6639435125 0.8617880671875 0.63023204375 0.8209449171875001 0.6369130796875 0.813144315625 0.6811524906249999 0.79006758125 0.7107987765625 0.8093044546874999 0.7310484265625 0.8622551453125 0.7344352953125 0.8941569984375001 0.7053534875
11 0.838270078125 0.7411139828125 0.8516274546875 0.7890841171874999 0.8890813874999999 0.8184956890624999 0.9532312890625001 0.80898286875 0.9708674328125 0.70896333125 0.9241377406250001 0.69279060625 0.9050170515625 0.69437725 0.8853342296875001 0.7216470921875 0.838270078125 0.7411139828125
11 0.88599845625 0.6166516921875 0.9056906687499999 0.656814178125 0.97346685 0.6885975015625 0.9946083937499999 0.574321646875 0.9753738671875001 0.57093008125 0.9177841234375 0.5657335921875 0.88599845625 0.6166516921875
11 0.8227545359375 0.6322740265625 0.8362187046875 0.6346481234375 0.884753315625 0.6124656296875 0.8995694140625 0.5734297515625 0.896623796875 0.5451447875000001 0.865163196875 0.49299094062500004 0.829748903125 0.4857548171875 0.7735228281250001 0.523438765625 0.76560604375 0.5458418843749999 0.8130187421875 0.59188386875 0.8227545359375 0.6322740265625
11 1 0.4678589859375 0.99232935 0.4578993640625 0.952501321875 0.4419519625 0.8807714453125 0.455086365625 0.875461121875 0.5076978999999999 0.8984334140625 0.5405057359375001 0.9341892140624999 0.5626764890625 0.994833715625 0.5674199843750001 1 0.539930284375 1 0.4678589859375
11 0.909953 0.3908179328125 0.8807550093750001 0.3370797890625 0.8351566265624999 0.320114915625 0.776890915625 0.33562341562500003 0.7591338921874999 0.3800904953125 0.780298915625 0.43439546562500003 0.8510160203125 0.4607475859375 0.8998897875 0.4366416390625 0.909953 0.3908179328125
11 1 0.337196659375 0.991857575 0.31997995 0.9547451484374999 0.3055030078125 0.9057551984375 0.307772659375 0.8855055484375001 0.327009534375 0.9100644859375 0.37893806093750004 0.9000036234375001 0.4416198484375 0.958497003125 0.43606776875 1 0.40313321718750006 1 0.337196659375
11 1 0.166961496875 0.9878757046875 0.1626006859375 0.9349273609375001 0.17607189843749999 0.903703825 0.2013068 0.9116370421875001 0.29691025937500004 0.9658328734375001 0.304483190625 0.9962666109375 0.294975065625 1 0.28759106874999996 1 0.166961496875
11 0.9030302062500001 0.2388698703125 0.8858282703125001 0.20707950625 0.843398478125 0.19463985 0.793393403125 0.21953794375000002 0.7776760203124999 0.2861804734375 0.7980465453125001 0.32249605625 0.8744178249999999 0.328029353125 0.9038293984375001 0.29057542187499996 0.9030302062500001 0.2388698703125
11 0.78922143125 0.321931578125 0.7694130343750001 0.2599327953125 0.730830146875 0.24817145468750001 0.6773173265625 0.2704677828125 0.668271584375 0.31052113124999997 0.717837753125 0.383716775 0.7524599000000001 0.38982159375 0.766823009375 0.34773095781249996 0.78922143125 0.321931578125
11 0.6872831359375 0.33767244218750003 0.6606916078125 0.31414271562499996 0.6079662406249999 0.3038541828125 0.5521908062499999 0.32773480625 0.56158979375 0.3869064984375 0.592934209375 0.417224053125 0.6629683046875 0.4137069125 0.6923798765625 0.37625298281249997 0.6872831359375 0.33767244218750003
11 0.6619297046875 0.2677545296875 0.6476639953125 0.1968168 0.59787955 0.181097065625 0.5533033296875 0.1920779984375 0.510766746875 0.22523438125 0.512811075 0.28112599375 0.5418928828125 0.3130278453125 0.6251634765625 0.3019283828125 0.6619297046875 0.2677545296875
11 0.521866209375 0.308504975 0.4940224984375 0.23021493906249998 0.4633587421875 0.21290856093750002 0.4115417015625 0.225587625 0.3957081328125 0.2703938609375 0.4260397765625 0.3401979390625 0.47559890156250006 0.3628193375 0.5096518734375 0.3440331046875 0.521866209375 0.308504975
11 0.406124590625 0.323795196875 0.38213013125 0.2630415546875 0.35248619375 0.2568229015625 0.307003990625 0.26169432187499997 0.284491734375 0.2825154921875 0.2805380375 0.327433215625 0.306790409375 0.35288639375 0.347522071875 0.35808523124999997 0.406124590625 0.323795196875
11 0.5497052250000001 0.353078846875 0.5532082765624999 0.321964446875 0.52888170625 0.31370850625 0.511575328125 0.34437226249999997 0.4689249109375 0.372550434375 0.4851140703125 0.4438273234375 0.5465483718749999 0.43284404062500004 0.5786778921875 0.413718653125 0.5497052250000001 0.353078846875
11 0.47719024374999996 0.41565619218750005 0.4556860625 0.3632746734375 0.40442880781249996 0.33341245937499997 0.3580429671875 0.349032446875 0.3434545390625 0.3980247453125 0.37321935625 0.45979585468749995 0.4218724984375 0.4763077359375 0.46135667500000005 0.46046242968750006 0.47719024374999996 0.41565619218750005
11 0.585363625 0.48827796562500003 0.5672557078125 0.45037808906250004 0.5331980374999999 0.435448153125 0.483532121875 0.45842279374999995 0.473808065625 0.5023230484375001 0.491915984375 0.5402229281250001 0.5412474406250001 0.552887903125 0.5769961984374999 0.5244844109375 0.585363625 0.48827796562500003
11 0.5755139984375 0.44290959843750005 0.5922652875 0.48850328750000005 0.6367323687499999 0.5062603078125 0.6762165421875 0.49041500156250006 0.6637604515625 0.4148382171875 0.582185640625 0.41632041875 0.5755139984375 0.44290959843750005
11 0.7162722390625 0.5163188265625 0.7917375359375 0.5157426078125 0.81424979375 0.49492143750000006 0.8180920046875 0.4618835859375 0.7783754625 0.434056309375 0.7572127875 0.3966094234375 0.7314157546875 0.39106908125 0.676657796875 0.40917934687499996 0.6670452265625 0.44119972812499997 0.674516065625 0.46631609999999996 0.7162722390625 0.5163188265625
11 0.5971460984375 0.6014178203125 0.5578802015625001 0.5597872203125001 0.5109251890625 0.5505161562499999 0.4854696625 0.5599104453125 0.4726932 0.6211217734375001 0.5164843140625 0.6595837812500001 0.5694350046875 0.662970653125 0.596133325 0.6409043421875 0.5971460984375 0.6014178203125
11 0.6436340328125 0.50648563125 0.59113633125 0.5061535171875 0.5629698984375 0.5477935109375001 0.563650559375 0.560804690625 0.607555509375 0.60424490625 0.661971965625 0.5712000125000001 0.6602667906249999 0.513384946875 0.6436340328125 0.50648563125
11 0.68302785 0.6542429375000001 0.6820009875 0.5925809656250001 0.6663856953125 0.5799112921875 0.6218118234375 0.6077503078125 0.614011221875 0.65198971875 0.6363052031249999 0.68864445625 0.688238425 0.697801684375 0.7029453828125 0.6875037625 0.68302785 0.6542429375000001
11 0.7646977125000001 0.5228742875 0.7143487859375 0.5159796703125 0.68232605625 0.48950901875 0.6632077125 0.5079537453125 0.6577812062499999 0.5387289875 0.6783794046875 0.5850009875 0.6974977484375 0.5665562625 0.7578007437500001 0.5563651296875001 0.7646977125000001 0.5228742875
11 0.48367178437499997 0.6488399109375 0.44927026249999996 0.6021172640625 0.4055953296875 0.5854915468749999 0.3652075203125 0.6120854234374999 0.3551443109375 0.6579091312500001 0.40040823281250004 0.7105136203125 0.44046158125 0.7195593625 0.48141386875 0.6841403703125 0.48367178437499997 0.6488399109375
11 0.45706381875 0.50730360625 0.4138465734375 0.5274488109375 0.4032165390625 0.5652395515624999 0.4093284 0.5811916515625 0.46081097812499994 0.6041522031250001 0.49553756875 0.547802903125 0.47165929375 0.5088855531250001 0.45706381875 0.50730360625
11 0.47628895312499997 0.4432628421875 0.45117493125 0.4675917625 0.408861321875 0.4769883984375 0.420404384375 0.49588142187499995 0.4478995484375 0.5086625828125 0.47154545781249996 0.5039073453125 0.484210434375 0.45457588906249996 0.47628895312499997 0.4432628421875
11 0.783618909375 0.7136282125 0.7130179875 0.709112384375 0.7079306390625 0.737964175 0.7256994 0.7777875062499999 0.777860290625 0.7969011546875 0.7925672515625 0.7866032296875 0.8134928640625001 0.7466613671875 0.783618909375 0.7136282125
11 0.8132910203125 0.9221438546874999 0.8509632296874999 0.8940795156249999 0.873584625 0.8445203906250001 0.8545707265625 0.8005109984375001 0.804786278125 0.7847912640625 0.7840836390625 0.8009733812500001 0.802077721875 0.83389505 0.80106495 0.873381571875 0.7747081312499999 0.9103825109375 0.8132910203125 0.9221438546874999
11 0.8551539890625 0.9265505421875 0.8736010625 0.9625269671875 0.9232716734374999 0.97326849375 0.9467873140625 0.8455284687500001 0.9096748874999999 0.8310515265625 0.8774315343750001 0.8451987046875 0.8551539890625 0.9265505421875
11 0.5597179953125 0.7574451546875001 0.60021259375 0.685255240625 0.5744132140625 0.6628568171875 0.51614515625 0.6615072343749999 0.4894468359375 0.68357354375 0.4751975640625 0.730642390625 0.495001265625 0.7589250046875 0.5189886796875001 0.7691044 0.5597179953125 0.7574451546875001
11 0.6551149140625 0.89127825625 0.6194682515625 0.8403695484375 0.6017041890625 0.83426238125 0.5606357156249999 0.8478450796875 0.5510208000000001 0.8630073796875 0.5526097921875001 0.898986153125 0.57727786875 0.9221767234374999 0.6174427031249999 0.91934259375 0.6551149140625 0.89127825625
11 0.661563584375 0.8884488203125 0.6419945984375001 0.9206968718749999 0.6799038671875001 0.970021284375 0.7331937140625 0.9714847015625001 0.7741460046875 0.936065709375 0.772559359375 0.9169450171875001 0.701280125 0.9162760953125 0.661563584375 0.8884488203125
11 0.6521716421875 0.879851375 0.6629202109375 0.8807550093750001 0.667663709375 0.8201105078125 0.6225230093749999 0.8399165562500001 0.6521716421875 0.879851375
11 0.5059821984374999 0.8035012265624999 0.5433246421875 0.8447926703125 0.587675540625 0.8407133999999999 0.5981964359374999 0.8316606140625 0.5503284015625 0.765705790625 0.504620875 0.777478871875 0.5059821984374999 0.8035012265624999
11 0.4751928703125 0.6969262265625 0.438991121875 0.7222749625 0.442275896875 0.7486364734375 0.45574241249999997 0.76786865 0.499642665625 0.77759270625 0.5082401109375 0.768200765625 0.47644270468750005 0.734828453125 0.4751928703125 0.6969262265625
11 0.5598529578125 0.9141461046874999 0.541178215625 0.8682132593749999 0.5013501890625001 0.8522658546875 0.474538034375 0.8693539546875 0.462100725 0.9286418296875001 0.482132096875 0.9668808671875 0.527277490625 0.98079098125 0.5413061359375 0.9743399625 0.5598529578125 0.9141461046874999
11 0.6693004578124999 1 0.67300220625 0.9697959609375 0.6379223703125 0.92692021875 0.6201583046875 0.9208130546875 0.5765995546875 0.9260236296875 0.5518246875 0.9484290953125001 0.54447473125 0.97886518125 0.551991290625 1 0.6693004578124999 1
11 0.8435006453125 1 0.8608175546875 0.9731640484374999 0.821779328125 0.9414898671874999 0.7917962328125 0.937194665625 0.759780546875 0.9612982640625001 0.7529563875 1 0.8435006453125 1
11 0.919549815625 1 0.9237246656250001 0.9763232484375 0.9141074015624999 0.974627465625 0.8837851515624999 0.9722557171874999 0.8467912546875 0.9964731499999999 0.8457793468749999 1 0.919549815625 1
11 0.36727532812499997 0.8365578609375 0.346911846875 0.8508165249999999 0.3448816046875 0.89607340625 0.35585784062500003 0.9069334609374999 0.397267815625 0.9082853890625 0.4155940109375 0.8887093593750001 0.41479951562500006 0.8707199734375 0.36727532812499997 0.8365578609375
11 0.548853246875 1 0.5383652156250001 0.9797711640625 0.51166455 0.9849793921875 0.5096311765625 1 0.548853246875 1
11 0.3728180203125 0.8276189109375001 0.3896690578125 0.7770423156249999 0.37676701874999996 0.748985021875 0.35877997968750003 0.7666375984375 0.31997411875 0.778636003125 0.31545359375 0.8155207593749999 0.3305044078125 0.8370155499999999 0.3555092921875 0.8414245843750001 0.3728180203125 0.8276189109375001
11 0.3769899921875 0.7252252765625 0.36566990312500003 0.682572509375 0.332518215625 0.6737520906250001 0.293147878125 0.694575609375 0.284891934375 0.7189021796875 0.30549013281250004 0.76517418125 0.329816703125 0.773430125 0.3647756578125 0.7607534078125 0.3769899921875 0.7252252765625
11 0.2372468703125 0.6291876109375 0.190749546875 0.6566874703125001 0.189848259375 0.6842941203125 0.2075008390625 0.702281159375 0.241217003125 0.7022764640625 0.264407575 0.6776083875000001 0.269494925 0.6487565984375 0.2372468703125 0.6291876109375
11 0.2330608109375 0.63043275 0.2449359859375 0.596828071875 0.22524612031250002 0.5735236671874999 0.191532303125 0.590386446875 0.1505753203125 0.592089271875 0.145827128125 0.6190176078125 0.16370737500000002 0.6469610671875 0.2009312890625 0.6495581375 0.2330608109375 0.63043275
11 0.23214543437500001 0.55689090625 0.236665959375 0.5200061500000001 0.2095099515625 0.5053015375000001 0.1636885921875 0.5120964078125 0.1521502234375 0.5269195515625 0.140275046875 0.5605242296874999 0.1604179046875 0.5868833921875 0.197980975 0.5875570078125001 0.23214543437500001 0.55689090625
11 0.23281435625000002 0.485611671875 0.220927440625 0.43492593749999997 0.181666240625 0.42701150156249995 0.1419567421875 0.44975847187499995 0.1359634109375 0.47250074687500004 0.1550887984375 0.5046302687499999 0.1797545265625 0.51096275625 0.2170899265625 0.501679953125 0.23281435625000002 0.485611671875
11 0.1921753984375 0.33366830468750003 0.16909161875 0.312740340625 0.143294584375 0.3072000015625 0.0829939359375 0.3342492171875 0.0797185546875 0.3753200375 0.0963536625 0.399077434375 0.14093222968750002 0.40495458281249996 0.188900015625 0.37473912343750004 0.1921753984375 0.33366830468750003
11 0.185060153125 0.42463505625 0.22319005 0.43334163906249995 0.265954303125 0.41014167968750004 0.26742006875 0.373709915625 0.20032454843749997 0.35493777031249996 0.1739677328125 0.391938709375 0.185060153125 0.42463505625
11 0.16525645312499998 0.39635244062499997 0.1367461671875 0.4061997234375 0.10020056718749999 0.3997557484375 0.09341508750000001 0.42136671718749996 0.106542446875 0.44252234843749993 0.1389019859375 0.4502114609375 0.17397243125 0.42565487500000004 0.16525645312499998 0.39635244062499997
11 0.28099572500000003 0.3642041359375 0.29287324843749996 0.3474575421875 0.27646346093749996 0.3167984828125 0.2780430640625 0.2853449265625 0.25439480468750003 0.27324208125 0.20710298593749998 0.28275255312500003 0.1942103375 0.3221275890625 0.21039480312499997 0.35968830937499996 0.25361674375 0.3732592703125 0.28099572500000003 0.3642041359375
11 0.27104635 0.4150060546875 0.22816826093749998 0.43322780625 0.22364773750000003 0.4701125640625 0.2648370859375 0.5120823203125 0.309754809375 0.51603601875 0.3191373625 0.457201134375 0.2977493640625 0.4266559109375 0.27104635 0.4150060546875
11 0.265074146875 0.5894710703125 0.3026372171875 0.5901446859374999 0.33419991250000003 0.5629863328125 0.3174486203125 0.5173926453125001 0.250919925 0.5066534671875 0.23734896718749998 0.549875409375 0.265074146875 0.5894710703125
11 0.34291588906250003 0.5922887671875 0.3086352453125 0.601118578125 0.2970968765625 0.6159417203124999 0.2899745890625 0.6563342249999999 0.305931384375 0.683938528125 0.32595571093750003 0.671603315625 0.36012486875 0.674653378125 0.34291588906250003 0.5922887671875
11 0.30275105468749997 0.5951228984375 0.2464040984375 0.5772543890625 0.2417720921875 0.62601901875 0.26010298125000003 0.640159153125 0.2838627265625 0.6403821265625 0.30275105468749997 0.5951228984375
11 0.216105328125 0.7434634640625 0.2458631 0.7546603265625 0.2869315703125 0.7410776296875 0.2912244234375 0.6942364515625 0.27560913125000003 0.6815667796875 0.21146157968749998 0.7079376828124999 0.216105328125 0.7434634640625
11 0.3077597828125 0.8141641328125001 0.2765338984375 0.822540953125 0.2734814890625 0.8398520265625 0.29249539062499996 0.8838614203124999 0.31489850937499997 0.8917782046875 0.3372992796875 0.88283690625 0.345666709375 0.8466304640625 0.3077597828125 0.8141641328125001
11 0.28432980625000004 0.744585378125 0.2501629984375 0.7583933984375 0.24349135156249999 0.7849825781249999 0.2536777890625 0.8115694093749999 0.27189484531249997 0.8207313359375 0.3122850046875 0.8109955421875 0.31805066718749997 0.778296846875 0.28432980625000004 0.744585378125
11 0.128648671875 0.7558080671875 0.165533428125 0.7603285921875 0.191553434375 0.7421091859375 0.2056912203125 0.7069202125 0.184644728125 0.6913096171875 0.1763864390625 0.6987781078124999 0.150475571875 0.68825955625 0.12581219375 0.69878515 0.118123078125 0.7311446875 0.128648671875 0.7558080671875
11 0.23636436875000003 0.7916589203125 0.2186026515625 0.8024098359374999 0.21442128437500002 0.8373711390624999 0.22754864375 0.858526771875 0.24870662187499998 0.8622574953125 0.27178570625 0.849469290625 0.2742712890625 0.8241252484375 0.23636436875000003 0.7916589203125
11 0.2351333171875 0.8886213515625 0.275077525 0.926405046875 0.2952156859375 0.9190480453125 0.31116543750000003 0.8960781015625001 0.26692133125 0.854561334375 0.244973553125 0.8665573906249999 0.2351333171875 0.8886213515625
11 0.23490564531250002 0.8786649328125 0.2372797421875 0.8652007640624999 0.20740578593749998 0.8321676078125 0.17957381562500002 0.83816798125 0.1615867765625 0.8558205624999999 0.1601186625 0.8753942453124999 0.17550863125 0.8949655796875 0.204699578125 0.898129475 0.23490564531250002 0.8786649328125
11 0.1688252453125 0.8372643484375001 0.1160975296875 0.8101177328125001 0.10920290937499999 0.8604666578125 0.12334774062500001 0.8758519296875 0.1528778421875 0.8770923765624999 0.1688252453125 0.8372643484375001
11 0.0457289734375 0.8492744906249999 0.0663224734375 0.8618303296875001 0.1051283359375 0.8498319249999999 0.10976034531250001 0.8010672968750001 0.0873572265625 0.7931505125 0.0457242765625 0.8155583265624999 0.0457289734375 0.8492744906249999
11 0.1015090984375 0.85911003125 0.0762812421875 0.878460740625 0.074023328125 0.9137612015625001 0.08748984531250001 0.9329933796875001 0.1144181828125 0.937741571875 0.138514734375 0.9191830109374999 0.14654300625 0.8849000203124999 0.1015090984375 0.85911003125
11 0.181824684375 0.752293275 0.12876250625000002 0.760786278125 0.11439705 0.78601883125 0.1191522875 0.8096647421875 0.153096121875 0.819616465625 0.1961995328125 0.7944930515624999 0.200041740625 0.7614552 0.181824684375 0.752293275
11 0.20108268749999997 0.9242656640625 0.20810053593750003 0.946327278125 0.23050365312499999 0.954244065625 0.2736070640625 0.9291206484375 0.2290238015625 0.8895273343750001 0.2048134109375 0.9031076859375 0.20108268749999997 0.9242656640625
11 0.120041834375 0.6977676796875001 0.0774982046875 0.6803498140625 0.053176332812500005 0.7058100390625001 0.055104481250000004 0.7398653609375 0.10850816249999999 0.7463069859375 0.120041834375 0.6977676796875001
11 0.1247806359375 0.6034070140625001 0.091631296875 0.6114446765625 0.0733074484375 0.6478787890625 0.0917545234375 0.6838552171875001 0.1295452625 0.6944852515625 0.17558959375 0.6639306359375 0.14062124843749998 0.609175021875 0.1247806359375 0.6034070140625001
11 0.127382403125 0.5998992656250001 0.1323582625 0.582927346875 0.0794028765625 0.5458243125 0.05496481875 0.54944824375 0.0382252640625 0.588144965625 0.0506743125 0.6131475046875 0.0826946953125 0.62276006875 0.0953643671875 0.6071447796875 0.127382403125 0.5998992656250001
11 0.10961364062500001 0.560075934375 0.137559446875 0.5590537671875 0.1574652421875 0.5080241812499999 0.13449295 0.47521634687500003 0.10292556093750001 0.46865853749999997 0.08811415624999999 0.54141058125 0.10961364062500001 0.560075934375
11 0 0.5582225843749999 0.010616268750000001 0.5703855953125 0.033697700000000004 0.5744554749999999 0.0688796296875 0.538019015625 0.0700085890625 0.520368784375 0.0233903828125 0.4923161859375 0 0.5025790109375 0 0.5582225843749999
11 0 0.4733174171875 0.030742690625000003 0.47873818124999995 0.08278505 0.45915745625 0.0971505046875 0.433924903125 0.080968390625 0.41322226406249996 0.0074265453125 0.4141376375 0 0.46070705937499995 0 0.4733174171875
11 0.0396605109375 0.33255813125 0.021331965624999998 0.3352760796875 0.008444015624999999 0.4083672796875 0.065694603125 0.41548722031249996 0.088206859375 0.39466605 0.07745125 0.34318816875 0.0396605109375 0.33255813125
11 0.1291016625 0.758862825 0.1138255265625 0.7442697 0.09017961875 0.7490249359375001 0.084750765625 0.7629420953125 0.1122482765625 0.7925813374999999 0.1291016625 0.758862825
11 0.04333609375 0.727874 0.0222943 0.7459795703125 0.0207146953125 0.7774331250000001 0.0434593203125 0.800284540625 0.0820398609375 0.7951878 0.093239071875 0.782288109375 0.084183940625 0.7549091296875 0.04333609375 0.727874
11 0.077377328125 0.6247973578125 0.0357396828125 0.6134890078125 0.025221134375 0.639399875 0.063469559375 0.6868008359375 0.07817651875000001 0.676502909375 0.077377328125 0.6247973578125
11 0 0.6523476921875 0.03891531875 0.6685884734374999 0.0274837421875 0.637815578125 0.031892778125 0.61281069375 0.0133365640625 0.6055722234375 0 0.6200071015625 0 0.6523476921875
11 0.0486534609375 0.7258367125 0.06007564375 0.6891772781250001 0.0220572359375 0.6685908203125 0.018103540625 0.7135085453125 0.0486534609375 0.7258367125
11 0.039909309375 0.4942372921875 0.0609558015625 0.5098478859375 0.08844861875 0.5057709640625 0.098400340625 0.47182712968749996 0.08244589375 0.461080909375 0.04024611875 0.47545575625 0.039909309375 0.4942372921875
11 0.24823954375 0.7580542421875001 0.2082976828125 0.737128628125 0.1998187671875 0.78521494375 0.220751425 0.7958473296874999 0.2419070546875 0.78271996875 0.24823954375 0.7580542421875001
11 0.157849009375 0.8264042921874999 0.1776503625 0.8378288250000001 0.2080841 0.8283207031250001 0.21407742968750001 0.8055784265625 0.20038559218750002 0.7932479109374999 0.1564900328125 0.8172400218749999 0.157849009375 0.8264042921874999
11 0.39035910937499996 0.857485821875 0.40834849687499997 0.8566913265625 0.392159334375 0.7854144390625 0.37462998281250004 0.8398379390624999 0.39035910937499996 0.857485821875