11 0.24654223593750002 0.528896975 0.31558343906249997 0.5836172953125 0.35340266875 0.5961320828125001 0.4219665828125 0.59864729375 0.4984884296875 0.584429484375 0.546033609375 0.5577987203125 0.5952780890625 0.4772623078125 0.58973229375 0.3781917375 0.5458924546875 0.32656575781249997 0.49957052187500006 0.3031680046875 0.3575791015625 0.289669234375 0.26793022187500004 0.3386794125 0.24201601718750002 0.397483015625 0.24654223593750002 0.528896975
11 0.744142875 0.6431250515625 0.74625075 0.6099313921875 0.72547004375 0.5788468484375 0.692514409375 0.57480040625 0.6632666 0.6046616984375001 0.6963253078125 0.655947821875 0.744142875 0.6431250515625
11 0.8135889328125 0.5503106359375 0.7744102625 0.5809203671875001 0.7878109203125 0.6160182375 0.8361045390624999 0.59931833125 0.8355597671874999 0.57170234375 0.8135889328125 0.5503106359375
11 0.761620609375 0.49276711874999995 0.7351616375 0.5239547375 0.731455053125 0.5461292421875 0.768084153125 0.5683368625 0.78624533125 0.5646633953125 0.80882716875 0.5329997265624999 0.808282403125 0.505383740625 0.793113728125 0.492698403125 0.761620609375 0.49276711874999995
11 0.6701006390625001 0.516950146875 0.69145923125 0.5353149937499999 0.719415078125 0.5239890953125 0.734378840625 0.4982773171875 0.729820746875 0.46328128125 0.699755784375 0.451718596875 0.686083984375 0.45889497968750004 0.6701006390625001 0.516950146875
11 0.7123761281250001 0.5733035328125 0.7445502078125 0.6077547984375 0.744142875 0.6431250515625 0.76244024375 0.6463555828125 0.7799204625 0.608162134375 0.76699585625 0.5691871328125 0.7346181078125 0.5524209921875001 0.7123761281250001 0.5733035328125
11 0.6407841125 0.5153183218749999 0.615753296875 0.534874540625 0.6096320937499999 0.5606881515625 0.6276239625 0.5904463718749999 0.6608176218749999 0.59255425 0.6793186609374999 0.578099653125 0.6823786390625 0.5371517265625 0.6679240453124999 0.5186506859375 0.6407841125 0.5153183218749999
11 0.6619721515625 0.5110326125 0.659012765625 0.487055734375 0.6421435515625 0.47219380468749994 0.616942184375 0.469099465625 0.6053451421875 0.48341786875 0.6129644578125 0.5335482171875 0.6619721515625 0.5110326125
11 0.6061598140625 0.4126773640625 0.5989159578125001 0.4235946828125 0.596944271875 0.46369234062500003 0.6084738390625 0.4739630609375 0.62231495 0.43335499375 0.6061598140625 0.4126773640625
11 0.5065494390625 0.6149361421874999 0.5284528 0.660916975 0.5592318406250001 0.666663959375 0.5840246312499999 0.6490463078125 0.5948045203125 0.5933039250000001 0.5505229875000001 0.5613016359375 0.5095419421875 0.5985773375 0.5065494390625 0.6149361421874999
11 0.4488022546875 0.68458959375 0.4769286515625 0.6959142515625001 0.5143049468750001 0.6719704890625 0.5178753375 0.6428919890625 0.5002576859375 0.618099196875 0.4739680234375 0.6158551296875 0.4689694765625 0.6565650296875 0.4488022546875 0.68458959375
11 0.316707334375 0.6545958265625 0.3236800484375 0.6859527546875 0.349289990625 0.7097590828125 0.3812591625 0.7058132328125 0.395645040625 0.6928211515625 0.3638439390625 0.607253071875 0.323780640625 0.6210279484375001 0.316707334375 0.6545958265625
11 0.38129352031249997 0.7215597921875 0.3958843078125 0.746964828125 0.42329662656249994 0.764105184375 0.4647537234375 0.72295235 0.45961774375 0.7006760125 0.43863336875 0.6872765937499999 0.4010865234375 0.6885698 0.38129352031249997 0.7215597921875
11 0.431323278125 0.7788652828125 0.4733607421875 0.8371572359374999 0.5130841796875 0.8341634906250001 0.5279461109375 0.8172942750000001 0.5232518265625 0.77539424375 0.49083971875000004 0.7428815453125 0.45135430625 0.743936721875 0.431323278125 0.7788652828125
11 0.50730035625 0.7370314859375 0.5284896390625 0.7888280203125 0.550800334375 0.7994386 0.5789942078125 0.7861741328125 0.583209959375 0.7197868125 0.5658303359375 0.69305545625 0.5287595421875 0.6904715265625 0.50730035625 0.7370314859375
11 0.5178078609375001 0.6674811109375 0.461930528125 0.705879465625 0.466114403125 0.735910071875 0.4932543375 0.7392424375 0.53151401875 0.676051290625 0.5178078609375001 0.6674811109375
11 0.6428944703125 0.5942891453125 0.60558565 0.5936437875 0.59065624375 0.6351021203125 0.6015060890624999 0.6669351015625 0.6217763859375001 0.6861502171875 0.6573846640625 0.6846189875 0.6770758328125 0.660471559375 0.66534135625 0.6118037234375 0.6428944703125 0.5942891453125
11 0.6124577718750001 0.68992551875 0.5800456640625 0.6574128171875 0.56412979375 0.6908788640625 0.5881753890625 0.7194125953125 0.6124577718750001 0.68992551875
11 0.681766396875 0.5341248625 0.6808142921875 0.5418791296875 0.6799309046875 0.5811265156250001 0.7098253156250001 0.57003864375 0.6987374453124999 0.54014423125 0.681766396875 0.5341248625
11 0.676056253125 0.692814946875 0.641162053125 0.688530478125 0.611267640625 0.6996183515625 0.5868490671875 0.7222014328124999 0.5857951296875 0.7387982625 0.6013723796875 0.772195590625 0.6420822796875 0.7771941375 0.6828596578125 0.7576035625 0.6951364203125 0.7217228984374999 0.676056253125 0.692814946875
11 0.744517090625 0.64809048125 0.6930947781250001 0.67424519375 0.6855110609375 0.6959436453125 0.7027888515625 0.7315175671875 0.7219364921875 0.73583639375 0.7716582640625 0.7075050875 0.783697 0.6735629921874999 0.7675418656249999 0.6528853625 0.744517090625 0.64809048125
11 0.6321514203125 0.777942575 0.60348149375 0.7950841718749999 0.5920550046875 0.8320531296875 0.6061697390624999 0.8613353015625 0.6481041296875001 0.8723875734375 0.681603290625 0.8479677609375 0.6841872203125 0.8108969671875 0.661467946875 0.7795743984375 0.6321514203125 0.777942575
11 0.6966995265625 0.660913253125 0.6793542593749999 0.64992845625 0.655208071875 0.6863195296875 0.6801714125 0.6913524343749999 0.6966995265625 0.660913253125
11 0.6841541015625 0.8512326484375 0.6300791421875 0.8829650359375 0.62082924375 0.91823345625 0.636134109375 0.9378227890625 0.68629881875 0.94595003125 0.7217365453125 0.921768246875 0.7281976078125 0.8851735046875 0.7091174421875001 0.8562655546875 0.6841541015625 0.8512326484375
11 0.617359446875 0.8823871484374999 0.579574575 0.8856189203125 0.5699504578125001 0.915921909375 0.5972278249999999 0.9822405125 0.6323600515625001 0.984586415625 0.6554523015625 0.9647921734375 0.656744265625 0.946256778125 0.6195029203125 0.921022290625 0.617359446875 0.8823871484374999
11 0.549678921875 0.8406245515625 0.54937341875 0.8671522406250001 0.5626035265625 0.8795995546875 0.5817511671875 0.88391838125 0.599776153125 0.87334091875 0.5769881640625 0.81052523125 0.5512089109375 0.8201505875 0.549678921875 0.8406245515625
11 0.5109075875 0.8358640296875001 0.475673528125 0.8423606906250001 0.47342945781249995 0.8686503562500001 0.49288384062499996 0.9025237359375 0.5329471406249999 0.8887488593749999 0.549304703125 0.8356591218749999 0.5403934234375 0.8040641687500001 0.52961229375 0.8037243078125 0.5109075875 0.8358640296875001
11 0.7311601203125 1 0.75965885 0.9815227140625 0.765643859375 0.9488051046875 0.75554245 0.9269029874999999 0.7293546203125 0.91581635625 0.6726270171875 0.9531264140625 0.669158459375 0.9733623515625001 0.6856878140625 0.9990054125000001 0.6898820703124999 1 0.7311601203125 1
11 0.80695680625 1 0.78108491875 0.9752984375 0.7594208250000001 0.9834612796875 0.750440496875 1 0.80695680625 1
11 0.7659837203125 0.9380239749999999 0.7757452703125 0.970707225 0.8113879078125 0.9849225531249999 0.8366567500000001 0.9634277703125 0.8530143156250001 0.9103380328125 0.8257038296875001 0.884355109375 0.802203003125 0.883437365625 0.7659837203125 0.9380239749999999
11 0.7214972796875 0.867624571875 0.728980403125 0.9108509249999999 0.76353474375 0.9259165234375001 0.791183846875 0.885036071875 0.7874760234375 0.851128334375 0.7529216828124999 0.8360627328125 0.7218371375 0.8568434406250001 0.7214972796875 0.867624571875
11 0.6728613203125 0.782941121875 0.6911599328125 0.84225389375 0.7234014875 0.8521160390625001 0.7433650421875 0.8417766015625 0.751254259375 0.793550459375 0.7287386546875 0.7445427640625 0.6977215875 0.740734346875 0.6728613203125 0.782941121875
11 0.8814443687500001 1 0.8948481078125001 0.9863151109375 0.8810732343750001 0.9462518109375001 0.8558718671875001 0.9431574734374999 0.8406700765625 0.97080781875 0.854285953125 1 0.8814443687500001 1
11 0.839511821875 0.8840827265625 0.8589649671874999 0.861873865625 0.8610384812499999 0.8129336453124999 0.8237971390625001 0.7876991609374999 0.7875778578125 0.8422857703125001 0.7992779734375 0.8752070468750001 0.839511821875 0.8840827265625
11 0.7969614671875 0.7017568640625 0.7732226140625 0.702777684375 0.7587349015625 0.724612328125 0.7607078265625 0.7405969140625001 0.799241134375 0.7472960015625 0.818661159375 0.765422821875 0.82434066875 0.7592329046875 0.823795896875 0.73161691875 0.7969614671875 0.7017568640625
11 0.7474446015625 0.7684852859375 0.7577509203125 0.82878451875 0.778837128125 0.8333413734375 0.802915840625 0.8215394234375 0.8195457875000001 0.782257678125 0.8084579156249999 0.7523632671875 0.7626463921875 0.740834940625 0.7474446015625 0.7684852859375
11 0.75910911875 0.7295777578125 0.7531572265625 0.7219596859374999 0.72339900625 0.7399515531249999 0.7430570578125 0.7561398046875001 0.75910911875 0.7295777578125
11 0.8261086843750001 0.736820375 0.8283883515625 0.7823595109375 0.85580066875 0.7994998703125 0.8832804640624999 0.79205110625 0.8885513953125 0.7651491984375001 0.8694712296875 0.7362412484374999 0.8333525406250001 0.7259030515625 0.8261086843750001 0.736820375
11 0.9140963453125 0.9257091328125 0.9161698609375 0.8767689140625 0.8932125624999999 0.8473849109374999 0.8645082796875 0.84877995 0.8407363109375 0.8901364546874999 0.863864159375 0.9421710125 0.9140963453125 0.9257091328125
11 0.878656134375 0.8377264359375 0.9213733171875 0.8744561281250001 0.9517437828125 0.8594911234374999 0.9572527421875 0.8306506484374999 0.9459268421875 0.8026948031250001 0.915623853125 0.7930706843750001 0.8871919546875 0.8082737171875 0.878656134375 0.8377264359375
11 0.9598379093749999 0.8496620984375 0.9188225062500001 0.8711912390625001 0.9165784390624999 0.8974809031250001 0.9535473984375 0.9089073953125 0.9598379093749999 0.8496620984375
11 0.874810878125 0.7408324578125 0.8906605109375001 0.7880377796875 0.9444643265625 0.79857964375 0.9561975609375001 0.7911652359375 0.95589081875 0.761610684375 0.9157244453125 0.7281458796875 0.88059221875 0.7257999765625 0.874810878125 0.7408324578125
11 0.8520871359375001 1 0.83703096875 0.9683932015625001 0.8029195625 0.9897861499999999 0.808054375 1 0.8520871359375001 1
11 0.827673034375 0.7320929703125 0.8692332031250001 0.7381798140625 0.86674986875 0.7103258015625 0.8534179265624999 0.7067210515625 0.827673034375 0.7320929703125
11 0.8650861671875001 0.8360602531250001 0.8832804640624999 0.79205110625 0.854712371875 0.8003501406250001 0.8650861671875001 0.8360602531250001