11 0.8971946187500001 0.7520854 0.9155722328125 0.6828536796875 0.9053484265625 0.6609648140625 0.868682859375 0.64123118125 0.8062400750000001 0.6424255859375 0.738629303125 0.6784491218750001 0.7160714718750001 0.7415295093750001 0.7498320265625 0.8026162781249999 0.818610265625 0.8340149640625001 0.8971946187500001 0.7520854
11 1 0.820029621875 0.9188410656249999 0.7866765390625 0.8870202578124999 0.7918670359375 0.868193590625 0.802490453125 0.8441989328125 0.847943003125 0.8553791468749999 0.9054602203125001 0.880114725 0.9354715296875 1 0.911494971875 1 0.820029621875
11 1 0.6433774734375 0.96928190625 0.6674393734375 0.9329082078125 0.6645613015625 0.9221231734374999 0.6756112625 0.9090707390625001 0.751766596875 0.9200129578125 0.78246938125 0.9834929562499999 0.801965015625 1 0.7960561 1 0.6433774734375
11 0.7538997000000001 0.47551791093749995 0.747932490625 0.5164714390625 0.7626283859375 0.5613671921875001 0.791171509375 0.5956125921875 0.8255471609375 0.6138016562499999 0.8760868921875 0.61790549375 0.9113964421875 0.6050729718750001 0.9411428203125001 0.5585023984374999 0.9303352796875 0.5029024203125 0.8544762374999999 0.43507616093749996 0.80891594375 0.43099925937499994 0.7754966984375 0.44843854843750003 0.7538997000000001 0.47551791093749995
11 1 0.5089407453125 0.9432755484375 0.5182942171875 0.9375732703124999 0.5810827390625 0.8975222765625 0.6207027609375 0.9617745578125 0.6390534375 1 0.6337451796875 1 0.5089407453125
11 1 0.4518554734375 0.9723662375 0.30969209375 0.931731509375 0.315601003125 0.8909621062499999 0.34640710625 0.8774067437499999 0.3739130125 0.8960943046875001 0.45981616562500005 0.9471369640624999 0.51256943125 0.998103240625 0.508631634375 1 0.5074446796875 1 0.4518554734375
11 0.6897865249999999 0.3606406625 0.75009658125 0.3996544421875 0.8202352640624999 0.3919899078125 0.8627108484375 0.3290172609375 0.84785776875 0.242368759375 0.78903840625 0.21102394218749998 0.73000355625 0.219514634375 0.6931225046875 0.2396165109375 0.675732659375 0.2678677671875 0.6721092390625001 0.3004069859375 0.6897865249999999 0.3606406625
11 0.5265472890625 0.5137417 0.5431873578124999 0.5532853390625 0.58387595625 0.537417553125 0.6627477515625 0.543972921875 0.695902065625 0.5046986390625 0.6995254859375 0.4721594203125 0.687810984375 0.4426015921875 0.657323684375 0.41370830468750003 0.62555675 0.408939925 0.5614616546875 0.43234199531249995 0.525644753125 0.46815447031249996 0.5265472890625 0.5137417
11 0.5003073578125 0.2661527328125 0.5151109968750001 0.29113073125 0.511433703125 0.3336288265625 0.52453115625 0.390773371875 0.5730189703125 0.4201470734375 0.6398035890625 0.3952273765625 0.669765453125 0.3088212953125 0.6619931765625 0.258600365625 0.6452722953125 0.23399504062499998 0.6040269031250001 0.21117227968750002 0.5645371328125 0.2178534703125 0.5099743703125 0.24935104687499998 0.5003073578125 0.2661527328125
11 0.7017076578125 0.49362174062499997 0.74380614375 0.50036123125 0.76665584375 0.45413639687499996 0.816984515625 0.42644636562500005 0.819036434375 0.40117649999999994 0.7588835656249999 0.40391547031249997 0.6866973875 0.3652204921875 0.663955434375 0.391527571875 0.66576493125 0.4110726515625 0.6946807265625 0.4472352921875 0.7017076578125 0.49362174062499997
11 0.57539449375 0.7599207796874999 0.66849061875 0.68611365625 0.69722671875 0.613873609375 0.6863114359375 0.5781913859375 0.6657291421875 0.559310846875 0.628663965625 0.5426394140624999 0.5777246234375 0.5415977734374999 0.5273690171875 0.5742672437499999 0.49442576093749996 0.6453353984375 0.5100780609375 0.7258595031249999 0.57539449375 0.7599207796874999
11 0.7220656125 0.6955965421875 0.7951362421875 0.64159943125 0.7972420312499999 0.6063706890625 0.7507792046875 0.5567065578125 0.673478909375 0.5428818359375 0.661921596875 0.55507675625 0.6855660875 0.5743569046875 0.6987712875 0.6115836953125 0.6815116953125 0.6865671375 0.7220656125 0.6955965421875
11 0.5035946484375 0.9330517390624999 0.5488092046874999 0.9302319640625001 0.5757044437500001 0.915055653125 0.5981006609375 0.8818518937500001 0.572969903125 0.7832734046875001 0.537157425 0.7474565015625 0.4862180859375 0.7464148609375 0.4215617640625 0.802755759375 0.4247003421875 0.85984643125 0.466902146875 0.9182975453125 0.5035946484375 0.9330517390624999
11 0.309773653125 0.8622891062500001 0.423712575 0.9008268953125 0.41655539218750004 0.8077082624999999 0.43317295156249996 0.7806019625 0.3680945140625 0.77335511875 0.3222918 0.8140931609375001 0.309773653125 0.8622891062500001
11 0.46252414999999997 0.6654642109375 0.402640634375 0.6184087953125 0.34557689687500004 0.6165679359375 0.3086689109375 0.6416492515625001 0.3082918078125 0.7113613890625 0.357843771875 0.756445690625 0.426756690625 0.7629471890625 0.46997762656250003 0.7038090218749999 0.46252414999999997 0.6654642109375
11 0.507770065625 0.58603561875 0.5214331703124999 0.53861195625 0.512116325 0.49068094218749997 0.4579306640625 0.45246638125 0.37636934218749996 0.4474286453125 0.3240695609375 0.48545022812500005 0.333332534375 0.54334011875 0.4058375109375 0.5939112140625 0.454460003125 0.5983877265624999 0.507770065625 0.58603561875
11 0.472523240625 0.44565050937499995 0.4918841984375 0.40706770312499996 0.4788406140625 0.33996428125 0.4518151203125 0.3084084046875 0.400184303125 0.29357340781249996 0.35680618124999997 0.3109588234375 0.33520918437499997 0.3380381875 0.35272485468750003 0.4281484953125 0.376768953125 0.444366446875 0.472523240625 0.44565050937499995
11 0.5107960984375 0.3098765921875 0.4908783453125 0.30976885 0.49543123749999995 0.317837421875 0.5107960984375 0.3098765921875
11 0.1457750375 0.3768501375 0.1471041171875 0.41439572968749994 0.16382499687500002 0.43900105468749995 0.197401428125 0.4633145140625 0.24139021875000002 0.47466076875 0.30002545937499997 0.46923227812499996 0.32154165 0.4570912296875 0.345855109375 0.42351479531249997 0.33275765625 0.36637025156249997 0.2861870828125 0.336623875 0.20004593437499998 0.32849700312499996 0.1666266890625 0.3459362921875 0.1457750375 0.3768501375
11 0.5007339046875 0.258111096875 0.536869609375 0.2341747375 0.5419567921875 0.2142839203125 0.4873445828125 0.18411099687500002 0.4367779140625 0.18498659687500002 0.38602269843750003 0.2207182640625 0.39491299999999996 0.27669091562500003 0.4808386609375 0.32465329375 0.5084253765625 0.32327034062500004 0.5007339046875 0.258111096875
11 0.1347608640625 0.2178269109375 0.141042446875 0.260378878125 0.161543934375 0.29419773125000004 0.20044554374999998 0.3254348046875 0.28315182031249997 0.331244825 0.305413359375 0.3229382578125 0.3166249359375 0.303846659375 0.316041203125 0.2701355484375 0.2811087546875 0.213255934375 0.23571007656249998 0.179302403125 0.16751556875 0.18161482499999998 0.14256450625 0.19143902343750002 0.1347608640625 0.2178269109375
11 0.3746495078125 0.26968649375 0.3869791046875 0.2563466171875 0.3833601125 0.21725645781249997 0.40221371406250006 0.20165360156249998 0.3996588703125 0.17827404062500002 0.350425709375 0.145065853125 0.3297356734375 0.14610306875 0.286676353125 0.17536460468749998 0.2777008203125 0.205959646875 0.32331055625 0.27170705 0.3746495078125 0.26968649375
11 0.272402578125 0.19405659375 0.2737091484375 0.164952246875 0.2440480046875 0.12495512499999999 0.20392063125 0.10788408281249999 0.1736443921875 0.110784665625 0.15444505 0.11949084218749999 0.143606146875 0.1404996828125 0.14488135625 0.1880041515625 0.21888145625000002 0.17461483125 0.272402578125 0.19405659375
11 0.2849794015625 0.489069221875 0.27355676406249996 0.47636694999999996 0.17942785 0.457854659375 0.15093417343749999 0.485279759375 0.1482671578125 0.55344733125 0.2038896453125 0.6092897296875 0.2583177296875 0.60268934375 0.29269780624999997 0.5492490296875 0.2849794015625 0.489069221875
11 0.19214377968750002 0.65634071875 0.18586219375 0.6137887515625 0.14102474062499998 0.546896390625 0.137778421875 0.5097234703125 0.1017773921875 0.5087626375000001 0.0366675953125 0.578124609375 0.014217504687499999 0.6212872453125 0.0250250453125 0.6768872234375001 0.05660343125 0.7165116703125001 0.081819425 0.7285224671874999 0.15430189375 0.712443621875 0.19214377968750002 0.65634071875
11 0.143184403125 0.5017087703125 0.17101354062500002 0.45551087343749996 0.14300470468749998 0.3933060828125 0.161647253125 0.34590935625 0.1188303546875 0.3303559453125 0.08229503906249999 0.35735450156250004 0.074940453125 0.4423506921875 0.086601084375 0.48186739687499996 0.1297637203125 0.5043174875 0.143184403125 0.5017087703125
11 0 0.4537138625 0.0507886078125 0.446050496875 0.0797357671875 0.40560431875 0.068982096875 0.340045465625 0.0109619546875 0.3025762546875 0 0.3037585875 0 0.4537138625
11 0.145325984375 0.31824183281249996 0.15920014843750002 0.3026120421875 0.138752534375 0.2588343109375 0.1360404984375 0.1937020015625 0.0874180078125 0.1892254890625 0.030138787500000003 0.22722013749999997 0.01573033125 0.27080931874999997 0.023983029687499997 0.303029734375 0.07742334375 0.33740981406250004 0.145325984375 0.31824183281249996
11 0 0.18860881406250002 0.023322915625000003 0.2126275609375 0.11503166093749999 0.182863096875 0.1300777171875 0.163026153125 0.1299205296875 0.1212734046875 0.1139988734375 0.090543684375 0.087292184375 0.07086392500000001 0 0.0885351171875 0 0.18860881406250002
11 0 0.545176846875 0.012381071875 0.6067216046875 0.07062112968749999 0.53272593125 0.0838307515625 0.49832334375 0.058031025 0.4526014375 0 0.4585017140625 0 0.545176846875
11 0.309513146875 0.768824734375 0.280570415625 0.7376415328125 0.236873490625 0.7431508328125 0.1674532203125 0.7596292874999999 0.14159519375000001 0.7954956359375001 0.21037343437499997 0.8268943234374999 0.291481271875 0.8449531359375 0.3185111890625 0.8048796328125001 0.309513146875 0.768824734375
11 0.29268895625 0.6925077843749999 0.2990288359375 0.6534714968750001 0.294983296875 0.6224229734375 0.27440100156249997 0.603542434375 0.19502185156250001 0.6199670187499999 0.1912906890625 0.672423990625 0.1427176421875 0.7296179796875 0.1808739046875 0.7570205718749999 0.272636521875 0.7172972328125 0.29268895625 0.6925077843749999
11 0.297228190625 0.4906676609375 0.2855048359375 0.6043685890625 0.312211525 0.6240483484375 0.37244520312499996 0.606371065625 0.381366865625 0.5857348984375 0.3287527046875 0.5402509859375 0.3186905125 0.4884854890625 0.297228190625 0.4906676609375
11 0.81248144375 0.9048451249999999 0.75206364375 0.8857491 0.6855978265625 0.9225449187500001 0.69797686875 0.9708755421875 0.8425421984374999 0.9417800484375001 0.81248144375 0.9048451249999999
11 0.559513428125 0.934120315625 0.5567161609375 0.9555557 0.6212872453125 0.9857824953125001 0.6807217046875 0.97422960625 0.6691418796875 0.9197745875000001 0.6370561421875001 0.9031300906249999 0.5991109406249999 0.90752136875 0.559513428125 0.934120315625
11 0.648932259375 0.9028112890625 0.7059690609375 0.9096315859375 0.7456204421875 0.8730737640624999 0.7520141953125 0.8240785984375 0.70419535 0.7418483124999999 0.6786066843749999 0.727920275 0.6303299296875 0.7303404421875 0.5907054828125 0.7619188265625 0.59943416875 0.8477681078125 0.6183910890625001 0.8838768765625 0.648932259375 0.9028112890625
11 0.49738464374999997 0.59402338125 0.39894083281250003 0.5942569515625 0.40304024531250005 0.6153465984375 0.48252270937499997 0.6506336390625 0.50422745 0.603636521875 0.49738464374999997 0.59402338125