11 0.6533203125 0.11523437343750001 0.5869140625 0.1503906265625 0.5800781265625 0.1650390625 0.5957031265625 0.2021484375 0.6357421875 0.2109375 0.6669921875 0.19921875 0.6816406265625 0.1728515625 0.67578125 0.1279296875 0.6533203125 0.11523437343750001
11 0.7373046875 0.1855468734375 0.6884765625 0.1933593734375 0.6621093734375 0.2197265625 0.6542968734375 0.2666015625 0.6904296875 0.2890625 0.7177734375 0.2871093734375 0.7636718734375 0.2490234375 0.7675781265625 0.2177734375 0.7373046875 0.1855468734375
11 0.5986328125 0.2089843734375 0.5556640625 0.23046875 0.5410156265625 0.2587890625 0.5449218734375 0.2939453125 0.5751953125 0.3105468734375 0.6494140625 0.2675781265625 0.65234375 0.2236328125 0.5986328125 0.2089843734375
11 0.5205078125 0.1894531265625 0.4697265625 0.2167968734375 0.4707031265625 0.2548828125 0.5341796875 0.27734375 0.5546875 0.2275390625 0.5488281265625 0.2099609375 0.5205078125 0.1894531265625
11 0.4912109375 0.2675781265625 0.4677734375 0.26953125 0.4433593734375 0.2978515625 0.4833984375 0.35546875 0.5185546875 0.3515625 0.5292968734375 0.3154296875 0.4912109375 0.2675781265625
11 0.4384765625 0.3066406265625 0.3955078125 0.3027343734375 0.36328125 0.3427734375 0.3613281265625 0.3759765625 0.4072265625 0.4238281265625 0.4423828125 0.42578125 0.4785156265625 0.3994140625 0.48046875 0.3544921875 0.4384765625 0.3066406265625
11 0.5517578125 0.40625 0.5048828125 0.3925781265625 0.4589843734375 0.4189453125 0.4511718734375 0.4697265625 0.4892578125 0.5136718734375 0.5361328125 0.5214843734375 0.578125 0.5009765625 0.5878906265625 0.4443359375 0.5517578125 0.40625
11 0.6806640625 0.390625 0.6259765625 0.3808593734375 0.5878906265625 0.4169921875 0.5917968734375 0.4755859375 0.6611328125 0.51953125 0.6933593734375 0.4853515625 0.6953125 0.4345703125 0.6806640625 0.390625
11 0.7900390625 0.33984375 0.7431640625 0.3359375 0.7011718734375 0.3583984375 0.6875 0.3935546875 0.7880859375 0.41796875 0.8144531265625 0.3916015625 0.8066406265625 0.3564453125 0.7900390625 0.33984375
11 0.7490234375 0.390625 0.7021484375 0.3925781265625 0.6894531265625 0.4091796875 0.6953125 0.4990234375 0.7275390625 0.515625 0.7626953125 0.5 0.8027343734375 0.4541015625 0.796875 0.4326171875 0.7490234375 0.390625
11 0.6201171875 0.4921875 0.5888671875 0.48828125 0.5234375 0.5341796875 0.5214843734375 0.5986328125 0.5654296875 0.61328125 0.6064453125 0.59765625 0.6484375 0.5556640625 0.6484375 0.5302734375 0.6201171875 0.4921875
11 0.4677734375 0.4980468734375 0.4345703125 0.5058593734375 0.41015625 0.5615234375 0.41796875 0.5986328125 0.5009765625 0.6171875 0.5136718734375 0.5927734375 0.5136718734375 0.5322265625 0.4677734375 0.4980468734375
11 0.4736328125 0.6113281265625 0.4267578125 0.609375 0.37890625 0.6494140625 0.37109375 0.6865234375 0.4091796875 0.71875 0.4619140625 0.7128906265625 0.5078125 0.6748046875 0.5078125 0.6474609375 0.4736328125 0.6113281265625
11 0.3818359375 0.5390625 0.3330078125 0.5332031265625 0.2753906265625 0.5732421875 0.2675781265625 0.6220703125 0.2958984375 0.65625 0.3525390625 0.6660156265625 0.4042968734375 0.6181640625 0.4082031265625 0.5751953125 0.3818359375 0.5390625
11 0.2626953125 0.6308593734375 0.2207031265625 0.6630859375 0.21484375 0.7099609375 0.2529296875 0.74609375 0.2958984375 0.75 0.33984375 0.7275390625 0.3515625 0.6845703125 0.2626953125 0.6308593734375
11 0.2021484375 0.7128906265625 0.1298828125 0.7285156265625 0.09765625 0.7841796875 0.109375 0.8291015625 0.1396484375 0.84375 0.1923828125 0.8359375 0.2285156265625 0.8017578125 0.2285156265625 0.7490234375 0.2021484375 0.7128906265625
11 0.1884765625 0.59765625 0.1318359375 0.5917968734375 0.08789062656249999 0.6298828125 0.078125 0.6884765625 0.1083984375 0.7207031265625 0.1689453125 0.7128906265625 0.2109375 0.6728515625 0.2167968734375 0.6337890625 0.1884765625 0.59765625
11 0.0595703125 0.55859375 0.0009765625 0.5683593734375 0 0.6806640625 0.0283203125 0.6894531265625 0.0712890625 0.6796875 0.109375 0.6005859375 0.10546875 0.5849609375 0.0595703125 0.55859375
11 0.0712890625 0.6855468734375 0.0400390625 0.69140625 0.0234375 0.7158203125 0.0234375 0.7490234375 0.0556640625 0.78515625 0.0908203125 0.7890625 0.1142578125 0.7246093734375 0.0712890625 0.6855468734375
11 0.0224609375 0.76171875 0 0.7568359375 0.0009765625 0.8652343734375 0.033203126562500004 0.8466796875 0.044921873437499996 0.7880859375 0.0224609375 0.76171875
11 0.0908203125 0.7910156265625 0.0615234375 0.7949218734375 0.04296875 0.8564453125 0.1064453125 0.8457031265625 0.1015625 0.8037109375 0.0908203125 0.7910156265625
11 0.2392578125 0.7441406265625 0.2324218734375 0.7998046875 0.2763671875 0.7949218734375 0.3291015625 0.7675781265625 0.3300781265625 0.7529296875 0.2392578125 0.7441406265625
11 0.3603515625 0.6875 0.33203125 0.7548828125 0.3427734375 0.76171875 0.4052734375 0.7324218734375 0.4052734375 0.7167968734375 0.3603515625 0.6875
11 0.5517578125 0.6660156265625 0.4746093734375 0.7197265625 0.4990234375 0.73046875 0.5419921875 0.71484375 0.5703125 0.6923828125 0.57421875 0.6650390625 0.5517578125 0.6660156265625
11 0.5185546875 0.6035156265625 0.49609375 0.6240234375 0.5126953125 0.6738281265625 0.5673828125 0.6425781265625 0.5722656265625 0.6279296875 0.5185546875 0.6035156265625
11 0.2138671875 0.5371093734375 0.18359375 0.5732421875 0.1796875 0.5927734375 0.2275390625 0.6484375 0.2675781265625 0.6240234375 0.28515625 0.5615234375 0.2705078125 0.5390625 0.2138671875 0.5371093734375
11 0.3779296875 0.4921875 0.3291015625 0.4921875 0.3046875 0.5087890625 0.2871093734375 0.5458984375 0.4052734375 0.5605468734375 0.4121093734375 0.5166015625 0.3779296875 0.4921875
11 0.4130859375 0.4296875 0.3808593734375 0.4619140625 0.37890625 0.4912109375 0.4150390625 0.5175781265625 0.4609375 0.4912109375 0.4511718734375 0.4287109375 0.4130859375 0.4296875
11 0.2802734375 0.4511718734375 0.2021484375 0.44140625 0.1640625 0.4677734375 0.1621093734375 0.4931640625 0.1962890625 0.5371093734375 0.2802734375 0.5390625 0.3105468734375 0.4990234375 0.30859375 0.4833984375 0.2802734375 0.4511718734375
11 0.0908203125 0.4863281265625 0.07421875 0.5068359375 0.07617187343750001 0.5498046875 0.1142578125 0.58984375 0.1689453125 0.5878906265625 0.1816406265625 0.5732421875 0.1894531265625 0.5458984375 0.15625 0.4951171875 0.0908203125 0.4863281265625
11 0.0478515625 0.5058593734375 0.0068359375 0.51953125 0 0.5556640625 0.0693359375 0.5566406265625 0.06835937343750001 0.5166015625 0.0478515625 0.5058593734375
11 0.1650390625 0.3730468734375 0.1357421875 0.3613281265625 0.0869140625 0.3730468734375 0.0566406265625 0.3994140625 0.0566406265625 0.4580078125 0.0888671875 0.48046875 0.1376953125 0.48046875 0.1738281265625 0.4521484375 0.1816406265625 0.4033203125 0.1650390625 0.3730468734375
11 0 0.3974609375 0.0009765625 0.515625 0.06445312656249999 0.4794921875 0.0546875 0.4033203125 0 0.3974609375
11 0.2490234375 0.34375 0.2236328125 0.34375 0.1933593734375 0.3740234375 0.1933593734375 0.4111328125 0.2158203125 0.4375 0.2958984375 0.4511718734375 0.3105468734375 0.4345703125 0.30859375 0.3857421875 0.2490234375 0.34375
11 0.3720703125 0.3984375 0.3349609375 0.3925781265625 0.3125 0.4169921875 0.31640625 0.4755859375 0.3720703125 0.4863281265625 0.40234375 0.4208984375 0.3720703125 0.3984375
11 0.5185546875 0.35546875 0.4873046875 0.3574218734375 0.48046875 0.3955078125 0.5498046875 0.4042968734375 0.5410156265625 0.3720703125 0.5185546875 0.35546875
11 0.5439453125 0.3222656265625 0.5371093734375 0.3583984375 0.5566406265625 0.4072265625 0.5791015625 0.4238281265625 0.6230468734375 0.3779296875 0.5859375 0.3173828125 0.5439453125 0.3222656265625
11 0.6708984375 0.2753906265625 0.6240234375 0.26953125 0.6015625 0.2822265625 0.5859375 0.3212890625 0.6123046875 0.3652343734375 0.6806640625 0.3769531265625 0.7246093734375 0.3349609375 0.7246093734375 0.3154296875 0.6708984375 0.2753906265625
11 0.8037109375 0.2558593734375 0.7607421875 0.2558593734375 0.7324218734375 0.2783203125 0.7285156265625 0.3193359375 0.7392578125 0.3339843734375 0.8134765625 0.3535156265625 0.8417968734375 0.3330078125 0.8378906265625 0.2822265625 0.8037109375 0.2558593734375
11 0.8193359375 0.3613281265625 0.7949218734375 0.4248046875 0.8134765625 0.44140625 0.8271484375 0.4355468734375 0.875 0.3798828125 0.8681640625 0.3652343734375 0.8193359375 0.3613281265625
11 0.8876953125 0.2558593734375 0.8339843734375 0.2646484375 0.8525390625 0.35546875 0.8798828125 0.3652343734375 0.89453125 0.3525390625 0.9121093734375 0.3232421875 0.91015625 0.2841796875 0.8876953125 0.2558593734375
11 0.6884765625 0.5 0.65234375 0.5283203125 0.65234375 0.5478515625 0.7041015625 0.5449218734375 0.7275390625 0.5175781265625 0.6884765625 0.5
11 0.90234375 0.2646484375 0.9150390625 0.3222656265625 0.93359375 0.3154296875 0.9355468734375 0.2744140625 0.90234375 0.2646484375
11 0.9677734375 0.07226562656249999 0.93359375 0.0947265625 0.92578125 0.1455078125 0.9384765625 0.1660156265625 0.9658203125 0.17578125 1 0.1611328125 0.9990234375 0.08203125 0.9677734375 0.07226562656249999
11 0.8896484375 0.06835937343750001 0.8496093734375 0.0947265625 0.8457031265625 0.1240234375 0.8779296875 0.171875 0.921875 0.1552734375 0.92578125 0.0888671875 0.8896484375 0.06835937343750001
11 0.8271484375 0.11328125 0.7832031265625 0.1455078125 0.77734375 0.1728515625 0.8056640625 0.2109375 0.8681640625 0.18359375 0.87109375 0.1630859375 0.8271484375 0.11328125
11 0.9013671875 0.1933593734375 0.8662109375 0.18359375 0.8251953125 0.19921875 0.8125 0.2177734375 0.8349609375 0.2578125 0.9013671875 0.2578125 0.9140625 0.2138671875 0.9013671875 0.1933593734375
11 0.7841796875 0.2109375 0.765625 0.2509765625 0.8291015625 0.265625 0.8261718734375 0.2333984375 0.7841796875 0.2109375
11 0.7607421875 0.1640625 0.72265625 0.1787109375 0.7705078125 0.23046875 0.7910156265625 0.2138671875 0.7890625 0.1962890625 0.7607421875 0.1640625
11 0.9462890625 0.1875 0.9091796875 0.1875 0.90625 0.2568359375 0.9404296875 0.2753906265625 0.9609375 0.2119140625 0.9462890625 0.1875
11 0.7158203125 0.09570312656249999 0.66796875 0.1103515625 0.6884765625 0.1855468734375 0.7099609375 0.1855468734375 0.73828125 0.1611328125 0.7402343734375 0.1123046875 0.7158203125 0.09570312656249999
11 0.80859375 0.0341796875 0.7763671875 0.017578126562499997 0.7480468734375 0.0673828125 0.75390625 0.1181640625 0.7841796875 0.1347656265625 0.8173828125 0.12109375 0.8300781265625 0.1044921875 0.828125 0.0712890625 0.80859375 0.0341796875
11 0.8564453125 0.01171875 0.8291015625 0.0234375 0.81640625 0.0458984375 0.83203125 0.0849609375 0.8486328125 0.09179687343750001 0.8994140625 0.06835937343750001 0.9160156265625 0.0322265625 0.8564453125 0.01171875
11 1 0.0458984375 0.97265625 0.0166015625 0.9365234375 0 0.9140625 0.0166015625 0.9042968734375 0.0673828125 0.9326171875 0.09179687343750001 1 0.0791015625 1 0.0458984375
11 0.7900390625 0 0.7871093734375 0.0107421875 0.8154296875 0.03515625 0.8388671875 0 0.7900390625 0
11 0.3994140625 0.2753906265625 0.3173828125 0.2910156265625 0.3046875 0.3134765625 0.3125 0.3642578125 0.3349609375 0.390625 0.3642578125 0.390625 0.4375 0.3037109375 0.43359375 0.2939453125 0.3994140625 0.2753906265625
11 0.4501953125 0.23046875 0.4345703125 0.2324218734375 0.359375 0.2744140625 0.4404296875 0.2949218734375 0.4589843734375 0.2724609375 0.45703125 0.2451171875 0.4501953125 0.23046875
11 0.2841796875 0.3339843734375 0.24609375 0.3427734375 0.3115234375 0.3886718734375 0.3105468734375 0.3623046875 0.2841796875 0.3339843734375
11 0.1542968734375 0.3564453125 0.1884765625 0.41015625 0.265625 0.3310546875 0.2646484375 0.3105468734375 0.1542968734375 0.3564453125
11 0.0263671875 0.07421875 0 0.1279296875 0.1044921875 0.10742187343750001 0.1083984375 0.09179687343750001 0.0263671875 0.07421875
11 0.1435546875 0.11523437343750001 0.0810546875 0.1269531265625 0.0009765625 0.1484375 0 0.1982421875 0.0615234375 0.2421875 0.1376953125 0.2480468734375 0.1699218734375 0.2158203125 0.171875 0.1572265625 0.1435546875 0.11523437343750001
11 0.1611328125 0.044921873437499996 0.1503906265625 0.0927734375 0.1865234375 0.0859375 0.1894531265625 0.0693359375 0.1611328125 0.044921873437499996
11 0.2861328125 0.078125 0.2568359375 0.08007812656249999 0.1748046875 0.09960937343750001 0.1503906265625 0.1181640625 0.2021484375 0.1875 0.2451171875 0.1953125 0.2871093734375 0.1767578125 0.296875 0.0927734375 0.2861328125 0.078125
11 0.1474609375 0 0.1464843734375 0.0107421875 0.1591796875 0.04296875 0.2119140625 0.07617187343750001 0.3779296875 0.021484373437500003 0.3896484375 0 0.1474609375 0
11 0.0830078125 0.015625 0.0390625 0.0400390625 0.0234375 0.0751953125 0.1357421875 0.09765625 0.1425781265625 0.0615234375 0.0830078125 0.015625