11 0.3110371796875 0.5173474625 0.29811103125 0.5109587484375 0.231745234375 0.51327629375 0.19480718749999998 0.5468124046875 0.1945841265625 0.6523532328125 0.21129021718750002 0.683038890625 0.2443491859375 0.7063133921875 0.3010916328125 0.7082405296875 0.333865553125 0.69537015 0.36655891406249996 0.6522106875 0.3719251796875 0.610005509375 0.32849306562499997 0.5695044078125 0.3110371796875 0.5173474625
11 0.3972259546875 0.43909653437499996 0.3641112203125 0.44220724375 0.34311707343750003 0.45662058281249995 0.3147365640625 0.51135533125 0.32418021874999997 0.5579291234375 0.34472201406249997 0.5865265203125001 0.4033606328125 0.6147707078125 0.44428310781249997 0.6113873453124999 0.47490060468750006 0.5927293171875 0.48694063437499996 0.573742875 0.491897921875 0.5198260859375 0.466634296875 0.467941790625 0.3972259546875 0.43909653437499996
11 0.261470390625 0.3011721921875 0.207225184375 0.3147923703125 0.1745318234375 0.35795183124999996 0.172127540625 0.40103073125 0.1850660875 0.43575658749999996 0.2320054890625 0.49274689218749995 0.256915903125 0.5065343671875 0.3096863171875 0.5066459 0.3345719359375 0.4637590921875 0.37460829375000004 0.43500057343750004 0.37480038437499996 0.4125192390625 0.35451884218749996 0.36339243906249996 0.261470390625 0.3011721921875
11 0.4413830265625 0.13658995000000002 0.4017990171875 0.12233772968750001 0.34930125625 0.1300339375 0.31424698125 0.16154995 0.29602273125 0.19931835 0.2899190671875 0.24838938124999999 0.30131465468749996 0.29489501093750004 0.36481142499999997 0.3503299640625 0.4234376453125 0.35023700625 0.474968725 0.2868765625 0.47534051406250005 0.21357674843750002 0.46447783125 0.1543494578125 0.4413830265625 0.13658995000000002
11 0.47335760625 0.2967044015625 0.447393775 0.3366973890625 0.443105721875 0.3817963875 0.477050809375 0.4304460453125 0.555673521875 0.44333500312499996 0.606411440625 0.413225621875 0.62489595 0.35492782031250003 0.6014479328125 0.2990714921875 0.5635432078125 0.2769433671875 0.5224162421874999 0.27447092500000003 0.47335760625 0.2967044015625
11 0.6303365578125 0.174940803125 0.5756823718749999 0.17684936874999999 0.5443274796875001 0.20237325 0.535385759375 0.2261372875 0.5387691203125 0.2670597640625 0.60838195 0.301760825 0.6351327671875 0.36825055 0.6632654203125 0.3623823484375 0.6737500953125 0.3268385359375 0.7094736015625001 0.286504734375 0.7097338578125 0.26597533281249996 0.6692513328125 0.19801081250000002 0.6303365578125 0.174940803125
11 0.7689053828125 0.2814978578125 0.729866678125 0.2828611203125 0.677653965625 0.326702209375 0.6667851046875 0.4072086953125 0.6990509125 0.4637342578125 0.7465789890625001 0.4816176921875 0.787569628125 0.48018626875 0.8266640984375 0.4524378015625 0.8427876937500001 0.3824965515625 0.8240491078125001 0.3215899796875 0.8027017484375 0.2979065015625 0.7689053828125 0.2814978578125
11 0.6469621296875 0.4831420765625 0.615663003125 0.48228075156249994 0.5715182875 0.5053197890625001 0.5466326671874999 0.548206596875 0.5329257515625 0.6034060875 0.5342890125 0.6424447921875001 0.553628671875 0.6925816390625 0.5907278375 0.7196236828125 0.6780196171874999 0.7009408625 0.7143441937499999 0.649837334375 0.7141025156249999 0.558970103125 0.6979293328125 0.5155627843749999 0.6469621296875 0.4831420765625
11 0.743152259375 0.4954175671875 0.69570474375 0.50782320625 0.7148399125 0.5521042484375001 0.71643245625 0.6536730421875 0.729699421875 0.6698214296875 0.7829469765625 0.6835965078124999 0.8254805734374999 0.6703853125 0.8508433359375 0.6411620484375 0.85014930625 0.5933055546875 0.8376755031249999 0.543906103125 0.802460109375 0.5148439640625 0.743152259375 0.4954175671875
11 0.574839703125 0.712361246875 0.5449472078125 0.695816278125 0.50186830625 0.6934119921875 0.4532868125 0.72930901875 0.43218113437500005 0.796492771875 0.4354963328125 0.8354633124999999 0.4722113140625 0.9074680296875 0.521691325 0.9252833046875001 0.560661865625 0.921968109375 0.61105896875 0.8820990500000001 0.6227333890625 0.7966786453125 0.6081713234375 0.7434434875 0.574839703125 0.712361246875
11 0.7045101781249999 0.7879599890625 0.651807928125 0.7898003921875001 0.627851796875 0.8033400109375 0.6167102859375 0.8760387546875 0.5907464515624999 0.9160317421874999 0.6720151296875 0.9767090296875001 0.7305731859375 0.9746641374999999 0.7789501890625 0.9329113093749999 0.7857912515625001 0.8769744218750001 0.76968623125 0.8355190374999999 0.7362182828125 0.8005329265625001 0.7045101781249999 0.7879599890625
11 0.3595009671875 0.6739546265625 0.38490091875 0.729742790625 0.433916184375 0.7622316625 0.46916254999999996 0.7082343125 0.49210863125 0.6937528078125 0.5272434640625 0.692525871875 0.5308065203125001 0.682629871875 0.510865790625 0.6432627484375 0.46945377656250004 0.604645421875 0.38182118125 0.6135685640624999 0.3595009671875 0.6739546265625
11 0.2851167609375 0.8104227921874999 0.318640475 0.819023696875 0.34199553437499997 0.816253803125 0.3753023609375 0.7906617609375 0.3900193265625 0.7364041546875 0.353112253125 0.686880778125 0.30889937343749996 0.7079678781250001 0.2475156578125 0.71304291875 0.2678777625 0.7924587953125 0.2851167609375 0.8104227921874999
11 0.3927954375 0.927830134375 0.43957372031249997 0.9242422843749999 0.4621789859375 0.9000011046875 0.43347623437499994 0.833579540625 0.43513072187499996 0.769029353125 0.4004606328125 0.75558269375 0.358689228125 0.818602321875 0.365387784375 0.8984953390625 0.3927954375 0.927830134375
11 0.48548473124999997 1 0.4974749390625 0.9593523218750001 0.46724162812500003 0.9330476781250001 0.40073950468749997 0.93146135 0.353973621875 0.9633863421875001 0.34488186249999997 1 0.48548473124999997 1
11 0.33864051562499997 1 0.3376889046875 0.9727494359375 0.328189484375 0.9525608515625 0.2951305140625 0.9292863515625 0.20527333125 0.9304699171875 0.16227498906249999 0.9583547125 0.146980275 1 0.33864051562499997 1
11 0.22714737812500002 0.7733608171874999 0.1525338890625 0.8472988953125 0.15047042187499998 0.900137471875 0.18380204375 0.9312197109374999 0.28893389375 0.9197311625 0.32196806875 0.8863313796875 0.32908178125 0.8382022328125001 0.322680671875 0.8227912406250001 0.281212890625 0.8105591171875 0.24855050156249997 0.7706590890625 0.22714737812500002 0.7733608171874999
11 0.1021057734375 0.6624227515625 0.0733038875 0.6771087421875001 0.0120812921875 0.7427619390625 0.010767618750000001 0.817071803125 0.0441674046875 0.8501059765625 0.1127577890625 0.855528009375 0.1781011390625 0.8239314390624999 0.20144380156250002 0.7928244046875 0.2013632421875 0.762535328125 0.182352003125 0.6938210125000001 0.13535683437499998 0.663215915625 0.1021057734375 0.6624227515625
11 0.149379771875 0.5611018171875 0.1828353234375 0.5677507859375 0.233151865625 0.4975926484375 0.1831141515625 0.43582475 0.164989034375 0.3924855921875 0.1377982671875 0.39734375 0.1026076671875 0.424955890625 0.10143032031250002 0.5031696250000001 0.149379771875 0.5611018171875
11 0.13975642187499998 0.5653465 0.086484071875 0.4948971390625 0.000871575 0.50570405625 0.004496615625 0.6374937640625 0.0253668328125 0.64751369375 0.09334375 0.6353683109375 0.1322337296875 0.6017640375 0.13975642187499998 0.5653465
11 0 0.49888639531249995 0.041589562499999996 0.496464890625 0.0800147984375 0.4775342125 0.1174733546875 0.4029392984375 0.11584983906249999 0.3844299953125 0.0707942078125 0.32541959062500003 0.0411062015625 0.31473042812499996 0 0.319755596875 0 0.49888639531249995
11 0.167387096875 0.181335775 0.07773440468750001 0.18837515 0.038776262500000006 0.22002748749999998 0.029834540625 0.243791525 0.028905049999999998 0.273138715625 0.0435910453125 0.301940603125 0.130238384375 0.34874985625 0.17506473125 0.34523016875 0.20904079375 0.3108203375 0.23609523281250003 0.3020583125 0.24294869062500002 0.2744585671875 0.2103420703125 0.20817333124999998 0.167387096875 0.181335775
11 0.763910903125 0.25040322187499997 0.791361925 0.22501566562500003 0.7959783984375 0.1613392 0.7730756859375 0.12109835312499999 0.7336961671875 0.11270194062500001 0.6932508312500001 0.129748846875 0.6630547124999999 0.188455625 0.711276815625 0.25419555781250003 0.763910903125 0.25040322187499997
11 0.49523169375 0.4473999953125 0.47148005312499996 0.46679541718750006 0.4927034828125 0.514912165625 0.48889257031250005 0.5736747125 0.47618330625 0.601478946875 0.509583090625 0.6345131234375 0.5321325906250001 0.6366571484375 0.546496340625 0.5443027265625 0.5843638765625 0.481419425 0.565910340625 0.4566577328125 0.524510721875 0.44637754999999996 0.49523169375 0.4473999953125
11 0.7090832406249999 0.4712011828125 0.6735951953125 0.4343312984375 0.6637425609375 0.3760458953125 0.6296177765625 0.3782147171875 0.5934295265625 0.4332221140625 0.596744721875 0.47219265625 0.6846623671875001 0.49941439374999996 0.7090832406249999 0.4712011828125
11 0.5289412796875 0.26544864375 0.537188971875 0.1938281125 0.5046629109375 0.157831953125 0.4623895671875 0.15051375 0.47988264531249997 0.2876821203125 0.5289412796875 0.26544864375
11 0.723075246875 0.75995126875 0.73699905 0.7389447234375 0.7388022609375 0.7066355484375 0.7290301875 0.6786392218749999 0.711995678125 0.6665310296875 0.6762040078125 0.704912896875 0.602575775 0.723118575 0.62535455625 0.7877926921875 0.723075246875 0.75995126875
11 0.74004159375 0.7701075234375 0.7789563687500001 0.7931775328125 0.8277547484375001 0.7914734546875 0.8609934140625001 0.763929478125 0.8679026375 0.7099445249999999 0.862102596875 0.6837638078125 0.8449317625000001 0.6677517453124999 0.8044182640624999 0.6828467140625001 0.7457920453125 0.6829396734375 0.74004159375 0.7701075234375
11 0.8577216265625 0.978041278125 0.8989043578125001 0.9541285187499999 0.904270625 0.911923340625 0.8830348000000001 0.8354694500000001 0.8616192781249999 0.8098340374999999 0.8144320171875 0.8017102749999999 0.7728403078125 0.813911425 0.7883690515625 0.9228108171875 0.8577216265625 0.978041278125
11 0.1454801453125 1 0.17417869375 0.9354644000000001 0.1458291546875 0.907139653125 0.0917202734375 0.9246637 0.0644737421875 0.9559070609375 0.051467251562500003 1 0.1454801453125 1
11 0.4880684765625 0.9977899562499999 0.6686565640625 0.9924608375 0.6441427328125 0.9620478312499999 0.598430265625 0.940192359375 0.5188099 0.9546986609375001 0.4880684765625 0.9977899562499999
11 0.22044882187499998 0.6934678015625 0.1946522890625 0.6543051671875 0.1899056671875 0.5743439875 0.1615003609375 0.572404446875 0.140041471875 0.6014913843749999 0.1434248296875 0.6424138609375001 0.1970255984375 0.6942857578125 0.22044882187499998 0.6934678015625