11 0.3072913015625 0.2591859265625 0.2389423390625 0.26037896250000003 0.2051939390625 0.2853858265625 0.20005127968749997 0.3264974640625 0.23492453906250002 0.36593391249999996 0.29744910625 0.3667959625 0.34274403750000004 0.3318204421875 0.34206230312499997 0.2927638921875 0.3072913015625 0.2591859265625
11 0.3795849515625 0.20420491875 0.37639511406250004 0.2452824703125 0.4091792015625 0.2769416953125 0.44237726874999994 0.2763622203125 0.47605749375000006 0.24744970156249999 0.46167187812500005 0.20667893125 0.4228929640625 0.167310659375 0.3795849515625 0.20420491875
11 0.3152197 0.0978901796875 0.3260746109375 0.16021022812500002 0.3469031234375 0.178404178125 0.38602784843750004 0.1816280984375 0.41981033281249996 0.15857406406250002 0.44958984375 0.07405709218749999 0.358664059375 0.0688072296875 0.3152197 0.0978901796875
11 0.5616360953124999 0.282094240625 0.48499860781250004 0.256084034375 0.4321309734375 0.3048656953125 0.4265451859375 0.3205905765625 0.4406581046875 0.3457387265625 0.48889437812500003 0.36736111875 0.54741103125 0.3624328609375 0.5750282515625 0.3219056390625 0.5616360953124999 0.282094240625
11 0.684425621875 0.26627698125 0.6141579171875 0.2694569296875 0.5883571765625 0.30213875625000003 0.5911621734375 0.3509253578125 0.6316553078125 0.37658975156249996 0.6999020125000001 0.3695382328125 0.7235454046875 0.3251735296875 0.7170733625000001 0.2901248953125 0.684425621875 0.26627698125
11 0.5809015609375 0.15478549531250002 0.5321831328125 0.1614961453125 0.5045318265625001 0.200070540625 0.50538399375 0.24889122812500003 0.5557094390625 0.2782908421875 0.5965483828125 0.267810884375 0.6221786921875 0.225364921875 0.6135493000000001 0.17863340781249998 0.5809015609375 0.15478549531250002
11 0.504989778125 0.05843941406249999 0.46606957343750005 0.066932459375 0.4286541265625 0.10567728750000001 0.42779207656249996 0.16820185468749999 0.46646873125 0.20171164375 0.49565888437499994 0.19534186250000002 0.5522276500000001 0.1347750640625 0.5456192578125 0.09191511875 0.504989778125 0.05843941406249999
11 0.4218412171875 0.05110037656250001 0.41413710937500003 0.001422578125 0.31063725 0.003229175 0.315979490625 0.0295071296875 0.3488658359375 0.0670248375 0.40549783437500003 0.066036321875 0.4218412171875 0.05110037656250001
11 0.49913623749999997 0.002869046875 0.41999559218750004 0.00132031875 0.46141401093749995 0.0240384265625 0.49913623749999997 0.002869046875
11 0.5057571859375 0 0.4762136078125 0.0325705 0.47569736406249996 0.058950715625000004 0.5566154609375 0.106373846875 0.5805656359375 0.0795845921875 0.5758759828125 0.0347377328125 0.5450106406249999 0.001091596875 0.511440209375 0 0.5057571859375 0
11 0.6480234015625 0.08329066874999999 0.5950925375 0.0724940453125 0.5634674015625001 0.1072309578125 0.5641491359375 0.1462875078125 0.618550671875 0.18538308750000002 0.6493184421875 0.18302945312500002 0.6562728953125 0.1642137078125 0.664946259375 0.10155279218749999 0.6480234015625 0.08329066874999999
11 0.66134244375 0.174869040625 0.625709390625 0.20381564531250002 0.6241315171874999 0.2253308359375 0.658732084375 0.2491446625 0.6865197390625 0.21838157812499998 0.66134244375 0.174869040625
11 0.623206234375 0.22827712031249997 0.5823282609375 0.2924768796875 0.58743189375 0.30508504375 0.659004778125 0.2647672828125 0.6577045390625 0.2462324640625 0.623206234375 0.22827712031249997
11 0.66942150625 0.24602794375 0.6697282875 0.263603390625 0.728239996875 0.3143477609375 0.7733644921875 0.26960810468749996 0.7646669265625 0.2189709359375 0.74983324375 0.20848603593749998 0.6952563328125 0.2152989453125 0.66942150625 0.24602794375
11 0.8154695875 0.2757101359375 0.774460209375 0.2764259578125 0.7407118125000001 0.30143281875 0.74553780625 0.35409098906250003 0.787915596875 0.3758156390625 0.838620940625 0.3710237328125 0.8680546421875001 0.3226511125 0.8449665203125001 0.2869158 0.8154695875 0.2757101359375
11 0.9148153000000001 0.3716471765625 0.9978616 0.37312773125 0.9951638062500001 0.2745269859375 0.9287676703125 0.275685934375 0.8933050515625001 0.314396675 0.8959396140625 0.3534191390625 0.9148153000000001 0.3716471765625
11 0.8708304921875 0.3138122578125 0.8903246812500001 0.3115185625 0.92191573125 0.2748288234375 0.9115721203125 0.24180118906249998 0.8801905328125 0.234535265625 0.8399310609375 0.27821329375000003 0.8708304921875 0.3138122578125
11 0.8539906343749999 0.13243790312499998 0.791772846875 0.1491512984375 0.7699459359375 0.1856706078125 0.7730577109375 0.25203265625000004 0.823280896875 0.27557378906249996 0.8687803453124999 0.25231523437500003 0.891293934375 0.19917985 0.8806435421875 0.14857676875 0.8539906343749999 0.13243790312499998
11 0.716474625 0.08795611406250001 0.689135040625 0.088433328125 0.6651848671875 0.11522258593750001 0.6642205531250001 0.1718886703125 0.6813479328125001 0.2018677625 0.7361293640625 0.20677181406249998 0.7679931078125 0.18570469375 0.769230115625 0.1446612296875 0.716474625 0.08795611406250001
11 0.6739189890625 0 0.5968457875000001 0.005070365625 0.603488265625 0.0498831375 0.66374828125 0.08887645625 0.70849288125 0.078328325 0.739708975 0.02015748125 0.73855001875 0 0.6739189890625 0
11 0.8303620671875 0.009784725 0.7581074484375 0.011045934375 0.7226448296875 0.049756675 0.7194209093749999 0.0888814 0.7464487734375 0.1265013640625 0.789683671875 0.1413740765625 0.870470365625 0.12531327187500002 0.8612274125000001 0.0434308625 0.8303620671875 0.009784725
11 0.91236105625 0.23104359375 0.9419992796875001 0.194387940625 0.9434067171875 0.1631086125 0.9125754593750001 0.1314153015625 0.8715319953125 0.130178296875 0.8859126671875 0.22662169531249998 0.91236105625 0.23104359375
11 0.9487489578125 0.18938656874999998 0.9211658234375 0.23186661718749998 0.9286313234374999 0.26787462500000003 0.9951297203125 0.27257415625000003 0.9945892734375 0.1856562890625 0.9487489578125 0.18938656874999998
11 0.8754425921875001 0.0744374953125 0.8801663281250001 0.1212371828125 0.9302872546875 0.13891983125000001 0.9690029375 0.118709825 0.9889451953125 0.0861302578125 0.9845623265624999 0.0588588453125 0.9362578812500001 0.0333308 0.8754425921875001 0.0744374953125
11 0.993391296875 0.1729799546875 0.9918573937499999 0.0851027140625 0.9700986546875001 0.125527675 0.97060995625 0.1548200890625 0.993391296875 0.1729799546875
11 0.9329384671875 0 0.9480089328125001 0.03507910625 0.9921009421875 0.043099878125000005 0.9905349109375001 0 0.9329384671875 0
11 0.74111289375 0 0.744539915625 0.017143021875 0.8568104546875001 0.0142066234375 0.8558852031249999 0 0.74111289375 0