11 1 0.12180158906250001 0.9665998890624999 0.130216903125 0.929678378125 0.1733471859375 0.9270974359374999 0.2119555703125 0.9749527546874999 0.2299259921875 1 0.22034168437499999 1 0.12180158906250001
11 0.8458108953125001 0.13834625312499998 0.8735466015625001 0.1764617609375 0.91333879375 0.1783313984375 0.9528718125 0.14491036562499998 0.9675296124999999 0.10226786875 0.864482434375 0.0755688625 0.8458108953125001 0.13834625312499998
11 0.8600929828125 0.2506047078125 0.8766408 0.2003817765625 0.8474723 0.14379278125 0.81288274375 0.12912988593750002 0.7690768171875 0.147395140625 0.750638984375 0.20519850625 0.76605903125 0.2442692078125 0.839968275 0.2626968515625 0.8600929828125 0.2506047078125
11 0.774655790625 0.35511015156250003 0.7975798609375 0.27527678125 0.785970409375 0.26936284375 0.762060578125 0.28856291875 0.7597184359375 0.3302502203125 0.774655790625 0.35511015156250003
11 0.79077185625 0.3712058421875 0.8367320671874999 0.388703759375 0.8772253718749999 0.375651328125 0.9141417890625 0.32446810625 0.890658615625 0.2692966234375 0.808945421875 0.270058865625 0.79077185625 0.3712058421875
11 0.8086206421875 0.5054892062499999 0.817115521875 0.45527136874999996 0.7993278625 0.41762327343749994 0.7457923125 0.4062882765625 0.714307140625 0.43165127812500004 0.7020271359375 0.488977046875 0.7288178375000001 0.53088276875 0.7809256890625 0.5317972140625 0.8086206421875 0.5054892062499999
11 0.91425895 0.5096857046875 0.9445450359375 0.46087519062500004 0.9314926031249999 0.4203818828125 0.889322609375 0.40382897343749996 0.8384087515624999 0.41830910625 0.8199556390625 0.45195365625 0.8263828312499999 0.5028726078125 0.8685528234375001 0.51942551875 0.91425895 0.5096857046875
11 0.8655446046874999 0.25699624375 0.9091321078125001 0.267863828125 0.9463076984375001 0.251971278125 0.9545841546875 0.2308862828125 0.9176218921875 0.20959305156250002 0.8804259218749999 0.1932738453125 0.8655446046874999 0.25699624375
11 0.9348765390624999 0.527910209375 0.8564759609375001 0.5234596296875 0.8171817453125 0.5599595765625 0.8198187203125 0.6099335203125 0.8648390156250001 0.639274596875 0.9436917203125 0.6096183125 0.9531468875 0.5797690734375001 0.9348765390624999 0.527910209375
11 0.88002535625 0.683319321875 0.8253110937500001 0.68074856875 0.7959751109375001 0.7338218046875 0.803809628125 0.762949553125 0.8350814718749999 0.77477233125 0.90683643125 0.7574368015624999 0.9139188953125 0.7209572296875 0.88002535625 0.683319321875
11 0.8650880046875 0.658459390625 0.8857106828125 0.6847368328125001 0.9567696234374999 0.6903763140625 0.9697914921875 0.6825519843750001 0.9825490921875 0.6313840468749999 0.9704620421874999 0.6193122796874999 0.9354050765625 0.614597428125 0.8669729234375 0.6428260156250001 0.8650880046875 0.658459390625
11 0.83961355625 0.82521878125 0.858351315625 0.867129596875 0.9206511078125 0.8796433046875001 0.9414412703125 0.796258515625 0.9213012812500001 0.7841918437500001 0.8900294390625 0.772369059375 0.8466960171875 0.7887392078125 0.83961355625 0.82521878125
11 0.8581634578124999 0.9445800734375001 0.884659321875 0.8948245515625001 0.8744622874999999 0.8751723484375 0.852432284375 0.8706861109374999 0.82364760625 0.8769736359375001 0.7975097843750001 0.9133540765625 0.799176284375 0.9268535421875 0.815764853125 0.941054125 0.8581634578124999 0.9445800734375001
11 0.82847660625 0.8174097359375001 0.8014674859375001 0.8046368515625 0.7557664484375 0.822429603125 0.757697215625 0.87927268125 0.79111315625 0.910752759375 0.825220021875 0.9112048859374999 0.8505422703125 0.8782665453125 0.82847660625 0.8174097359375001
11 0.7940901921875 0.7494551796875 0.7862658625 0.736433309375 0.7071488890625 0.7227459859375001 0.6884620703125 0.7613645578125 0.7019819125 0.791909815625 0.731358646875 0.80326009375 0.7941105687500001 0.7816669359375 0.7940901921875 0.7494551796875
11 0.731785303125 0.728888534375 0.7374145953125 0.641723715625 0.69833370625 0.64103788125 0.6827258046875 0.67941765625 0.7047761828125 0.71611565 0.731785303125 0.728888534375
11 0.821048371875 0.6816986703125 0.8051609171875 0.6525760171874999 0.7509191546875 0.6481101546875 0.749786290625 0.729350846875 0.8115982984375 0.7196008468749999 0.821048371875 0.6816986703125
11 0.735991990625 0.6393561015625 0.7487190265625 0.5398705296874999 0.7096381390625 0.539184696875 0.6945027374999999 0.5756693625 0.7051875578125 0.6175852749999999 0.735991990625 0.6393561015625
11 0.74973025625 0.6407685171875 0.7862047343749999 0.639798040625 0.8091644625000001 0.61633524375 0.81056669375 0.5864911015625001 0.7904114203125 0.5502656109374999 0.7593783765625 0.54152174375 0.74973025625 0.6407685171875
11 0.6381366374999999 0.2083487375 0.5654264828125 0.21336860937500002 0.5465008625000001 0.24890826718749998 0.5576479984375 0.272823190625 0.592710059375 0.28559097968749997 0.6355709765625 0.271115940625 0.65354649375 0.23131356093750002 0.6381366374999999 0.2083487375
11 0.66062895625 0.1948339890625 0.668874846875 0.1254313609375 0.639025609375 0.115976190625 0.6132155765625 0.1266508234375 0.6329238140625 0.20503612031250001 0.66062895625 0.1948339890625
11 0.62670485625 0.10887844687499999 0.677633996875 0.1185571328125 0.697011740625 0.048910609375000004 0.641586175 0.0451560484375 0.62670485625 0.10887844687499999
11 0.6176457796875 0.0160384921875 0.581166209375 0.008956028125 0.546835828125 0.029583803125000002 0.5423750593750001 0.0918785015625 0.5878576718749999 0.10321859062500001 0.6141402078125 0.09064885 0.636378446875 0.049896368749999996 0.6176457796875 0.0160384921875
11 0.60161121875 0.1287898234375 0.533158690625 0.1248066546875 0.5142330734375 0.1603463140625 0.52585780625 0.190419065625 0.573713125 0.20838949062499998 0.6052084828125001 0.19913236875 0.6222389921875 0.16312020625 0.60161121875 0.1287898234375
11 0.568327725 0.3066861625 0.5669204015625 0.3284773671875 0.592288496875 0.3680154765625 0.6318316984375 0.3507003234375 0.641738996875 0.286744221875 0.587974834375 0.2884361890625 0.568327725 0.3066861625
11 0.495373678125 0.3005741796875 0.5055758046875 0.32827932187500003 0.5626474921875 0.313321590625 0.5711576546875 0.28726257187500004 0.5462722515625 0.2619352296875 0.512876690625 0.262666909375 0.495373678125 0.3005741796875
11 0.573124078125 0.400476221875 0.58920958125 0.368254278125 0.573322125 0.33913162343750003 0.5373150578125 0.330154053125 0.5020345734375 0.3465191078125 0.48831159062499996 0.3692655078125 0.506576846875 0.41307143281250003 0.529318153125 0.418741478125 0.573124078125 0.400476221875
11 0.619572075 0.4402378484375 0.627812871875 0.3627822796875 0.590159684375 0.37251699843749997 0.5650762359375 0.40853425468750004 0.5733883484375 0.44381983125 0.619572075 0.4402378484375
11 0.5613318625 0.4800656984375 0.5660569 0.46111461093750006 0.5378486890625 0.4248942140625 0.5070544453125 0.41922926250000003 0.4845672203125 0.4407969515625 0.48079737656250005 0.4720637 0.5023701593750001 0.502603865625 0.54121225 0.5002107796875 0.5613318625 0.4800656984375
11 0.546186271875 0.5004444859375 0.5649189390625 0.534302365625 0.6087299609375 0.5240900484375 0.6115446078125 0.48050763906249994 0.5980298578125 0.4580153171875 0.5722096359375 0.45258407343749996 0.546186271875 0.5004444859375
11 0.5552198781250001 0.5530197484375 0.5514500375 0.584286496875 0.5678049015625 0.6034611 0.607835890625 0.60840965625 0.6120578625 0.5430360421875 0.5905003625 0.53665469375 0.5552198781250001 0.5530197484375
11 0.6038629109375 0.6929680625 0.6087910890625 0.6207253171875 0.58415976875 0.6226357078125 0.569491778125 0.649172325 0.5792214015625 0.678772575 0.6038629109375 0.6929680625
11 0.5159816953125 0.678102025 0.53897708125 0.711009803125 0.5598232796875 0.7162073437500001 0.5875233265625 0.697952275 0.5664179546875 0.6574640625 0.5183391203125 0.6605735421875 0.5159816953125 0.678102025
11 0.5079032875 0.637842425 0.5597825265624999 0.6517838312500001 0.577290634375 0.621929496875 0.541273378125 0.5968460484375 0.5079032875 0.637842425
11 0.5187912484375 0.626466678125 0.53913946875 0.59329463125 0.523719425 0.5542239312499999 0.491975078125 0.5442962578125 0.45906220624999994 0.55923870625 0.4320887421875 0.6028363984375 0.443713478125 0.6329091546875001 0.46693238125000003 0.644737028125 0.5187912484375 0.626466678125
11 0.4508417859375 0.6689060328124999 0.39756541093750003 0.692861709375 0.39142286249999997 0.717498125 0.41679095468750005 0.757036234375 0.45184282812500004 0.7536981453125 0.4762200671875 0.7245500218750001 0.47667729062499997 0.6984960953125 0.4508417859375 0.6689060328124999
11 0.4489263015625 0.6362217734375 0.417161578125 0.594082346875 0.3858948296875 0.5903125015625 0.359149978125 0.62088323125 0.38926348437499997 0.673682009375 0.405846959375 0.679829653125 0.445390165625 0.6625144984375 0.4489263015625 0.6362217734375
11 0.3777355359375 0.7966150984375 0.41969219999999996 0.8503537890624999 0.44455213125000004 0.8354164359375 0.4540072984375 0.805567196875 0.43006181093749996 0.7683967 0.4025852796875 0.765571865625 0.3777355359375 0.7966150984375
11 0.43124561562499997 0.7676853968749999 0.4513907 0.7878050109375 0.48265745000000004 0.79157485 0.501832053125 0.7752199859375 0.5020504765625 0.7460871453125 0.48071649375 0.7186258953125 0.43124561562499997 0.7676853968749999
11 0.47335448125 0.687603040625 0.4790601859375 0.7212323078125 0.5082134 0.7536624875 0.536375765625 0.7174064312499999 0.5214333156250001 0.6844935624999999 0.490633978125 0.670775671875 0.47335448125 0.687603040625
11 0.3781469109375 0.6980847203125 0.378355146875 0.652846 0.3522859375 0.6282299625000001 0.3236357890625 0.6422223078125 0.34428903437499997 0.716817384375 0.3781469109375 0.6980847203125
11 0.3973724578125 0.76225924375 0.408494125 0.745909475 0.3807533234375 0.6997410296875 0.3445278328125 0.7198963015625 0.36374318906249997 0.7679649484375 0.3973724578125 0.76225924375
11 0.3823383171875 0.584393471875 0.3851580578125 0.5488640015625 0.3654803828125 0.518796340625 0.3304234171875 0.5140814921875 0.305096075 0.53896689375 0.313184671875 0.5953323734375 0.3328521578125 0.6092941546875 0.3608011921875 0.61022388125 0.3823383171875 0.584393471875
11 0.38494472812499997 0.5860497828125 0.4110037484375 0.5945599421875001 0.43444616875 0.585307915625 0.45857951718749995 0.5450279375 0.45595272812500004 0.5111598703125 0.3837252640625 0.5303905109375 0.38494472812499997 0.5860497828125
11 0.31794536875 0.6327518578125 0.3361851546875 0.6362930890625 0.3591448828125 0.6128302921875 0.3172136890625 0.5993562953125 0.31794536875 0.6327518578125
11 0.29962917187500004 0.50841654375 0.35433834062499997 0.50293435625 0.3464936375 0.45770073125 0.29794229687499996 0.46270531875 0.29962917187500004 0.50841654375
11 0.4061615484375 0.4282934328125 0.3637833203125 0.45697923906250004 0.35622835625 0.4953539203125 0.37163821406249997 0.5183187453125 0.4152206234375 0.521133390625 0.45144101875000003 0.49292517968749994 0.458995984375 0.45455049843750006 0.4061615484375 0.4282934328125
11 0.48787474687500004 0.427531190625 0.47148931562499996 0.36003894999999997 0.43383103125 0.3617207296875 0.41633820625 0.4157338796875 0.460179790625 0.453839196875 0.48787474687500004 0.427531190625
11 0.41775571874999995 0.41004855312500005 0.426260784375 0.37593659375 0.40468290937500007 0.3373434890625 0.3795688953125 0.3250431125 0.34571611406249997 0.3518287171875 0.341473765625 0.3849905734375 0.358788921875 0.424533778125 0.391478275 0.43067123125 0.41775571874999995 0.41004855312500005
11 0.34718456249999996 0.4266727796875 0.328431521875 0.360603146875 0.291245740625 0.3603898171875 0.2977034984375 0.45962640468749993 0.3310939671875 0.4508417859375 0.34718456249999996 0.4266727796875
11 0.3760123828125 0.3191240796875 0.35916463906249996 0.2696328265625 0.31629353125000004 0.26800198750000004 0.3023725015625 0.352092984375 0.3341117546875 0.35396771875 0.3760123828125 0.3191240796875
11 0.4522586765625 0.2878114859375 0.45412322187500004 0.2399663546875 0.4330280375 0.21558401875 0.3866055109375 0.216087090625 0.3683810078125 0.236704675 0.3646162609375 0.2760243625 0.3876167421875 0.3169850765625 0.41556577656250004 0.3179148046875 0.4522586765625 0.2878114859375
11 0.3444151421875 0.1673224203125 0.307701865625 0.1652139828125 0.2987242953125 0.20122105 0.3165272359375 0.26302796562499997 0.33642333281250003 0.26396278125 0.36506329375 0.233864559375 0.36931073125 0.2087556390625 0.3444151421875 0.1673224203125
11 0.34180363593749996 0.15761317187499999 0.37919255625 0.1045348421875 0.357137084375 0.05978390625 0.30644674375 0.053184139062500004 0.2773291859375 0.07712453281250001 0.2683567078125 0.12118454062499999 0.279026246875 0.138941634375 0.308408075 0.15834485 0.34180363593749996 0.15761317187499999
11 0.30259233124999996 0 0.3121167875 0.030442832812499997 0.33628579375 0.0465334265625 0.3602058125 0.04343923125 0.3751374828125 0 0.30259233124999996 0
11 0.43893178437499997 0.187868690625 0.44554174375000005 0.153284228125 0.4272866765625 0.125584178125 0.3870168859375 0.1175567109375 0.361211946875 0.1362842828125 0.35318447656249996 0.176554071875 0.37049453906249996 0.2080443359375 0.399393675 0.213236784375 0.43893178437499997 0.187868690625
11 0.3985362515625 0 0.37534630625 0.015007504687500001 0.3663789234375 0.0671204515625 0.38937940625 0.108081165625 0.422068759375 0.1142186203125 0.4502464046875 0.10212138281250001 0.46016389062499996 0.054271159375 0.4399984296875 0.0019397890625 0.433874665625 0 0.3985362515625 0
11 0.42496014843749996 0 0.460854815625 0.0232432078125 0.482402125 0.013518676562500002 0.48960110625000003 0 0.42496014843749996 0
11 0.5319086609375 0.02082975 0.4992142140625 0.0066393546875 0.46488383125 0.02726713125 0.45238540625 0.113725740625 0.48223464531250004 0.12318090781249999 0.5208277484375 0.10160303281250001 0.5425883875 0.054692721875 0.5319086609375 0.02082975
11 0.501206109375 0.1601177015625 0.460463815625 0.15398534375 0.435619165625 0.19308151406250001 0.4586349296875 0.2582010484375 0.48753406562499996 0.26339349375 0.5147565140625 0.23898059531250002 0.519938775 0.19397558125 0.501206109375 0.1601177015625
11 0.45108505781249997 0.3046286671875 0.48873825000000004 0.294893946875 0.510976484375 0.254141465625 0.45934623124999996 0.259384853125 0.45108505781249997 0.3046286671875
11 0.4236441859375 0.358174403125 0.44234628593750003 0.3437146484375 0.44753363906250004 0.3067625734375 0.38832804374999996 0.318168884375 0.4236441859375 0.358174403125
11 0.46377196249999997 0.5161288015625 0.47491909843749996 0.5400437234375 0.5407804984375 0.566529403125 0.5604225109375001 0.5402264890625 0.5445350578125 0.5111038375 0.4876817921875 0.4969287265625 0.46377196249999997 0.5161288015625