11 0.20646883593749998 0.23870771093749998 0.23887706562500002 0.20753717656249998 0.23866748124999998 0.15186684687500002 0.20852739531250003 0.105993778125 0.163500653125 0.08589571562500001 0.1302684828125 0.0923553953125 0.10622216874999998 0.11195213281250001 0.106111475 0.1796228046875 0.153825528125 0.23401792656249998 0.20646883593749998 0.23870771093749998
11 0.2183158046875 0.2791830359375 0.20654743125000002 0.259584084375 0.1772836828125 0.2523394546875 0.10757006875 0.2758388140625 0.0748415625 0.319009690625 0.07057906093750001 0.3516731328125 0.0988295796875 0.38100120625 0.1163511515625 0.3756056765625 0.2183158046875 0.2791830359375
11 0 0.49278090781249995 0.0635447515625 0.42466898124999997 0.0327903078125 0.4097553890625 0.01196706875 0.4118133359375 0 0.42410982031250005 0 0.49278090781249995
11 0.34099890781250003 0.1528672828125 0.437184165625 0.07448033125 0.4619234328125 0.0448004921875 0.4600600640625 0.0352142890625 0.43409798281249995 0.0313072421875 0.36214832812500003 0.04330315625 0.33408119531249997 0.062686621875 0.298103415625 0.1164374984375 0.30667491406249997 0.1605340328125 0.34099890781250003 0.1528672828125
11 0.2815105765625 0.17437904843750002 0.24534941250000003 0.17941838593749998 0.19589707812499998 0.24573685625000002 0.2167989109375 0.2645552828125 0.239433125 0.25816595625 0.28856518124999997 0.20384782812500002 0.29980369375000004 0.17977679062500002 0.2815105765625 0.17437904843750002
11 0.1020847546875 0.2749153703125 0.1754465125 0.2497120421875 0.1119956625 0.1894222796875 0.0631314859375 0.217822484375 0.1020847546875 0.2749153703125
11 0 0.3964544953125 0.0042719078125 0.406345240625 0.07044216875 0.41238501406249994 0.09773775625 0.3822082765625 0.066159371875 0.342583828125 0.0109073453125 0.324473359375 0 0.326280790625 0 0.3964544953125
11 0 0.32206264687499997 0.04818653125 0.32518574375 0.0926310171875 0.2876962359375 0.0928988984375 0.2617783109375 0.051415507812500004 0.21214111562500002 0 0.1975203203125 0 0.32206264687499997
11 0.008918889062500001 0.18458736250000002 0.0115276046875 0.198008046875 0.0587379953125 0.21569197031249998 0.10685682187500001 0.1834572859375 0.09602308281250001 0.1208985171875 0.0591689671875 0.13602095625 0.008918889062500001 0.18458736250000002
11 0.0454586296875 0.085959428125 0.08505245156249999 0.11905162968750001 0.22058985 0.106633596875 0.228925565625 0.08810100781249999 0.2130577796875 0.047412410937499996 0.04543243125 0.0790006375 0.0454586296875 0.085959428125
11 0.2926181 0.1155140546875 0.24098802031250002 0.0887408265625 0.217687053125 0.1121720453125 0.2460685625 0.176294075 0.29466485468750003 0.17381179687499998 0.2926181 0.1155140546875
11 0.40778942812499996 0.03244174375 0.4022255171875 0.0106419265625 0.21891576875 0.050253095312499996 0.2825821046875 0.07070735 0.3187432703125 0.0656680125 0.40778942812499996 0.03244174375
11 0 0.159460325 0.0128349140625 0.15696547031250002 0.0645756875 0.1160680265625 0.0417842859375 0.0807046046875 0 0.08849186875000001 0 0.159460325
11 0.45292804374999995 0 0.4365495109375 0.002975178125 0.4370007796875 0.0257687921875 0.4688208484375 0.032516525000000004 0.502931790625 0 0.45292804374999995 0