11 0.16015625 0.6416015625 0.1953125 0.6103515625 0.19140625 0.5791015625 0.1650390625 0.546875 0.1123046875 0.5390625 0.07226562656249999 0.5791015625 0.0703125 0.6162109375 0.0966796875 0.6425781265625 0.16015625 0.6416015625
11 0.2636718734375 0.7939453125 0.3027343734375 0.7666015625 0.2988281265625 0.7099609375 0.2412109375 0.6738281265625 0.1923828125 0.6777343734375 0.16796875 0.7099609375 0.1738281265625 0.7548828125 0.2001953125 0.78125 0.2636718734375 0.7939453125
11 0.1855468734375 0.8974609375 0.2480468734375 0.8662109375 0.25390625 0.8212890625 0.2412109375 0.7988281265625 0.1748046875 0.7792968734375 0.12304687343750001 0.8134765625 0.11132812656249999 0.8564453125 0.1318359375 0.88671875 0.1855468734375 0.8974609375
11 0.0986328125 0.7558593734375 0.1503906265625 0.7705078125 0.1699218734375 0.7529296875 0.1660156265625 0.7138671875 0.1777343734375 0.6787109375 0.1572265625 0.6464843734375 0.1181640625 0.640625 0.0859375 0.6650390625 0.0859375 0.7236328125 0.0986328125 0.7558593734375
11 0 0.7763671875 0.021484373437500003 0.7822265625 0.0654296875 0.7597656265625 0.08007812656249999 0.7275390625 0.08007812656249999 0.6708984375 0.0537109375 0.6425781265625 0.0244140625 0.6425781265625 0 0.6572265625 0 0.7763671875
11 0.2421875 0.5986328125 0.3037109375 0.5800781265625 0.31640625 0.5654296875 0.3183593734375 0.5244140625 0.2998046875 0.50390625 0.2529296875 0.5019531265625 0.21875 0.5341796875 0.2109375 0.5771484375 0.2421875 0.5986328125
11 0.2890625 0.6865234375 0.3291015625 0.67578125 0.3496093734375 0.6474609375 0.34375 0.6005859375 0.3095703125 0.5839843734375 0.2548828125 0.5957031265625 0.2324218734375 0.6220703125 0.2421875 0.6689453125 0.2890625 0.6865234375
11 0.23828125 0.6689453125 0.23046875 0.6474609375 0.2373046875 0.6035156265625 0.1923828125 0.6171875 0.17578125 0.6337890625 0.1699218734375 0.6591796875 0.19140625 0.6787109375 0.23828125 0.6689453125
11 0.4199218734375 0.6533203125 0.46484375 0.6318359375 0.4707031265625 0.5830078125 0.4345703125 0.5371093734375 0.4013671875 0.5332031265625 0.3671875 0.5537109375 0.3515625 0.6044921875 0.3740234375 0.64453125 0.4199218734375 0.6533203125
11 0.3935546875 0.5234375 0.3603515625 0.5175781265625 0.3339843734375 0.5361328125 0.3300781265625 0.5693359375 0.3496093734375 0.5830078125 0.3984375 0.5322265625 0.3935546875 0.5234375
11 0.48046875 0.6142578125 0.5078125 0.5927734375 0.51171875 0.5751953125 0.49609375 0.5341796875 0.4638671875 0.51953125 0.4355468734375 0.5341796875 0.46484375 0.5673828125 0.4707031265625 0.6083984375 0.48046875 0.6142578125
11 0.4394531265625 0.5283203125 0.4716796875 0.515625 0.49609375 0.4814453125 0.49609375 0.4560546875 0.4716796875 0.4355468734375 0.4111328125 0.4355468734375 0.37109375 0.4736328125 0.3759765625 0.5136718734375 0.4394531265625 0.5283203125
11 0.5546875 0.5205078125 0.5380859375 0.4980468734375 0.4990234375 0.484375 0.4785156265625 0.5166015625 0.515625 0.5693359375 0.5527343734375 0.5478515625 0.5546875 0.5205078125
11 0.390625 0.6572265625 0.4033203125 0.6894531265625 0.4589843734375 0.7021484375 0.4824218734375 0.6767578125 0.4677734375 0.640625 0.390625 0.6572265625
11 0.3203125 0.6865234375 0.3535156265625 0.6943359375 0.3876953125 0.6855468734375 0.390625 0.6611328125 0.35546875 0.6240234375 0.3457031265625 0.5888671875 0.3291015625 0.5859375 0.3535156265625 0.6298828125 0.34375 0.6611328125 0.3203125 0.6865234375
11 0.4267578125 0.7207031265625 0.4033203125 0.7265625 0.390625 0.7470703125 0.3974609375 0.7636718734375 0.41796875 0.7705078125 0.4355468734375 0.7470703125 0.4267578125 0.7207031265625
11 0.4082031265625 0.8134765625 0.45703125 0.7802734375 0.46484375 0.7509765625 0.4589843734375 0.7138671875 0.4267578125 0.6953125 0.38367365000000003 0.7164658484374999 0.363046034375 0.7535955578125 0.375 0.8037109375 0.4082031265625 0.8134765625
11 0.3457031265625 0.7802734375 0.3251953125 0.7578125 0.2519531265625 0.8017578125 0.2626953125 0.8457031265625 0.3125 0.8564453125 0.3496093734375 0.8173828125 0.3457031265625 0.7802734375
11 0.4033203125 0.8203125 0.3623046875 0.8027343734375 0.3222656265625 0.8583984375 0.3369140625 0.8828125 0.359375 0.8857421875 0.40625 0.8408203125 0.4033203125 0.8203125
11 0.390625 0.9697265625 0.3808593734375 0.9150390625 0.3505859375 0.8886718734375 0.3056640625 0.890625 0.2597656265625 0.9482421875 0.2578125 0.9990234375 0.3691406265625 0.9990234375 0.390625 0.9697265625
11 0.25 0.9736328125 0.2792968734375 0.9130859375 0.2509765625 0.8769531265625 0.1845703125 0.9003906265625 0.1699218734375 0.9189453125 0.1855468734375 0.9716796875 0.2324218734375 0.9833984375 0.25 0.9736328125
11 0.2285156265625 0.9990234375 0.1935141609375 0.9772869906249999 0.161936534375 0.9829547703125 0.1425781265625 0.9990234375 0.2285156265625 0.9990234375
11 0.1464843734375 0.9892578125 0.1425781265625 0.9990234375 0.1855468734375 0.9716796875 0.1816406265625 0.9638671875 0.1796875 0.9482421875 0.171875 0.9326171875 0.171875 0.9228515625 0.1689453125 0.921875 0.15625 0.9443359375 0.1484375 0.9677734375 0.1464843734375 0.9892578125
11 0.125 0.9990234375 0.12304687343750001 0.9931640625 0.1142578125 0.9863281265625 0.0830078125 0.9746093734375 0.0712890625 0.9746093734375 0.0595703125 0.9785156265625 0.05078125 0.9873046875 0.044921873437499996 0.9990234375 0.125 0.9990234375
11 0.03515625 0.9990234375 0.037109373437499996 0.9951171875 0.03515625 0.9912109375 0.03515625 0.9736328125 0.03125 0.9638671875 0.0205078125 0.953125 0.0009765625 0.9511718734375 0 0.9990234375 0.03515625 0.9990234375
11 0.0166015625 0.8261718734375 0.0107421875 0.8222656265625 0.0009765625 0.8222656265625 0 0.9462890625 0.0185546875 0.9511718734375 0.0458984375 0.96484375 0.0546875 0.9638671875 0.0693359375 0.95703125 0.08203125 0.9384765625 0.0859375 0.9169921875 0.08398437343750001 0.9013671875 0.078125 0.8876953125 0.0634765625 0.8730468734375 0.0292968734375 0.8486328125 0.0166015625 0.8261718734375
11 0.0517578125 0.76953125 0.0292968734375 0.7861328125 0.0253906265625 0.7939453125 0.0253906265625 0.8330078125 0.03515625 0.8505859375 0.0458984375 0.8613281265625 0.0654296875 0.8730468734375 0.0849609375 0.8769531265625 0.09960937343750001 0.8759765625 0.11132812656249999 0.8681640625 0.11132812656249999 0.8310546875 0.1328125 0.7998046875 0.1347656265625 0.7841796875 0.1328125 0.7783203125 0.1123046875 0.76171875 0.0791015625 0.7578125 0.0517578125 0.76953125
11 0.0234375 0.8095703125 0.02734375 0.7841796875 0.0029296875 0.78125 0.0009765625 0.7792968734375 0 0.8095703125 0.0146484375 0.81640625 0.017578126562499997 0.8154296875 0.0234375 0.8095703125
11 0.3115234375 0.8613281265625 0.3017578125 0.8671875 0.2910156265625 0.8798828125 0.2910156265625 0.8837890625 0.2871093734375 0.8896484375 0.2871093734375 0.9013671875 0.29296875 0.9013671875 0.3134765625 0.88671875 0.3427734375 0.8847656265625 0.3427734375 0.8828125 0.3378906265625 0.8818359375 0.3417968734375 0.8779296875 0.3330078125 0.8730468734375 0.3212890625 0.859375 0.3115234375 0.8613281265625
11 0.4658203125 0.7890625 0.4443359375 0.79296875 0.4267578125 0.8027343734375 0.41796875 0.8115234375 0.41015625 0.8330078125 0.4082031265625 0.8583984375 0.4160156265625 0.9130859375 0.4326171875 0.9238281265625 0.4472656265625 0.9248046875 0.4814453125 0.9199218734375 0.49609375 0.9091796875 0.50390625 0.8896484375 0.5078125 0.8623046875 0.5058593734375 0.8310546875 0.4980468734375 0.8115234375 0.4833984375 0.796875 0.4658203125 0.7890625
11 0.37109375 0.8955078125 0.3828125 0.9130859375 0.3876953125 0.9160156265625 0.4140625 0.9150390625 0.4160156265625 0.9072265625 0.4121093734375 0.8916015625 0.4121093734375 0.8759765625 0.41015625 0.8740234375 0.4082031265625 0.8544921875 0.4052734375 0.8515625 0.3730468734375 0.8837890625 0.37109375 0.8955078125
11 0.4580078125 0.92578125 0.4384765625 0.9355468734375 0.4160156265625 0.9658203125 0.41015625 0.9931640625 0.4111328125 1 0.5371093734375 0.9990234375 0.5410156265625 0.9677734375 0.53515625 0.9482421875 0.51953125 0.9365234375 0.5146484375 0.921875 0.4990234375 0.9199218734375 0.4873046875 0.9199218734375 0.4736328125 0.92578125 0.4580078125 0.92578125
11 0.3925781265625 0.9365234375 0.3925781265625 0.9521484375 0.39453125 0.9541015625 0.3925781265625 0.9580078125 0.3925781265625 0.9755859375 0.3769531265625 0.9990234375 0.41015625 0.9990234375 0.4140625 0.9697265625 0.4375 0.9365234375 0.4394531265625 0.9306640625 0.4189453125 0.91796875 0.3974609375 0.9140625 0.3886718734375 0.9189453125 0.3886718734375 0.9267578125 0.3925781265625 0.9365234375
11 0.6005859375 0.88671875 0.5839843734375 0.9013671875 0.5722656265625 0.9189453125 0.5722656265625 0.9462890625 0.5761718734375 0.9619140625 0.5966796875 0.984375 0.6123046875 0.9902343734375 0.64453125 0.9892578125 0.6650390625 0.9824218734375 0.6875 0.9619140625 0.6953125 0.9443359375 0.6972656265625 0.9150390625 0.6884765625 0.88671875 0.6787109375 0.8808593734375 0.6396484375 0.8730468734375 0.6005859375 0.88671875
11 0.5322265625 0.8300781265625 0.5166015625 0.8300781265625 0.51171875 0.8349609375 0.51171875 0.8447265625 0.5097656265625 0.8466796875 0.5097656265625 0.8701171875 0.5058593734375 0.8798828125 0.5058593734375 0.8935546875 0.50390625 0.8955078125 0.5058593734375 0.9111328125 0.5166015625 0.9199218734375 0.5244140625 0.9199218734375 0.5263671875 0.921875 0.5527343734375 0.9208984375 0.5654296875 0.9199218734375 0.58203125 0.9013671875 0.5839843734375 0.8916015625 0.5771484375 0.8847656265625 0.5615234375 0.8769531265625 0.5527343734375 0.8681640625 0.5371093734375 0.8349609375 0.5322265625 0.8300781265625
11 0.51953125 0.9267578125 0.51953125 0.9345703125 0.53515625 0.9482421875 0.5410156265625 0.9638671875 0.5410156265625 0.9873046875 0.5371093734375 0.9990234375 0.5839843734375 0.9990234375 0.5859375 0.9794921875 0.5761718734375 0.9658203125 0.5703125 0.9462890625 0.5703125 0.9326171875 0.5683593734375 0.9287109375 0.5595703125 0.921875 0.5244140625 0.921875 0.51953125 0.9267578125
11 0.6240234375 0.9902343734375 0.6083984375 0.9902343734375 0.5986328125 0.9863281265625 0.5908203125 0.9863281265625 0.5878906265625 0.9912109375 0.5888671875 1 0.6894531265625 0.9990234375 0.6894531265625 0.9814453125 0.6845703125 0.9746093734375 0.6767578125 0.9746093734375 0.6669921875 0.9824218734375 0.6455078125 0.9902343734375 0.6279296875 0.9902343734375 0.6259765625 0.9921875 0.6240234375 0.9902343734375
11 0.6181640625 0.76953125 0.5947265625 0.76953125 0.5595703125 0.78515625 0.54296875 0.8037109375 0.53515625 0.8251953125 0.5488281265625 0.8603515625 0.5634765625 0.8769531265625 0.5771484375 0.8828125 0.59765625 0.8837890625 0.6357421875 0.8730468734375 0.6455078125 0.8671875 0.6621093734375 0.8505859375 0.6699218734375 0.8251953125 0.6699218734375 0.8134765625 0.65234375 0.7900390625 0.6376953125 0.77734375 0.6181640625 0.76953125
11 0.66796875 0.8369140625 0.6621093734375 0.8525390625 0.64453125 0.8701171875 0.6474609375 0.8730468734375 0.6552734375 0.875 0.6728515625 0.8769531265625 0.6884765625 0.88671875 0.69140625 0.8857421875 0.6953125 0.8837890625 0.69921875 0.8701171875 0.6972656265625 0.8388671875 0.69140625 0.8271484375 0.6787109375 0.81640625 0.6728515625 0.8144531265625 0.6699218734375 0.8173828125 0.66796875 0.8369140625
11 0.4853515625 0.7167968734375 0.4667968734375 0.7392578125 0.4628906265625 0.7587890625 0.4628906265625 0.7802734375 0.4697265625 0.7890625 0.4833984375 0.7949218734375 0.50390625 0.8154296875 0.5087890625 0.82421875 0.5205078125 0.828125 0.5292968734375 0.8271484375 0.5332031265625 0.8251953125 0.5449218734375 0.7978515625 0.57421875 0.7724609375 0.57421875 0.7587890625 0.5683593734375 0.7451171875 0.5283203125 0.7128906265625 0.4951171875 0.7128906265625 0.4853515625 0.7167968734375
11 0.5234375 0.6923828125 0.5029296875 0.6894531265625 0.4873046875 0.6796875 0.4833984375 0.6796875 0.4589843734375 0.7041015625 0.4589843734375 0.7119140625 0.46484375 0.7275390625 0.4677734375 0.73046875 0.47265625 0.7294921875 0.4853515625 0.7167968734375 0.4931640625 0.7128906265625 0.5029296875 0.7128906265625 0.5048828125 0.7109375 0.5244140625 0.7128906265625 0.52734375 0.7099609375 0.52734375 0.7060546875 0.5234375 0.6923828125
11 0.5751953125 0.6738281265625 0.5292968734375 0.6943359375 0.5292968734375 0.7099609375 0.56640625 0.7412109375 0.5791015625 0.7636718734375 0.5869140625 0.7675781265625 0.61328125 0.7666015625 0.63671875 0.7548828125 0.640625 0.7470703125 0.640625 0.7197265625 0.6347656265625 0.7041015625 0.6064453125 0.67578125 0.5947265625 0.6660156265625 0.5849609375 0.6660156265625 0.5751953125 0.6738281265625
11 0.6748046875 0.6621093734375 0.6572265625 0.6660156265625 0.6484375 0.6708984375 0.63671875 0.6904296875 0.64453125 0.7412109375 0.6542968734375 0.7587890625 0.6689453125 0.7753906265625 0.6865234375 0.7832031265625 0.6933593734375 0.7822265625 0.7041015625 0.78125 0.7197265625 0.7734375 0.7363281265625 0.7587890625 0.7363281265625 0.7099609375 0.73046875 0.6962890625 0.7041015625 0.6660156265625 0.6943359375 0.6621093734375 0.6748046875 0.6621093734375
11 0.6191406265625 0.7666015625 0.6191406265625 0.7705078125 0.6220703125 0.7734375 0.6318359375 0.7753906265625 0.6435546875 0.78125 0.6630859375 0.8046875 0.6689453125 0.80859375 0.671875 0.8076171875 0.68359375 0.7978515625 0.6855468734375 0.7841796875 0.6708984375 0.77734375 0.65234375 0.7587890625 0.6474609375 0.75 0.6435546875 0.7480468734375 0.6318359375 0.7597656265625 0.6191406265625 0.7666015625
11 0.59765625 0.6435546875 0.59375 0.6630859375 0.6259765625 0.6953125 0.6308593734375 0.6943359375 0.6386718734375 0.6767578125 0.6591796875 0.6640625 0.6621093734375 0.6611328125 0.6621093734375 0.6552734375 0.6552734375 0.6484375 0.6416015625 0.640625 0.6025390625 0.6386718734375 0.59765625 0.6435546875
11 0.4853515625 0.61328125 0.4785156265625 0.6201171875 0.47265625 0.6337890625 0.4746093734375 0.6533203125 0.4892578125 0.6796875 0.5068359375 0.6894531265625 0.5371093734375 0.6884765625 0.5810546875 0.66796875 0.58984375 0.6591796875 0.59765625 0.6416015625 0.59765625 0.5927734375 0.5888671875 0.58203125 0.5615234375 0.56640625 0.5322265625 0.57421875 0.4853515625 0.61328125
11 0.6162109375 0.4785156265625 0.5966796875 0.4863281265625 0.5703125 0.5087890625 0.55859375 0.5283203125 0.5566406265625 0.5478515625 0.5605468734375 0.5615234375 0.5771484375 0.57421875 0.5927734375 0.58203125 0.60546875 0.5830078125 0.6201171875 0.5800781265625 0.6298828125 0.57421875 0.65234375 0.5478515625 0.6542968734375 0.5146484375 0.64453125 0.5029296875 0.6425781265625 0.4912109375 0.6337890625 0.4785156265625 0.6162109375 0.4785156265625
11 0.6669921875 0.5605468734375 0.6494140625 0.5546875 0.6396484375 0.5703125 0.6181640625 0.58203125 0.6064453125 0.5839843734375 0.5996093734375 0.5908203125 0.6015625 0.6162109375 0.609375 0.6298828125 0.6181640625 0.63671875 0.6435546875 0.640625 0.6572265625 0.6484375 0.6738281265625 0.6474609375 0.6865234375 0.6425781265625 0.6933593734375 0.6357421875 0.6953125 0.6259765625 0.7011718734375 0.6181640625 0.7011718734375 0.5986328125 0.6953125 0.5849609375 0.6826171875 0.5703125 0.6669921875 0.5605468734375
11 0.5673828125 0.30078125 0.5556640625 0.3046875 0.55078125 0.3095703125 0.546875 0.3193359375 0.55078125 0.3291015625 0.5527343734375 0.3447265625 0.55078125 0.3466796875 0.5488281265625 0.3720703125 0.5410156265625 0.3916015625 0.5595703125 0.40234375 0.5761718734375 0.4033203125 0.6035156265625 0.3798828125 0.6074218734375 0.3681640625 0.6171875 0.3564453125 0.6171875 0.3330078125 0.6113281265625 0.3193359375 0.6025390625 0.30859375 0.5869140625 0.30078125 0.5673828125 0.30078125
11 0.5322265625 0.3105468734375 0.5166015625 0.3046875 0.4970703125 0.3046875 0.4853515625 0.3105468734375 0.4785156265625 0.3173828125 0.47265625 0.3271484375 0.4667968734375 0.3564453125 0.4628906265625 0.3642578125 0.46484375 0.3837890625 0.4746093734375 0.3974609375 0.4853515625 0.4042968734375 0.49609375 0.4052734375 0.5205078125 0.4003906265625 0.5341796875 0.39453125 0.54296875 0.3818359375 0.5449218734375 0.3701171875 0.5488281265625 0.3642578125 0.55078125 0.3544921875 0.5488281265625 0.3251953125 0.5322265625 0.3105468734375
11 0.5458984375 0.4003906265625 0.5361328125 0.3964843734375 0.4990234375 0.40625 0.4902343734375 0.4150390625 0.4824218734375 0.4326171875 0.484375 0.4423828125 0.49609375 0.4521484375 0.5 0.4697265625 0.5068359375 0.4785156265625 0.5244140625 0.4824218734375 0.53515625 0.4814453125 0.5537109375 0.48046875 0.5654296875 0.4765625 0.578125 0.4599609375 0.58203125 0.4501953125 0.5800781265625 0.4248046875 0.57421875 0.4130859375 0.5537109375 0.4003906265625 0.5458984375 0.4003906265625
11 0.5878906265625 0.3935546875 0.5800781265625 0.4072265625 0.58203125 0.4384765625 0.5839843734375 0.4501953125 0.5966796875 0.4628906265625 0.6181640625 0.47265625 0.6347656265625 0.4716796875 0.6435546875 0.46875 0.6640625 0.4521484375 0.6699218734375 0.4384765625 0.6699218734375 0.4111328125 0.6640625 0.3974609375 0.6484375 0.3837890625 0.6074218734375 0.3779296875 0.5878906265625 0.3935546875
11 0.6083984375 0.3808593734375 0.6181640625 0.3808593734375 0.6201171875 0.3828125 0.6503906265625 0.3837890625 0.6503906265625 0.3720703125 0.6474609375 0.3691406265625 0.6376953125 0.3671875 0.6201171875 0.359375 0.6142578125 0.3613281265625 0.609375 0.3662109375 0.60546875 0.3779296875 0.6083984375 0.3808593734375
11 0.5732421875 0.4863281265625 0.5810546875 0.4863281265625 0.5830078125 0.48828125 0.59375 0.4873046875 0.6152343734375 0.4755859375 0.6103515625 0.4707031265625 0.5986328125 0.4667968734375 0.5869140625 0.45703125 0.5810546875 0.45703125 0.5722656265625 0.4716796875 0.5644531265625 0.4794921875 0.5732421875 0.4863281265625
11 0.6982421875 0.42578125 0.6728515625 0.42578125 0.66796875 0.4482421875 0.64453125 0.4697265625 0.6425781265625 0.4736328125 0.64453125 0.4814453125 0.6533203125 0.4921875 0.6611328125 0.49609375 0.6923828125 0.50390625 0.7089843734375 0.5029296875 0.7275390625 0.4980468734375 0.734375 0.4912109375 0.73828125 0.4794921875 0.73828125 0.4560546875 0.7363281265625 0.4501953125 0.7236328125 0.4355468734375 0.7138671875 0.4296875 0.6982421875 0.42578125
11 0.7060546875 0.33984375 0.6923828125 0.34375 0.6728515625 0.3574218734375 0.6630859375 0.3613281265625 0.65625 0.3681640625 0.6542968734375 0.3818359375 0.6699218734375 0.4033203125 0.671875 0.4150390625 0.6767578125 0.4199218734375 0.7167968734375 0.4287109375 0.7314453125 0.4238281265625 0.74609375 0.4111328125 0.75 0.4013671875 0.75 0.3818359375 0.7441406265625 0.3681640625 0.7216796875 0.3457031265625 0.7119140625 0.33984375 0.7060546875 0.33984375
11 0.7041015625 0.26953125 0.6845703125 0.26171875 0.6630859375 0.2636718734375 0.6474609375 0.26953125 0.6376953125 0.2792968734375 0.6318359375 0.27734375 0.62890625 0.2841796875 0.62109375 0.2880859375 0.61328125 0.3076171875 0.61328125 0.3193359375 0.62109375 0.3466796875 0.6376953125 0.359375 0.6582031265625 0.3603515625 0.6689453125 0.3574218734375 0.7001953125 0.3339843734375 0.7099609375 0.33203125 0.71875 0.3232421875 0.7207031265625 0.3173828125 0.72265625 0.2939453125 0.7167968734375 0.2802734375 0.7041015625 0.26953125
11 0.5537109375 0.2402343734375 0.5410156265625 0.2529296875 0.53515625 0.2626953125 0.5410156265625 0.2861328125 0.5449218734375 0.2900390625 0.5488281265625 0.2998046875 0.5517578125 0.3027343734375 0.5615234375 0.3027343734375 0.5751953125 0.2988281265625 0.5830078125 0.2988281265625 0.5908203125 0.3027343734375 0.59765625 0.3017578125 0.609375 0.2880859375 0.6152343734375 0.2744140625 0.6152343734375 0.2568359375 0.61328125 0.2529296875 0.6005859375 0.23828125 0.5927734375 0.234375 0.5693359375 0.234375 0.5537109375 0.2402343734375
11 0.6226459796875 0.27124369531250003 0.599974865625 0.3052503671875 0.6088813734375 0.3133471953125 0.6291234390625 0.2850083015625 0.6631301125 0.2623371875 0.6639397953125 0.2582887734375 0.6388396328125 0.26395655156250003 0.6226459796875 0.27124369531250003
11 0.6357421875 0.2089843734375 0.6191406265625 0.2197265625 0.609375 0.2353515625 0.609375 0.2451171875 0.6152343734375 0.2548828125 0.6171875 0.2666015625 0.62109375 0.2685546875 0.6376953125 0.2636718734375 0.6630859375 0.2636718734375 0.6738281265625 0.2587890625 0.67578125 0.2529296875 0.67578125 0.2255859375 0.6738281265625 0.2197265625 0.6669921875 0.2128906265625 0.6357421875 0.2089843734375
11 0.4140625 0.3916015625 0.41796875 0.4033203125 0.4189453125 0.4316406265625 0.4228515625 0.43359375 0.4746093734375 0.4345703125 0.4785156265625 0.4189453125 0.4785156265625 0.4072265625 0.4619140625 0.3828125 0.4560546875 0.37890625 0.4462890625 0.37890625 0.4267578125 0.38671875 0.4208984375 0.38671875 0.4140625 0.3916015625
11 0.67578125 0.2197265625 0.6796875 0.2314453125 0.6796875 0.2568359375 0.6904296875 0.2636718734375 0.6943359375 0.2636718734375 0.7099609375 0.2714843734375 0.7138671875 0.2753906265625 0.7167968734375 0.2744140625 0.7207031265625 0.2705078125 0.7246093734375 0.2470703125 0.7265625 0.2451171875 0.7265625 0.2197265625 0.7197265625 0.2109375 0.7138671875 0.2089843734375 0.6865234375 0.2089843734375 0.67578125 0.2197265625
11 0.4267578125 0.2753906265625 0.4052734375 0.2792968734375 0.3857421875 0.2871093734375 0.3671875 0.3076171875 0.3671875 0.3291015625 0.3691406265625 0.3466796875 0.3759765625 0.35546875 0.4130859375 0.3828125 0.43359375 0.3818359375 0.4521484375 0.3730468734375 0.4589843734375 0.3662109375 0.4707031265625 0.3369140625 0.4707031265625 0.3154296875 0.4628906265625 0.3017578125 0.4462890625 0.28515625 0.4365234375 0.27734375 0.4267578125 0.2753906265625
11 0.3251953125 0.3613281265625 0.3125 0.3759765625 0.3125 0.3974609375 0.3183593734375 0.4130859375 0.3603515625 0.4453125 0.3759765625 0.44921875 0.3847656265625 0.4482421875 0.4130859375 0.43359375 0.41796875 0.4228515625 0.4160156265625 0.3994140625 0.40234375 0.3759765625 0.3798828125 0.359375 0.3701171875 0.35546875 0.3486328125 0.35546875 0.3251953125 0.3613281265625
11 0.2861328125 0.4238281265625 0.2734375 0.4365234375 0.265625 0.4501953125 0.2636718734375 0.4580078125 0.265625 0.4892578125 0.2705078125 0.49609375 0.2998046875 0.5019531265625 0.3193359375 0.51953125 0.3378906265625 0.5185546875 0.36328125 0.5009765625 0.3671875 0.4775390625 0.3652343734375 0.4619140625 0.35546875 0.4443359375 0.3369140625 0.4277343734375 0.3173828125 0.4199218734375 0.2939453125 0.4199218734375 0.2861328125 0.4238281265625
11 0.2724609375 0.3574218734375 0.2568359375 0.3574218734375 0.2451171875 0.3613281265625 0.2324218734375 0.3740234375 0.23046875 0.3857421875 0.23828125 0.4150390625 0.2470703125 0.4238281265625 0.2568359375 0.4296875 0.2646484375 0.43359375 0.2714843734375 0.4326171875 0.2900390625 0.4199218734375 0.3105468734375 0.4169921875 0.3125 0.4130859375 0.3105468734375 0.3759765625 0.3056640625 0.3691406265625 0.3017578125 0.3691406265625 0.2919921875 0.36328125 0.2724609375 0.3574218734375
11 0.3623046875 0.3046875 0.3583984375 0.3027343734375 0.3447265625 0.3027343734375 0.3330078125 0.3066406265625 0.3212890625 0.3125 0.3066406265625 0.3271484375 0.30078125 0.3388671875 0.30078125 0.3447265625 0.3046875 0.3505859375 0.30859375 0.3642578125 0.3115234375 0.3671875 0.3183593734375 0.3662109375 0.3232421875 0.3613281265625 0.3291015625 0.359375 0.3447265625 0.3574218734375 0.3466796875 0.35546875 0.3642578125 0.35546875 0.3691406265625 0.3525390625 0.3671875 0.3115234375 0.3623046875 0.3046875
11 0.4453125 0.2451171875 0.4326171875 0.2324218734375 0.4150390625 0.23046875 0.3935546875 0.2421875 0.3662109375 0.2480468734375 0.35546875 0.2607421875 0.3535156265625 0.2685546875 0.3535156265625 0.2958984375 0.3583984375 0.30078125 0.3671875 0.3037109375 0.3896484375 0.2832031265625 0.3974609375 0.2832031265625 0.4111328125 0.27734375 0.4345703125 0.2753906265625 0.4394531265625 0.2705078125 0.44140625 0.2626953125 0.4472656265625 0.2548828125 0.4453125 0.2451171875
11 0.4755859375 0.2402343734375 0.4560546875 0.25 0.4433593734375 0.2626953125 0.4394531265625 0.2724609375 0.44140625 0.2802734375 0.4628906265625 0.2998046875 0.4707031265625 0.3134765625 0.4736328125 0.31640625 0.4785156265625 0.3154296875 0.4951171875 0.3046875 0.5322265625 0.3066406265625 0.5371093734375 0.3017578125 0.5390625 0.2783203125 0.53125 0.2626953125 0.5244140625 0.25390625 0.4990234375 0.23828125 0.4755859375 0.2402343734375
11 0.1376953125 0.4472656265625 0.12304687343750001 0.4599609375 0.1171875 0.4736328125 0.109375 0.5166015625 0.11132812656249999 0.5322265625 0.1162109375 0.5371093734375 0.1474609375 0.5390625 0.1806640625 0.5546875 0.18359375 0.5537109375 0.1972656265625 0.5458984375 0.20703125 0.5263671875 0.2089843734375 0.5107421875 0.20703125 0.4697265625 0.1943359375 0.453125 0.1806640625 0.4453125 0.1552734375 0.4433593734375 0.1376953125 0.4472656265625
11 0.1425781265625 0.4404296875 0.1337890625 0.4316406265625 0.1162109375 0.4316406265625 0.1025390625 0.4375 0.08984375 0.4482421875 0.08203125 0.4619140625 0.08007812656249999 0.4912109375 0.09179687343750001 0.5107421875 0.1025390625 0.5214843734375 0.109375 0.5224609375 0.109375 0.5146484375 0.11328125 0.5029296875 0.11328125 0.4912109375 0.11914062656249999 0.4677734375 0.12304687343750001 0.4599609375 0.1337890625 0.44921875 0.1425781265625 0.4443359375 0.1425781265625 0.4404296875
11 0.2060546875 0.3613281265625 0.1982421875 0.36328125 0.1708984375 0.3613281265625 0.1435546875 0.37109375 0.12890625 0.3857421875 0.12304687343750001 0.3974609375 0.12304687343750001 0.4130859375 0.1308593734375 0.4267578125 0.1474609375 0.44140625 0.1787109375 0.4433593734375 0.2021484375 0.4550781265625 0.2089843734375 0.4541015625 0.2285156265625 0.4423828125 0.2363281265625 0.4208984375 0.234375 0.4013671875 0.2285156265625 0.3857421875 0.23046875 0.3779296875 0.2285156265625 0.3740234375 0.2216796875 0.3671875 0.2060546875 0.3613281265625
11 0.0517578125 0.3378906265625 0.0527343734375 0.3818359375 0.0605468734375 0.4013671875 0.0654296875 0.40625 0.0771484375 0.41015625 0.11914062656249999 0.4111328125 0.1269531265625 0.3857421875 0.1503906265625 0.3642578125 0.1484375 0.3525390625 0.13671875 0.3388671875 0.1240234375 0.3261718734375 0.1162109375 0.32421875 0.0966796875 0.32421875 0.0517578125 0.3378906265625
11 0.0732421875 0.54296875 0.0517578125 0.54296875 0.0361328125 0.546875 0.01171875 0.5712890625 0.0078125 0.5947265625 0.0302734375 0.625 0.0576171875 0.63671875 0.07226562656249999 0.6357421875 0.07617187343750001 0.6318359375 0.06835937343750001 0.6123046875 0.06835937343750001 0.5869140625 0.07421875 0.5732421875 0.08789062656249999 0.5556640625 0.08789062656249999 0.5517578125 0.0830078125 0.546875 0.0732421875 0.54296875
11 0 0.6533203125 0.0019531265625 0.6533203125 0.015625 0.6435546875 0.0234375 0.6298828125 0.0136718734375 0.6064453125 0.0029296875 0.5957031265625 0 0.5966796875 0 0.6533203125
11 0.0712890625 0.4902343734375 0.0654296875 0.48828125 0.0458984375 0.48828125 0.0185546875 0.5 0.0009765625 0.5019531265625 0 0.5498046875 0.0253906265625 0.5517578125 0.0341796875 0.546875 0.0498046875 0.54296875 0.0791015625 0.54296875 0.0830078125 0.5410156265625 0.09179687343750001 0.5263671875 0.09179687343750001 0.5126953125 0.08398437343750001 0.5009765625 0.0712890625 0.4902343734375
11 0 0.5927734375 0.0058593734375 0.5947265625 0.009765626562500001 0.5888671875 0.0136718734375 0.5732421875 0.0253906265625 0.5576171875 0.0253906265625 0.5537109375 0.0224609375 0.55078125 0.0126953125 0.55078125 0.0107421875 0.5488281265625 0 0.5498046875 0 0.5927734375
11 0 0.4970703125 0.0136718734375 0.4970703125 0.0478515625 0.4863281265625 0.0576171875 0.48046875 0.06640625 0.4697265625 0.07226562656249999 0.4560546875 0.07226562656249999 0.4404296875 0.06445312656249999 0.4169921875 0.0439453125 0.40234375 0 0.4052734375 0 0.4970703125
11 0.0068359375 0.296875 0 0.3994140625 0.01171875 0.4013671875 0.037109373437499996 0.3896484375 0.048828126562500004 0.3466796875 0.0068359375 0.296875
11 0.0498046875 0.328125 0.07226562656249999 0.3291015625 0.11328125 0.3134765625 0.11914062656249999 0.2646484375 0.0927734375 0.2363281265625 0.0634765625 0.2324218734375 0.0263671875 0.2480468734375 0.01171875 0.2783203125 0.0224609375 0.30859375 0.0498046875 0.328125
11 0.1386718734375 0.3408203125 0.16796875 0.3466796875 0.1962890625 0.3378906265625 0.22265625 0.3017578125 0.21484375 0.2587890625 0.1826171875 0.23828125 0.1416015625 0.2480468734375 0.11914062656249999 0.2900390625 0.11914062656249999 0.3134765625 0.1386718734375 0.3408203125
11 0.27734375 0.3427734375 0.2734375 0.2978515625 0.2529296875 0.2792968734375 0.2246093734375 0.2822265625 0.2109375 0.3447265625 0.2109375 0.3583984375 0.234375 0.3681640625 0.27734375 0.3427734375
11 0.2714843734375 0.2568359375 0.27734375 0.2138671875 0.2392578125 0.1894531265625 0.2001953125 0.1953125 0.1855468734375 0.2353515625 0.2255859375 0.2734375 0.2519531265625 0.2744140625 0.2714843734375 0.2568359375
11 0.1142578125 0.2402343734375 0.140625 0.2431640625 0.1787109375 0.234375 0.1894531265625 0.2138671875 0.1875 0.1787109375 0.1689453125 0.1464843734375 0.1162109375 0.1503906265625 0.09179687343750001 0.1787109375 0.09960937343750001 0.2255859375 0.1142578125 0.2402343734375
11 0 0.2060546875 0.0136718734375 0.2255859375 0.05078125 0.2353515625 0.09375 0.2255859375 0.08984375 0.1728515625 0.0576171875 0.1386718734375 0.0263671875 0.14453125 0 0.1669921875 0 0.2060546875
11 0.009765626562500001 0.2744140625 0.02734375 0.2373046875 0.0009765625 0.2109375 0 0.2744140625 0.009765626562500001 0.2744140625
11 0.0009765625 0.11914062656249999 0.0019531265625 0.1650390625 0.05859375 0.1357421875 0.0009765625 0.11914062656249999
11 0.0703125 0.1162109375 0.08203125 0.0908203125 0.07617187343750001 0.0517578125 0.0556640625 0.03125 0.0029296875 0.01953125 0 0.1162109375 0.0527343734375 0.1240234375 0.0703125 0.1162109375
11 0.12109375 0.1279296875 0.1650390625 0.11523437343750001 0.17578125 0.0927734375 0.16796875 0.0439453125 0.1337890625 0.0253906265625 0.1064453125 0.0292968734375 0.08398437343750001 0.0654296875 0.09179687343750001 0.1123046875 0.12109375 0.1279296875
11 0.09375 0.1708984375 0.1171875 0.1474609375 0.1083984375 0.1328125 0.07617187343750001 0.1533203125 0.09375 0.1708984375
11 0.2480468734375 0.1884765625 0.2734375 0.1435546875 0.26953125 0.1083984375 0.2470703125 0.08203125 0.2197265625 0.08007812656249999 0.1875 0.1025390625 0.1875 0.1689453125 0.2119140625 0.1894531265625 0.2480468734375 0.1884765625
11 0.30859375 0.3154296875 0.3388671875 0.3027343734375 0.3515625 0.2724609375 0.34375 0.2353515625 0.3212890625 0.21875 0.2861328125 0.2265625 0.26953125 0.2666015625 0.27734375 0.3017578125 0.30859375 0.3154296875
11 0.328125 0.1845703125 0.2919921875 0.1503906265625 0.2558593734375 0.1865234375 0.2841796875 0.2207031265625 0.3066406265625 0.2197265625 0.328125 0.2080078125 0.328125 0.1845703125
11 0.37890625 0.2431640625 0.4189453125 0.2265625 0.421875 0.2099609375 0.4082031265625 0.1689453125 0.3701171875 0.1542968734375 0.34375 0.1689453125 0.3359375 0.1962890625 0.35546875 0.2333984375 0.37890625 0.2431640625
11 0.5097656265625 0.2275390625 0.5058593734375 0.2041015625 0.4716796875 0.17578125 0.4482421875 0.1777343734375 0.4238281265625 0.2099609375 0.4238281265625 0.2255859375 0.45703125 0.2490234375 0.5097656265625 0.2275390625
11 0.4199218734375 0.2255859375 0.4355468734375 0.1904296875 0.4248046875 0.1777343734375 0.4121093734375 0.1806640625 0.4199218734375 0.2255859375
11 0.5097656265625 0.2119140625 0.5058593734375 0.2392578125 0.53515625 0.2568359375 0.5527343734375 0.2392578125 0.5224609375 0.203125 0.5097656265625 0.2119140625
11 0.5722656265625 0.2333984375 0.6123046875 0.2207031265625 0.6191406265625 0.1865234375 0.6025390625 0.1542968734375 0.5654296875 0.1425781265625 0.5390625 0.1689453125 0.53515625 0.2041015625 0.5537109375 0.2324218734375 0.5722656265625 0.2333984375
11 0.53125 0.1396484375 0.5087890625 0.11914062656249999 0.4677734375 0.11914062656249999 0.4511718734375 0.1708984375 0.5136718734375 0.2021484375 0.5332031265625 0.1767578125 0.53125 0.1396484375
11 0.43359375 0.1748046875 0.453125 0.1611328125 0.4589843734375 0.1181640625 0.4365234375 0.08007812656249999 0.4130859375 0.078125 0.39453125 0.0947265625 0.390625 0.1513671875 0.4150390625 0.1738281265625 0.43359375 0.1748046875
11 0.33203125 0.1669921875 0.3779296875 0.1503906265625 0.3925781265625 0.1318359375 0.3925781265625 0.0888671875 0.3701171875 0.0703125 0.3355574046875 0.08090514374999999 0.3156626984375 0.111410365625 0.2957679890625 0.14456820937499998 0.33203125 0.1669921875
11 0.3486328125 0.06835937343750001 0.3134765625 0.06640625 0.27734375 0.1083984375 0.27734375 0.1337890625 0.296875 0.1455078125 0.3046875 0.1005859375 0.3486328125 0.06835937343750001
11 0.2919921875 0.021484373437500003 0.2529296875 0.015625 0.2167968734375 0.0341796875 0.2177734375 0.07617187343750001 0.28515625 0.0947265625 0.30859375 0.0693359375 0.2919921875 0.021484373437500003
11 0.1748046875 0.05078125 0.171875 0.0693359375 0.1894531265625 0.0986328125 0.21484375 0.0830078125 0.2109375 0.0576171875 0.1748046875 0.05078125
11 0.2109375 0.0341796875 0.2119140625 0 0.1308593734375 0.0009765625 0.1337890625 0.0234375 0.1572265625 0.0292968734375 0.1748046875 0.05078125 0.19921875 0.0498046875 0.2109375 0.0341796875
11 0.046875 0.0009765625 0.046875 0.0224609375 0.0859375 0.0537109375 0.1269531265625 0.0146484375 0.1279296875 0 0.046875 0.0009765625
11 0.2177734375 0 0.21419968749999999 0.03183153125 0.2573048875 0.0145894515625 0.27454696875 0.017242079687500002 0.296875 0.0263671875 0.2763671875 0 0.2177734375 0
11 0.037109373437499996 0.0244140625 0.0458984375 0 0 0.0009765625 0.0009765625 0.017578126562499997 0.037109373437499996 0.0244140625
11 0.3798828125 0.01171875 0.3154296875 0.00390625 0.2988281265625 0.0166015625 0.3134765625 0.06445312656249999 0.3828125 0.0712890625 0.3984375 0.0400390625 0.3798828125 0.01171875
11 0.2792968734375 0.0009765625 0.2988281265625 0.0146484375 0.3203125 0.0009765625 0.2792968734375 0.0009765625
11 0.49609375 0.0771484375 0.4921875 0.0419921875 0.4755859375 0.0253906265625 0.4130859375 0.03125 0.40234375 0.0732421875 0.4345703125 0.078125 0.46484375 0.1005859375 0.49609375 0.0771484375
11 0.4980468734375 0.1181640625 0.4970703125 0.08203125 0.45703125 0.1083984375 0.4638671875 0.11914062656249999 0.4980468734375 0.1181640625
11 0.55859375 0.1376953125 0.5761718734375 0.1162109375 0.57421875 0.0791015625 0.5595703125 0.0605468734375 0.5380859375 0.0566406265625 0.5058593734375 0.0751953125 0.5019531265625 0.1123046875 0.5322265625 0.1386718734375 0.55859375 0.1376953125
11 0.62109375 0.2177734375 0.67578125 0.2080078125 0.6650390625 0.1660156265625 0.61328125 0.1669921875 0.62109375 0.2177734375
11 0.7402343734375 0.1904296875 0.7441406265625 0.1455078125 0.7080078125 0.1308593734375 0.6777343734375 0.1513671875 0.671875 0.1728515625 0.6904296875 0.20703125 0.71875 0.2080078125 0.7402343734375 0.1904296875
11 0.6953125 0.1376953125 0.71875 0.1240234375 0.6904296875 0.109375 0.6875 0.1376953125 0.6953125 0.1376953125
11 0.6618306125 0.075599890625 0.639283278125 0.0716209484375 0.5994938624999999 0.08090514374999999 0.5795991546875 0.10610510937499999 0.5769465265625 0.1405892671875 0.6326517093749999 0.1604839765625 0.6525464171875 0.137936640625 0.664483240625 0.11804193437499999 0.6618306125 0.075599890625
11 0.6875 0.0986328125 0.6671358671875 0.08488408593749999 0.6308593734375 0.1611328125 0.6689453125 0.16015625 0.6875 0.1337890625 0.6875 0.0986328125
11 0.5761718734375 0.0673828125 0.5957031265625 0.0810546875 0.6220703125 0.06835937343750001 0.6419359046875 0.0610104375 0.644588534375 0.04376835625 0.639283278125 0.02387365 0.6260201375000001 0.011936825 0.6005859375 0.009765626562500001 0.5722656265625 0.0498046875 0.5761718734375 0.0673828125
11 0.6738281265625 0.0771484375 0.6923828125 0.10742187343750001 0.71484375 0.1162109375 0.7285156265625 0.0693359375 0.6923828125 0.044921873437499996 0.6738281265625 0.0771484375
11 0.6396484375 0.015625 0.640625 0.0654296875 0.6699218734375 0.0712890625 0.6855468734375 0.0361328125 0.6630859375 0.015625 0.6396484375 0.015625
11 0.5595703125 0 0.4902343734375 0.0029296875 0.4863281265625 0.0322265625 0.5 0.0595703125 0.5175781265625 0.0634765625 0.5566406265625 0.0498046875 0.5595703125 0
11 0.453125 0.0009765625 0.3837890625 0 0.40625 0.0380859375 0.4228515625 0.0234375 0.4501953125 0.021484373437500003 0.453125 0.0009765625