11 0.8193710843750001 1 0.842087728125 0.9849460593750001 0.8567975015625 0.8943143671874999 0.8299132796875 0.8540481265625001 0.7820883109375 0.8364790078125001 0.7522767640625 0.8451093468750001 0.7214092859375001 0.8752867953125 0.7094177390625 0.9465773140625 0.7274782 0.993492734375 0.7573503828125 1 0.8193710843750001 1
11 0.70039116875 1 0.7031658234375 0.9910620124999999 0.6825492 0.91321639375 0.65898956875 0.8773620328125 0.613098715625 0.8600647374999999 0.5645366828125 0.8828245796875 0.54858281875 0.9121395218749999 0.56534291875 1 0.70039116875 1
11 0.714106703125 0.8219940171875001 0.7420311734375 0.8338078234375 0.806912975 0.8212308531250001 0.8432796203124999 0.77999234375 0.8353863531249999 0.709851834375 0.81433584375 0.684211703125 0.7833742859374999 0.6729572234375001 0.70496934375 0.690536759375 0.6724395703125 0.7185082703125001 0.6822355984375 0.7751099578125 0.714106703125 0.8219940171875001
11 0.61514785625 0.7893492234374999 0.5943378109374999 0.7479643312500001 0.5517715484375 0.735078915625 0.4721486171875 0.8244769359375 0.46970221562500003 0.8418839921875 0.4913277265625 0.87746653125 0.5363874296875 0.8936608578125 0.59623530625 0.8537501000000001 0.61514785625 0.7893492234374999
11 0.48950863125 0.8062073734374999 0.5228225109375 0.7586228671875 0.5199474875 0.708910821875 0.4855672578125 0.6518125296874999 0.471197290625 0.648806803125 0.4184795171875 0.6660517968749999 0.4022381515625 0.690395534375 0.40076401875 0.77105345625 0.4281918828125 0.8074514640625001 0.48950863125 0.8062073734374999
11 0.7601805578125 0.6766006734375 0.791351215625 0.6582997515625 0.8056427859375 0.6267788703125 0.789197578125 0.5613534234374999 0.7507556953125001 0.5401722140625 0.7057430328125001 0.544693853125 0.6340499875 0.5987184359375 0.6352784 0.6531298640625 0.70744710625 0.6869403468749999 0.7601805578125 0.6766006734375
11 0.9162376968749999 0.674865240625 0.9633935812500001 0.6410600203125 0.9698859578125001 0.5808305609375 0.9446326734375001 0.5289596140625 0.8741105828125001 0.49044974999999996 0.8285542734375 0.498839625 0.8065105562499999 0.5223678953124999 0.803374128125 0.600819878125 0.8598764718749999 0.6689165078125 0.9162376968749999 0.674865240625
11 0.8301694234375001 0.8452086875000001 0.8728297640625 0.8995260343749999 0.9441202828125 0.9115175843750001 0.9602048484375001 0.8181206265625001 0.8764627984375 0.7964898515625001 0.842798696875 0.811481865625 0.8301694234375001 0.8452086875000001
11 0.8501065406249999 0.745450053125 0.874513 0.7893127078125 0.9607484921875 0.8142523921875 0.984125225 0.6479183015625 0.9686522859375 0.645743721875 0.917899990625 0.6770711828125 0.867356796875 0.6788432375 0.8501065406249999 0.745450053125
11 0.6556702421875 0.7536255640625 0.6184724484374999 0.793761103125 0.630218271875 0.857539934375 0.6921413859375 0.8800488953125001 0.7688213140625 0.8326421343750001 0.714106703125 0.8219940171875001 0.67031203125 0.754697175 0.6556702421875 0.7536255640625
11 0.6050800078125 0.734681653125 0.6669874421875 0.7502852921875001 0.6732550374999999 0.7127059171875 0.69612990625 0.6902806171875 0.6316976671875 0.6575574234375 0.603354990625 0.7048544265625 0.6050800078125 0.734681653125
11 0.616162009375 0.6277615562500001 0.5903964375 0.593569490625 0.5420278234375 0.57986860625 0.49651855781250004 0.608974446875 0.488604346875 0.6512532046875 0.5182695109375001 0.6997995593749999 0.5743589124999999 0.7076824109375 0.6137783265625 0.6727898999999999 0.616162009375 0.6277615562500001
11 0.6160836093750001 0.5932349453125 0.6729100781249999 0.5607888375 0.68635481875 0.5212596625 0.6621888234375 0.46165225000000004 0.60357461875 0.43664984375 0.5422892296875 0.45170457812500003 0.5192052625 0.5036852828125 0.546695846875 0.5677045749999999 0.5754671453125 0.5875266734375 0.6160836093750001 0.5932349453125
11 0.6700873546875 0.41246816875 0.6643790828125 0.45308463281250005 0.6802179234375 0.494757025 0.7291615421875 0.5184003203125 0.7650629437500001 0.5155566546875 0.79236536875 0.49671208437500003 0.8267194984374999 0.42067514375000004 0.821878996875 0.3568806328125 0.7737351640625 0.32052966562499996 0.7414144953124999 0.3189457703125 0.701691896875 0.34196175625 0.6700873546875 0.41246816875
11 0.6892717296875001 0.34613317499999996 0.657975628125 0.3091915234375 0.6303386609375 0.302348921875 0.5867164687499999 0.31101061875 0.569900096875 0.32541194687499997 0.539686028125 0.40005841562500005 0.5568996609375 0.4389655453125 0.66241360625 0.439002165625 0.6892717296875001 0.34613317499999996
11 0.8848684578125001 0.4840723921875 0.89271995 0.41417234687500004 0.8349055328125001 0.37646226875 0.7984552234375 0.50249875625 0.8848684578125001 0.4840723921875
11 1 0.3895952640625 0.9418413093750001 0.3944495890625 0.9021187140625001 0.41746557656250005 0.8859243890625 0.4625252796875 0.8978793140624999 0.49674870625 0.950706846875 0.527840965625 1 0.5318360421875 1 0.3895952640625
11 0.5215001125 1 0.5348976140625 0.9674134578125001 0.5300571140625 0.9036189453125001 0.46755899375 0.871167575 0.44602756093749996 0.877016965625 0.41461643906249995 0.9110626515625 0.401537603125 0.9900896390625 0.46805976562499996 1 0.5215001125 1
11 0.27619640156249997 0.7732698140625 0.2754436546875 0.8066934546875 0.28763904375 0.8251721203125 0.32523409999999997 0.8383450390625 0.3495935171875 0.8614917265625 0.3885476859375 0.864994059375 0.41666557812500005 0.8403471375 0.4260016234375 0.8160190796875 0.3927557265625 0.771900284375 0.3898963796875 0.7290935609375 0.341527765625 0.7153926765625 0.2951716734375 0.736490225 0.27619640156249997 0.7732698140625
11 0.269850403125 0.77632258125 0.281057846875 0.724645059375 0.21689743125 0.6899877484375 0.170557015625 0.71799061875 0.1302280546875 0.7172535515625 0.12838801718749998 0.758413659375 0.1734947609375 0.7953239515625 0.24227615624999999 0.79710126875 0.269850403125 0.77632258125
11 0.351877859375 0.8943560406250001 0.326624571875 0.8424850953125 0.28046189843749997 0.8271219171874999 0.22995006562500003 0.8427046171875 0.204069475 0.8794998859375 0.23851242031250003 0.9642194640625 0.3020664703125 0.975123721875 0.3381926546875 0.949629975 0.351877859375 0.8943560406250001
11 0.05146236562499999 0.9408897734374999 0.20508878125000002 0.9634667171875 0.21353095781250003 0.9104144015625 0.19855462343750002 0.8836556218749999 0.1656589515625 0.8721293187500001 0.10741064687499999 0.886624728125 0.05146236562499999 0.9408897734374999
11 0.1085032 0.75956366875 0.0425341078125 0.7798771109375 0.0220533453125 0.883503978125 0.03784514375 0.9044604062499999 0.0732029015625 0.9054849765625 0.15789112031250002 0.8572313843750001 0.1610589109375 0.792590046875 0.1085032 0.75956366875
11 0.191800946875 0.7071700203125 0.2526733921875 0.6319015078125 0.2545447875 0.6045520421874999 0.23760297812500003 0.5637107953125 0.17457689375000002 0.54203298125 0.08881706406249999 0.6049283640625001 0.074525496875 0.636449246875 0.09065184062500001 0.68309284375 0.13214649218750002 0.710620053125 0.191800946875 0.7071700203125
11 0 0.731537715625 0.0150748828125 0.729668459375 0.0660362796875 0.6687855953125 0.07168183125000001 0.6005478453124999 0.020788415625 0.5697274078125 0 0.571374009375 0 0.731537715625
11 0.1330822421875 0.514505775 0.0676411171875 0.5240456578125 0.045053754687499996 0.5514421640625 0.0439978234375 0.5729892765625 0.0943319140625 0.6007726265625 0.1789887734375 0.5387083921875 0.162653328125 0.521620196875 0.1330822421875 0.514505775
11 0.370382728125 0.6504167953125 0.34180485156249996 0.59413396875 0.305040940625 0.5820640218750001 0.270561371875 0.6028583875 0.24506236406249998 0.68605679375 0.2680469890625 0.7119687453125 0.30645751250000003 0.7193393140625 0.3566661640625 0.6918800875 0.370382728125 0.6504167953125
11 0.46777861875 0.6029629921875 0.36610155 0.5896593703125 0.34843835156249997 0.5960524078125 0.38254675625 0.655084815625 0.4187513390625 0.66411768125 0.47007863906249997 0.642732628125 0.48050197343749995 0.6106681015625 0.46777861875 0.6029629921875
11 0.3506286109375 0.587484790625 0.45893918125 0.6027068484375 0.5074855375 0.5730416843749999 0.5139779156250001 0.512812225 0.505906903125 0.486037765625 0.4671775171875 0.45988534999999997 0.42959814218750003 0.45361775312499997 0.3740994234375 0.4625826328125 0.33081177500000003 0.49693149999999997 0.325406684375 0.549424490625 0.3506286109375 0.587484790625
11 0.29820360468749996 0.49037640156249995 0.19211465156250002 0.4803973703125 0.1833379328125 0.507762515625 0.20082338906250002 0.5447355265625 0.2798817375 0.5716250078125 0.3170952109375 0.5383947906250001 0.3197820765625 0.505242975 0.29820360468749996 0.49037640156249995
11 0.19211465156250002 0.4803973703125 0.298187921875 0.4834710796875 0.353352096875 0.4488190296875 0.362353596875 0.3988038015625 0.3473615859375 0.36513969999999996 0.321899196875 0.3428241609375 0.291784465625 0.33957797031250003 0.2147386375 0.34748691875 0.169516871875 0.38156396406250004 0.159124896875 0.427439134375 0.19211465156250002 0.4803973703125
11 0.3909994546875 0.363383325 0.357607175 0.3764412203125 0.3657879484375 0.4515529359375 0.376577184375 0.45898622031249997 0.466043184375 0.446905853125 0.4737169375 0.42037185624999995 0.4623370140625 0.39609083906250003 0.3909994546875 0.363383325
11 0.4797440703125 0.398537240625 0.54349154375 0.3729807734375 0.564097746875 0.3245964796875 0.5410504015625001 0.271063240625 0.48908537656249995 0.25488459375 0.47666520312499994 0.2590560109375 0.45775265468750004 0.3234568875 0.4155679734375 0.3569746078125 0.44048671875 0.383158384375 0.4797440703125 0.398537240625
11 0.41996417499999994 0.3467446953125 0.4580244765625 0.3215227703125 0.4725251484375 0.260446484375 0.4447941 0.21217195156250002 0.39089495625000004 0.1957214828125 0.3588774703125 0.206014115625 0.3285536375 0.23232332968749997 0.314052965625 0.293399615625 0.3392748921875 0.3314599171875 0.41996417499999994 0.3467446953125
11 0.1670653125 0.1534165203125 0.14749935625 0.17334837812499998 0.134357796875 0.224754078125 0.145209753125 0.259808653125 0.1787431546875 0.308898653125 0.2108390421875 0.33313263125 0.24897774374999998 0.342437315625 0.285422790625 0.33572541562499997 0.30634785781249996 0.3061229703125 0.3104251953125 0.2771112109375 0.29815140625000003 0.2241059359375 0.2601747671875 0.1645298796875 0.206547446875 0.1461452953125 0.1670653125 0.1534165203125
11 0 0.4986961390625 0.0679129390625 0.5221115421875 0.11650633437499999 0.5131623421875 0.13963734218749999 0.481897603125 0.14104875781249998 0.3736183921875 0.12468195 0.34271955468750004 0.0508979890625 0.32741909687500004 0.018049354687499998 0.336608759375 0 0.46503659375 0 0.4986961390625
11 0.030709990625 0.31669258125 0.1288220078125 0.3413290828125 0.1450320125 0.30317470156250004 0.1137359125 0.2662330515625 0.0825025328125 0.2569126859375 0.0295599765625 0.29680776249999996 0.030709990625 0.31669258125
11 0.0861198890625 0.14697118125 0.04876529375 0.11805350156250001 0.027066535937500004 0.29349885468750003 0.0604431375 0.27353563593749997 0.08715487499999999 0.23784333593749998 0.0861198890625 0.14697118125
11 0.101812346875 0.2458202671875 0.13202115625 0.2904983875 0.1660198015625 0.3011935421875 0.13964786406250002 0.243248425 0.1419688265625 0.17059879375 0.10694561250000001 0.19526139375 0.101812346875 0.2458202671875