11 0.6178480359375 0.49756656093749996 0.6373287765625 0.45417743593750004 0.610246515625 0.3939707703125 0.5512918484375 0.37312822031250004 0.5053493312499999 0.38283286875 0.470777125 0.408236684375 0.464028496875 0.451759434375 0.47981365781249996 0.5178397796875001 0.514909334375 0.542476696875 0.544094725 0.5450300875 0.6178480359375 0.49756656093749996
11 0.5158063281249999 0.28571845625000003 0.5357373296875 0.270797215625 0.557163765625 0.22757831562500003 0.564556690625 0.1654863734375 0.5556061515625 0.1333339328125 0.50931039375 0.0910521578125 0.4368090828125 0.0905908734375 0.3952082140625 0.129103859375 0.3790477625 0.2129754765625 0.388715809375 0.2481315703125 0.4169164484375 0.2731455421875 0.5158063281249999 0.28571845625000003
11 0.1933558203125 0.206532465625 0.2535863 0.13435881875 0.2525887578125 0.10094158906249999 0.22554309843749998 0.0515213453125 0.163171121875 0.013714840624999999 0.10657580468750001 0.0107239796875 0.0760286046875 0.0237361296875 0.053130553125 0.0501613015625 0.04392555625 0.09935090156250001 0.073330565625 0.166622834375 0.148434659375 0.2045629609375 0.1933558203125 0.206532465625
11 0.37723569375 0.2000731359375 0.3811508921875 0.1553222015625 0.37185990156250004 0.127061146875 0.32310777343749997 0.0904462234375 0.26016469999999997 0.0927817609375 0.2555319921875 0.13452904375000002 0.23008055 0.1901396078125 0.25493708437499996 0.21976247187500003 0.28699250468750004 0.23433047031249998 0.35205149687500004 0.23021946875000002 0.37723569375 0.2000731359375
11 0.05109136875 0.3872036234375 0.1005976078125 0.43760862031250003 0.154225875 0.45210341249999997 0.1928962984375 0.43588078281250003 0.22214210625000003 0.404129209375 0.2445898953125 0.349236153125 0.25215305 0.28519851875 0.2362708703125 0.242636709375 0.21889325781250002 0.22837255937499998 0.1470728515625 0.22012850312499999 0.09689849843750001 0.233384084375 0.0632506234375 0.27063228281249996 0.045484934375 0.35044228906249997 0.05109136875 0.3872036234375
11 0.015131773437500001 0.3164173625 0.047831496875000004 0.3124161671875 0.07273565625 0.251856259375 0.11860496875 0.22057876250000003 0.110201709375 0.19337566875 0.08558860625 0.183379959375 0.035024409374999996 0.13386269374999998 0.015131773437500001 0.3164173625
11 0.3347726703125 0.34928378125 0.3435274046875 0.271626296875 0.3255659078125 0.241626378125 0.263473965625 0.23423345 0.2444306953125 0.2502126515625 0.25392851875 0.28731443749999996 0.23831534843750002 0.3761354 0.2532365875 0.39606640312499997 0.276414675 0.40005480625 0.3347726703125 0.34928378125
11 0.2880301796875 0.59222813125 0.29916984375 0.6441779515625 0.33972554375 0.6624305078125 0.3968315375 0.6595842921874999 0.4211646046875 0.639166425 0.43590282968749994 0.6051653124999999 0.42782723437500003 0.5181930218749999 0.4096955125 0.49013879375 0.37729963906249997 0.4794621796875 0.33254870625 0.47554697968750004 0.30623334375 0.4850082015625 0.2792736796875 0.5130386125 0.262796590625 0.5557102281249999 0.2880301796875 0.59222813125
11 0.40965891093750006 0.479352371875 0.41097132500000005 0.39712259843750003 0.3963905359375 0.373300209375 0.36467556874999996 0.3548408234375 0.32084897031250004 0.3627700078125 0.2940595328125 0.38885472656250003 0.280209040625 0.4239137984375 0.30056649062499996 0.48255182812499997 0.3307732390625 0.4734310625 0.40208296718750003 0.48751219843750004 0.40965891093750006 0.479352371875
11 0.36747239062500003 0.345282584375 0.43934218906250005 0.420190875 0.5229941890625 0.3716327875 0.5322357906249999 0.333229609375 0.5114042640625 0.291215084375 0.4049018390625 0.2760155703125 0.37862308125 0.2962632125 0.36747239062500003 0.345282584375
11 0.5662589515625001 0.1460294453125 0.5594499093749999 0.22385715624999997 0.5248538875000001 0.2943523578125 0.550391325 0.31619245 0.581522409375 0.3189160671875 0.6270146624999999 0.2807435328125 0.64600854375 0.1981001 0.612408296875 0.14516552656249998 0.5662589515625001 0.1460294453125
11 0.6354911296875 0.3295194734375 0.574663975 0.3300795453125 0.5496866078125 0.36906660625 0.6121922078125 0.394140996875 0.648455653125 0.450249446875 0.663473915625 0.4466619109375 0.6900565234375 0.41173646093749994 0.6774818421875 0.3537793359375 0.6354911296875 0.3295194734375
11 0.7815993375 0.2393715421875 0.7406299796875 0.203437525 0.68707491875 0.21051557812500002 0.65605364375 0.24015123124999999 0.6451463859375 0.308797759375 0.6528321375 0.33299720312500003 0.6879278140625 0.3576341171875 0.754762271875 0.35563903125 0.7850294390625 0.3122133046875 0.7815993375 0.2393715421875
11 0.938276115625 0.2413154703125 0.9056002078125 0.20022528125 0.845624184375 0.19105688437499999 0.809276509375 0.21434478281249997 0.7894919171875 0.27241171406250003 0.789601725 0.30477098593749996 0.8043527421875 0.32664768125 0.86702856875 0.349776375 0.92013336875 0.31423043906250003 0.938276115625 0.2413154703125
11 1 0.353749246875 0.9620508765625001 0.31691745312499997 0.9268581796875001 0.31579907500000004 0.8831047890624999 0.34530110625 0.8667247203124999 0.3644541859375 0.8627729171875 0.3984186953125 0.8758216734375001 0.43975231875 0.92668971875 0.47459177343750003 0.9562155625000001 0.47325377812499997 0.9953966640624999 0.45119406875 1 0.4433309546875 1 0.353749246875
11 1 0.45595281875 0.9832118281250001 0.4560097890625 0.959219215625 0.47253627187499997 0.9369782531249999 0.53627005625 0.9654589265625001 0.59169760625 0.99324590625 0.599030115625 1 0.5152718609375 1 0.45595281875
11 0.9266293015624999 0.5088967359375001 0.8932724890625 0.475589315625 0.8382824140625 0.47666006562499996 0.8268150859375 0.4844794390625 0.80464733125 0.5697860718750001 0.8220615453125 0.5948366453125 0.8675665890625 0.612541921875 0.9091070421874999 0.6083338984375 0.936747609375 0.5725207125 0.9266293015624999 0.5088967359375001
11 0.8656557375 0.46631111406250003 0.8690602578125001 0.4273972578125 0.83993528125 0.39053890625 0.7911227359375 0.38822894531249996 0.7579489390624999 0.40885364218750003 0.8246625640625 0.475468484375 0.8656557375 0.46631111406250003
11 0.7701355390625 0.5608849218749999 0.7938243046875 0.559036253125 0.8218053265625 0.5193316828125 0.8166729640625 0.465946846875 0.7576084875 0.41274502812499997 0.6904335765625 0.41863149843749997 0.66494553125 0.46345563749999996 0.7038593859375 0.46686015937500003 0.7318531953125 0.48303340156249996 0.7659641203125 0.5301308953125 0.7701355390625 0.5608849218749999
11 0.7647487203125001 0.5888421296875 0.7656236671875 0.5340222812500001 0.7281320359375 0.4807472546875 0.6980223078125001 0.46634948125 0.6510218328125 0.4769418640625 0.6200371609374999 0.517363940625 0.614139665625 0.5511582265625 0.6247320484375 0.5981587 0.6685714359375 0.646107325 0.7079959687499999 0.64367476875 0.7647487203125001 0.5888421296875
11 0.6180182609375 0.49562086718750004 0.5416383546875 0.5506969390625 0.6035600718749999 0.5600355578125 0.6455252078125 0.4725398 0.6371951546875 0.466909553125 0.6180182609375 0.49562086718750004
11 0.4153623640625 0.49259516562499994 0.43711822656250005 0.5464540765625 0.43767829843749995 0.60728123125 0.4695268890625 0.6130084984375 0.49225471406250004 0.5885290203125 0.49371354062500006 0.5494449390625 0.45461667187500004 0.4921083015625 0.4153623640625 0.49259516562499994
11 0.3792232828125 0.681570796875 0.41512246093750005 0.7866620203125 0.45014493125 0.7897260890625 0.4887787515625 0.7627170343749999 0.502519434375 0.6952986906249999 0.47028099843750004 0.626798575 0.4359394328125 0.6159517343750001 0.3792232828125 0.681570796875
11 0.270266253125 0.8288851421875 0.30382989375 0.8710332921875 0.355098809375 0.8676763984375 0.40093151718750003 0.8256124796875 0.40740010781249997 0.751676153125 0.381205578125 0.692527446875 0.3549506328125 0.6676837015625 0.2988659953125 0.6588557609375 0.27088497500000003 0.6985603296875 0.225185890625 0.7278921328125 0.22208521874999998 0.75212818125 0.24138470937499998 0.8116539421875 0.270266253125 0.8288851421875
11 0.19562344375000001 0.71844370625 0.226754528125 0.7211673234375 0.2532401171875 0.7097604109375 0.27985932812500003 0.685621384375 0.296713471875 0.6498448031249999 0.28270378125 0.585880375 0.2642316046875 0.5617175343749999 0.224904090625 0.540631553125 0.15366756875 0.5481232640625 0.12094403125 0.59721584375 0.1173326828125 0.6272889687500001 0.1341392 0.6816951625 0.19562344375000001 0.71844370625
11 0.29544691875 0.485044803125 0.284137028125 0.43504067500000004 0.2364062578125 0.386751596875 0.192726071875 0.4378264734375 0.16801595 0.45134930312500005 0.132653028125 0.45217661875 0.131631671875 0.46385077656249996 0.1723703859375 0.53603545 0.242074875 0.5460549703125 0.2588686 0.5445833546875 0.29544691875 0.485044803125
11 0 0.624925984375 0.04352998125 0.6080882625 0.0913687984375 0.53188960625 0.098761725 0.4697976640625 0.0724335734375 0.423381071875 0.0053922859375 0.4165354265625 0 0.48158945937500003 0 0.624925984375
11 0.0704878796875 0.423210846875 0.0779301984375 0.4277831359375 0.0885829984375 0.4404786484375 0.091586653125 0.4397611421875 0.09192710468750001 0.43586975624999996 0.0750601703125 0.4157685265625 0.065842384375 0.40908032031249997 0.045594740625000005 0.382801559375 0.043065167187499996 0.36689556562500003 0.046639914062499996 0.32603601718749997 0.0441469390625 0.320916446875 0.013733362499999999 0.32119648125 0.0064502453125 0.4156476921875 0.0704878796875 0.423210846875
11 0.0961113125 0.52250159375 0.0789167171875 0.562169559375 0.049707509375 0.6047075546875 0.0223707921875 0.6258429296875 0.0206319296875 0.634513434375 0.022443996875 0.6474157765624999 0.033814306249999995 0.663114940625 0.05825718125 0.6750563453125 0.10461335624999998 0.683033153125 0.12403368125 0.6739489921875 0.1162747234375 0.6281767015625 0.11865788906250001 0.600937003125 0.1422002421875 0.5559426375000001 0.1610732875 0.5419091296875 0.1636998828125 0.534296584375 0.1313644265625 0.48931500625 0.11436386875 0.48194589531250004 0.10129130156249999 0.4857036578125 0.0961113125 0.52250159375
11 0 0.6811751578125 0.0029266546875 0.6800184781249999 0.016680128125 0.6684779437499999 0.016947371875 0.6430137125 0.0091279984375 0.6315463859375 0 0.630747790625 0 0.6811751578125
11 0 0.8620968906250001 0.0260094859375 0.864372425 0.0719520015625 0.8546677765625 0.0897670859375 0.8415220031249999 0.13065045 0.8000053640625 0.14047593281249998 0.7773379546875 0.1401592921875 0.7361379546875 0.12059255625000001 0.702076425 0.090482828125 0.68767865 0.038459803125000004 0.6772454671875 0.01265511875 0.6808696078125 0 0.6856821421875 0 0.8620968906250001
11 0.2224750640625 0.814901028125 0.20369904062500002 0.805415996875 0.1550567203125 0.8011603453125 0.1287413578125 0.8106215593749999 0.10246259843750001 0.8308692015625001 0.07570976406249999 0.8677403453125001 0.06183545781250001 0.9478908031250001 0.06436503593750001 0.9637967984375001 0.239477384375 0.9791171437499999 0.2601863140625 0.9328945921875 0.2632503828125 0.897872121875 0.25194049218750003 0.8478679953125001 0.2224750640625 0.814901028125
11 0.1302478140625 0.681354709375 0.1244107359375 0.68084403125 0.11912093906250001 0.685282696875 0.1175523015625 0.69200750625 0.13585425 0.7181160421875 0.14261566406249998 0.730471103125 0.1453154671875 0.7444314046875 0.1515296015625 0.7518371203124999 0.1823202328125 0.758452121875 0.18443615156249998 0.7566766578124999 0.2079546921875 0.756773675 0.2192517921875 0.7508999937499999 0.22146473125 0.7256059875 0.21880153125000001 0.722432109375 0.21118898593750002 0.7198055140624999 0.2032359890625 0.7210703015625 0.1784526625 0.7130202828125001 0.1302478140625 0.681354709375
11 0.1579871671875 0.7788699890624999 0.1492196421875 0.8006496671875001 0.2074202 0.8077021390624999 0.2517336609375 0.8390272640625 0.262666496875 0.8821363546875001 0.26264268281250003 0.9272277390625 0.2748275171875 0.9224120171875001 0.292776225 0.896534128125 0.30150714375 0.863968028125 0.2684907859375 0.8267692249999999 0.2569868546875 0.8238021734375 0.24852317968749998 0.830904040625 0.2186074921875 0.7694691890625001 0.199491015625 0.7638755421875 0.1696247203125 0.769104921875 0.1579871671875 0.7788699890624999
11 0.0036349015625 0.940838328125 0.0079399453125 0.9588602421875001 0.0615316109375 0.9625686124999999 0.0625529671875 0.95089445625 0.0607774984375 0.9487785375 0.06680861875 0.9022521375 0.0750288609375 0.875523115625 0.075879990625 0.8657946515624999 0.073216790625 0.8626207734375001 0.035397496875000004 0.86911494375 0.026216314062500003 0.8732131578125 0.0193578796875 0.8843766359374999 0.016220603125 0.8978262593749999 0.004449428125 0.9203234421875001 0.0036349015625 0.940838328125
11 0.520349071875 0.8948777296875001 0.5088085390625 0.8811242578125 0.46162504843749996 0.837784525 0.407656328125 0.827181115625 0.3630518078125 0.8664116125 0.33144664687500003 0.8803114953125 0.327665071875 0.9123303125 0.3291366890625 0.9291240406249999 0.34569977343749997 0.963903078125 0.3659474140625 0.9901818375 0.46906913125000005 0.9992038187500001 0.5101593234374999 0.9665279109375 0.52227095 0.9401393421875 0.524824340625 0.91095395 0.520349071875 0.8948777296875001
11 0.313097071875 0.94438573125 0.3226187078125 0.9363961328125001 0.327725490625 0.87802535 0.3250622890625 0.8748514703125 0.30348944218749996 0.874924678125 0.3003155625 0.877587878125 0.2903198515625 0.9022009796875 0.2705956796875 0.9259629515625001 0.2690270421875 0.9326877609374999 0.27257797500000003 0.9369196015625001 0.2839116796875 0.941832340625 0.313097071875 0.94438573125
11 0.4107570015625 0.8029450703125001 0.40864107968749996 0.8047205359375 0.40816700624999996 0.8213440390625 0.41755501875 0.8260865546874999 0.4331205609375 0.8274483625 0.434896028125 0.8295642796875 0.4637409671875 0.836009059375 0.46691484531249994 0.8333458578125 0.46759575 0.8255630875 0.465820284375 0.8234471687499999 0.46676843281249997 0.7902001640625 0.46410523281250005 0.7870262859375 0.45792770312500003 0.79040699375 0.44396740156250003 0.793106796875 0.41672770156250005 0.7907236328125 0.4114379046875 0.7951622984375 0.4107570015625 0.8029450703125001
11 0.48615215625 0.7703295796875 0.471170496875 0.7847035390625 0.46772937187499997 0.812830971875 0.4812888046875 0.8483275156250001 0.51287015 0.8795190187499999 0.5397693968749999 0.885793565625 0.58359599375 0.8778643859375 0.6162591140625 0.863076765625 0.6435592296875 0.83115496875 0.6535549390625001 0.8065418671875 0.6516330609375001 0.7612802546874999 0.6299504046875 0.7289941890625 0.607623446875 0.7152773234375001 0.5630427390625 0.7094164296875001 0.539353975 0.711265103125 0.5074083625 0.7290563718749999 0.48615215625 0.7703295796875
11 0.64034698125 0.666184740625 0.6259968390624999 0.606111696875 0.6023684890625 0.5736554093749999 0.579530853125 0.5657756171874999 0.51785256875 0.5760641515625 0.4977513390625 0.592931084375 0.4835603953125 0.6318815437499999 0.5065810468749999 0.6936934499999999 0.5241288843749999 0.7060119078125 0.6070395625 0.6995415546875 0.64034698125 0.666184740625
11 0.842407971875 0.7544438687499999 0.8569759703125 0.7223884484374999 0.8499949390625 0.6453148484375 0.8184135921875001 0.614123346875 0.743285684375 0.6212746046875 0.7127750859375 0.6450731796875 0.6914584625 0.72065135 0.7215443765625 0.7801405109374999 0.7751726437500001 0.794635303125 0.8115569218750001 0.7821338296875 0.842407971875 0.7544438687499999
11 0.789262675 0.9561767906249999 0.8193286687500001 0.883783928125 0.7968186968750001 0.8161349421875 0.7688248875 0.7999617046874999 0.6856707765625 0.786804903125 0.6613377093749999 0.8072227703125 0.6267416875 0.8777179703125 0.65502180625 0.934271240625 0.693063284375 0.9640180296875 0.7253314859375 0.96684113125 0.789262675 0.9561767906249999
11 0.7959866609375 1 0.8070230015625001 0.957209575 0.7930260953125 0.9491229546875 0.7684862 0.9607000906250001 0.6784736546875 0.958706771875 0.6456641234375 0.9303486984375 0.6437916359375 0.9517513171875001 0.6770894578125 1 0.7959866609375 1
11 0.5263929796875 0.9042291406249999 0.5427858390625 0.9409538671875 0.5709498734375 0.95518141875 0.6004757171875 0.9538434203125 0.637334071875 0.9247184468749999 0.6192993687499999 0.873145684375 0.5337620921874999 0.8872285812499999 0.5263929796875 0.9042291406249999
11 0.69006005 0.7254304687500001 0.6889288859375 0.7047453546875 0.6769142765625 0.707615384375 0.665106496875 0.71932614375 0.6529948703125 0.7457147125 0.653031471875 0.7565011359375 0.658674509375 0.8040488921875 0.685841003125 0.7848592125 0.71502639375 0.787412603125 0.72441440625 0.792155115625 0.744041559375 0.7919116859375 0.774661965625 0.8004723828125 0.8024855484375 0.8185913156250001 0.8153146843749999 0.795206396875 0.8157887593750001 0.7785828953125 0.7695057921874999 0.7921789328125 0.7500488640625 0.790476671875 0.7178232171875 0.7778543640625 0.6961405593750001 0.7455683 0.69006005 0.7254304687500001
11 0.6301206296874999 0.7270484984375 0.6427191234375 0.7399142375000001 0.6485562015624999 0.740424915625 0.6538459999999999 0.7359862484375 0.6587587390625 0.72465254375 0.6588557609375 0.7011340046875 0.6556452796875 0.69301078125 0.6419888265625 0.6810327765624999 0.635981521875 0.6824677890624999 0.623286009375 0.6931205921875 0.6151627859375 0.6963310703125 0.6035252328125 0.7060961390625 0.6040725140625 0.7110454828125 0.6301206296874999 0.7270484984375
11 0.8566721218750001 0.7370662593749999 0.890222975 0.7233365984375 0.9082687015625 0.67394016875 0.8743280046875 0.6248969796875 0.8405703234375 0.6297859078125 0.86072094375 0.6795832078124999 0.8566721218750001 0.7370662593749999
11 0.8374952296875 0.7657775734375 0.81886561875 0.7994382359375 0.81644585 0.815891509375 0.8225629640625 0.8468157656249999 0.8342737234375001 0.8586235453125 0.8806298984375 0.86660035625 0.8987250171875001 0.883868159375 0.9339177125000001 0.8849865375 0.9540555453125 0.8789060265625 0.9699249359375001 0.865590025 0.9801385 0.7488484578125 0.9434741859375 0.7309363546875 0.89094048125 0.7263402515624999 0.8706324234375 0.734366453125 0.8374952296875 0.7657775734375
11 0.8924504671875001 0.91076740625 0.9032734921875001 0.921517228125 0.914607196875 0.9264299671874999 0.9243356609375001 0.927281096875 0.9261111281250001 0.9293970171874999 0.9572422125 0.9321206343749999 0.9632495171875 0.9306856171875 0.969754709375 0.8675357171875 0.964805365625 0.868082996875 0.9542257703124999 0.8769603328125 0.9439866296874999 0.8819462781249999 0.9243594749999999 0.8821897125 0.92224355625 0.88396518125 0.8950038578124999 0.881582015625 0.8924504671875001 0.91076740625
11 0.8374365765625 0.9569295406249999 0.8614657953125 0.9511894812499999 0.8776756375 0.9339820968750001 0.8894468156249999 0.9114849140624999 0.891489528125 0.8881365999999999 0.8870142578125 0.8720603796875 0.8632888890625001 0.8631226312500001 0.8224293406250001 0.8595478828124999 0.8141852843749999 0.9313682890624999 0.813711209375 0.9479917906249999 0.8179796500000001 0.9552272796875 0.8374365765625 0.9569295406249999