11 0.6166218078125 0.644464225 0.6081805609375001 0.6470998765625 0.60165655625 0.6493628578124999 0.59665018125 0.6543153578124999 0.5885277390625 0.668827128125 0.589645759375 0.67457885 0.5861300828125 0.687200315625 0.587620778125 0.694869278125 0.6082569421875 0.7037909421874999 0.62588478125 0.7023541171875001 0.6347256359375 0.6966562656249999 0.64476531875 0.6817718234375 0.6459372140624999 0.6775646671875 0.6418378015624999 0.6564750203124999 0.6208289625 0.6456361187499999 0.6166218078125 0.644464225
11 0.6494842546874999 0.588334384375 0.633374046875 0.592460734375 0.6287672828125 0.5943510390625 0.6132946796875001 0.6222296203125001 0.6162760703125 0.6375675453125 0.6189386578125 0.641029353125 0.6338231015625 0.6510690390625 0.6525689625 0.6553839375 0.6755758484375 0.6509118515625001 0.6824994625 0.6455866718750001 0.692539146875 0.6307022296875 0.6937649125 0.616536196875 0.68923895625 0.6034881875 0.681224253125 0.5980822015625 0.6647683078125 0.595311871875 0.6494842546874999 0.588334384375
11 0.6921126 0.638743865625 0.685588596875 0.6410068453125 0.6755758484375 0.6509118515625001 0.6586933578124999 0.6561831546875 0.6559499625 0.6676596625 0.6612212656249999 0.6845421546875 0.6738157953125 0.6930372703125001 0.6864372609375 0.6965529515625 0.6998579453125 0.693944234375 0.706781559375 0.6886190546875001 0.71253328125 0.687501034375 0.726034775 0.669954003125 0.721190015625 0.645029875 0.700926521875 0.6380254546875 0.6921126 0.638743865625
11 0.7254241046875001 0.64122233125 0.7308300859375 0.6332076296875 0.7300847390625 0.6293731484375 0.7328012015625001 0.622876078125 0.7313643765625 0.605248240625 0.7023138999999999 0.5939827906249999 0.6938726546875 0.59661844375 0.690783521875 0.6011982734375 0.6952017374999999 0.6341640359375 0.7116307468749999 0.64191380625 0.7254241046875001 0.64122233125
11 0.7061528078125 0.5216080640625 0.701146434375 0.5265605703125 0.6900156640625 0.5307138515625 0.683011240625 0.55097734375 0.688974021875 0.58165319375 0.6942992015625 0.5885768078125 0.70652105625 0.595154684375 0.719569065625 0.590628725 0.7292360765625 0.5738270421875 0.740101915625 0.547838765625 0.7379197453125 0.52637644375 0.724952540625 0.5159640875 0.71651129375 0.5185997390625 0.7061528078125 0.5216080640625
11 0.6665822328125001 0.5432275734374999 0.66197546875 0.545117878125 0.6480743671875 0.5657271078125 0.646902471875 0.5699342640625 0.649138515625 0.5814377078125 0.6544636953125 0.588361321875 0.6666855484374999 0.5949391984375 0.6770170984375 0.5969103109375 0.6923550234375 0.5939289203125 0.6946718749999999 0.5904940484375001 0.693926528125 0.5866595671875 0.688974021875 0.58165319375 0.6841292625000001 0.556729065625 0.6788040890625 0.54980545 0.6707893875 0.544399465625 0.6665822328125001 0.5432275734374999
11 0.5901575390625 0.5799695218750001 0.6123652078124999 0.58162183125 0.633454853125 0.57752241875 0.6457575171875 0.56916198125 0.652708065625 0.558857365625 0.655851071875 0.544318659375 0.6528158109375 0.5389396109375 0.6432565421875001 0.5358235421875001 0.59455324375 0.5462853453125 0.5749812296875 0.55307428125 0.5771903359375 0.5695571625 0.5901575390625 0.5799695218750001
11 0.601445496875 0.6175689859375 0.6187006625 0.614214921875 0.631510678125 0.58287453125 0.6257858921875 0.5790131140625 0.6123652078124999 0.58162183125 0.5901575390625 0.5799695218750001 0.5817162953125 0.5826051734375 0.5786271578125 0.587185003125 0.5793186359375 0.600978359375 0.5846438125 0.607901975 0.601445496875 0.6175689859375
11 0.5561501328125 0.6353270765625 0.567200096875 0.6461121078125001 0.57598708125 0.6503731328125 0.588235871875 0.6519715749999999 0.6029092546875 0.6302173859375 0.6048803703125001 0.619885834375 0.586933728125 0.609446540625 0.5781736796875 0.6002060765625 0.5716496734375001 0.6024690546875 0.5559121390625 0.6085126437499999 0.5520507203125 0.6142374296875001 0.5561501328125 0.6353270765625
11 0.5109400046875 0.566517475 0.515412090625 0.5895243609375 0.52339985625 0.5999097828125 0.5291246421875 0.6037711984375 0.544036021875 0.60883144375 0.567042909375 0.604359359375 0.5774552671875 0.5913921578125 0.5809709468750001 0.5787706921875 0.5742089453125 0.5542192375 0.570774075 0.5519023890625 0.561187871875 0.5537657593749999 0.5588979562499999 0.552221190625 0.514029140625 0.5619376453125 0.5109400046875 0.566517475
11 0.5315717453125 0.6470685171875 0.541984103125 0.6341013125 0.5470443484375 0.6191899328125 0.545553653125 0.6115209703125 0.54211878125 0.6092041187499999 0.5314145578125 0.6053157671875 0.526807790625 0.6072060718750001 0.51216134375 0.6239808203125 0.5155154078125 0.6412359859375 0.52124019375 0.6450974015625001 0.5315717453125 0.6470685171875
11 0.5013807390625 0.5634014046875 0.46993260625 0.5705091437500001 0.4653258421875 0.57239945 0.4618371 0.580041475 0.4659365125 0.6011311203124999 0.4720070328125 0.6118892171875 0.486891478125 0.6219289015625 0.49722302812499997 0.6239000140625001 0.5106437125000001 0.6212912968750001 0.517567328125 0.6159661203125 0.524517878125 0.6056615046875 0.52339985625 0.5999097828125 0.5184473546875 0.594903409375 0.5116314828124999 0.5803108328125 0.5090227656249999 0.5668901484375 0.5013807390625 0.5634014046875
11 0.40743595 0.5816624218750001 0.402402640625 0.5915943625 0.4042121390625 0.6111394421874999 0.4026675703125 0.6134293578125 0.40793887812499996 0.6303118484375 0.41097413749999995 0.635690896875 0.42548590781250006 0.6438133421875001 0.4484927953125 0.63934125625 0.4631661796875 0.6175870671875 0.46396539687500005 0.611462671875 0.4576299421875 0.5788695828125 0.4454080875 0.572291703125 0.415504521875 0.5771095296875 0.40743595 0.5816624218750001
11 0.3478668125 0.618112503125 0.3493575078125 0.6257814640625 0.3554280328125 0.6365395609375 0.365732646875 0.643490109375 0.3779814390625 0.6450885515625 0.3875676421875 0.6432251812499999 0.3983257375 0.6371546546875 0.4052762875 0.6268500421875001 0.398568159375 0.5923397109375 0.3859736296875 0.5838445921875001 0.35644273593750003 0.5905796578125 0.35026446875 0.599739315625 0.3478668125 0.618112503125
11 0.4738973390625 0.61649598125 0.46545609218750006 0.619131634375 0.4504100359375 0.6389685828125 0.4293203890625 0.64306799375 0.427003540625 0.6465028640625 0.42583164531250006 0.65071001875 0.42961225625 0.6599235484375 0.43799962968750006 0.667246771875 0.4444966984375 0.6699632328125 0.4647871265625 0.6719882140625 0.4801250515625 0.6690068234375001 0.48896590624999997 0.6633089765625 0.4974610234375 0.6507144453125 0.49980480937499994 0.6423001359375 0.4964507453125 0.6250449703125 0.4738973390625 0.61649598125
11 0.40101526249999997 0.6356370250000001 0.3875676421875 0.6432251812499999 0.3760641984375 0.645461225 0.36381540625 0.6438627828125 0.3599539875 0.6495875718749999 0.362935378125 0.664925496875 0.3831180625 0.6868682328125 0.390760090625 0.690356978125 0.4114770640625 0.6843403234375 0.4199721796875 0.67174579375 0.42231596875 0.663331484375 0.41933457812499997 0.6479935593749999 0.41400939843750006 0.6410699453125 0.403704784375 0.63411939375 0.40101526249999997 0.6356370250000001
11 0.318731103125 0.693414746875 0.3224578421875 0.712587153125 0.32778301875000004 0.7195107671875001 0.3354250453125 0.7229995109375 0.353052884375 0.7215626890625 0.36727278750000003 0.712829575 0.3757679046875 0.7002350453124999 0.37853823750000004 0.6837790984375001 0.36788788437500003 0.6699318703125 0.35721059374999997 0.661064078125 0.33151418125 0.6670537953125 0.32613513437499997 0.6700890578124999 0.318731103125 0.693414746875
11 0.40418077500000005 0.6877482609375 0.39267733125 0.6899843031249999 0.39036048125 0.6934191734375 0.40063816093750004 0.7053491625 0.41514992968750003 0.7134716046875 0.4266533734375 0.7112355625 0.43549422968749996 0.7055377140625 0.44287132656250006 0.6871914609374999 0.44217984843749997 0.6733981046874999 0.42921264531250003 0.6629857453125 0.4242332078125 0.6629588109375 0.4130216296875 0.6820504078125 0.40418077500000005 0.6877482609375
11 0.394913375 0.70148774375 0.382664584375 0.6998893093749999 0.376140578125 0.7021522859375 0.37073459531249997 0.7101669875 0.360349171875 0.7181547515625 0.35113564375 0.7219353625 0.3438124171875 0.7303227359375 0.3463672640625 0.753702296875 0.35398235625 0.762170478125 0.35472770468750003 0.766004959375 0.3650323171875 0.772955509375 0.3861219640625 0.768856096875 0.39688005937500004 0.7627855734375 0.41464257812499994 0.7364515578125 0.41054316562500004 0.7153619109375 0.40788057968749997 0.711900103125 0.394913375 0.70148774375
11 0.5250477390625 0.64933149375 0.5131985578125 0.6446708578125 0.50092283125 0.6480518578125001 0.490883146875 0.662936303125 0.4820422921875 0.66863415 0.4743733296875 0.6701248453125 0.4704580390625 0.6858085093749999 0.472321409375 0.6953947125 0.47764658750000005 0.7023183265624999 0.4879512015625 0.709268878125 0.4963655109375 0.7116126640625 0.5136206765625 0.7082586 0.5205442921875 0.7029334234375 0.5263229484374999 0.6968359625 0.534472328125 0.6773447546875 0.53303550625 0.659716915625 0.5250477390625 0.64933149375
11 0.5411310125 0.650184584375 0.5342073968750001 0.6555097609375 0.5352715484375 0.671220359375 0.5305839765625 0.6880489796875 0.5339919109375 0.6953452671875 0.543923853125 0.7003785796875001 0.5603797984375001 0.7031489093750001 0.577262290625 0.697877603125 0.5841859046875 0.6925524296875001 0.5884738656249999 0.67878600625 0.5851198015625 0.661530840625 0.5775047125 0.6530626578125001 0.56528285625 0.6464847812500001 0.5591584609375 0.6456855609375001 0.5411310125 0.650184584375
11 0.472321409375 0.6953947125 0.4712033875 0.689642990625 0.46510592968750003 0.683864334375 0.46089877343749996 0.682692440625 0.448623046875 0.686073440625 0.44052753750000007 0.6956057718750001 0.437384534375 0.7101444781249999 0.4396205765625 0.721647921875 0.44531842812500005 0.7304887765625 0.46669994062500003 0.74324491875 0.4728243359375 0.7440441390625 0.4900795015625 0.7406900750000001 0.49354130781250005 0.7380274859375 0.5004918593750001 0.727722871875 0.502090296875 0.71547408125 0.4963655109375 0.7116126640625 0.49024111562500006 0.710813446875 0.47764658750000005 0.7023183265624999 0.472321409375 0.6953947125
11 0.413205753125 0.7188237187500001 0.4134706859375 0.7406587124999999 0.398025015625 0.76355785625 0.4178619640625 0.7786039140625001 0.43202799531249997 0.7798296796875 0.4481651390625 0.7707238921874999 0.45974938906249996 0.7535495359375 0.4594305875 0.7416734171875 0.4479810140625 0.7339505843749999 0.4399932515625 0.7235651609375 0.43850255625 0.7158962 0.4346950109375 0.7116621078125 0.4166675625 0.7161611296875 0.413205753125 0.7188237187500001
11 0.36463270937500003 0.77601770625 0.3653780578125 0.7798521875 0.37491038906249996 0.7879476953125 0.3779456484375 0.79332674375 0.393202765625 0.8052836671874999 0.4100852578125 0.8000123640625001 0.42047067968749996 0.7920245968749999 0.424332096875 0.7862998125 0.423214075 0.780548090625 0.3972527328125 0.7647028125 0.3888114875 0.767338465625 0.3707840390625 0.7718374875 0.36463270937500003 0.77601770625
11 0.45703293125 0.7600466046875 0.44662057187500004 0.7730138078125 0.43011075468750004 0.780202353125 0.4277939046875 0.783637225 0.43152064218749997 0.80280963125 0.43455590624999996 0.8081886781250001 0.4429432796875 0.8155119046875001 0.4513575890625 0.8178556875 0.46669551406250004 0.814874296875 0.473619128125 0.8095491234375001 0.4786524390625 0.79961718125 0.4790789859375 0.7915755437499999 0.47157163593750007 0.763189609375 0.4654741765625 0.7574109515624999 0.45703293125 0.7600466046875
11 0.505498234375 0.72277036875 0.49545854843750003 0.7376548109375001 0.484700453125 0.7437253390625 0.4731970109375 0.74596138125 0.471252834375 0.7513134921875 0.475352246875 0.7724031390625 0.49481651718749997 0.7855319546875 0.5139889234374999 0.7818052171875001 0.5247470203125 0.7757346953125 0.5378758375 0.756270421875 0.5371843593750001 0.7424770640625 0.5238714203125 0.7251680265625 0.5181466343750001 0.7213066109375 0.5120222390625 0.720507390625 0.505498234375 0.72277036875
11 0.5523381625 0.7027223625000001 0.5416339375 0.6988340109375 0.5312754515625 0.7018423375 0.5247245109375 0.7090847546875 0.52653400625 0.7286298343750001 0.5417911265625001 0.7405867609375 0.558247071875 0.743357090625 0.57933671875 0.739257678125 0.584715765625 0.7362224140625 0.5943827765624999 0.71942073125 0.595981215625 0.707171940625 0.5929459515625 0.7017928921875 0.5849312515625 0.6963869078125 0.565758846875 0.7001136453125001 0.5622970390625001 0.702776234375 0.560007125 0.7012316671875001 0.5523381625 0.7027223625000001
11 0.6551507437499999 0.6737840578125 0.64979863125 0.6718398828125001 0.6471091078125 0.6733575125 0.64476531875 0.6817718234375 0.6347256359375 0.6966562656249999 0.623967540625 0.702726790625 0.6197603859374999 0.7015548984375 0.6082569421875 0.7037909421874999 0.60594009375 0.7072258109375 0.6146732046875 0.721445715625 0.620397990625 0.7253071328125 0.6410610921875 0.7292493578125 0.6563990171875 0.7262679671875001 0.669900509375 0.7087209328124999 0.6734161859375 0.6960994687500001 0.6589313515625 0.6829975875 0.6551507437499999 0.6737840578125
11 0.70523699375 0.6909089703125 0.6921889828125 0.6954349296875 0.6940792874999999 0.7000416921875 0.7162600203125 0.7066734421875001 0.7315979453125 0.7036920515625 0.738521559375 0.698366871875 0.7474432203125 0.677730709375 0.745207178125 0.666227265625 0.7398820046875 0.65930365 0.73644713125 0.6569868 0.73375760625 0.65850443125 0.7175396562499999 0.682548534375 0.70523699375 0.6909089703125
11 0.6871826078125001 0.7003874296875 0.6806586015625 0.702650409375 0.6760518390625 0.7045407140625 0.6617511265625 0.7282121421875 0.6670224328125001 0.7450946328125 0.672347609375 0.7520182484375 0.6849421390625 0.7605133671875 0.708267828125 0.7679173953125 0.7216885125 0.765308678125 0.740914790625 0.751623065625 0.748664559375 0.7351940546875 0.7460558421875 0.7217733703125 0.7357781640625001 0.70984338125 0.730053378125 0.705981965625 0.720467175 0.707845334375 0.6871826078125001 0.7003874296875
11 0.6025052203125 0.7049089625 0.599815696875 0.7064265921875 0.59518199375 0.7132963359375 0.5932108859375 0.7236278859375 0.5874052921875 0.7347047843750001 0.5885233140625 0.7404565062499999 0.5938484875000001 0.747380121875 0.6056976703125 0.752040759375 0.6329117125 0.7487405640625 0.6352285625 0.7453056921875 0.635655109375 0.73726405625 0.6318744984375 0.728050528125 0.620397990625 0.7253071328125 0.6097207015625 0.716439340625 0.60594009375 0.7072258109375 0.6025052203125 0.7049089625
11 0.664786390625 0.733591190625 0.660233496875 0.7255226203125 0.6345370875 0.731512334375 0.6356012359375 0.7472229328125 0.6485684390625 0.757635290625 0.66044455625 0.757316490625 0.66931235 0.7466392 0.6670224328125001 0.7450946328125 0.664786390625 0.733591190625
11 0.535904725 0.766601971875 0.5412299015625 0.7735255875 0.549244603125 0.7789315718750001 0.5576589125 0.7812753546875 0.56916235625 0.7790393124999999 0.5726241625 0.776376725 0.5884694406250001 0.7504153828125 0.5892686609375 0.7442909875 0.584715765625 0.7362224140625 0.57933671875 0.739257678125 0.5601643125 0.742984415625 0.547915521875 0.7413859781250001 0.539474275 0.7440216296875 0.535904725 0.766601971875
11 0.5382369437500001 0.8050581953125 0.5234592546875 0.775663246875 0.4888534203125 0.7860154968749999 0.47701298437500006 0.8071699296875 0.4961678359375 0.8273752671875 0.52032164375 0.8266683546875001 0.5323748140625 0.8177994546875 0.5382369437500001 0.8050581953125
11 0.5751909078125 0.7993252953125001 0.5617902031249999 0.786340240625 0.5404124109375 0.777081109375 0.5361792671875001 0.8112590578125 0.5147998640625 0.828104234375 0.56058426875 0.828631090625 0.5737926765625 0.81264908125 0.5751909078125 0.7993252953125001
11 0.5892147875 0.7542498640625 0.5795747140625 0.7660721109375 0.575686359375 0.776776334375 0.5748871421875 0.7829007296875 0.5786138796875 0.8020731359375001 0.5866016468749999 0.8124585578125 0.5946163453125 0.8178645437500001 0.611072290625 0.8206348734375 0.6222030609375 0.8164815890625 0.6384210140625 0.7924374875 0.6294229687499999 0.756382590625 0.619491028125 0.75134928125 0.6018631890624999 0.7527861062500001 0.599573275 0.7512415375 0.5892147875 0.7542498640625
11 0.6381022093750001 0.780561371875 0.6434273859374999 0.7874849859374999 0.6659269203125 0.8059928515625 0.6755131234375 0.8041294828125001 0.67900186875 0.7964874546875 0.667179621875 0.7868473812500001 0.6634528828125 0.767674975 0.664624778125 0.7634678203124999 0.6546928359375 0.7584345124999999 0.6485684390625 0.757635290625 0.6401271953125 0.7602709437499999 0.6354934937500001 0.7671406875 0.6381022093750001 0.780561371875
11 0.671829928125 0.74996681875 0.6627559171875 0.7605126671875 0.6648388109375001 0.7817701593749999 0.677335421875 0.7948560046875001 0.6955363218749999 0.80566210625 0.714638934375 0.8060472203125 0.7255698984375 0.79601861875 0.7307575921875 0.7850572546875 0.726652603125 0.7729748578125 0.71812456875 0.7692402671874999 0.712415978125 0.7690092796875 0.671829928125 0.74996681875
11 0.749593328125 0.793105346875 0.75290094375 0.7754837984375 0.7385711625 0.7574850640624999 0.716668303125 0.8059454859375 0.7387171953125 0.8034160234375 0.749593328125 0.793105346875
11 0.6605748078125 0.804048675 0.657539546875 0.7986696265625 0.649524846875 0.79326364375 0.6453176921875 0.7920917515625 0.6407109265625001 0.7939820546874999 0.62566486875 0.8138190015625 0.6091550515625 0.821007546875 0.607210875 0.826359659375 0.609819590625 0.83978034375 0.6082750265625 0.8420702578125001 0.612055634375 0.8512837875000001 0.6181530937499999 0.85706244375 0.630774559375 0.8605781234375 0.649574290625 0.854934146875 0.6588416921875 0.8411946562500001 0.6642207390625 0.838159396875 0.670798615625 0.8259375406249999 0.669361790625 0.8083097015625 0.6605748078125 0.804048675
11 0.6762315359375 0.8129434015625 0.6803848171875 0.824074171875 0.7025116796875001 0.8406647953125 0.7109259906250001 0.8430085843749999 0.7243466749999999 0.8403998671874999 0.7316698984375 0.8320124921875 0.7351855765625 0.8193910265625 0.731804578125 0.8071153015625001 0.7214730265625 0.8051441859375 0.7065077750000001 0.8100428187500001 0.6984661390625 0.809616271875 0.6854720000000001 0.8041833515624999 0.6789479953125 0.8064463328125001 0.6762315359375 0.8129434015625
11 0.5627955390625 0.823055040625 0.5688660624999999 0.8338131359375 0.5810879171875001 0.8403910109374999 0.5891295546875 0.8408175578125 0.5967985171875 0.8393268624999999 0.6056393718749999 0.8336290125 0.6075835484375001 0.8282769 0.6064655265625001 0.822525178125 0.6007407406249999 0.8186637609374999 0.5946163453125 0.8178645437500001 0.5866016468749999 0.8124585578125 0.5812764671874999 0.80553494375 0.5747793984375 0.8028184843749999 0.5627955390625 0.823055040625
11 0.5810879171875001 0.8403910109374999 0.5680937796875 0.8349580921875001 0.5634870125 0.8368483984375 0.549213240625 0.8555403874999999 0.5526211734375 0.8628366765625 0.565588378125 0.8732490328125 0.592375875 0.877990475 0.5939204421875 0.8757005625 0.6035066453125 0.87383719375 0.6123744375 0.8631599046874999 0.6124283078125 0.8532010281250001 0.6101383953124999 0.8516564609374999 0.6075296781249999 0.8382357765625 0.6040948046875 0.835918925 0.5910467953125 0.840444884375 0.5887568796875 0.838900315625 0.5810879171875001 0.8403910109374999
11 0.514011434375 0.8484551578125 0.5223988078125 0.8557783828125001 0.53310303125 0.859666734375 0.546523715625 0.8570580187499999 0.5549918984375 0.849442928125 0.5603978828125 0.8414282265624999 0.5619963171875 0.8291794359375 0.5585614484375 0.8268625859375 0.5229061578125 0.83279843125 0.5163821546875 0.835061409375 0.5125207390625001 0.8407861953125 0.514011434375 0.8484551578125
11 0.46094379218750003 0.81599231875 0.457455046875 0.823634346875 0.464270921875 0.8382269234375 0.47151333749999996 0.8447778640625 0.48336251875 0.8494385 0.508286646875 0.8445937406249999 0.5117484546875 0.8419311546875001 0.51369263125 0.836579040625 0.5060506046875 0.8330902968749999 0.4938018125 0.831491859375 0.48541444062499994 0.8241686343750001 0.478598565625 0.8095760578125001 0.4728468453125 0.8106940796875 0.46094379218750003 0.81599231875
11 0.45771998125 0.845469340625 0.46144671875 0.8646417468750001 0.4644819796875 0.87002079375 0.47707650937499996 0.8785159109375 0.487408059375 0.8804870234375001 0.4969942625 0.8786236546874999 0.5093238625 0.865283778125 0.5132122140625001 0.854579553125 0.5102038875 0.8442210671874999 0.485279759375 0.8490658265625 0.47686545 0.846722040625 0.46541587812499996 0.8389992046874999 0.46080911249999995 0.8408895125000001 0.45771998125 0.845469340625
11 0.500056459375 0.8790232640625 0.4992572421875 0.8851476593750001 0.5003752625 0.89089938125 0.5148870328124999 0.8990218249999999 0.52793504375 0.89449586875 0.5348586578125001 0.8891706890625001 0.538720075 0.8834459046875001 0.5406911875 0.8731143546875 0.53845514375 0.8616109109375 0.535020271875 0.8592940609375 0.531185790625 0.8600394078125 0.5181916515625 0.8546064890625 0.5135848875 0.8564967937500001 0.500056459375 0.8790232640625
11 0.45665140156249995 0.9013881203125 0.464666103125 0.9067941046874999 0.478832134375 0.9080198671874999 0.4934247125 0.9012039984375001 0.5000025890625001 0.888982140625 0.4981392203125 0.8793959375 0.47707650937499996 0.8785159109375 0.468289525 0.8742548859375001 0.4656000015625 0.875772515625 0.46325621562499997 0.8841868265624999 0.45553337968749996 0.8956363984375001 0.45665140156249995 0.9013881203125
11 0.543407646875 0.8666172859374999 0.5379208578125 0.8895702999999999 0.5447367265625 0.904162878125 0.55197914375 0.91071381875 0.565745565625 0.9150017796875 0.57916625 0.9123930625 0.58800710625 0.906695215625 0.5949576578125 0.8963905984375 0.595756875 0.8902662031249999 0.5919762671875 0.8810526734374999 0.5862514796875 0.8771912578125001 0.5824169984374999 0.8779366046874999 0.565588378125 0.8732490328125 0.5518488921875 0.8639816328125001 0.543407646875 0.8666172859374999
11 0.6841923640625 0.8283082609375001 0.6776683609374999 0.8305712406250001 0.6761237921875 0.8328611562500001 0.677560615625 0.8504889953125 0.672926915625 0.8573587375 0.6744176109375 0.8650277000000001 0.684349553125 0.8700610093750001 0.6927638625 0.8724047953125 0.70426730625 0.870168753125 0.7127354875 0.8625536609375001 0.7243197375 0.8453793046875001 0.7205121937500001 0.841145215625 0.7109259906250001 0.8430085843749999 0.7025116796875001 0.8406647953125 0.6883995203125 0.8294801546875 0.6841923640625 0.8283082609375001
11 0.63652628125 0.8594601015625001 0.6361266734375 0.8625223 0.6464312859375 0.86947285 0.6567628359375 0.8714439625000001 0.6709827390624999 0.8627108484375 0.6791051828125 0.8481990796875 0.6761237921875 0.8328611562500001 0.6726889203125 0.830544303125 0.6699993984375 0.8320619359375 0.657297125 0.8434845718749999 0.6511188578125 0.8526442296875001 0.63652628125 0.8594601015625001
11 0.615355828125 0.8784978296875 0.6283230296875 0.8889101875 0.6325301859375 0.8900820812499999 0.64595086875 0.8874733640624999 0.654791725 0.8817755109375 0.658653140625 0.8760507265624999 0.6586800765625 0.8710712890625001 0.644141371875 0.86792828125 0.6326918 0.8602054499999999 0.6204430078125001 0.8586070109374999 0.617753484375 0.8601246421875001 0.613492459375 0.8689116265625 0.615355828125 0.8784978296875
11 0.6780635421875 0.8991384218749999 0.6972359484374999 0.8954116828125 0.708020978125 0.8843617203124999 0.70426730625 0.870168753125 0.6885567078125 0.8712329046875 0.6732726546875 0.8642554171875 0.6667486484375 0.8665183953125 0.6590258140625 0.8779679671875 0.6608891828125001 0.8875541703125001 0.6696492328125 0.8967946359375001 0.6780635421875 0.8991384218749999
11 0.6083244671875 0.903740759375 0.610933184375 0.9171614437500001 0.6208381890625 0.9271741921875 0.6288528921875 0.932580175 0.6349772875 0.9333793937499999 0.648025296875 0.9288534374999999 0.656493478125 0.9212383453124999 0.6638705734375 0.9028920953125 0.663551771875 0.891015978125 0.658226596875 0.8840923625 0.6325301859375 0.8900820812499999 0.6218259609375 0.8861937265625001 0.6133847140625 0.8888293796875001 0.6083244671875 0.903740759375
11 0.4458169265625 0.8507675796875 0.43700300781249996 0.8514859937500001 0.4247272796875 0.8548669921875 0.4135426390625 0.8689791546875 0.40624635 0.8723870890625 0.40392949843750003 0.8758219609375001 0.40536632343749995 0.8934498 0.4110641734375 0.9022906562499999 0.4167889609375 0.906152071875 0.42291335625000004 0.90695129375 0.44592024375 0.9024792078124999 0.45321653125 0.8990712703125 0.46325621562499997 0.8841868265624999 0.4656000015625 0.875772515625 0.45841145625 0.8592626984375 0.4458169265625 0.8507675796875
11 0.4216156375 0.7927968828124999 0.40507888437500006 0.8049648656249999 0.3958653546875 0.8087454781250001 0.39354850468749997 0.8121803468750001 0.3931219578125 0.8202219843749999 0.4056356796875 0.8436554171875 0.422437365625 0.8533224265625 0.45082330156249995 0.8458150796874999 0.45777385156249994 0.8355104640625 0.45479246093750003 0.8201725390625001 0.43721849375 0.8116504859375 0.428858053125 0.7993478234375 0.42774003125000004 0.7935961015624999 0.4243051609375 0.79127925 0.4216156375 0.7927968828124999
11 0.40241186874999996 0.8731324375 0.40816359062499996 0.872014415625 0.418948621875 0.860964453125 0.41937516874999997 0.8529228171875 0.40297309375 0.8401936093750001 0.3923766109375 0.8163875031250001 0.3847076484375 0.8178781984375 0.37389568125 0.8339075984375001 0.377249746875 0.8511627640625001 0.3882727734375 0.8669272343750001 0.40241186874999996 0.8731324375
11 0.42200639375 0.932993440625 0.4281307890625 0.9337926578125 0.44884776249999997 0.9277760078125 0.45888744375 0.9128915640624999 0.45739675 0.9052226015624999 0.451299290625 0.89944394375 0.42291335625000004 0.90695129375 0.41641628593749996 0.9042348296875 0.40989227968749997 0.9064978109374999 0.40829384375 0.9187466015625001 0.414364365625 0.9295046984375 0.42200639375 0.932993440625
11 0.5008769625 0.8900448671875001 0.489922221875 0.904469109375 0.5051147375 0.90883435 0.5148546390625001 0.9002082078125 0.5008769625 0.8900448671875001
11 0.604869903125 0.8756924625 0.5802480796875 0.91354140625 0.6073773796874999 0.9136881593749999 0.604869903125 0.8756924625
11 0.48666233593749997 0.4518557125 0.47178682656250004 0.46977087187500005 0.47208366875 0.4942358171875 0.4744360546875 0.5169072140625001 0.517679496875 0.5244189890625 0.5419390859375001 0.5008014328125 0.5352309578125001 0.46629110156250003 0.48666233593749997 0.4518557125
11 0.4261906640625 0.4427185640625 0.4235011390625 0.4442361953125 0.42115735625 0.4526505046875 0.414206803125 0.462955121875 0.4053659484375 0.46865296875 0.4015045328125 0.47437775625 0.40911962187500006 0.48284593750000004 0.4167616484375 0.4863346828125 0.4290104390625 0.4879331171875 0.4443483640625 0.48495172656249996 0.45127197968750005 0.479626553125 0.45976709531250004 0.46703202343749994 0.46056631562500006 0.4609076265625 0.452551615625 0.4555016453125 0.44222006406250003 0.4535305296875 0.4261906640625 0.4427185640625
11 0.4549220921875 0.48296163593749997 0.47271434687499997 0.5120725109375 0.471760271875 0.4611688046875 0.4549220921875 0.48296163593749997
11 0.394607853125 0.4747234953125 0.38885613124999996 0.4758415171875 0.374317425 0.4726985109375 0.352163628125 0.46108732343750003 0.3418051421875 0.46409564999999997 0.3306474359375 0.473228371875 0.3244422359375 0.48736746875000003 0.32587905781250004 0.5049953078125 0.33423949375 0.5172979703125 0.342254196875 0.522703953125 0.3548756609375 0.52621963125 0.3625446234375 0.5247289359375 0.3648345375 0.5262735046875 0.382089703125 0.5229194406250001 0.3943923671875 0.514559003125 0.4040593765625 0.4977573171875 0.40485859687500003 0.49163292187499996 0.40033263750000003 0.47858491093750005 0.394607853125 0.4747234953125
11 0.4003101296875 0.41193497187499994 0.3838541828125 0.4091646390625 0.3704873703125 0.4018144796875 0.3601288828125 0.40482280625 0.3466812640625 0.4124109625 0.343192521875 0.4200529875 0.349155303125 0.4507288375 0.3544804765625 0.45765245312499997 0.36744768125 0.46806480937500006 0.384648975 0.4746696234375 0.398442334375 0.4739781484375 0.414206803125 0.462955121875 0.42115735625 0.4526505046875 0.4235011390625 0.4442361953125 0.420892421875 0.4308155109375 0.4117866375 0.4146783671875 0.4060618515625 0.41081694999999996 0.4003101296875 0.41193497187499994
11 0.4988616828125 0.39178365 0.4892216078125 0.4036058953125 0.486877821875 0.4120202046875 0.48607860468749997 0.41814460000000003 0.4901780171875 0.439234246875 0.514222115625 0.45545219687499994 0.533767196875 0.4536427015625 0.5479871000000001 0.444909590625 0.556482215625 0.43231505937500003 0.55845333125 0.42198350781249994 0.5524366765625001 0.4012665359375 0.5421320609375 0.39431598437500004 0.5325458578125 0.396179353125 0.5053856875 0.389520671875 0.4988616828125 0.39178365
11 0.603214403125 0.4321848078125 0.584041996875 0.4359115453125 0.5652961359375 0.431596646875 0.5568548890625 0.4342323 0.549904340625 0.4445369171875 0.5391462437500001 0.4506074375 0.5333675890625 0.4567048984375 0.5405022609375 0.48317359375 0.5458274375000001 0.4900972078125 0.5534694640625 0.4935859515625 0.5573039453125 0.492840603125 0.5638010140625 0.4955570625 0.5810561796875 0.49220299843750004 0.59682065 0.48117997187499995 0.605688440625 0.47050268281249996 0.6115479078125 0.4494669078125 0.611229103125 0.437590790625 0.603214403125 0.4321848078125
11 0.6932169671875 0.43458689218749996 0.6736718890625 0.436396390625 0.656870203125 0.426729378125 0.6492820484374999 0.4132817578125 0.64507489375 0.412109865625 0.6385508890625 0.4143728453125 0.626993571875 0.4265677640625 0.6250224625 0.43689931406250004 0.6265131578124999 0.44456827656250003 0.6325836796875 0.45532637343750004 0.64363364375 0.46611140625 0.669249246875 0.475060003125 0.6769182093749999 0.4735693078125 0.6792081234375 0.4751138765625 0.694173375 0.47021524374999996 0.7080475421875 0.45458545156249996 0.7119358921875001 0.44388122812499997 0.7100725234375 0.43429502500000006 0.7039750640625 0.42851636718749997 0.6932169671875 0.43458689218749996
11 0.6968942609375001 0.392088796875 0.690769865625 0.3912895765625 0.6669906953125 0.3969066203125 0.656632209375 0.39991494843750003 0.6496816578125 0.4102195609375 0.656870203125 0.426729378125 0.6694647328125 0.4352244953125 0.6817135249999999 0.436822934375 0.698596015625 0.43155163124999996 0.7055196296874999 0.42622645156249994 0.7140147484375 0.4136319234375 0.7148139687499999 0.407507528125 0.7113790953125 0.40519067968750005 0.7056273734375 0.40630870156250004 0.7002752609375 0.4043645234375 0.70032913125 0.394405646875 0.6968942609375001 0.392088796875
11 0.6103760125 0.4536740640625 0.605688440625 0.47050268281249996 0.5891247515625 0.48765010625 0.592932296875 0.4918841984375 0.6097609171875 0.4965717703125 0.6270160828125 0.49321770625 0.633939696875 0.4878925265625 0.63934568125 0.4798778265625 0.6428613578125 0.4672563625 0.6356189421875 0.460705421875 0.62385056875 0.44110647031249994 0.6162085421875 0.43761772656250003 0.6116017765625 0.43950803125000004 0.6103760125 0.4536740640625
11 0.5959494765625 0.3589839265625 0.590197753125 0.3601019484375 0.57824083125 0.3753590671875 0.5513186546875 0.3955148140625 0.5562172875 0.410480065625 0.5585072 0.4120246328125 0.561488590625 0.42736255625 0.5737104468750001 0.4339404328125 0.5798348421874999 0.43473965156250005 0.5990072484375 0.43101291249999996 0.6109372359374999 0.42073523437500004 0.61905968125 0.406223465625 0.6168236390625 0.394720021875 0.6054279390625 0.3770383109375 0.6043099171875 0.3712865890625 0.5959494765625 0.3589839265625
11 0.659698834375 0.32868517812500003 0.647476978125 0.322107303125 0.604525403125 0.33145108125 0.5979205890625 0.3486523765625 0.6016473265625 0.3678247828125 0.616450965625 0.39280278125 0.6179416609375 0.40047174375 0.6244117921875 0.40816764218749996 0.6458741125 0.40598546874999997 0.6501082046875 0.402177925 0.648617509375 0.3945089625 0.641747765625 0.38987526250000004 0.6556219296875 0.3742454703125 0.6725313578125001 0.363994728125 0.6737032515625 0.359787571875 0.6703491875 0.34253240625000003 0.659698834375 0.32868517812500003
11 0.6794280374999999 0.363648990625 0.68326251875 0.36290364375 0.697109746875 0.352253290625 0.7159902875 0.3316709953125 0.7137273078125 0.325146990625 0.6926915328125001 0.319287525 0.6838776140625 0.3200059375 0.6773266718750001 0.3272483546875 0.6722664265625 0.3421597328125 0.6737032515625 0.359787571875 0.6794280374999999 0.363648990625
11 0.5755018609375 0.3152061953125 0.56594259375 0.3120901265625 0.5498323843749999 0.31621647343750003 0.5305791734375 0.3348815265625 0.510234875 0.3428154203125 0.5063734578125 0.34854020625 0.502058559375 0.3672860671875 0.5073298625 0.384168559375 0.5137999984375 0.3918644546875 0.5264214625 0.3953801359375 0.536007665625 0.3935167671875 0.5382975796875 0.39506133125 0.56093179375 0.38867200625 0.579785396875 0.3730691515625 0.5913696484375001 0.35589479375 0.5914235203125 0.34593591562500003 0.5755018609375 0.3152061953125
11 0.298054346875 0.47956382656249996 0.2869774484375 0.473758234375 0.2766189625 0.47676656093750003 0.2716125859375 0.4817190625 0.26612579687500004 0.504672078125 0.2683618390625 0.5161755218749999 0.277094953125 0.530395425 0.2919793953125 0.540435109375 0.302310946875 0.542406221875 0.3157316296875 0.5397975046875 0.3264897265625 0.53372698125 0.3349848421875 0.5211324515625 0.33386682031250003 0.5153807296874999 0.32587905781250004 0.5049953078125 0.32177964531250003 0.4839056609375 0.31413761875 0.4804169171875 0.298054346875 0.47956382656249996
11 0.299495596875 0.4255622875 0.283412325 0.42470919843750005 0.2727081 0.42082084531249997 0.2661840953125 0.42308382343749995 0.2634676359375 0.42958089375 0.267567046875 0.4506705390625 0.27859007343750003 0.46643500937500004 0.2934745171875 0.47647469375 0.3041787421875 0.48036304531249996 0.323723821875 0.4785535484375 0.33219200312499997 0.470938459375 0.34068712031250004 0.458343928125 0.3434035796875 0.45184685937499997 0.34004951562499997 0.43459169375 0.3347243390625 0.4276680796875 0.322502484375 0.4210902015625 0.3182953296875 0.419918309375 0.299495596875 0.4255622875
11 0.35129245625 0.33889127812500003 0.3299109421875 0.32613513437499997 0.32378654687499997 0.3253359140625 0.31342805937499996 0.32834424218749997 0.3041875953125 0.3371042890625 0.2861332109375 0.34658275 0.27918265937500003 0.356887365625 0.277956896875 0.371053396875 0.280192940625 0.382556840625 0.2889260515625 0.39677674375 0.3141420453125 0.40878753906250004 0.32218368124999996 0.4092140859375 0.3352316921875 0.404688128125 0.34716168125 0.3944104484375 0.360663171875 0.3768634171875 0.36300695781250003 0.36844910625 0.3592802203125 0.3492767015625 0.35129245625 0.33889127812500003
11 0.267706153125 0.3541439703125 0.26309938593750004 0.35603427499999996 0.24999750468749998 0.370519109375 0.2495709609375 0.3785607453125 0.2536703734375 0.399650390625 0.26203081250000004 0.41195305312499997 0.281122409375 0.42316463125 0.29337120156249996 0.42476306875000003 0.3067918859375 0.422154353125 0.315632740625 0.41645650156249997 0.319121484375 0.40881447499999995 0.303437821875 0.40489918906250005 0.2866361359375 0.3952321765625 0.2805656140625 0.38447408125 0.2772654203125 0.3572600390625 0.267706153125 0.3541439703125
11 0.430110378125 0.3554055234375 0.4255305515625 0.35231638906249996 0.4247852046875 0.3484819078125 0.4171701109375 0.3400137265625 0.4072381703125 0.3349804171875 0.400714165625 0.33724339531249997 0.394562834375 0.341423615625 0.36772146562499997 0.3466410484375 0.364232721875 0.354283075 0.3657234171875 0.3619520375 0.361035846875 0.37878065781250003 0.3632718890625 0.3902841015625 0.3689697390625 0.39912495625 0.389978578125 0.409963859375 0.398020215625 0.41039040625 0.41719262031250004 0.40666366875 0.42065442812500003 0.404001078125 0.4256877390625 0.3940691375 0.43271909375 0.36882620781250003 0.430110378125 0.3554055234375
11 0.3666798234375 0.3975803890625 0.36178119375 0.3826151390625 0.3560294703125 0.3837331609375 0.3360039734375 0.4035431703125 0.336749321875 0.4073776515625 0.342474109375 0.41123906874999994 0.353977553125 0.40900302499999996 0.36281840781249997 0.403305175 0.3666798234375 0.3975803890625
11 0.4588166734375 0.363354684375 0.43616153750000003 0.371142034375 0.4167908734375 0.4082603140625 0.42466876249999996 0.4313812296875 0.43492789062500004 0.44437173750000003 0.4517602640625 0.4464170015625 0.4705986390625 0.43888817968750005 0.4795400328125 0.42023195781249995 0.489154459375 0.397577896875 0.4816387234375 0.37632009375000003 0.4588166734375 0.363354684375
11 0.4817652984375 0.421732915625 0.4436478734375 0.44944402187500004 0.4594963390625 0.46134807499999997 0.4755007796875 0.4616207640625 0.48909995781250004 0.442059159375 0.48463741562499996 0.42407489531250003 0.4817652984375 0.421732915625
11 0.4636912390625 0.308089603125 0.44457270312499997 0.30185746406249997 0.4354130453125 0.295679196875 0.4269717984375 0.2983148515625 0.4204477953125 0.3005778296875 0.41658637968749995 0.306302615625 0.41264415625 0.326965715625 0.41642476406249995 0.3361792453125 0.429737703125 0.3534882828125 0.4377524046875 0.3588942640625 0.446166715625 0.361238053125 0.4622499875 0.362091140625 0.47758791250000004 0.35910975 0.48571035625 0.3445979828125 0.4834743125 0.33309453906250003 0.4785218109375 0.3280881640625 0.4720786125 0.31541282812500004 0.4636912390625 0.308089603125
11 0.5104503609375 0.3029799140625 0.50051841875 0.297946603125 0.48757815000000004 0.28255480781250003 0.4818264296875 0.283672828125 0.4714410078125 0.29166059375 0.46984257031250004 0.303909384375 0.4720786125 0.31541282812500004 0.48081172343749995 0.32963273125 0.4960688421875 0.34158965625 0.523282884375 0.3382894640625 0.5371301140625 0.3276391125 0.54599790625 0.316961821875 0.5483416890624999 0.3085475125 0.544960690625 0.296271784375 0.537291728125 0.29776247968749997 0.5357471609375 0.3000523921875 0.51657475625 0.30377913125 0.5104503609375 0.3029799140625
11 0.4312328265625 0.2895278671875 0.43655800312500004 0.29645148125 0.45106977343750004 0.3045739265625 0.4636912390625 0.308089603125 0.4694429609375 0.30697158281250003 0.47175981250000004 0.3035367109375 0.472931703125 0.29932955625 0.46992337656250005 0.2889710671875 0.45613001875 0.2896625453125 0.44542579375 0.285774190625 0.44159131250000005 0.2865195390625 0.4324316546875 0.280341271875 0.42974213125 0.2818589046875 0.4312328265625 0.2895278671875
11 0.48028629062499995 0.214333365625 0.468064434375 0.20775548906250002 0.45847823125 0.2096188578125 0.4569336640625 0.2119087703125 0.4327818203125 0.215608575 0.42817505625 0.21749887812500002 0.422769071875 0.2255135796875 0.4204252859375 0.2339278890625 0.4195721953125 0.2500111625 0.42404428125000004 0.2730180484375 0.42936945781249997 0.2799416640625 0.439674071875 0.2868922125 0.4603371734375 0.2908344375 0.4737578578125 0.2882257203125 0.4806814734375 0.282900546875 0.48608745468750003 0.2748858453125 0.47932545624999995 0.250334390625 0.48289500625 0.22775404843749997 0.48028629062499995 0.214333365625
11 0.55385984375 0.208985678125 0.5400664859375001 0.20967715625 0.5186580375000001 0.20190044999999998 0.508299553125 0.2049087765625 0.49330736406250003 0.2147868453125 0.4848122453125 0.227381375 0.4804973484375 0.24612723593750002 0.490240740625 0.2860166140625 0.5039532906249999 0.300263453125 0.518491996875 0.30340645781250003 0.5338299203125 0.3004250671875 0.5445880171875 0.2943545453125 0.5511389578125 0.28711212656249996 0.5623505343749999 0.268020528125 0.5612325140625 0.26226880625 0.5686365453125 0.2389431171875 0.562619890625 0.2182261453125 0.55385984375 0.208985678125
11 0.499741709375 0.3707209375 0.507918021875 0.34625029218750003 0.5041104796875 0.342016203125 0.4918616875 0.3404177609375 0.48725492499999995 0.3423080671875 0.48027743593750005 0.357592121875 0.4825134796875 0.3690955640625 0.48632102499999996 0.3733296546875 0.4917000734375 0.37029439375 0.499741709375 0.3707209375
11 0.4002651109375 0.278635090625 0.38838899374999997 0.27895389375 0.3646906296875 0.2696326203125 0.3620011078125 0.27115025312499996 0.35731353593750004 0.2879788734375 0.3488184171875 0.3005734046875 0.32692955156250003 0.3107972109375 0.3272752875 0.31769388906249996 0.33489038125000004 0.3261620703125 0.360851721875 0.342007346875 0.37730766875 0.3447776796875 0.390728353125 0.3421689625 0.4014864484375 0.33609843906250003 0.411526134375 0.32121399375 0.41386991718750005 0.312799684375 0.4090251578125 0.28787555781249996 0.405989896875 0.282496509375 0.4002651109375 0.278635090625
11 0.3869296625 0.194676115625 0.381204875 0.1908147 0.3708733234375 0.18884358437499998 0.36434931875 0.191106565625 0.35164704687500004 0.20252920156249998 0.3462410609375 0.2105439015625 0.3578478234375 0.260019484375 0.3711877 0.27234908281250003 0.3860990796875 0.2774093296875 0.39414071562499997 0.2778358734375 0.40873329218750004 0.2710200015625 0.41605651874999994 0.26263262656249997 0.4195721953125 0.2500111625 0.418934590625 0.2262589265625 0.41664467812500006 0.22471436093750002 0.41515398281250004 0.21704539843749998 0.392627509375 0.203516971875 0.3869296625 0.194676115625
11 0.404844940625 0.2817242265625 0.4128865765625 0.2821507703125 0.42404428125000004 0.2730180484375 0.41951832187500004 0.2599700390625 0.4176010828125 0.2603427125 0.40066472031249994 0.27557289375 0.404844940625 0.2817242265625
11 0.30680516562500004 0.20726621875 0.28494323593750004 0.21251058750000001 0.2768746640625 0.21706348125 0.2699241109375 0.2273680953125 0.26795300312500003 0.23769964531249999 0.2761518265625 0.2798789390625 0.2791870875 0.2852579875 0.29212735312500004 0.3006497828125 0.315053434375 0.3111160109375 0.345356609375 0.303235990625 0.3557689671875 0.29026878749999996 0.3597111921875 0.2696056859375 0.348849778125 0.2239645859375 0.3389447734375 0.21395183750000002 0.324805678125 0.207746634375 0.30680516562500004 0.20726621875
11 0.2750338046875 0.2741272171875 0.2712262578125 0.26989312656250003 0.2489916546875 0.2732202546875 0.2424407140625 0.28046267187499996 0.2396165109375 0.3068774953125 0.2414798796875 0.3164636984375 0.24984031718750002 0.3287663609375 0.26051760625 0.33763415 0.2796361421875 0.34386629062499996 0.29689130625 0.3405122265625 0.30727672968749997 0.3325244625 0.316144521875 0.321847171875 0.3161983921875 0.3118882953125 0.30243196875 0.307600334375 0.29212735312500004 0.3006497828125 0.2765245 0.28179617968750004 0.2750338046875 0.2741272171875
11 0.2776650296875 0.3541978421875 0.28344368750000004 0.34810038125 0.2826983390625 0.3442659 0.2792634671875 0.34194904843749996 0.2647247625 0.3388060453125 0.25785501875 0.3341723453125 0.255165496875 0.33568997500000003 0.25436627500000003 0.341814371875 0.2612090828125 0.351427509375 0.2719133078125 0.3553158640625 0.2776650296875 0.3541978421875
11 0.23222133281250001 0.186944428125 0.2237800875 0.1895800828125 0.21682953437500002 0.1998846953125 0.21368653124999998 0.2144234015625 0.21624137499999999 0.2378029625 0.22838242343749998 0.2593191546875 0.24326686875 0.2693588359375 0.251681178125 0.271702625 0.26893634375 0.2683485609375 0.27205241406249997 0.2587892921875 0.2672076546875 0.23386516406250002 0.2746116828125 0.21053947499999998 0.27125761875 0.1932843109375 0.2563731765625 0.183244628125 0.23222133281250001 0.186944428125
11 0.2139245265625 0.241237834375 0.2093177609375 0.24312813906250003 0.198959275 0.24613646406249998 0.1893461359375 0.252979271875 0.1877476984375 0.2652280640625 0.1919009796875 0.276358834375 0.19722615937500002 0.2832824484375 0.2121106015625 0.2933221328125 0.22510474062500002 0.29875505156250004 0.238525425 0.29614633437500004 0.2420680390625 0.27854543125000003 0.2451571734375 0.273965603125 0.24441182499999997 0.270131121875 0.22838242343749998 0.2593191546875 0.22193922812500003 0.2466438171875 0.2139245265625 0.241237834375
11 0.2152849703125 0.2021746109375 0.21954599687499998 0.1933876265625 0.2184279765625 0.1876359046875 0.1932658515625 0.16566623125 0.18482460625 0.168301884375 0.17063163750000002 0.17205555625 0.15870165 0.1823332359375 0.15329566562500002 0.1903479375 0.15132455312499998 0.20067948750000003 0.1527613796875 0.21830732656250001 0.1550512921875 0.21985189374999997 0.15654198749999998 0.22752085625000001 0.16415707968749998 0.2359890375 0.1786688484375 0.24411148124999998 0.1909176390625 0.2457099203125 0.2120072859375 0.2416105078125 0.21624137499999999 0.2378029625 0.21368653124999998 0.2144234015625 0.2152849703125 0.2021746109375
11 0.5421767046875 0.10281903437499999 0.5337893296875 0.09549581093750001 0.5157618796875 0.0999948328125 0.5073206359375 0.10263048593749999 0.4941918171875 0.12209475781250001 0.49067613750000005 0.13471622187500001 0.49967418124999996 0.1707711203125 0.516395059375 0.1953764453125 0.524409759375 0.200782428125 0.54352829375 0.20701456875000002 0.564617940625 0.20291515625 0.5750033625000001 0.194927390625 0.5819539125000001 0.18462277656249998 0.5862688109375 0.165876915625 0.581796725 0.142870028125 0.5546904265625 0.1262524671875 0.5421767046875 0.10281903437499999
11 0.6349676828125 0.22704449062499998 0.5924965234374999 0.21838775937500002 0.5859725171875 0.22065073750000003 0.574042528125 0.23092841718749998 0.5654935421875 0.253481821875 0.5635224265625001 0.2638133734375 0.5699117546875 0.2864475859375 0.5775268437500001 0.29491576875000003 0.5874587859375 0.299949078125 0.6096664546875 0.3016013859375 0.6323006671875 0.2952120609375 0.6392242828125 0.289886884375 0.6477194 0.27729235625 0.6527796453125 0.2623809765625 0.6463903171875 0.2397467625 0.6349676828125 0.22704449062499998
11 0.6605788593749999 0.307622465625 0.664067603125 0.299980440625 0.6592767125 0.2650974359375 0.65315231875 0.2642982171875 0.6477194 0.27729235625 0.637679715625 0.29217680156250003 0.6342179078125 0.2948393875 0.6227144640625 0.2970754296875 0.621169896875 0.29936534375 0.6096664546875 0.3016013859375 0.5855415453124999 0.30032175156249996 0.5835973703125 0.30567386406249997 0.5873779796874999 0.31488739374999997 0.6087594921874999 0.3276435375 0.6164284546875 0.3261528421875 0.61871836875 0.32769740937499997 0.6471043046875 0.3201900609375 0.6605788593749999 0.307622465625
11 0.7197214515625 0.2792140234375 0.713623990625 0.2734353640625 0.6864907578125 0.2617972421875 0.6872899765625 0.25567284687499997 0.681565190625 0.25181143125 0.677358034375 0.2506395375 0.6708340296874999 0.252902515625 0.6615666296875 0.26664200312499997 0.66561216875 0.2976905265625 0.673599934375 0.3080759484375 0.688484378125 0.31811563125000003 0.7076029125 0.3243477703125 0.7213962703125001 0.3236562953125 0.7302640609375 0.31297900625 0.7295187140625 0.309144525 0.7260838421875 0.3068276765625 0.7080833281250001 0.30634725625 0.7050750015625 0.295988771875 0.710853659375 0.289891309375 0.7146881406250001 0.2891459625 0.7197214515625 0.2792140234375
11 0.71381696875 0.16694991875 0.7058022687500001 0.161543934375 0.678188615625 0.167906325 0.6735549140625 0.17477606875 0.669186146875 0.20348080624999998 0.6568296124999999 0.221800121875 0.65869298125 0.23138632499999998 0.6789026015624999 0.248349621875 0.6892341531249999 0.2503207375 0.7103237984375 0.246221325 0.72608826875 0.2351982984375 0.73303881875 0.22489368125000003 0.7319207984375 0.219141959375 0.7346911281249999 0.20268601406250003 0.732455084375 0.19118257031250002 0.7255853421875 0.1865488703125 0.71381696875 0.16694991875
11 0.6438668359374999 0.1397583875 0.6254936484375 0.137360728125 0.601714478125 0.142977771875 0.595563146875 0.14715799062499998 0.588612596875 0.1574626046875 0.5889314 0.16933872187500001 0.581527365625 0.1926644125 0.5853079765625 0.20187794062500003 0.593295740625 0.21226336406250002 0.605890271875 0.22075848125 0.61430458125 0.22310226718749998 0.6307605265625 0.225872596875 0.6556846546874999 0.22102783593750003 0.6676415812500001 0.20577072031250002 0.6719564796874999 0.187024859375 0.6648218031249999 0.160556165625 0.6438668359374999 0.1397583875
11 0.7338963374999999 0.13718103125 0.7298507953125 0.10613250781250001 0.720372334375 0.0880781234375 0.7169374640624999 0.085761275 0.7123306984375 0.08765157812499999 0.7030902359375 0.09641162812500001 0.6923321390625 0.1024821484375 0.6693252515625 0.106954234375 0.6589937015625 0.104983125 0.6543869375 0.106873428125 0.6500720390625 0.1256192890625 0.6527346281249999 0.129081096875 0.6553433453124999 0.14250178125 0.6633311078124999 0.15288720312499998 0.6759256375 0.16138231875 0.6900916703125 0.1626080859375 0.7146431234375 0.155846084375 0.723483978125 0.150148234375 0.7338963374999999 0.13718103125
11 0.6049427171875 0.041871371875 0.5904040125 0.03872836875 0.5666248421875 0.0443454109375 0.5550944624999999 0.0515608921875 0.5423383171875 0.07294240468749999 0.5391953140625 0.0874811109375 0.5421767046875 0.10281903437499999 0.5543177515625 0.1243352265625 0.5672849546875 0.13474758281250002 0.5902379703125 0.140234375 0.5998241734375 0.13837100625 0.6244294984375001 0.1216501296875 0.6363864218749999 0.1063930125 0.639529428125 0.09185430624999999 0.6369745828125 0.0684747453125 0.627868796875 0.0523376015625 0.6049427171875 0.041871371875
11 0.6651023453125 0 0.6517826453125 0.0218233671875 0.6412894796875 0.0497288859375 0.63851915 0.06618483124999999 0.6429912359375 0.08919171875000001 0.6589937015625 0.104983125 0.6693252515625 0.106954234375 0.6884976578125 0.10322749687499999 0.7011729953125 0.0967843015625 0.7135025921875 0.0834444234375 0.72436843125 0.0574561453125 0.7351803968749999 0.0414267453125 0.7425844328125 0.0181010546875 0.73906594375 0 0.6651023453125 0
11 0.5719327359374999 0 0.5759461156250001 0.020647046875 0.5786087015625 0.0241088546875 0.6022801296875 0.038409565624999996 0.6294403 0.0450682484375 0.6371092625 0.043577553125 0.6409706796875 0.037852767187500004 0.6433144656249999 0.029438457812500003 0.6614765921875 0.00004224375 0.6614883593750001 0 0.5719327359374999 0
11 0.48880934375 0 0.4809371765625 0.023197465625 0.4674626203125 0.035765059375000005 0.4703901375 0.061061860937500004 0.4814131640625 0.07682633125 0.4917177796875 0.08377688125 0.5081737265624999 0.0865472140625 0.5273461328125 0.082820475 0.53964879375 0.0744600359375 0.5473985625 0.058031025 0.5663060375 0.03246929375 0.5721655046875 0.0114335171875 0.569943053125 0 0.48880934375 0
11 0.453576834375 0 0.3894439140625 0.013126418749999999 0.392479178125 0.0185054671875 0.4073636203125 0.0285451515625 0.4226476734375 0.035522635937500005 0.44139353437500006 0.039837534375 0.4624831796875 0.035738121875 0.476703084375 0.0270050109375 0.4805645015625 0.021280225 0.4864920546875 0 0.453576834375 0
11 0.46131128749999994 0.0399452796875 0.4551868921875 0.039146059375 0.42373875937500005 0.046253796874999996 0.4133533375 0.05424156249999999 0.42453355156250006 0.1117587796875 0.43443855625000005 0.121771528125 0.4554473953125 0.1326104296875 0.47456593125 0.1388425703125 0.48260756718750003 0.13926911718749999 0.48798661406250005 0.136233853125 0.4977074984375 0.10947329218749999 0.5054303296875 0.09802372031249999 0.5058568734375 0.08998208437500001 0.4817858390625 0.078743571875 0.4707628125 0.0629791015625 0.467781421875 0.0476411765625 0.46131128749999994 0.0399452796875
11 0.4144669328125 0.13162266250000001 0.39217845625000003 0.144908665625 0.38331066406250003 0.15558595625 0.3835755984375 0.17742095 0.3895922484375 0.1981379234375 0.4006422109375 0.2089229546875 0.41976074687500003 0.21515509531250002 0.4473474609375 0.21377213906249998 0.4657745203125 0.20621092343749997 0.48156592812500004 0.19020845625 0.4862535 0.1733798359375 0.4791188234375 0.1469111421875 0.46844153437499997 0.13804335 0.434411621875 0.1267509671875 0.4144669328125 0.13162266250000001
11 0.4173988765625 0.08529008593750001 0.414790159375 0.0718694015625 0.4090923125 0.06302854531249999 0.3903733859375 0.053734210937500006 0.3723459359375 0.058233231249999996 0.3546911625 0.0646494921875 0.3489125046875 0.070746953125 0.34113579843749997 0.09215540156249999 0.34182727343749997 0.10594876093750001 0.3352224625 0.123150053125 0.33708583124999997 0.13273625625000002 0.3424110078125 0.139659871875 0.36187528125 0.1527886890625 0.38871665 0.14757125625 0.40794292656250003 0.1338856390625 0.4164380421875 0.12129111249999999 0.42112561406250004 0.10446249218749999 0.4196887921875 0.0868346515625 0.4173988765625 0.08529008593750001
11 0.32481453125000004 0.064487878125 0.34089780468750003 0.06534096874999999 0.36390469062499997 0.060868884375 0.376580028125 0.0544256859375 0.3885100171875 0.044148006249999996 0.396632459375 0.029636237500000003 0.3951417640625 0.021967275 0.38638171718750003 0.012726809375 0.28783016093749997 0.03287813125 0.29427336249999997 0.0455534671875 0.3141103078125 0.060599528125 0.32481453125000004 0.064487878125
11 0.2881759015625 0.0397748109375 0.279761590625 0.037431025 0.2636513828125 0.041557371875 0.2575000515625 0.045737592187499995 0.2447439078125 0.0671191046875 0.241228228125 0.07974057031250001 0.24415574843750001 0.105037371875 0.260131278125 0.125808215625 0.27959554999999997 0.138937034375 0.29413425625 0.1420800375 0.32060295 0.1349453625 0.337938921875 0.116652984375 0.34108192656249997 0.1021142796875 0.3328292328125 0.0698938625 0.31448298124999996 0.0625167671875 0.29730862343750003 0.050932515624999994 0.2881759015625 0.0397748109375
11 0.3259819984375 0.1319101015625 0.32097562343749997 0.1368626046875 0.288382534375 0.14319805937500002 0.27767830937500004 0.13930970781250002 0.2711543046875 0.1415726859375 0.2653487109375 0.152649584375 0.26753088125 0.17411190468749999 0.2792992546875 0.19371085625 0.292266459375 0.20412321093750002 0.310639646875 0.20652087031250002 0.318308609375 0.205030175 0.332847315625 0.20817318125 0.3443507578125 0.2059371390625 0.3639766453125 0.18918932500000002 0.3659477578125 0.1788577734375 0.36147567187499996 0.1558508875 0.34315635625 0.143494353125 0.33173372031250004 0.13079208125 0.3259819984375 0.1319101015625
11 0.2525161875 0.117340034375 0.24679140156249998 0.11347861875000001 0.2421846359375 0.115368921875 0.224103315625 0.12982681875 0.2133452203125 0.1358973453125 0.1941728140625 0.139624084375 0.19031139531250002 0.14534886875 0.1925474390625 0.1568523125 0.203570465625 0.17261678281249998 0.218827584375 0.18457370625 0.22724189374999998 0.1869174921875 0.261752225 0.18020936406250002 0.26753088125 0.17411190468749999 0.26412294687500004 0.166815615625 0.2673198234375 0.1423180328125 0.2654564546875 0.1327318296875 0.2525161875 0.117340034375
11 0.1647496640625 0.12644139375000002 0.175426953125 0.13530918593750002 0.1941728140625 0.139624084375 0.2075934984375 0.13701536718750001 0.23102693125 0.1245016453125 0.23797748125 0.11419702812500002 0.24074781406249998 0.0977410828125 0.23782029374999997 0.07244428124999999 0.2393648578125 0.0701543671875 0.231085228125 0.0429133890625 0.1382853984375 0.061946689062500004 0.1484014609375 0.103753309375 0.1647496640625 0.12644139375000002
11 0.14845090625 0.165423809375 0.16450724218749999 0.17125633906249998 0.192893178125 0.1637489921875 0.1895660484375 0.1415143875 0.1674122546875 0.1299032 0.1480018515625 0.10681550625 0.1395606078125 0.10945115937500001 0.1364714703125 0.1140309875 0.1333284671875 0.12856969375 0.1363098578125 0.14390761875 0.14845090625 0.165423809375
17 1 0.5282805078125 0.974032203125 0.49739312187499995 0.9594396265625 0.504208990625 0.9414929843750001 0.4937696984375 0.9190698312500001 0.5319528984375 0.9011231890625 0.5215136031250001 0.8653870937500001 0.5423877640625 0.8452313453125001 0.5154655875 0.8329825546875 0.51386715 0.827123090625 0.5349029234375 0.8336696031249999 0.5992898859375 0.87158344375 0.6715074234375 0.8556573593750001 0.7124070796875001 0.867053059375 0.730088790625 0.8835090062500001 0.732859121875 0.8948508359374999 0.760499709375 0.8824943015625 0.778819025 0.91747898125 0.782894359375 0.9256297796874999 0.824826584375 0.9779364046874999 0.8900361406249999 0.9711797140625 0.8392850265625 1 0.9051772859374999 1 0.8324669703125 0.99720550625 0.81621185625 1 0.8143706171874999 1 0.6761488953125 0.9995042749999999 0.6744976671875 0.9774043515624999 0.652927603125 1 0.61041525 1 0.5282805078125
17 0.83475920625 0.8217356953125 0.842048125 0.7498718640625001 0.8459095421875 0.7441470796874999 0.852514353125 0.7269457859374999 0.8480961390624999 0.6939800218750001 0.8593346531250001 0.669908984375 0.8586431781250001 0.6561156265625 0.8475932140625 0.64533059375 0.8176896484375 0.65014841875 0.8092214656250001 0.6577635109375 0.8099129406250001 0.67155686875 0.806051525 0.677281653125 0.7952934296875 0.6833521796875 0.78064698125 0.7001269265625 0.7714334515625 0.7039075375 0.7683173828125 0.713466803125 0.7742801640625 0.744142653125 0.7884785875 0.76332810625 0.75537606875 0.8420682953125 0.7825699890625 0.8306547312499999 0.7890801734374999 0.8483848484375001 0.8133066140625 0.8185525328125 0.83475920625 0.8217356953125
17 0.901204371875 0.9313721171875 0.9399757296875 0.9158770046875 0.942400321875 0.8925243796875 0.927012953125 0.83383526875 0.89559175625 0.8359635687500001 0.8635823984375 0.8760101359375 0.901204371875 0.9313721171875
17 0.8019927046875001 0.8611212640625 0.8047091640625 0.8546241953125 0.8077713624999999 0.8550238046875 0.808889384375 0.8607755265625 0.8061729234375001 0.8672725968749999 0.8091543140624999 0.882610521875 0.8148791015624999 0.8864719390625 0.82675521875 0.8861531359375 0.8344241796875 0.8846624406249999 0.8394305546874999 0.8797099375 0.842865425 0.8820267890625001 0.8454741421874999 0.895447471875 0.8519442765624999 0.9031433718749999 0.8577229359375 0.8970459109375 0.862091703125 0.8683411734375 0.868323840625 0.8492226390625 0.8760197406250001 0.8427525062500001 0.890984990625 0.8378538734375001 0.8941010609375001 0.8282946062500001 0.877725921875 0.8105859625 0.8712288515625 0.8078694984375 0.8620153234375 0.8116501109375 0.8551455796875 0.8070164109375 0.850538815625 0.8089067140624999 0.8474227453125 0.8184659812499999 0.8409256765625001 0.815749521875 0.834774346875 0.819929740625 0.8412714140625001 0.8226462015625 0.841244478125 0.8276256390625001 0.8343747359375 0.8229919375 0.829395296875 0.822965003125 0.82713231875 0.816440996875 0.8198360296875 0.819848934375 0.8171195703125 0.8263460015625 0.8063614749999999 0.8324165296875 0.8039907515625 0.8458102765625 0.798984378125 0.8507627781249999 0.8019927046875001 0.8611212640625
17 0.8228572609375 0.19052245625 0.7956970906249999 0.183863771875 0.8019561656249999 0.1597658 0.787579075 0.1267461640625 0.755223978125 0.1598960515625 0.7420412890625 0.18931920156249998 0.738310125 0.2417761734375 0.7208933453124999 0.2750068671875 0.734471215625 0.3141508984375 0.655541125 0.38918378593749997 0.7386200734374999 0.396911046875 0.73883113125 0.42870491718750003 0.7158736921875 0.4948475046875 0.755363459375 0.48816630937500005 0.775600015625 0.5001501703125 0.8250755968749999 0.4885434125 0.8684762265625 0.5378079328125 0.880433153125 0.5225508171875 0.8735634093750001 0.5179171171875 0.8837108359375 0.48311492031250003 0.9172333968749999 0.5173872546875 0.9270350875 0.475688378125 0.9197701593750001 0.4024874984375 0.9804034484375 0.381748015625 0.9564401531250001 0.35059175 0.9768383234375 0.3326989796875 0.9697575203125 0.29627140937499996 0.953301575 0.293501078125 0.9525831625000001 0.2846871578125 0.9667761296874999 0.280933484375 0.9492604609375 0.1908231765625 0.884208959375 0.17859689375 0.871906296875 0.18695733125 0.855504221875 0.1742281234375 0.8228572609375 0.19052245625
17 0.7467179734375 0 0.7472720046875 0.001272434375 0.74705651875 0.0411079421875 0.7238880156249999 0.07545665781250001 0.74364415625 0.10544103125 0.7492342625 0.134199640625 0.770270034375 0.14005910625 0.75519704375 0.1648754890625 0.7590045875 0.1691095796875 0.7640109625 0.16415707968749998 0.7666466140625 0.17259832343749998 0.7531989953125 0.18018647968749998 0.7535447328125 0.1870831578125 0.767710765625 0.18830892187499998 0.7554350375000001 0.191689921875 0.75615345 0.2005038421875 0.7745535718750001 0.19792205937500001 0.7734624859375 0.1871909015625 0.7931422453125 0.1604842109375 0.800784271875 0.1639729546875 0.7968959203125 0.174677178125 0.8132710578125 0.192385825 0.8290085921875001 0.1863422375 0.8213935031249999 0.1778740546875 0.833404296875 0.1526580609375 0.8452534765624999 0.1573186984375 0.8371579703125 0.166851028125 0.8463445640625 0.16804985625 0.8789376546875 0.1617144015625 0.916218315625 0.1385503265625 0.9376806375 0.13636815625 0.9168378390624999 0.0240232453125 0.8712236734375001 0.02990521875 0.866962646875 0.038692203125000005 0.8481629156249999 0.0443361828125 0.8205761984375 0.04571913125 0.812188825 0.038395909374999995 0.8073440656249999 0.01347178125 0.8073536921875 0 0.7467179734375 0
17 0.75732571875 0.6210935171874999 0.7709574609375001 0.650278671875 0.7864031296875 0.6273795265625 0.80096876875 0.62554309375 0.82723083125 0.514985171875 0.8173527625 0.49999298281250004 0.7943728109375 0.49948563124999995 0.76521459375 0.5081379375 0.7404745890625 0.54975600625 0.7295773875 0.6523530984375 0.75732571875 0.6210935171874999