12 0.77667301875 0.37260201406250004 0.8454287484374999 0.33735076249999996 0.9189753671875 0.33698251562500003 0.9386551265625 0.31027582656249997 0.9499475109375 0.27624591249999997 0.9509622156249999 0.23028600937500002 0.9420449796874999 0.179292796875 0.9193343859375 0.12899106093749999 0.8884744124999999 0.0981805328125 0.82920156875 0.079856790625 0.785477709375 0.09034552812499999 0.747397828125 0.11963399999999999 0.7141896421875 0.16886715937500002 0.7011372046875 0.24502249375 0.7141807890625 0.31212591562499997 0.75795409375 0.36330767812500003 0.77667301875 0.37260201406250004
12 1 0.72432209375 0.9938828046875001 0.722347875 0.9643788484375 0.7241035015625 0.9405727421875 0.7346999828125 0.924354790625 0.758744084375 0.9150335187499999 0.782442446875 0.9137538828125 0.8065673562500001 0.9307935625000001 0.8430487984375 0.9326030609375 0.862593878125 0.9244536812499999 0.8820850859375 0.9395491843749999 0.9239186406250001 1 0.9117576390625001 1 0.72432209375
12 0.90683026875 0.81189253125 0.901985509375 0.7869684046875001 0.8868091984375001 0.7600731640625 0.8570941828124999 0.7300349203125001 0.820801290625 0.7122185296875 0.7695162109375 0.7042802109374999 0.733088640625 0.7113610125000001 0.7015597 0.733407065625 0.6814533953125 0.7681553921875001 0.67468696875 0.815233315625 0.6854406390625 0.8807921703125 0.726124809375 0.9365537625 0.765080290625 0.9578319593750001 0.905038853125 0.9306267703125 0.9152401515624999 0.8858656953124999 0.9299404718750001 0.8591320703124999 0.9258141249999999 0.8430218625 0.90683026875 0.81189253125
12 1 0.455469740625 0.987618928125 0.3932783953125 0.938785378125 0.3570080125 0.8875541703125001 0.339110815625 0.857677540625 0.3389492015625 0.7881764625 0.370365971875 0.7480985328124999 0.41496543125 0.729294375 0.4922387875 0.7404745890625 0.54975600625 0.7952170484375001 0.6266611156249999 0.8241867171875 0.6528648796875001 0.8635148718749999 0.6760603171875 0.9032965078125 0.6862346796875001 0.9527720890625 0.6746279187499999 0.996976365625 0.6461386671875 1 0.6423393421875 1 0.455469740625
12 0.48828365937499996 0.931053690625 0.51951630625 0.963781459375 0.5646231187499999 0.9808794375 0.6298092984375 0.968208528125 0.6575037578125 0.9469078218750001 0.6807530671875 0.897620790625 0.66970753125 0.81520638125 0.6508314171875 0.7641592968750001 0.6318206265625 0.7380094046875 0.609693765625 0.7214187796875 0.555373425 0.7081014109375 0.5123949125 0.72242463125 0.47695068437500004 0.760154346875 0.46176994687499995 0.8048884859375001 0.4596372203125 0.8450966671875 0.465972675 0.87768975625 0.48828365937499996 0.931053690625
12 0.5309297140625 0.6949456578125 0.5775810921875 0.7097537218750001 0.62125108125 0.709223859375 0.6493182140625 0.6898403937500001 0.6752839828125 0.6340562937499999 0.6754725328125 0.5992002249999999 0.6640768312499999 0.5815185140625 0.591383303125 0.5658034890625 0.5532270421875001 0.538400896875 0.5330712937500001 0.511478721875 0.49264762656250005 0.5491815015625 0.468468846875 0.5578607421874999 0.46343553593750003 0.5677926828125 0.46929057500000004 0.6183862859375 0.49927052187500004 0.670259525 0.5309297140625 0.6949456578125
12 0.597135025 0.5646854671875 0.64341373125 0.5775762906249999 0.6729176875 0.5758206640625 0.698641034375 0.5648515093750001 0.7267889734375 0.530529728125 0.72785755 0.4746109484375 0.755129890625 0.3897225015625 0.7513762171875 0.3755295328125 0.7156714843749999 0.319794878125 0.6676102171875 0.2823795375 0.6189877265625 0.27790302499999997 0.5921463578124999 0.2831204578125 0.5579548296875 0.3017047046875 0.5259185375000001 0.346730709375 0.5121746234375 0.40909268593750003 0.523673640625 0.47848602187499994 0.5521090203125001 0.532649175 0.597135025 0.5646854671875
12 0.5465601296875 0 0.5430880921875 0.0051475078124999995 0.5217290890624999 0.059041303125 0.5107016359375 0.1149062109375 0.514159015625 0.1838730015625 0.5395052625 0.24261598437499998 0.5952354921875 0.27854062968750004 0.6465744421874999 0.276520071875 0.670753221875 0.26784083125 0.697783140625 0.22776732968750002 0.7103551609375 0.16961250625 0.7227655671875 0.14133431406250002 0.7246602984375 0.0743117015625 0.7028514171875 0 0.5465601296875 0
12 0.7070493953125 0 0.7092998640625 0.0106431515625 0.7365633515625001 0.0690134609375 0.7751461578125001 0.0883744171875 0.8308000078125 0.06760799843750001 0.8588671390625 0.048224534375 0.875085090625 0.0241804328125 0.8825112546874999 0 0.7070493953125 0
12 0.78834730625 0.6220274156250001 0.73096919375 0.536681059375 0.6805597140625 0.5793094078125 0.6914211265625 0.6249505078125 0.7264882546875 0.656932928125 0.7681871296875 0.6667346171874999 0.8126563375 0.6600803609375 0.8199526265625 0.656672425 0.8188346046874999 0.6509207031249999 0.78834730625 0.6220274156250001
12 0.44367977343750004 0.9626051406249999 0.47220038750000004 0.9302006 0.475716065625 0.9175791359375 0.45740117812500003 0.8335932234375001 0.46270384531250003 0.7738668984375 0.43527874375 0.7453732203125 0.3716910015625 0.7457953390625 0.351346703125 0.75372923125 0.32974970312499996 0.7808085953125 0.31898718125 0.858508496875 0.327558678125 0.90260503125 0.3445983578125 0.9390864734375001 0.3727957421875 0.9664351953124999 0.4149211640625 0.9681952468749999 0.44367977343750004 0.9626051406249999
12 0.4391670953125 0.7346689953125 0.44763527812500004 0.7270539046875 0.46268133593750005 0.7072169578125 0.471629934375 0.6816013546875 0.47525335625 0.6490621359375 0.47000898593749996 0.6272002062500001 0.4558204453125 0.5593245015625 0.40610686874999996 0.5441168296875001 0.36227969375 0.50289394375 0.294987721875 0.5507935953125 0.2909377546875 0.59137445 0.305099359375 0.66422959375 0.324801628125 0.70417284375 0.3651939328125 0.7430788796875001 0.3896915140625 0.74627575625 0.4391670953125 0.7346689953125
12 0.36917637187499996 0.5025482046875 0.41185859062499997 0.5429988078125 0.44780574531250006 0.55391851875 0.48268875 0.5491276296875001 0.509211315625 0.5320340796874999 0.5204228921875 0.51294248125 0.52665503125 0.493823946875 0.510683928125 0.4014237234375 0.524454778125 0.33408230781250003 0.4865140015625 0.266844209375 0.46707666562499994 0.24873595312500002 0.44873041406249997 0.24135885625000003 0.40079940000000003 0.250675703125 0.37848398906249997 0.268941146875 0.3576323375 0.299854990625 0.3419711828125 0.3625896421875 0.34138302343750004 0.4005079078125 0.35064599687500003 0.4583978 0.36917637187499996 0.5025482046875
12 0.26830796874999996 0.5261343984375 0.28505578125 0.5457602859375 0.29847646562499996 0.54315156875 0.34694176875 0.505875334375 0.35660877812499997 0.48907365 0.3394657828125 0.40088058281250005 0.347938390625 0.32163611406250003 0.3441847171875 0.3074431453125 0.31833111875000003 0.271680115625 0.29886684531249996 0.258551296875 0.27708572343750004 0.24885735156250002 0.25296081406250004 0.247577715625 0.22723746718750001 0.2585468703125 0.1863064484375 0.31922960312500004 0.1801237546875 0.4000186390625 0.1973744921875 0.4682939515625 0.21942054687499998 0.4998228921875 0.26830796874999996 0.5261343984375
12 0.33713527656250003 0.1944067578125 0.3430441859375 0.235041484375 0.3555579078125 0.2584749171875 0.3800285546875 0.26665123125 0.40926758124999996 0.24306061093750003 0.44377791093749996 0.23635248281250001 0.47586364843749995 0.2529969796875 0.50214379375 0.2807183734375 0.524831878125 0.2643701703125 0.5341262140625 0.24565124531250002 0.5314905624999999 0.23721 0.512241775 0.184245675 0.505003784375 0.10606535624999999 0.493154603125 0.1014047203125 0.46854927812499997 0.11812559687499999 0.45321135312500005 0.1211069875 0.40884988906249997 0.1078434921875 0.385205396875 0.0885633421875 0.36134541875 0.1091187015625 0.343901703125 0.147328834375 0.33713527656250003 0.1944067578125
12 0.451855478125 0 0.34228518281250003 0.0212983078125 0.342630921875 0.0281949859375 0.368457584375 0.06893745625 0.41002178125000005 0.10363633593749999 0.45054876562499996 0.11764518125000001 0.4735556515625 0.1131730953125 0.5085733359375 0.0834850140625 0.539965765625 0 0.451855478125 0
12 0.047879171875 0.5590330109375 0.066036871875 0.6012661765625 0.086538359375 0.6350850296874999 0.11625337499999999 0.665123275 0.14450463125 0.68251311875 0.177789196875 0.689971021875 0.208465046875 0.684008240625 0.2242295171875 0.6729852140625 0.2554396546875 0.63906304375 0.264733990625 0.6203441187500001 0.270328525 0.57747335 0.2606120703125 0.5326045328125 0.2102608890625 0.49364462500000006 0.1920493171875 0.4613703375 0.1773534234375 0.41647458437499996 0.1555992359375 0.40180119999999997 0.1280663921875 0.393225275 0.089402778125 0.388802634375 0.069058478125 0.39673652812500004 0.041759203125 0.4866044140625 0.0393076734375 0.514936478125 0.047879171875 0.5590330109375
12 0.0718291859375 0.8050774125 0.13719948906249999 0.8291798109374999 0.1571711140625 0.819328678125 0.16737241249999998 0.7745676031250001 0.17781170625 0.7566209625 0.1804517859375 0.6934328296875 0.14487730468749999 0.6844303593750001 0.12120587812500001 0.67012965 0.0819585296875 0.631995896875 0.0565584125 0.583211790625 0.04737181875 0.5820129625 0.040820878125 0.5892553796875 0.0265201671875 0.6129268078125001 0.0183169171875 0.6423768921875 0.0486112390625 0.7777556265625 0.0718291859375 0.8050774125
12 0.2572853171875 0.9351667593749999 0.2875884921875 0.9272867375 0.314910278125 0.904068790625 0.32037013281250004 0.8860952140625 0.3184034484375 0.8247973859375 0.330548921875 0.7746842 0.327167921875 0.7624084734375 0.297852515625 0.7293080296875 0.25964238281249996 0.7118643140625001 0.22704929375 0.71819976875 0.19243121875 0.7448256515625 0.171153021875 0.7837811328125001 0.16513194375 0.8346935375 0.176738703125 0.8841691203125001 0.19878475625 0.9156980593749999 0.222456184375 0.9299987703125 0.2572853171875 0.9351667593749999
12 0.31518848906249997 0.71101565 0.320967146875 0.704918190625 0.31833149375 0.6964769453125 0.3020640984375 0.6588505453125 0.2897658625 0.59558160625 0.289236 0.5519116171875 0.2682271609375 0.5410727140625 0.2718730921875 0.575183434375 0.2658520125 0.626095840625 0.21264526562500002 0.690159571875 0.23551747500000003 0.710584678125 0.290637034375 0.7177776515625001 0.31518848906249997 0.71101565
12 0 0.440668440625 0.010207753125 0.442000528125 0.050469806250000006 0.434174378125 0.0714022640625 0.3883222171875 0.086367515625 0.3834235875 0.1051133765625 0.38773848437499997 0.1124366 0.37935111093749996 0.11600615 0.35677076875 0.11113445468750001 0.3368260796875 0.04624456875 0.2947231671875 0.02110938125 0.26777405625 0 0.2312964265625 0 0.440668440625
12 0 0.223926275 0.0306417125 0.2758695640625 0.0767857390625 0.313657578125 0.12418246562499999 0.332300121875 0.152941075 0.3267100140625 0.1817535546875 0.31116103125 0.21842354843749998 0.2592652828125 0.22710721562499997 0.211814684375 0.21558126249999998 0.14740078750000002 0.197023953125 0.108229821875 0.1543956046875 0.0578203421875 0 0.0878318078125 0 0.223926275
12 0 0.52301535 0.0350197109375 0.5287029000000001 0.038750876562499995 0.476245928125 0.014414907812499999 0.44317242031250004 0 0.442310771875 0 0.52301535
12 0.17191645312499998 0.92589493125 0.1854448796875 0.9033684609374999 0.1695501578125 0.8676593015625 0.1636412484375 0.827024575 0.1579164625 0.8231631593750001 0.14177931875 0.8322689453125 0.090920784375 0.8162889890624999 0.0709222234375 0.8311195609375 0.061919753125 0.8666940421874999 0.080261578125 0.945700515625 0.1300559625 0.9459698734374999 0.17191645312499998 0.92589493125
12 0.23014247812500002 0.21719373281249998 0.24345541874999999 0.23450276875 0.29087908125 0.24816587499999998 0.31761270625 0.2628661953125 0.33950157187499996 0.2526423875 0.342617640625 0.24308312031249998 0.33404614375 0.1989865875 0.3408125703125 0.15190866249999999 0.358283221875 0.108719090625 0.3571921359375 0.09798793125000001 0.34129741406249997 0.06227877187500001 0.3154438140625 0.026515740625 0.1869886953125 0.0514848875 0.1829656640625 0.087086303125 0.200858434375 0.1074844734375 0.217152765625 0.140131434375 0.23014247812500002 0.21719373281249998