12 0.21327633906250001 0.6027995546875 0.141709896875 0.6319242078125 0.06841105 0.62588104375 0.0464785375 0.650770903125 0.032263221875 0.6836871265625 0.027246709375 0.7293837 0.0316856609375 0.78096005625 0.0499257484375 0.8330497390625 0.077982975 0.866432646875 0.1354332484375 0.8898526312499999 0.1799048796875 0.883214590625 0.2203925140625 0.8573564515625 0.25776528593750003 0.8112049234375001 0.277405428125 0.7364769765625 0.270259928125 0.6684920812499999 0.231113978125 0.6136899859375 0.21327633906250001 0.6027995546875
12 0 0.22389720937500002 0.027375462499999996 0.23545350312500002 0.056920159375 0.23627599687499998 0.0815592203125 0.22779467812499998 0.0998110390625 0.205255559375 0.1111622890625 0.1824597765625 0.11453968125 0.1585381984375 0.100744409375 0.12071047343750001 0.1006452640625 0.10108206093750001 0.110462403125 0.0823752875 0.09907037656249999 0.0393852609375 0 0.050453099999999994 0 0.22389720937500002
12 0.12190106875 0.15383671875 0.1245551109375 0.1790882515625 0.137329596875 0.20720385000000002 0.1643135328125 0.23971762343749997 0.19891551875 0.26062935 0.2493135734375 0.2730072515625 0.286219659375 0.269128265625 0.3195500625 0.24991403281250002 0.34260837187500004 0.21705031406250003 0.3534521609375 0.17074126875 0.34845324375 0.1044946421875 0.31278383125000003 0.045399381249999995 0.2758311046875 0.0208069609375 0.1340340375 0.0357104328125 0.11997037343750001 0.079412075 0.10299600312499999 0.1047627546875 0.1057025515625 0.12117129374999999 0.12190106875 0.15383671875
12 0 0.518820809375 0.0049352078125 0.56381670625 0.050421759375 0.6042051953125 0.0998981734375 0.62649938125 0.129647028125 0.6292643 0.20162178593750002 0.6040244984375 0.24543430625 0.563087775 0.270901725 0.48774735625 0.2647770109375 0.4294745890625 0.21694558437499997 0.3480910078125 0.1903699640625 0.319462084375 0.1532130796875 0.2929272375 0.1144695796875 0.27932439375 0.064170671875 0.2865749046875 0.017651603125000002 0.3111030890625 0 0.32969490625 0 0.518820809375
12 0.5492405609375 0.0716077453125 0.5209791765625 0.036282410937499995 0.47753419687500004 0.015318178125000002 0.41149172656250005 0.022259521875 0.38204617500000004 0.041065440625 0.3545896890625 0.088138609375 0.3584103046875 0.1712020890625 0.372765540625 0.22370008437500002 0.3894248765625 0.25140736874999997 0.4100215703125 0.26986334375 0.462974521875 0.287864365625 0.5070378375 0.27734147343750004 0.5456355515625 0.2428444984375 0.5646573593750001 0.199603675 0.57028634375 0.159734378125 0.5668156718749999 0.12671314375 0.5492405609375 0.0716077453125
12 0.4861786171875 0.3031004671875 0.44099536875 0.2842828171875 0.3974453765625 0.281004571875 0.3677956671875 0.297868065625 0.3370668015625 0.35117682499999997 0.3338410625 0.3858838234375 0.3436523359375 0.40449145 0.4146995890625 0.4264823328125 0.45032236093750005 0.4571061875 0.4680549890625 0.48568260625 0.5116108453125 0.45164645 0.5364540640625 0.44510755625 0.542333846875 0.435652090625 0.5409106109375 0.3847407125 0.5155657984375 0.33045194218749996 0.4861786171875 0.3031004671875
12 0.40887231249999995 0.42709480468749994 0.3638932203125 0.41021958124999996 0.3343485234375 0.40939708750000003 0.3077670359375 0.4180825640625 0.2767348671875 0.449820484375 0.2707967140625 0.50543334375 0.2362296375 0.587621825 0.2387320296875 0.6020879375 0.2694433 0.6607223796875 0.3140607171875 0.7021841578125 0.36210803125 0.7108813656249999 0.3893019890625 0.708023165625 0.42498313281250005 0.6924896265625 0.4608217921875 0.65042710625 0.47994860937499995 0.5895002953125 0.47454137812499997 0.5193688171875 0.4509348328125 0.4629334640625 0.40887231249999995 0.42709480468749994
12 0.4052123484375 1 0.41394663437499996 0.9892140546875 0.4399215140625 0.9373868999999999 0.455775953125 0.8826956812500001 0.4583425796875 0.81369 0.438212571875 0.7529614812500001 0.38582545156250003 0.71231633125 0.3345057578125 0.7098547140625 0.309662540625 0.7163936093750001 0.27924284374999997 0.75395880625 0.2616501359375 0.8107966093750001 0.24682235000000002 0.83788555625 0.239093421875 0.904487990625 0.2582753984375 1 0.4052123484375 1
12 0.2525884609375 1 0.248846325 0.9692530125 0.2267738921875 0.9087286515624999 0.19002532187500001 0.8860786562499999 0.13277334062499999 0.9019154984375 0.10312363124999999 0.9187789921875 0.0848718140625 0.9413181109375 0.072394765625 0.9720877515625 0.064137678125 1 0.2525884609375 1
12 0.2233853328125 0.35330581250000004 0.2731066796875 0.44332823125000004 0.327039640625 0.40525557343749996 0.32019744375000003 0.3588415171875 0.28805120781250004 0.323924496875 0.2473652828125 0.31052580937499996 0.2024853359375 0.3132789984375 0.1949197921875 0.316038053125 0.1955322625 0.3218653296875 0.2233853328125 0.35330581250000004
12 0.59642460625 0.04406384375 0.5651882796875001 0.0738593390625 0.5605859453125001 0.0861263640625 0.5715112859375 0.17138893125000002 0.5610233046875 0.230425821875 0.5858606578125001 0.26120132812499997 0.64924321875 0.26632285312500004 0.6702015859375 0.2601922734375 0.694076525 0.2350982578125 0.711570084375 0.1586320421875 0.7068744703125 0.1139562546875 0.6930792 0.076128528125 0.6673727125 0.0464263140625 0.6255609890625 0.0410014859375 0.59642460625 0.04406384375
12 0.5810541671875 0.271525928125 0.5719545109374999 0.278373990625 0.555236803125 0.2968241 0.5440897109375 0.3215623078125 0.537644096875 0.353661903125 0.5409631171875 0.37589771875 0.549181909375 0.444751746875 0.5973808734375 0.4642343734375 0.6374484640625 0.5091201843750001 0.7086590984375001 0.46726768593749995 0.7162305078125 0.4271942328125 0.7084725359374999 0.3533820609375 0.692326525 0.311873640625 0.6554788109375 0.26959523281250003 0.631353075 0.264275415625 0.5810541671875 0.271525928125
12 0.6305478953125 0.5088635218750001 0.5915535968750001 0.4648468453125 0.5566949484375 0.45083568749999997 0.5215271312499999 0.452568090625 0.493615690625 0.4672850015625 0.48078283437499997 0.485326796875 0.4729081203125 0.5038294125 0.4807652390625 0.5972699984375 0.46117759999999997 0.66315495 0.49311381406250004 0.7334439453125 0.510898946875 0.7531773687500001 0.528532428125 0.762125375 0.57709306875 0.7570214453124999 0.6009154999999999 0.7407704234375 0.624382125 0.71179155625 0.6454513671875 0.6506605890625 0.649342084375 0.612937875 0.6451597953125 0.55446095 0.6305478953125 0.5088635218750001
12 0.7330881359375 0.49415834218750004 0.7181145625 0.47314746875 0.704517584375 0.47457656875 0.65298786875 0.507486928125 0.64189328125 0.523382140625 0.651284509375 0.6127337171875 0.63593753125 0.6909382 0.6384399234375 0.7054043140624999 0.6610781875 0.7432845453125 0.679324140625 0.7580598265625 0.7001774968750001 0.769615234375 0.724099075 0.772992625 0.7506805625 0.7643071484374999 0.796744675 0.70742270625 0.8099450703125 0.6274799546875001 0.7987105609375 0.5579609484375 0.779496328125 0.5246305453125 0.7330881359375 0.49415834218750004
12 0.6356107671875 0.8186249625 0.63326589375 0.77762986875 0.6228421484375 0.753194965625 0.5991772328125 0.74291700625 0.5679934109375 0.7638695078125 0.5330297515625 0.7675443375000001 0.5025167734375 0.748166721875 0.47875271093749994 0.71826035 0.454726121875 0.7325689453125 0.4438356921875 0.7504065843750001 0.44572561093749996 0.759045421875 0.46028500625 0.81348584375 0.46068158906249995 0.8919994953125 0.4720794796875 0.8976751203125 0.4980484953125 0.8831623656250001 0.5135879 0.881529109375 0.556624565625 0.8986084906249999 0.5784987078125 0.919876025 0.6040594078125 0.9014784203125 0.624766978125 0.864934009375 0.6356107671875 0.8186249625
12 0.5262038890625 1 0.6153930625 0.990625840625 0.615649725 0.9837252718749999 0.5934722812500001 0.9408868984375 0.5550904546875 0.9026974984375 0.5159386390625 0.885209803125 0.4926295328125 0.8876596890625 0.455157615625 0.9141828046875 0.41650153124999995 0.9948371734375 0.41613978906250004 1 0.5262038890625 1
12 0.9555454375 0.480596553125 0.9411376953125 0.4369415515625 0.92366173125 0.401464565625 0.8966777953125 0.36895079062499997 0.8700496687499999 0.3491648609375 0.8375417593750001 0.338834396875 0.80646295 0.3421009109375 0.7897977484375 0.351708028125 0.7557498625 0.38278097187500004 0.74485943125 0.4006186109375 0.735549753125 0.44283864843750004 0.741318659375 0.4883835703125 0.788082659375 0.53158361875 0.803412040625 0.5653223359374999 0.8141390890625001 0.611328078125 0.834531625 0.627841628125 0.8612122578125 0.6387845640625 0.8993432875 0.64656013125 0.9203016546875 0.6404295515625 0.9553295500000001 0.553282928125 0.960241053125 0.5252723421875001 0.9555454375 0.480596553125
12 0.9531307437500001 0.2334010453125 0.8901098562499999 0.203692965625 0.869355646875 0.21176597031250002 0.8552919828125001 0.25546761406249996 0.8433282609375 0.27243611875 0.83519101875 0.335153703125 0.8698455109375001 0.3472224359375 0.8921804718749999 0.363531828125 0.927954896875 0.4049411015625 0.94900654375 0.4557533359375 0.9580536953125 0.4577482671875 0.965210925 0.4511043609375 0.98152031875 0.4287694 0.992259096875 0.4001463421875 0.9738790875 0.262642440625 0.9531307437500001 0.2334010453125
12 0.7797183624999999 0.08764316093749999 0.748843709375 0.0928521 0.719602315625 0.11360044531249999 0.7125967359375001 0.13102977031250002 0.7092134796875 0.1922657484375 0.6927465703125 0.241129690625 0.6950448046875 0.253653378125 0.7213637625 0.2891828703125 0.7579081750000001 0.3098904390625 0.790929409375 0.30641976875 0.82773635 0.28291236875000003 0.8523287703125 0.24595964218750002 0.8627642468750001 0.19576574687499998 0.8555137343749999 0.1454668390625 0.8362995015625 0.1121364359375 0.813964540625 0.0958270421875 0.7797183624999999 0.08764316093749999
12 0.7024994734375001 0.3058947125 0.6962113765625 0.3114653265625 0.698101296875 0.32010416249999996 0.7110274328124999 0.3590051796875 0.7177646203125 0.4231052234375 0.714486375 0.466655215625 0.7344705968749999 0.47928391406250004 0.733811484375 0.44498523125 0.7442469609375 0.39479133437499997 0.8028347609375001 0.33560865781250004 0.781829753125 0.31326783125 0.7275468484375 0.30129824374999997 0.7024994734375001 0.3058947125
12 1 0.6042434421875 0.9828734515625 0.6004669734375 0.942082515625 0.6047542734375 0.91723343125 0.6486075687499999 0.901898184375 0.6521832515625 0.8835997250000001 0.6462509625 0.8755733609374999 0.653968159375 0.8700493859374999 0.6761514703125 0.87316425 0.696444859375 0.9341377 0.744043084375 0.9568284703125001 0.773080321875 0.9808958359375 0.8245575328125 1 0.8299639734375001 1 0.6042434421875
12 0.905362990625 0.7225188859375 0.859771428125 0.6998163859375001 0.8306350437500001 0.7028787421875 0.8005770203125 0.7158573859375 0.75952355625 0.764359653125 0.746737340625 0.8108728562499999 0.7526053921875 0.8760461921875 0.7676781109374999 0.916685478125 0.80575076875 0.9706184390624999 0.9650296671874999 0.9538775515625 0.9828790359375 0.8901391828125 0.9757335359375 0.8221542875000001 0.9480379828125001 0.7641848234374999 0.905362990625 0.7225188859375
12 1 0.5206239234375001 0.9657125203125 0.511932025 0.957423628125 0.563864190625 0.9787844437500001 0.5989328625 1 0.6020735625 1 0.5206239234375001
12 1 0.8382730109375001 0.992188715625 0.8479191453125001 0.97279936875 0.9530609234374999 1 0.9498534421875 1 0.8382730109375001
12 0.8639542796875 0.1043200921875 0.8485140203125001 0.1255817625 0.8612360000000001 0.1625403546875 0.863580875 0.2035354484375 0.86894733125 0.2078811203125 0.885816690625 0.20021642812499998 0.9350889468749999 0.22056818906250003 0.9563039765625 0.20753704062499997 0.9683727109375001 0.17288255 0.9569865500000001 0.0925781234375 0.907405125 0.087969925 0.8639542796875 0.1043200921875
12 0.7441824421875001 0.8052497375 0.73242874375 0.7868462671875001 0.6863763609375 0.769101909375 0.6610256828125001 0.7521275390625 0.638329046875 0.7604047015625001 0.634391690625 0.769656009375 0.6390873046875 0.8143317984375 0.6282435140625 0.86064084375 0.6070751249999999 0.9021433984374999 0.6072267765625 0.9129288171875001 0.61994875625 0.949887409375 0.6425870203125 0.987767640625 0.772729534375 0.9740891109375 0.779840125 0.9389737984375 0.7637932609375 0.9170937921875 0.750406303125 0.8831509171875 0.7441824421875001 0.8052497375