12 0.7153479843749999 0.8250963890625 0.7073605484375001 0.7740052578125 0.697272453125 0.7550869765625 0.6591880328124999 0.726396621875 0.5833352109375001 0.7159305203125 0.567583403125 0.7192890875 0.558970103125 0.7141025156249999 0.5225401703125 0.7499623484375 0.515934571875 0.771229146875 0.5199499734375 0.8241358859375 0.5471283437500001 0.85733118125 0.5776776765625 0.87794114375 0.6297664593750001 0.8973489640625001 0.6944529734375 0.8917906046875 0.7255600078125 0.8684479421875 0.730213671875 0.8471129812499999 0.7153479843749999 0.8250963890625
12 0.5481446125 0.688318378125 0.5494397109375 0.651231609375 0.5386823828125 0.6234955390625 0.5170190031249999 0.6002644078125 0.48511880625000003 0.590356009375 0.4285002875 0.616716421875 0.41085231093749996 0.64639203125 0.40787792968750003 0.675602896875 0.4127794515625 0.703134478125 0.421925659375 0.7210427109374999 0.4494448453125 0.7444783296875 0.490367321875 0.747861690625 0.5121112609375 0.74080374375 0.5354105546875 0.7171884281249999 0.5481446125 0.688318378125
12 0.9828443874999999 1 0.9854834109375 0.9244282390624999 0.97007241875 0.9180271296875 0.9290693828125001 0.944932846875 0.8865233890625 0.9600587890625001 0.8858552390625001 1 0.9828443874999999 1
12 0.9828064765625 0.8891570796874999 0.9822178031250001 0.8500502125 0.967885021875 0.8407552812500001 0.9347702874999999 0.8376445734375 0.9041527921875 0.8189865468749999 0.8701085671875 0.7865286484375 0.8554349718750001 0.7869933921875 0.8166565218749999 0.8061595328125 0.793220903125 0.8336787171875001 0.7894285640625001 0.8863128046875 0.8001858921875 0.9140488765624999 0.8124304109375 0.927179515625 0.856643290625 0.94826661875 0.89561383125 0.9515818156250001 0.9331777421874999 0.9392133671874999 0.9765416921875 0.9006642015624999 0.9828064765625 0.8891570796874999
12 0.8813678296875 1 0.8797814640625001 0.9852294578125 0.8621582812499999 0.9582307828125 0.8104103140625 0.9290632875 0.78962065625 0.9087941421875 0.7692957453125 0.903198590625 0.738870340625 0.9070219015625 0.7152302328125 0.9403968921875 0.706536371875 0.9654993968750001 0.7093319296875 1 0.8813678296875 1
12 0.879248596875 0.6647031046875 0.8627469953125001 0.6895329578125 0.8593636359374999 0.7304554343749999 0.869643821875 0.771855053125 0.9004534109375 0.812994415625 0.942578028125 0.837917225 0.9640493156250001 0.83866701875 0.9888234015625 0.8287834140625 0.9952307312500001 0.6453015046874999 0.9693908296875 0.6297417890625 0.9391017515625 0.629661228125 0.9044998265625 0.641155953125 0.879248596875 0.6647031046875
12 0.82999165 0.7880592078124999 0.84833365625 0.7105271046875 0.841740453125 0.7034567609375 0.8006816499999999 0.7039772703125 0.7474464921874999 0.6894152078125 0.710619978125 0.708649509375 0.69344914375 0.7246615734375 0.6889318046875 0.7420926640625 0.71133258125 0.7721896484374999 0.7121939078125 0.8034887749999999 0.7209993 0.8311566828125001 0.7333119828125 0.8423353875 0.75471510625 0.8450371156250001 0.788375146875 0.8325323421874999 0.82999165 0.7880592078124999
12 0.6940873640625 0.9582245640625 0.7070816765625 0.949883915625 0.7342290734375 0.9000197203125 0.7329587703125 0.8804322046875 0.7234717453124999 0.8722836484375 0.694384809375 0.8937425390625 0.655073453125 0.90018701875 0.6103152703125 0.8947153968749999 0.5661705546875 0.8716763593750001 0.55646664375 0.8977207500000001 0.559007253125 0.93689578125 0.5673479015625 0.94989009375 0.5980335593749999 0.9665961843750001 0.6645356828125 0.9650098593750001 0.6940873640625 0.9582245640625
12 0.54835285625 1 0.553808284375 0.9738462234374999 0.55044971875 0.958094415625 0.519094825 0.932570534375 0.49856542499999995 0.932830790625 0.47177123906249996 0.9445981671875 0.42270020625000004 0.95070183125 0.39710816250000003 0.9840086593749999 0.3947472484375 0.9956521078125 0.5000246734375 1 0.54835285625 1
12 0.6982968078125 1 0.69212303125 0.98649354375 0.6760428046875 0.9712746437499999 0.6536977953124999 0.9675628656249999 0.586117459375 0.9720430125 0.576822528125 0.9863757921874999 0.5763467609374999 1 0.6982968078125 1
12 0.8876698062499999 0.647408340625 0.9086887453125 0.605147396875 0.9052620171875001 0.591347525 0.876199875 0.5561321312499999 0.8510973703125 0.5474382703125 0.8188563578125001 0.547289546875 0.8020944999999999 0.5515899984375 0.7607506484375001 0.5882553921875 0.7459283296875 0.6209611484375 0.7447695578125 0.654144046875 0.7500800578125 0.66996401875 0.7736953734375 0.6932633109374999 0.7949621703124999 0.6998689109375 0.826193134375 0.7009595203125001 0.8538610421874999 0.692154128125 0.8876698062499999 0.647408340625
12 1 0.47544259999999994 0.99140124375 0.4751423265625 0.9310151812499999 0.4974625421875 0.9056957890625 0.5229616296875 0.8927572421875001 0.5576874843749999 0.90539834375 0.5874436546874999 0.926993559375 0.61262671875 0.994493334375 0.63843565 1 0.503855459375 1 0.47544259999999994
12 0.929397884375 0.347900928125 0.915746734375 0.31908664375 0.8962273828124999 0.3184050140625 0.8324951515624999 0.2966362796875 0.7983703671875 0.2944674578125 0.7762856109375 0.31128508125 0.7469817890625 0.36693691875 0.7418261890625 0.4586097109375 0.7685955812499999 0.5035166171875 0.80284429375 0.5301187109375001 0.8204117109375 0.530732178125 0.8521879796875 0.51620730625 0.883635828125 0.4831049671875 0.9217016750000001 0.4003986890625 0.929397884375 0.347900928125
12 0.7369804328125 0.45746333593750005 0.7262107078125 0.45806440625 0.68077089375 0.47211213750000003 0.668966325 0.530329378125 0.7199768953125 0.55263101875 0.72831754375 0.5656253328124999 0.7313352937500001 0.591136815625 0.7458725640625 0.5945759421875 0.7911202859375 0.5580468749999999 0.80176608125 0.5330125328124999 0.752447190625 0.49024965312499996 0.7369804328125 0.45746333593750005
12 0.73119896875 0.5950406859374999 0.7244136734375 0.56548900625 0.696826325 0.5440053218750001 0.6646534765625 0.5419046625 0.6372458234375 0.5712394578125 0.5882987187500001 0.6017763921875 0.56748426875 0.63818153125 0.5676639640625 0.689000009375 0.58939550625 0.7102792046874999 0.671240459375 0.7170459250000001 0.7003273953125 0.695587034375 0.72086919375 0.6669896375000001 0.7296993796875 0.6379832609375 0.73119896875 0.5950406859374999
12 0.9576668625 0.349865259375 0.9353900156250001 0.34420154687500004 0.9215653484375 0.40430255937500004 0.885724090625 0.4792692609375 0.89029719375 0.48822337656250003 0.9079327734374999 0.48688490937499995 0.9456330109375 0.47061259062499994 0.9729725015625 0.44322973125000004 0.9836864593750001 0.41624345468749996 0.9886127765625 0.3871007515625 0.9831659500000001 0.3751846515625 0.9576668625 0.349865259375
12 0.9119110265625 0.3169983828125 0.929490840625 0.28927470781250003 0.9303769609374999 0.2638995515625 0.9252957437499999 0.18554949062499998 0.90988475 0.1791483796875 0.8752146609375 0.192595040625 0.8302519890625 0.192979225 0.8102554953125001 0.205961140625 0.7762422421874999 0.2565627328125 0.7696366421875 0.2778295296875 0.7707024578125 0.3032728515625 0.7773638234375 0.308391259375 0.7993804156250001 0.293525571875 0.8150640609375 0.2921189421875 0.9119110265625 0.3169983828125
12 0.6721451953125 0.49526270781250004 0.6698090750000001 0.45023187187499997 0.65346859375 0.41448357031249994 0.6430396843749999 0.4053249640625 0.6245985453125 0.4017495125 0.5547254578125 0.415921171875 0.5395065578125 0.43200139843749996 0.512290996875 0.48381752968749997 0.5105187578125 0.5345678453125 0.523296184375 0.56042014375 0.5584867828125 0.5880322859375 0.595573553125 0.589327384375 0.633410115625 0.5691511953124999 0.6654032703125 0.5204333765625 0.6721451953125 0.49526270781250004
12 0.495188325 0.49787765781250004 0.442486075 0.4960372546875 0.41180041562499997 0.4793311625 0.395174884375 0.47972774375 0.3652823890625 0.49627271562499997 0.334299284375 0.5440486484375 0.3318702078125 0.5576440328125 0.3445113078125 0.5874002015625 0.3720304921875 0.6108358218750001 0.4146322515625 0.6220950859375 0.4875478828125 0.576760625 0.50007745 0.5537463812500001 0.5034608109375001 0.5128239046874999 0.495188325 0.49787765781250004
12 0.4538816234375 0.7573363171875 0.4512604546875 0.7484503640625 0.421789334375 0.72494658125 0.40363324375 0.6852262453125 0.3931361703125 0.6780195765625 0.380414509375 0.6785524828125 0.347014725 0.711586659375 0.31624850625 0.7251696453124999 0.3087567875 0.7718116015625001 0.3176303421875 0.7975275734375 0.3335742421875 0.8166503453124999 0.358540421875 0.8292480765624999 0.389703221875 0.8322906203124999 0.43824134687500005 0.813465296875 0.45104356718750005 0.7826433109375001 0.4538816234375 0.7573363171875
12 0.3304511375 0.878102221875 0.30871959531250004 0.8568230265624999 0.28765728749999997 0.844361621875 0.2575045359375 0.8403771921875001 0.2309148390625 0.8462887625000001 0.173682853125 0.8902165921874999 0.16916551562499998 0.9076476828125 0.17554183125 0.9489109750000001 0.197000721875 0.9779979109375001 0.2123435515625 0.9863509562500001 0.2981605375 0.9913020671874999 0.337416128125 0.95847238125 0.3395291828125 0.8979623890624999 0.3304511375 0.878102221875
12 0.0785337453125 0.9846096890625 0.19659174375 0.9897095218749999 0.1735217328125 0.950794746875 0.16573878749999998 0.8938478109375 0.1038221640625 0.8760511109375001 0.08738872656249999 0.898929028125 0.0807149640625 0.9221477625000001 0.0785337453125 0.9846096890625
12 0.23431059687500003 0.7770291453125 0.2253007140625 0.7552170421875 0.20726855312499998 0.7399299781249999 0.20040269843749997 0.740667375 0.1118839828125 0.7571193890625 0.09059239062499999 0.8071880734375 0.0899789234375 0.8247554906250001 0.095084934375 0.8464312671875 0.1203795328125 0.8776064640625 0.135790525 0.884007575 0.16904158593750002 0.8832144124999999 0.22640989843749998 0.8353827125000001 0.23483110625 0.818087946875 0.23431059687500003 0.7770291453125
12 0.5030827625 0.9153997 0.516089471875 0.878721909375 0.5117332546875 0.8355748453125 0.4766108171875 0.8060107671875001 0.4561495796875 0.8043190875 0.4310346765625 0.82396236875 0.40141483281249996 0.8326995984375 0.392324390625 0.8411765734375001 0.385650628125 0.8643953062499999 0.384900834375 0.88586659375 0.39740560937499997 0.9195266343749999 0.4192053140625 0.93885389375 0.4365682421875 0.9453231671875001 0.4818035671875 0.9371312421875 0.5030827625 0.9153997
12 0.366546475 0.683931146875 0.3772604328125 0.6569448703125 0.376603596875 0.6197899375 0.326547309375 0.570161203125 0.31389381250000004 0.5687421765625 0.269600371875 0.57794415 0.25431330937499996 0.5959763125 0.24729873125 0.628954721875 0.24795556875 0.666109653125 0.25696545 0.68792175625 0.271025578125 0.705024428125 0.2959917578125 0.7176221593750001 0.32136691562499997 0.7185082796875 0.33920698437499996 0.7113140062500001 0.366546475 0.683931146875
12 0.23610763124999998 0.6696045453125 0.20570702187499998 0.616753571875 0.190296028125 0.6103524609375001 0.13564184375 0.6084438953125 0.0744626171875 0.59751305 0.0457041 0.63754940625 0.0409822734375 0.6608363015625 0.041639109375 0.697991234375 0.0573785203125 0.7229698109375 0.1151186203125 0.748437925 0.1424457125 0.7493922078125 0.17583310000000002 0.744695175 0.2226237796875 0.7199458828124999 0.2332014125 0.696863475 0.23610763124999998 0.6696045453125
12 0.252045353125 0.5489935406249999 0.2471438296875 0.5214619578125 0.21061476250000002 0.4762142359375 0.16969228593750002 0.4728308765625 0.1255475703125 0.4497918375 0.09929869062499999 0.445943734375 0.0625403390625 0.4632261015625 0.0410566546875 0.49081345 0.0450720578125 0.5437201890625001 0.06451085 0.574690896875 0.09499201874999999 0.59725279375 0.1201626875 0.6039947203125 0.186528484375 0.6063122640625 0.23392023437499998 0.592332696875 0.24698270937500003 0.5820401125 0.252045353125 0.5489935406249999
12 0.3194026234375 0.43897256562500003 0.2990095484375 0.43532895156249996 0.2565998828125 0.4465510234375 0.2433329171875 0.4626994125 0.2437852640625 0.50571015 0.25467891875 0.5295423515625 0.25769666875 0.5550538359375 0.27182496093749997 0.5702045734375 0.3211686453125 0.55629316875 0.36137851875 0.4961363890625 0.35735071875 0.471566790625 0.3194026234375 0.43897256562500003
12 0.259450334375 0.3929068875 0.22743860468750002 0.3302280734375 0.18557424218750002 0.325834665625 0.1550806765625 0.33160991093750003 0.1114440734375 0.3779668171875 0.1109669328125 0.39163036406249996 0.11768406406250001 0.4231339796875 0.13712285625 0.4541046875 0.1736643203125 0.4710152671875 0.1951356078125 0.47176506093750004 0.2247554515625 0.46302783124999997 0.2500748421875 0.43752874375 0.259450334375 0.3929068875
12 0.38467163437499996 0.3327872984375 0.37520940468749997 0.267964459375 0.366131359375 0.248104290625 0.3328926953125 0.22056031250000002 0.30664381406249996 0.21671220781249997 0.28786185937500003 0.22289643125 0.252441975 0.2578143796875 0.2395034296875 0.292540234375 0.237935678125 0.33743474375 0.244993625 0.359178684375 0.2906689 0.4223346390625 0.302448675 0.42079168125 0.322785984375 0.398050090625 0.3738895125 0.36172551249999996 0.38467163437499996 0.3327872984375
12 0.5181282281249999 0.3726253859375 0.5020480015625 0.357406484375 0.42881634999999996 0.35582633750000003 0.4159583640625 0.360263115625 0.3985148765625 0.38408291875 0.39297509218750004 0.4307930375 0.39787661406249997 0.45832462031250004 0.434814659375 0.49186073124999996 0.47957284375000003 0.497332353125 0.5012486203125001 0.492226340625 0.5187602703125 0.46645460156249996 0.5296787187499999 0.43361251875000006 0.5181282281249999 0.3726253859375
12 0.5445506265625 0.28755819374999997 0.545573071875 0.258279165625 0.5282907046875 0.22152081406250002 0.45190497656249995 0.198333053125 0.42322701875 0.20808033125 0.39191549531250003 0.23727879999999998 0.383221634375 0.2623813046875 0.3819946984375 0.29751613906249996 0.400218953125 0.3352845390625 0.41825111406250004 0.3505716015625 0.49632852187500004 0.353298125 0.5194233265625 0.335538615625 0.5338366671875 0.3145444703125 0.5445506265625 0.28755819374999997
12 0.670856315625 0.36427855937500003 0.69632443125 0.306538459375 0.6921727015625 0.257535590625 0.6803371625 0.23269334062499997 0.64439676875 0.22655248593750002 0.5944520125 0.2296941640625 0.550747246875 0.27800300624999996 0.5316120796875 0.32228404843749997 0.5266176 0.3533786859375 0.527001784375 0.3983413578125 0.5334586609375 0.4093155734375 0.5568137203125 0.412085465625 0.635640921875 0.3933407015625 0.6535491546875 0.3841944921875 0.670856315625 0.36427855937500003
12 0.7053157375 0.2169539296875 0.733801603125 0.18472531406249998 0.7569088046875 0.1386286625 0.7561156421875 0.1053776015625 0.7717559171875 0.049248621874999995 0.7670464875 0.0441983765625 0.7504209562499999 0.0445949578125 0.731502675 0.054683051562499994 0.6806841968749999 0.054862746875 0.6498498140625 0.07039766875 0.6049986734374999 0.12355226718750001 0.5808690265625 0.1989279453125 0.585237640625 0.2137378671875 0.6005804703125001 0.2220909125 0.6572547546874999 0.2221157078125 0.6902331640625 0.2291302859375 0.7053157375 0.2169539296875
12 0.594080225 0.15639435 0.5977362375 0.10766413281250001 0.58886268125 0.081948159375 0.565111040625 0.0625527359375 0.534016403125 0.057558256249999995 0.505146353125 0.044824199999999995 0.48266501718750005 0.0450162921875 0.453850734375 0.058667440625 0.43055144062500006 0.08228275625 0.42771338593749997 0.10758975 0.435768984375 0.15672894531249998 0.44484702968749995 0.1765891140625 0.4646266375 0.1978001453125 0.5148998109375 0.21323593125 0.554006678125 0.2126472578125 0.5771014828125 0.19488775 0.594080225 0.15639435
12 0.43912755 0.172480753125 0.42058727500000004 0.0877977453125 0.379801125 0.080510515625 0.33934339375 0.0918007515625 0.320152459375 0.10969658593750001 0.30971115312499997 0.12887512343750002 0.30423953125000003 0.17363330625 0.3073936078125 0.1952409203125 0.31580241875000004 0.20628329843749998 0.363578353125 0.23726640312499997 0.3829613796875 0.2418519046875 0.42430523124999997 0.2051865109375 0.43912755 0.172480753125
12 0.2773462109375 0.104293128125 0.2035692546875 0.1183284625 0.18619392968749998 0.14019633125 0.1725055890625 0.1963934734375 0.1869622984375 0.2301216765625 0.2070145578125 0.2435249671875 0.26166874375 0.24543353437499998 0.2974294421875 0.20075591093749998 0.304128 0.12086289374999999 0.29195164375 0.10578031875 0.2773462109375 0.104293128125
12 0.14520946875000001 0.27849868125 0.16029204218749998 0.266322325 0.17093783906249999 0.2412879828125 0.16086214062499998 0.194032559375 0.1365775921875 0.1619154765625 0.120361040625 0.15060044687500002 0.07062077343749999 0.14788632031249999 0.011244760937499999 0.16926465 0.0076321171875 0.27271721718749997 0.02378050625 0.28598418125 0.046999240625 0.29265794375 0.10562545937500001 0.2927509015625 0.14520946875000001 0.27849868125
12 0.9767524828124999 0.11112809374999999 0.974689015625 0.058289517187499994 0.9692421890625 0.0463734171875 0.9492580921875 0.031018190624999997 0.9131813734374999 0.028781206250000003 0.8590600937499999 0.0395943 0.831652440625 0.06892909375 0.810088196875 0.12680551874999998 0.8145807406250001 0.1660487125 0.826757096875 0.18113128750000002 0.8674750843749999 0.190370453125 0.8991831890625 0.17779751562499999 0.9285303796875001 0.1768680265625 0.9617938390624999 0.147737721875 0.9767524828124999 0.11112809374999999
12 1 0.027181757812500002 0.9867414421875 0.0489388203125 0.9815424734375 0.0858892625 0.9959991828125 0.119617465625 0.995317553125 0.13913681718749998 1 0.1453526671875 1 0.027181757812500002
12 0.0938332875 0.322631 0.07412184375 0.2994680328125 0.0070868125 0.2883326984375 0.0025198859375 0.41911235781249995 0.048424445312499995 0.419738221875 0.0682846125 0.41066017656250003 0.097848690625 0.375537740625 0.0938332875 0.322631
12 0 0.7233309640625001 0.010123096875 0.7330455078125 0.02378664375 0.7335226484375 0.04123013125 0.7097028453124999 0.0418683921875 0.63546114375 0.022349040625 0.6347795140625 0 0.6355933984375 0 0.7233309640625001
12 0.040988449999999996 0.8005700765625001 0.06804289062499999 0.8093321015624999 0.09086504375 0.7993803328125 0.112088471875 0.7512635828125 0.042977576562499994 0.7156268140625001 0.026612301562500003 0.7365527968750001 0.0211406796875 0.7813109796875 0.040988449999999996 0.8005700765625001
12 0 0.5665751828125 0.013965023437499998 0.5670628515625 0.04271114375 0.5553636375 0.03520085 0.4906089609375 0.05365438593750001 0.46584727031249995 0.0797793375 0.445262103125 0.07534255937499999 0.4324041171875 0.045326134375 0.42451581562499996 0.0022472343749999997 0.4269200984375 0 0.507405721875 0 0.5665751828125
12 0.3004719046875 0.7852024953125001 0.290687434375 0.8415359640625001 0.34303647187499997 0.881473184375 0.3605357265625 0.8840385875000001 0.37447192500000004 0.8767079890625 0.3857187921875 0.862443371875 0.3905769453125 0.8352526046875001 0.339225559375 0.8227106390625 0.3230771703125 0.809443675 0.307337759375 0.7844650984375 0.3004719046875 0.7852024953125001
12 0.0897062703125 0.83256323125 0.08864045625 0.8071199109375 0.07692884375 0.8067109328125 0.06494458125 0.8141096937500001 0.0496451203125 0.8604789984375 0.0251312890625 0.8908920046875 0.02431333125 0.9143152265625 0.0330505609375 0.9439350703124999 0.062453518750000006 0.9693907875000001 0.07537966874999999 0.963002075 0.08328036562499999 0.9046485078125001 0.10200655624999999 0.8720790765625 0.0897062703125 0.83256323125
12 0 0.931456875 0.0206821140625 0.906371159375 0.033552496875 0.8735972390625 0.0348475953125 0.8365104703125 0.019108184375 0.81153189375 0 0.809006909375 0 0.931456875
12 0 0.9820841843749999 0.059956278125 0.9849381062499999 0.06137530625 0.972284609375 0.0310986265625 0.9438669078125 0.023972515625 0.924074903125 0.0163011015625 0.9198983796875 0 0.93414500625 0 0.9820841843749999
12 0.33973367187500003 0.892106584375 0.3415244875 0.9527529015624999 0.3713364234375 0.9664970078125 0.3902547046875 0.9564089140625001 0.398948565625 0.9313064078125001 0.3809969640625 0.8857302671875 0.3654496453125 0.883233028125 0.3468040171875 0.88551338125 0.33973367187500003 0.892106584375
12 0.80916484375 0.5449967953125 0.8685966234375 0.550003671875 0.9042209953125001 0.50922991875 0.8939965750000001 0.4942155078125 0.8833631765625001 0.490912709375 0.8401355531249999 0.525558003125 0.81246764375 0.534363396875 0.80916484375 0.5449967953125
12 1 0.198186584375 0.9729353515625 0.22043646562500002 0.955002325 0.2862569578125 0.97874156875 0.3339895234375 1 0.3419102265625 1 0.198186584375
12 0.93460925 0.28261334374999997 0.948409121875 0.2791866140625 0.9577040531250001 0.264853834375 0.9817655375 0.191430090625 0.9829243109375 0.15824719062499998 0.9782148796874999 0.1531969453125 0.96158935 0.1535935265625 0.9291996140625001 0.185685815625 0.93460925 0.28261334374999997
12 0.7612898171875 0.1251014421875 0.752255140625 0.15996362343749998 0.7173000015625 0.2095551671875 0.7238808078125001 0.24496265312499999 0.7479051 0.2565503359375 0.77637856875 0.2526588625 0.81571471875 0.1895400984375 0.8043005546875 0.12464909531249999 0.769302046875 0.11951828906249999 0.7612898171875 0.1251014421875
12 1 0.3418917921875 0.9778678453125 0.33102753906250004 0.962060271875 0.3080008984375 0.9551386515625 0.2823530875 0.947330909375 0.2820804359375 0.9333947109375 0.289411034375 0.925041665625 0.3047538640625 0.9263119703125 0.3243413796875 0.9384201624999999 0.3413758890625 0.955783090625 0.34784516249999997 0.9841759984375 0.374242765625 0.9978395453125 0.3747199078125 1 0.373287890625 1 0.3418917921875
12 0.319483184375 0.4086834890625 0.3262684796875 0.43823516875 0.3440961515625 0.45937803906249997 0.3594389796875 0.467731084375 0.382862203125 0.46854904062499997 0.39599284218749997 0.45630452187500004 0.394338353125 0.39175433437499996 0.4092969984375 0.35514470625 0.3959742671875 0.34490788906250003 0.319483184375 0.4086834890625
12 0.2575665625 0.39088678906249996 0.23194354687500002 0.341134125 0.227587328125 0.2979870609375 0.2184411203125 0.2800788296875 0.2003407953125 0.2667437015625 0.1740237515625 0.26484753125 0.1142387609375 0.2979374734375 0.1034566375 0.3268756859375 0.102366028125 0.35810664999999997 0.119431509375 0.4290579484375 0.13429719843750001 0.4510745390625 0.167876678125 0.4688588421875 0.19318367187500002 0.47169689843749996 0.22280351562499998 0.46295966875000005 0.25014300624999997 0.435576809375 0.2575665625 0.39088678906249996
12 0 0.633021909375 0.027262960937500004 0.633973953125 0.054193471874999996 0.61830270625 0.063091821875 0.5873443953125 0.051119954687500004 0.5664060156249999 0.038534621875 0.5630350515625 0 0.5689897140625 0 0.633021909375
12 0.7210055609375 0.3552810734375 0.7058672203125 0.3410722234375 0.689378015625 0.337564934375 0.666407140625 0.37975771406250003 0.6633645968749999 0.410920515625 0.6719655 0.44444422812499995 0.690065825 0.45777935625 0.7213649515625 0.45691803125 0.7363111984375 0.4486455453125 0.742712309375 0.433234553125 0.744893528125 0.3707726265625 0.7403204234375 0.3618185109375 0.7210055609375 0.3552810734375
12 0.6936227015624999 0.327941584375 0.7172380171875 0.351240878125 0.742272359375 0.36188667343750003 0.7599884984374999 0.33025912812499997 0.7606019671875 0.3126917125 0.7465418390624999 0.2955890390625 0.7184091859375 0.2897208375 0.7045411500000001 0.29509950156250003 0.6936227015624999 0.327941584375