12 0.73559816875 0.5597718421875 0.70951345 0.5865612796875 0.694215153125 0.6133873203125 0.6774086359375 0.6677935109375001 0.6818711171875 0.7075951 0.7098887406250001 0.7365132453125 0.7441571 0.7472392515624999 0.7687702015625 0.7372435421875 0.8079640921875001 0.7034254437499999 0.82968335 0.66035295625 0.842938934375 0.6101786031249999 0.8342208015624999 0.5217346953125 0.8013142515625 0.5265742312499999 0.763591978125 0.5435986015625 0.73559816875 0.5597718421875
12 0.5459451625 0.27443414375 0.561170253125 0.26918095000000003 0.587254971875 0.24239151250000002 0.60068078125 0.1941628515625 0.5978601453125 0.139513228125 0.5792305343749999 0.1058525671875 0.5399524125 0.060274315625 0.535757178125 0.045936959375 0.51951073125 0.039515996875 0.5143545578125 0.047809446875 0.5041154156250001 0.0428234984375 0.48499893906249997 0.04841714375 0.44860187187499995 0.0917934796875 0.4206318765625 0.15305810625 0.4206190875 0.208935915625 0.44183869218750005 0.2609955453125 0.467777 0.2773518015625 0.49307100625 0.2751388625 0.4933748546875 0.28981667031249997 0.5215993078125 0.3098940859375 0.5300995859375 0.3062095296875 0.526244803125 0.2957635578125 0.5341978000000001 0.297028346875 0.5423576265625 0.2894524046875 0.5459451625 0.27443414375
12 0.4553707828125 0.49410162187499995 0.398848671875 0.47551963906249994 0.3367567296875 0.48291256562499996 0.284660496875 0.51491859375 0.2786165890625 0.524270003125 0.28086613125 0.5387775859375 0.309114396875 0.6039463859375 0.3251540140625 0.6192080796874999 0.37017219375 0.6407571125 0.41154242031250005 0.64301944375 0.4695727515625 0.6340212765625 0.4993420265625 0.6157321171875 0.521194909375 0.5853917453124999 0.5205872109375 0.5560361281249999 0.5065298890625 0.5298177859375001 0.4553707828125 0.49410162187499995
12 0.6560240984375 0.1432471765625 0.6078924578125 0.15333990625 0.601678325 0.16074562187500002 0.598832109375 0.2178516171875 0.5892006656250001 0.2422212859375 0.5678950640625 0.2676123125 0.5681989140625 0.282290121875 0.584676003125 0.32496173906250003 0.637780803125 0.3605076765625 0.6556324906250001 0.362867028125 0.6919197484375 0.3518499609375 0.7189288046875 0.313216140625 0.7346407593750001 0.26870863906250003 0.7330117046875 0.227678865625 0.710904365625 0.17667719531249998 0.696810440625 0.1612452765625 0.6560240984375 0.1432471765625
12 0.285733009375 0.3030815140625 0.26268854531249997 0.3198020359375 0.2429149796875 0.362704296875 0.24720723437499997 0.4005601921875 0.2741302953125 0.439377028125 0.3011265609375 0.45662101718750003 0.3371703875 0.4652311046875 0.3984112 0.4481097140625 0.4167863546875 0.40042833437500003 0.4116063671875 0.3636303984375 0.3934874328125 0.3358068140625 0.3631470625 0.3139539328125 0.31686409375 0.300357896875 0.285733009375 0.3030815140625
12 0.26717836875 0.09100100312500001 0.23689841562499997 0.10345308281250001 0.2076032140625 0.13836574375 0.21193207187500002 0.1654352171875 0.2014494984375 0.180076421875 0.2035288140625 0.19263831250000002 0.2450930796875 0.24193772187499998 0.3344485359375 0.27725301562500004 0.38732269218750004 0.2765482984375 0.4004318640625 0.2695196375 0.4260059046875 0.23689312187499997 0.4155727234375 0.1848700953125 0.421045534375 0.1353766453125 0.394256096875 0.1092919265625 0.34340083906249996 0.088253571875 0.26717836875 0.09100100312500001
12 0.1216394921875 0.19784211406250002 0.088112453125 0.2292038421875 0.073154609375 0.2599212671875 0.0733852515625 0.2961719234375 0.0921118828125 0.3533511234375 0.1594570203125 0.3611832875 0.1806894140625 0.3573651078125 0.22356786093749997 0.3320472875 0.25641399531250003 0.2929027890625 0.2671400015625 0.2586344296875 0.231680059375 0.23428857343749998 0.1931194453125 0.185706671875 0.15564060468750002 0.1831038890625 0.1216394921875 0.19784211406250002
12 0.2657636390625 0.45579369999999997 0.2240529609375 0.44963998437499997 0.1817583984375 0.4592220359375 0.15021365625 0.47962711406249997 0.1244693890625 0.5103079359375 0.1155188484375 0.542460378125 0.11718450625000001 0.572703728125 0.134452309375 0.5907988468750001 0.17380363593749998 0.6148042515625 0.2150036375 0.6151208890625 0.24739950937500002 0.604444275 0.28853909375 0.5704559515625001 0.27650067031250003 0.5224945359375 0.3002626421875 0.5027703625 0.2994115125 0.49304189843749996 0.27917665937499997 0.46344284843750005 0.2657636390625 0.45579369999999997
12 0.2898387203125 0.708563534375 0.27164658125 0.7023127984374999 0.23839957812499998 0.7032609484375001 0.2153917171875 0.709195046875 0.187020853125 0.732263325 0.17561394218749998 0.7587489125 0.1755041328125 0.7911081828125 0.1934162359375 0.827772496875 0.2179195296875 0.85013605625 0.23433620156249999 0.8585027109375 0.25785474062499997 0.8584056921875 0.2865294546875 0.8500152218749999 0.3147300921875 0.8250012515625 0.3279124703125 0.79639974375 0.3295909171875 0.7707652859375 0.316798384375 0.736593946875 0.2898387203125 0.708563534375
12 0.295917465625 0.84527270625 0.271474590625 0.857214109375 0.2192813375 0.8657015984375 0.2066462421875 0.8893537609375001 0.20950348124999998 0.9332169609375001 0.2246187625 0.9603230375 0.2528432140625 0.9804004515625 0.278818125 0.985970284375 0.3118949015625 0.9830764406249999 0.34077644375 0.9658452421874999 0.35412904843750004 0.9391894265625 0.35580749375 0.91355496875 0.33810222031250003 0.868049925 0.3135989265625 0.845686365625 0.295917465625 0.84527270625
12 0.318403625 0.7325323359375 0.330952725 0.786330828125 0.3129180234375 0.8379035937499999 0.3504938828125 0.8640249156250001 0.38602703125 0.866797925 0.4104699078125 0.8548565234375 0.43037709687500003 0.8246863781249999 0.43062052812499996 0.8050592249999999 0.38195439531250003 0.764223490625 0.3787201 0.7272553281249999 0.37343030312500003 0.7228166609375 0.3400130734375 0.72181911875 0.318403625 0.7325323359375
12 0.8463341953124999 0.391276259375 0.8261963640625 0.38519574843750004 0.7872825078125001 0.3886002703125 0.7646150984375 0.398425753125 0.7365846875 0.4253854171875 0.7282180312500001 0.441802090625 0.73165915625 0.469929521875 0.7471148890625 0.5009269828125 0.76315450625 0.5161886765625 0.78540825625 0.524044653125 0.814763875 0.5234369546875 0.8434385875 0.5150464859375 0.8638198515625 0.5014998421875 0.883727040625 0.4713296984375 0.8850650359375001 0.44180385468749994 0.8683811171875 0.4079729671875 0.8463341953124999 0.391276259375
12 0.8052585578125001 0.14587553749999999 0.761018303125 0.155627815625 0.72926673125 0.18487362499999999 0.7242807828125 0.195112765625 0.7321605734375 0.2179504015625 0.7364162249999999 0.2665927203125 0.72083789375 0.32383233749999996 0.7458884671875 0.341246553125 0.792925546875 0.3410525125 0.8345392046875 0.323687690625 0.860283471875 0.2930068671875 0.8765061046874999 0.25433644375000003 0.87996001875 0.22658606718750002 0.8756311609375 0.1995165953125 0.8489881359375 0.13028618281249998 0.8348576078125 0.1256406859375 0.8052585578125001 0.14587553749999999
12 0.6381815390625001 0 0.63400275625 0.014794850000000002 0.63761410625 0.044867975 0.6634060015625 0.104369925 0.6730978624999999 0.1143052171875 0.74508849375 0.108006853125 0.77874915625 0.0893772421875 0.8067795671875 0.062417578125 0.832974096875 0.0032688703125000004 0.8328808734375001 0 0.6381815390625001 0
12 1 0.4781695234375 0.990692515625 0.37178449375 0.981851784375 0.37157766406250003 0.9472667875 0.4020516578125 0.903537209375 0.41764101406250004 0.8808570109374999 0.48334430624999997 0.8685989703124999 0.50010143125 0.8706782859375 0.5126633218750001 0.883507421875 0.5360482375 0.8899521984375 0.5648931765625 0.9017599781250001 0.5766039375 0.9247678390624999 0.5706698390625 0.9781288609375001 0.5307108125 1 0.5026712546875001 1 0.4781695234375
12 0.9244309171875 0.25308444531249996 0.87950975625 0.2550539515625 0.860623925 0.296898253125 0.8302707640625 0.33092317968749996 0.8317661953125001 0.3592208390625 0.8489973953125001 0.38810238125 0.8669827046874999 0.4031938484375 0.882548246875 0.4018320390625 0.90708814375 0.4134091765625 0.9320416968749999 0.40730485156249996 0.9772428921874999 0.37492176875 0.9863636578125 0.3447150203125 0.9808432171874999 0.3040256984375 0.967296575 0.28364443437500003 0.9244309171875 0.25308444531249996
12 0.8336028546875 0 0.8333145484375001 0.007160256249999999 0.8206428499999999 0.0415988421875 0.79629699375 0.077058784375 0.79786563125 0.0837835953125 0.8024983375 0.1255308765625 0.8099040531249999 0.1317450109375 0.88449746875 0.08796780625 0.9045748843749999 0.059743353124999996 0.9188462749999999 0 0.8336028546875 0
12 0.66786848125 0.1441715125 0.694524296875 0.157524115625 0.7244876125 0.1862720359375 0.7608480765625 0.1536821234375 0.79802306875 0.141607096875 0.797829028125 0.09457001875 0.787966940625 0.0826890328125 0.741367334375 0.1102929984375 0.7061746390625 0.1114113734375 0.6718330734375 0.1222582140625 0.66786848125 0.1441715125
12 0.61239330625 0.0255080671875 0.583378140625 0.0300071515625 0.5570627781249999 0.020545934374999998 0.5377760765625 0.0241938875 0.5250073578125 0.0351139328125 0.5428224421875 0.048259707812500004 0.5507022328125 0.0710973421875 0.5743177921875 0.0945188625 0.6004867421875 0.1471257734375 0.61711024375 0.1466516984375 0.6263280296875 0.1399634890625 0.6340503828124999 0.104977621875 0.6289436015625001 0.0466068390625 0.6196287953125 0.029776507812500002 0.61239330625 0.0255080671875
12 0.521939759375 0.313785471875 0.50129125 0.3018678828125 0.4838532203125 0.2818270703125 0.453986925 0.276597690625 0.43214683281250005 0.251060253125 0.420265846875 0.2609223390625 0.413844884375 0.2771687859375 0.414245753125 0.315365134375 0.4323280828125 0.353975140625 0.470451225 0.3751471171875 0.49041883124999996 0.37928193593750004 0.5341484078125001 0.3636925796875 0.5598926750000001 0.33301175625 0.571129359375 0.30458047499999996 0.5630793421875 0.279797146875 0.5540683859375 0.277644625 0.5316682234375001 0.312934340625 0.521939759375 0.313785471875
12 0.8234326140625001 0.6785450953125001 0.7983692515625 0.717008690625 0.7466134703125 0.7529061031250001 0.7601235109375 0.784073790625 0.7842863515625 0.802545965625 0.8102612609375001 0.8081157984375 0.845867615625 0.7893159609375 0.8627345500000001 0.7692147312500001 0.8727796515625 0.7271636015625 0.8681103421874999 0.6962027421875 0.8463434546874999 0.6490924578125 0.8361043140625 0.6441065109374999 0.8234326140625001 0.6785450953125001
12 0.5769024921875 0.5834588421875 0.5285036046875 0.568087340625 0.5199301203125 0.59334474375 0.5032334125 0.6153916640625 0.46335861874999995 0.6414269921875 0.462227453125 0.6621121046875 0.4845782234375 0.693486621875 0.5196977125 0.7139410921875 0.5453321718749999 0.7156195390625 0.5796737375000001 0.7047726984375 0.596163615625 0.6915665078125001 0.610574178125 0.6657984265625 0.6120823984375 0.6382182750000001 0.6061483 0.6152104140625 0.5927718828125 0.5967748421875 0.5769024921875 0.5834588421875
12 0.457098621875 0.40180293125000005 0.41869544375 0.41104453124999996 0.40319031875 0.446711303125 0.3891934140625 0.45479792343750003 0.3843776921875 0.4669827578125 0.390895675 0.47425485 0.45325486406250004 0.49232615625 0.5033560109375 0.5271545859375 0.5111387828125 0.5264736812499999 0.5372601046875001 0.4888978203125 0.5601343421875 0.47023160624999993 0.5568268421875 0.45483629062500003 0.50938889375 0.4168339828125 0.48891060937499997 0.40686208593749995 0.457098621875 0.40180293125000005
12 0.53005019375 0.3728737625 0.531545625 0.40117142031249997 0.5669323609375 0.44709012187499997 0.6227735671875 0.457889334375 0.6604958390625 0.4408649640625 0.6810839328125 0.41847759062499995 0.6891101359375 0.3981695328125 0.686726971875 0.370929834375 0.6766946578125 0.3571031546875 0.6358351109375 0.360677903125 0.5714332093750001 0.319258284375 0.53005019375 0.3728737625
12 0.4476832671875 0.6751480703125 0.394018396875 0.7004292875 0.38083601875 0.72903079375 0.3825016765625 0.7592741453125 0.40963156562499997 0.78925025 0.4398017109375 0.8091574390625 0.4811719375 0.8114197703125001 0.5021004828125 0.7929237812500001 0.51992835625 0.750191746875 0.519490884375 0.7227818218750001 0.5168642875 0.7151692765625 0.48068683749999996 0.6938270734375 0.467650871875 0.6792828875 0.4476832671875 0.6751480703125
12 0.45604815781249997 0.8155784015625 0.43853692187500004 0.8171104359375001 0.4088646671875 0.8589181343750001 0.3815883640625 0.8720877218749999 0.3767726421875 0.8842725578125 0.379873315625 0.9085086046875 0.3868653734375 0.9324041984375 0.4074772796875 0.9551082109375001 0.43768402812499996 0.9642289765625 0.4628078078125 0.9600703453125 0.48479431249999994 0.9424620890625001 0.5009803421875 0.914578090625 0.5054556109375 0.8985018703125001 0.49942449375000003 0.8519754687500001 0.47229460312500005 0.8219993640625001 0.45604815781249997 0.8155784015625
12 0.164415625 0.6195467671875 0.1582014921875 0.6269524828125 0.1604510328125 0.641460065625 0.16481649375000001 0.657743115625 0.1868268125 0.6852262453125 0.22638496875 0.7003909187499999 0.28704189687500004 0.699005296875 0.3075933875 0.687404346875 0.3260655609375 0.66324150625 0.31597283125 0.6151098640625 0.288502490625 0.581242375 0.2323446453125 0.6116431625 0.164415625 0.6195467671875
12 0.1452166828125 0.3888970609375 0.149849390625 0.4306443421875 0.1849688796875 0.4510988125 0.260680671875 0.442514303125 0.2647788859375 0.4333331203125 0.24648972656249998 0.4035638453125 0.2413097390625 0.36676590781249996 0.2584567078125 0.31625110312500004 0.2494457515625 0.31409858125 0.20352705000000001 0.349485315625 0.15396039374999998 0.36558535000000003 0.1452166828125 0.3888970609375
12 0.2779502390625 0.30376241875 0.324646865625 0.29967699375 0.380111015625 0.31737124375 0.37899264062500004 0.282178546875 0.3737028421875 0.27773988125 0.3325028421875 0.2774232421875 0.27403503906250004 0.259011484375 0.26638589218750003 0.2724245046875 0.2689758859375 0.29082347343750004 0.2779502390625 0.30376241875
12 0 0.051316357812500005 0.037963678125 0.10419263906250001 0.0665285828125 0.12816144062499998 0.10096716718750001 0.1408331390625 0.12448570625 0.1407361203125 0.158827271875 0.1298892796875 0.182929696875 0.114056490625 0.2024964328125 0.0799949609375 0.1986178359375 0.024457604687500002 0 0.0418344125 0 0.051316357812500005
12 0.488400425 0 0.2920110890625 0.016286753125 0.29286222031250003 0.026015217187500002 0.299513825 0.0460194265625 0.35084315781250003 0.08368128124999999 0.373096909375 0.091537259375 0.423855146875 0.089057075 0.46318266093749993 0.0679710921875 0.496199021875 0.030772285937499998 0.5065726078125 0 0.488400425 0
12 0.89811731875 0.0867762234375 0.8685182687499999 0.107011075 0.8474560999999999 0.112774946875 0.8444158453125 0.12284386249999998 0.8565640765625 0.1384460078125 0.8815652593750001 0.22252445625 0.8983589859375 0.2239960734375 0.917135009375 0.2145110421875 0.9369451796874999 0.1608223578125 0.9550402984374999 0.1435545546875 0.9541891671875 0.133826090625 0.9409463734375001 0.1281226359375 0.90924419375 0.0907042125 0.89811731875 0.0867762234375
12 1 0.6425644953125 0.997560209375 0.6407641703125 0.9449294859374999 0.621841734375 0.8458693796875 0.63246895625 0.8449450437499999 0.6443133390625 0.8621762437499999 0.6731948812499999 0.8761603593749999 0.7209860703125 0.924108984375 0.7648254578125 0.96243895625 0.7771567046875 1 0.7502862312499999 1 0.6425644953125
12 0.8606093703125 0.509623065625 0.8393403734374999 0.52422766875 0.8448480234375 0.6207948 0.8513660062499999 0.6280668921875 0.8692176937499999 0.63042624375 0.9060156296875 0.62524625625 0.91417545625 0.6176703140625001 0.9215207546874999 0.589579484375 0.9192712140625 0.5750719015625 0.9040461234375 0.580325096875 0.8883469578125001 0.5689547890625 0.8748735203125 0.5270006781250001 0.8606093703125 0.509623065625
12 0.6778844765625001 0.5275700078125001 0.683855178125 0.539791446875 0.71242008125 0.563760246875 0.7336524765625 0.5599420671875001 0.7770782046875 0.529674903125 0.7407671328125 0.49560058281249997 0.72712346875 0.4517007796875 0.7197177531250001 0.44548664687499995 0.6977678515625 0.45230847812499997 0.696940534375 0.4876714 0.6778844765625001 0.5275700078125001
12 0.73713196875 0.42043607187500004 0.7646517015625001 0.38763933125 0.7651385656249999 0.3483850234375 0.7132253484375 0.32645893593749997 0.6839301484375 0.36137159531249996 0.6902046984375 0.38827084218749996 0.6826525703125 0.42520240156250005 0.705076546875 0.435004071875 0.73713196875 0.42043607187500004
12 0.5553186203125 0.48241644062500005 0.5572277109375 0.4930326390625 0.5919335421875 0.5311685703125 0.620194596875 0.5404595609375 0.6493799890624999 0.5379061703125 0.662489159375 0.530877509375 0.6917843609375 0.4959648484375 0.6929521296875001 0.4644933125 0.6719997703125 0.43789791562499997 0.6286106453125 0.45737865624999996 0.5674430390625 0.4529272 0.5553186203125 0.48241644062500005
12 0.524989275 0.5615327546875 0.5364566015625 0.569352128125 0.5708951875 0.582023828125 0.584721865625 0.5719915140625 0.58944056875 0.536288140625 0.5557926953125001 0.4990399421875 0.5359953156249999 0.4968508171875 0.510421275 0.529477334375 0.5121601390625 0.5381478375000001 0.524989275 0.5615327546875
12 0.6291050046875 0.8327875515625 0.648281896875 0.86149886875 0.6888980124999999 0.8775512750000001 0.715797259375 0.8712767250000001 0.735874675 0.843052271875 0.7393285890625 0.8153018953125001 0.756232125 0.78441424375 0.74360981875 0.7521885968750001 0.7059973546875 0.736853696875 0.6765813203125 0.7031564328125001 0.665794896875 0.7031198296875 0.6220287156250001 0.729495609375 0.6181977484375001 0.7641410234375 0.6315375624999999 0.79336301875 0.6595917874999999 0.8114947406249999 0.726973528125 0.80854048125 0.6661097703125 0.818766834375 0.6523196953125 0.8180127234375 0.6376784890625 0.8075301484375 0.6349786859375001 0.82149045 0.6323886921875 0.8030914828125001 0.6265516140625 0.8036021609375 0.6291050046875 0.8327875515625
12 0.513641015625 0.779170309375 0.49390405312499996 0.8112861468749999 0.4950590328125 0.8356924203125 0.5317471609375 0.8628717015625 0.54406561875 0.8804195390625 0.58103378125 0.87718524375 0.6090641921875 0.8502255812499999 0.6188658625000001 0.8278016046875001 0.6185015968750001 0.7788188328125 0.61126610625 0.7745503921875 0.5907146171875 0.7861513421875 0.544017990625 0.7902367671875 0.513641015625 0.779170309375
12 0.5146989750000001 0.7800580421875 0.4940742796875 0.8132318390625001 0.49488880625 0.8337467265624999 0.54406561875 0.8804195390625 0.5580259187500001 0.8831193421875 0.584754940625 0.8748991 0.6090641921875 0.8502255812499999 0.6201306515625 0.8198486062500001 0.6183313703125 0.776873140625 0.60984388125 0.7246798875 0.5932935859375 0.703581115625 0.521096125 0.7187202109374999 0.5146989750000001 0.7800580421875
12 0.5839677562500001 0.585781590625 0.6084344453125 0.6189315734374999 0.6134442078125 0.6537838171875 0.5948988265625 0.6995195046875 0.6243514640625001 0.7224303453124999 0.6757301890625 0.69342796875 0.6752927171875001 0.6660180437500001 0.6851675937499999 0.6220212203125 0.6723750609375 0.58784988125 0.6522738312499999 0.570982946875 0.6225777625 0.5676992609375 0.5916169046875 0.5723685703125 0.5854027703125 0.5797742859375 0.5839677562500001 0.585781590625
12 0.2070815125 0.0315594703125 0.2042719 0.0778790421875 0.1928649890625 0.10436463124999999 0.1551061125 0.13217542499999999 0.12448570625 0.1407361203125 0.12516661093749998 0.148518890625 0.16113723124999998 0.178701825 0.1945544609375 0.1796993671875 0.20592476875000001 0.1640002015625 0.203541603125 0.13676050312500002 0.21136097656250002 0.1252931765625 0.2349527234375 0.103623309375 0.2767366078125 0.0882041796875 0.28278051406250004 0.0788527703125 0.2685163640625 0.061475159375 0.2070815125 0.0315594703125
12 0.9818041578125 0.28139489218749997 0.9692074281249999 0.137413628125 0.9371154046875001 0.16276805 0.9226682390625 0.1993225546875 0.9234827671874999 0.2198374421875 0.92852913125 0.2439032625 0.95320265 0.26821251562500004 0.9818041578125 0.28139489218749997
12 0.9232069015625 0 0.9160550015625001 0.01168491875 0.908806721875 0.0632942875 0.9115669421874999 0.0836389484375 0.9404356953124999 0.12228555781249999 0.9607437531249999 0.13031176093750002 0.96924403125 0.1266272046875 0.9573918656249999 0 0.9232069015625 0
12 1 0.5127946703124999 0.9960537546875001 0.5114973171874999 0.9802447796875 0.5324862796875001 0.9393120250000001 0.5576338734374999 0.9242205578125 0.5756191828125 0.9253755375000001 0.60002545625 0.9486506453124999 0.619555590625 0.966842784375 0.6258063265625 1 0.6184971828125 1 0.5127946703124999
12 0.8606093703125 0.509623065625 0.8393403734374999 0.52422766875 0.8448480234375 0.6207948 0.8513660062499999 0.6280668921875 0.8692176937499999 0.63042624375 0.9060156296875 0.62524625625 0.91417545625 0.6176703140625001 0.9215207546874999 0.589579484375 0.9192712140625 0.5750719015625 0.9040461234375 0.580325096875 0.8883469578125001 0.5689547890625 0.8796160375 0.5363886890625 0.8606093703125 0.509623065625
12 0.32320832187500004 0.61937830625 0.3211894234375 0.641121378125 0.3276708015625 0.65917989375 0.3541197875 0.681373228125 0.38610200156249996 0.6883780749999999 0.41334170156249994 0.6859949109375 0.4416759625 0.6737130546875 0.4516112546875 0.6640211953125 0.45574607343749995 0.6440535890625 0.45240196875 0.6394446953124999 0.36822650156250003 0.6409273375 0.32320832187500004 0.61937830625
12 0.5611469984374999 0 0.5618785 0.0083610984375 0.577030384375 0.0246807515625 0.5966575375 0.0249241828125 0.6170388015625 0.011377540625 0.6231167375 0 0.5611469984374999 0