12 0.48099700156249997 0.1490424796875 0.44140295625 0.1612459734375 0.4214052328125 0.172323184375 0.4062871140625 0.1954811046875 0.3989991203125 0.24310597656250002 0.42815395 0.2711165765625 0.4529354125 0.28400008125 0.505020540625 0.2757506078125 0.5421702984375 0.2481144828125 0.5559704109375 0.2291202578125 0.5609369015625 0.21053640312500002 0.5503569500000001 0.1687077421875 0.53522088125 0.1542965578125 0.5185661078125 0.14902453124999998 0.48099700156249997 0.1490424796875
12 0.4944764859375 0.30906015625 0.523832015625 0.332095290625 0.5884082234375 0.3277998375 0.6069651546875 0.2764126703125 0.6083790234374999 0.26036896718749997 0.597703209375 0.23042031562499998 0.57647436875 0.21499665937499998 0.5623597453125 0.213277253125 0.5440993765625 0.247808946875 0.4899982828125 0.28702851875 0.4944764859375 0.30906015625
12 0.5286067812499999 0.3372714546875 0.5069855171875 0.35058328125 0.49511448125 0.369271971875 0.48690090625 0.3923250546875 0.49137910937499996 0.41435669375 0.5031632562499999 0.42633256406250003 0.54185864375 0.44591093906249996 0.5653131250000001 0.4441735859375 0.585310846875 0.43309637343749996 0.6039815890625 0.407398303125 0.6095591515625001 0.39267260625 0.6061982546875 0.371452740625 0.5909573499999999 0.3501370109375 0.5719631234375 0.33633689843750003 0.5286067812499999 0.3372714546875
12 0.4015572203125 0.284227703125 0.3864391 0.3073856234375 0.3811670734375 0.3240403984375 0.3871729578125 0.3557174296875 0.39550931875 0.3771379953125 0.41480908124999993 0.3928671875 0.4340040078125 0.4016918359375 0.463245725 0.3990378734375 0.482632375 0.3841025046875 0.496126953125 0.3631792 0.49458132343749994 0.3159647 0.46542649375 0.2879541015625 0.41800232031249995 0.2756906421875 0.4015572203125 0.284227703125
12 0.294349553125 0.31900496875 0.27405526875 0.3469376546875 0.2741780546875 0.391411303125 0.2802798015625 0.41120832656250006 0.30943463125 0.43921892500000004 0.328018484375 0.44418541562499997 0.366294525 0.436145615625 0.3855763390625 0.414305703125 0.390848365625 0.39765092812499997 0.39012348124999996 0.368103675 0.3762964453125 0.3307442421875 0.344200065625 0.3091319515625 0.294349553125 0.31900496875
12 0.26138755625 0.18580266875 0.24393895937500001 0.21921705625 0.246392221875 0.2534342390625 0.25218843281250003 0.2713021828125 0.2789079484375 0.3026647046875 0.303383875 0.31361913124999996 0.340036371875 0.3078139453125 0.3523177796875 0.297958878125 0.3668248265625 0.2709428 0.35888088906250004 0.2207867515625 0.3318558375 0.18749515156250002 0.3073799109375 0.176540725 0.26138755625 0.18580266875
12 0.2174621578125 0.0582917453125 0.2029551109375 0.085307821875 0.205713909375 0.12145408437500001 0.2299981109375 0.15616852812499998 0.267576190625 0.17493513125 0.30839238125 0.170447953125 0.3353905109375 0.1473858953125 0.33659470625 0.1175331046875 0.3272368984375 0.083420759375 0.291378225 0.050539531250000005 0.264161446875 0.041007948437500004 0.2313671078125 0.0462020625 0.2174621578125 0.0582917453125
12 0.46064914999999995 0 0.3185770515625 0.022502009375 0.3207158046875 0.0360055609375 0.3326047875 0.054885975 0.357997321875 0.0716276375 0.41120873125 0.0829744890625 0.4433919984375 0.0739222171875 0.46784997656250005 0.0473075390625 0.4741344734375 0.024559992187499997 0.4673970984375 0 0.46064914999999995 0
12 0.439542815625 0.0933178421875 0.4451473015625 0.1349458046875 0.45977713593749997 0.1524033765625 0.5102387203125 0.14638851718749998 0.5499465781249999 0.15987412031249998 0.5703367234375001 0.12006142500000001 0.5594512375 0.0763036859375 0.535376709375 0.055398329687500004 0.5120180890625 0.045255675 0.4712018984375 0.049742853125 0.4572969484375 0.0618325359375 0.439542815625 0.0933178421875
12 0.2957483296875 0.48390224843749996 0.3010472796875 0.52360113125 0.323297565625 0.5517165671875001 0.3563015796875 0.5603315421875 0.380157459375 0.5486432578125 0.4007572796875 0.5226396515625 0.40704177656249996 0.4998921046875 0.395754890625 0.46608529374999996 0.383359671875 0.45025126562500006 0.3672111328125 0.44193285312499997 0.3192897 0.4515003328125 0.2957483296875 0.48390224843749996
12 0.286402353125 0.6870845421875 0.28874180625 0.695612628125 0.3011459984375 0.7302312093750001 0.31404745156249997 0.7430188531249999 0.3422767 0.7464576625 0.381565209375 0.7323250906250001 0.40915646250000004 0.6755520859375 0.382418996875 0.6066204578125001 0.356319528125 0.597900646875 0.3241362609375 0.6069529171875 0.30221843437499996 0.63712021875 0.286402353125 0.6870845421875
12 0.47269939375 0.4212702109375 0.43959951875 0.42453524531250003 0.42894165468749995 0.4321556984375 0.416564384375 0.45389077499999997 0.4047892125 0.46069945625 0.40388157812500003 0.473696771875 0.412217940625 0.4951173390625 0.4319280765625 0.519680153125 0.4592496890625 0.5361162796875 0.47336431250000005 0.537835684375 0.5222982171874999 0.52217543125 0.5397557890625 0.5075455984375 0.5529448296874999 0.48469321406250004 0.5432814875 0.4486517890625 0.505397871875 0.42795610625 0.47269939375 0.4212702109375
12 0.6348080953124999 0.10886142812499999 0.5939919046875 0.11334860625000001 0.5759232609375 0.12412028281250001 0.562428684375 0.1450435875 0.5577677296875 0.16555651875 0.5612334625 0.1936809296875 0.56834768125 0.20738518125 0.6132406765625 0.2348805703125 0.6659368765625 0.2304892546875 0.69415715 0.2151435109375 0.699830575 0.1885378078125 0.7111953734375 0.172895503125 0.7109856999999999 0.159086415625 0.6976738734375 0.13746514999999998 0.6694356515625 0.1152417875 0.6348080953124999 0.10886142812499999
12 0.65631555 0.0698605046875 0.6512442218750001 0.08153981406250001 0.6551113546875 0.0997132953125 0.70407218125 0.1404067 0.7162667015624999 0.16121619375000001 0.7409433265625001 0.16719515468749999 0.7637867359375 0.16159964375 0.7691636 0.1518494125 0.771476128125 0.104023840625 0.767180675 0.0394476328125 0.755195828125 0.0324472265625 0.6989470078125 0.03937869375 0.65631555 0.0698605046875
12 0.664934140625 0 0.69092515625 0.038671759374999996 0.7449393625 0.030116749999999998 0.7574214687499999 0.015286217187500001 0.7588853656250001 0 0.664934140625 0
12 0.5394438625 0 0.5275376078125 0.012146825 0.529877059375 0.0206749109375 0.5531398171874999 0.042697575 0.5733472125 0.045429449999999996 0.5908047843750001 0.0307996171875 0.6078609578124999 0.0261207140625 0.6235746468750001 0 0.5394438625 0
12 0.658247484375 0.28806505625 0.651351915625 0.3069544453125 0.6545121125 0.3331497765625 0.668941246875 0.35558281406250003 0.693722709375 0.36846631875 0.7480424515624999 0.36184038749999997 0.77473504375 0.3368492515625 0.77521435625 0.27744920781250004 0.7620073656249999 0.2627324859375 0.734485053125 0.251271825 0.6978325562500001 0.257077009375 0.6688005125 0.27354005937500003 0.658247484375 0.28806505625
12 0.5579202953125 0.48489391406250004 0.5935782703125 0.52275060625 0.6246532046875 0.5316711171875 0.6770438671875 0.525350721875 0.7022087796875 0.49071419218749995 0.6964035953125001 0.45406169375000005 0.68847760625 0.4414747515625 0.645112290625 0.42362475625 0.591098084375 0.43217976562500005 0.5550656328125 0.46062766093749996 0.5579202953125 0.48489391406250004
12 0.45875242812500006 0.5579472187500001 0.5001976406249999 0.5948873031249999 0.5310629015624999 0.589998725 0.566885678125 0.5477417421874999 0.5722535671875 0.519206959375 0.5647289765625 0.49666908593750003 0.55274413125 0.48966867968749994 0.5416848671875 0.5072400625 0.5132638953125 0.5275612703125 0.45762614687500003 0.53835089375 0.45875242812500006 0.5579472187500001
12 0.42402901093749995 0.5634468671875 0.39986759374999997 0.573206071875 0.3928671875 0.5851909187500001 0.39135745625 0.6131146296875001 0.3964467328125 0.639004425 0.40732324531249997 0.6639776125 0.44033623281249995 0.6913771390625 0.4920199625 0.6930785953124999 0.5074525921874999 0.6906343078125 0.5131349921874999 0.6828131546875 0.516364128125 0.6407748203125 0.5107686171875 0.6179314109375 0.4837435640625 0.5846398109375001 0.4605856453125 0.569521690625 0.42402901093749995 0.5634468671875
12 0.5704382984375 0.5452015921875 0.5467052046875 0.601363525 0.592314109375 0.6396216156250001 0.60165396875 0.63616485625 0.635880125 0.6524961453125 0.662887228125 0.648218640625 0.6790267937500001 0.6377525015625001 0.693533840625 0.6107364234375 0.6862968375 0.5525585234375 0.652576915625 0.5331808484375 0.59094225625 0.5310779937500001 0.5704382984375 0.5452015921875
12 0.5160765406250001 0.676414846875 0.5030882 0.694291765625 0.5054276515625 0.7028198515625 0.5134584765625 0.7223113390625 0.5356997890625 0.7316422234375 0.5778339859375 0.72299135 0.590621628125 0.710089896875 0.599140740625 0.6889658921875 0.5939466265625 0.656171553125 0.5601128937500001 0.61110478125 0.531272575 0.6038078125 0.5150281734375 0.6073694093750001 0.5160765406250001 0.676414846875
12 0.3360015828125 0.151244053125 0.32788386875 0.1624171265625 0.33052885625 0.1728742921875 0.36142104062499997 0.22433937343750002 0.395752034375 0.24757520624999999 0.395743059375 0.22879065468749998 0.4102411328125 0.18299002343749998 0.4506379765625 0.1508846703125 0.44047737343750004 0.136674184375 0.391115146875 0.105931709375 0.35578065625 0.1075732 0.33873345781249997 0.13103665625 0.3360015828125 0.151244053125
12 0.1702684640625 0.315916565625 0.16641928125 0.335312190625 0.18014148125 0.365767078125 0.1995460796875 0.38840081406250004 0.213765540625 0.3970247640625 0.2314327859375 0.3962040171875 0.2654402953125 0.3799416671875 0.28398825 0.30976994687500004 0.244873515625 0.26257339687500003 0.22415988437499998 0.26288790781250004 0.19188075468750002 0.28382018750000004 0.1702684640625 0.315916565625
12 0.1798330875 0.1453279125 0.158613221875 0.148688809375 0.12988671406250002 0.1670809375 0.1199447578125 0.18546409218749998 0.1214814125 0.2138940390625 0.1320523890625 0.23693814687499998 0.159784375 0.262207896875 0.1955292390625 0.2694000265625 0.2293360484375 0.2581131421875 0.24151261875 0.2413535296875 0.24728190625000002 0.20286781718750002 0.2445320828125 0.18550610781250002 0.2292911765625 0.16419037812499998 0.208367871875 0.1506958015625 0.1798330875 0.1453279125
12 0.037623390625 0.24002940625 0.0433237390625 0.269777359375 0.0755339296875 0.3170787453125 0.10193893437499998 0.3277276359375 0.140826046875 0.32354599375 0.163049409375 0.295307771875 0.16232452656250002 0.2657605171875 0.13235792500000002 0.23886722656249998 0.1178239546875 0.2095296453125 0.0936535640625 0.2005042984375 0.050201359375 0.21331886406249997 0.037623390625 0.24002940625
12 0.20267649843750002 0.1397324015625 0.20642981875 0.132216784375 0.1996121625 0.1016570609375 0.2054773125 0.051291339062499997 0.1970450890625 0.04175078125 0.096732990625 0.057638656249999996 0.087096571875 0.0779508890625 0.0866082859375 0.11856638125 0.13546427656249999 0.15235524218750002 0.20267649843750002 0.1397324015625
12 0.16055413125 0.3856779140625 0.1339484265625 0.38000448750000004 0.10338870156249999 0.38682214375 0.0840020515625 0.40175751406250004 0.0755877765625 0.42978606093750005 0.08006598125 0.4518177 0.0951061875 0.47810889375 0.11856964218749999 0.4951560921875 0.139082575 0.49981704687499995 0.16801875625 0.49523400625 0.1767475421875 0.4879190890625 0.1944058125 0.468313790625 0.20170278125 0.43947347187499997 0.19956402812500001 0.42596992031249997 0.1773137421875 0.397854484375 0.16055413125 0.3856779140625
12 0.2758313765625 0.6640404328125 0.29288755 0.6593615296875 0.304243375 0.6249346734375 0.28068405625000004 0.619767484375 0.247164834375 0.5954143421875 0.22920102656250002 0.6130905624999999 0.2324570875 0.6274058859375 0.24465160625000001 0.6482153796875 0.2758313765625 0.6640404328125
12 0.46335627500000004 0.8429625921874999 0.467834478125 0.8649942312500001 0.489779228125 0.8911805875000001 0.5083630828125 0.896147078125 0.5276538703125 0.8930917171875 0.5421698921875 0.88486019375 0.5559700046875 0.8658659671875 0.5556465203125 0.8263677828124999 0.5208003171875 0.7873937828125 0.4820090671875 0.7796954171875 0.476746015625 0.8151347437500001 0.46335627500000004 0.8429625921874999
12 0.5742813640625 0.7255315015625 0.51803254375 0.7324629687499999 0.5132667515625 0.74607135625 0.5165228109375 0.7603866796875 0.5248591734375 0.7818072453125 0.5550354484375 0.822509625 0.58652075625 0.8402637578125001 0.6128209234375 0.8440081046874999 0.626908625 0.7893738515625001 0.6281128203125 0.7595210625 0.6259740671875 0.7460175109375 0.6040293171875 0.719831153125 0.5942790859375 0.7144542890625 0.5742813640625 0.7255315015625
12 0.6000663234375 0.7135376812499999 0.6239401515624999 0.739418503125 0.6460766265625 0.7418448421875 0.680494509375 0.7344161140625001 0.705563559375 0.71165959375 0.6877825015625 0.6867912421875 0.6550750515625 0.6613207937500001 0.6387258124999999 0.6579778468749999 0.6197405609375 0.6629622859375 0.60106981875 0.68866035625 0.6000663234375 0.7135376812499999
12 0.7063814484375001 0.51081675 0.68385255 0.5371258937500001 0.6874141453125 0.5533702953125 0.69850033125 0.5921525703125 0.7191181 0.60371806875 0.7492764265625 0.6068513421875 0.78145969375 0.597799071875 0.7917071859375 0.581344996875 0.7980875453125 0.5467174406249999 0.795032184375 0.527426653125 0.7845660453125001 0.5112870890625001 0.748210109375 0.5002367999999999 0.7063814484375001 0.51081675
12 0.6756838453125 0.6541017390625 0.6852423515625 0.6832386203125 0.699872184375 0.7006961921875 0.7160207234375 0.7090146046875 0.7722695453124999 0.7020831375000001 0.7938908109375 0.6887713109375 0.8041383015625 0.6723172359375 0.7948763578125 0.62632488125 0.7534401203125001 0.60816935 0.70104945625 0.61448974375 0.6756838453125 0.6541017390625
12 0.6289784375 0.8711110703125 0.6673682890625 0.8887603671875001 0.6963044703125 0.8841773249999999 0.7155862843749999 0.8623374125 0.7305995671875001 0.8322749484375 0.7286525390625 0.7950113796875 0.6881329109375 0.782643084375 0.6514804140625 0.7884482687500001 0.634127678125 0.8099826468750001 0.6226670171875 0.8375049593749999 0.6289784375 0.8711110703125
12 0.56900321875 0.9419118109375001 0.5537892375 0.9769497390625 0.5560328265625001 0.997357834375 0.6505576875 0.9823865671875 0.6398729000000001 0.9336533625 0.6160080453125001 0.92655709375 0.5890009421875 0.9308345984375 0.56900321875 0.9419118109375001
12 0.4344739390625 0.9602529499999999 0.458949865625 0.971207375 0.496797584375 0.916764846875 0.49557543906249996 0.9090485328125 0.4804393703125 0.894637346875 0.4570807515625 0.8844946921875 0.4474353578125 0.886022371875 0.4235884515625 0.916495209375 0.4216683484375 0.9355852984374999 0.4344739390625 0.9602529499999999
12 0.41233460781250003 0.739316521875 0.3923368859375 0.750393734375 0.37580489687499996 0.78959535625 0.380492775 0.8254360828125 0.38984160625 0.840763875 0.41299952656250005 0.8558819953125001 0.43097230781249996 0.856990328125 0.4622389671875 0.842150821875 0.47613494218749997 0.8112765859375 0.47795021093749995 0.7852819531249999 0.47550592187499996 0.7698493234375 0.45995947968750006 0.746604515625 0.4374126328125 0.735344553125 0.41233460781250003 0.739316521875
12 0.2834457125 0.8744238328125 0.297569309375 0.8949277906249999 0.3070140046875 0.898375575 0.332397565625 0.8963326859375 0.354324365625 0.8849499375000001 0.37624219375 0.8547826374999999 0.37206055 0.815895525 0.3336796734375 0.8170307812500001 0.3026047390625 0.8081102703124999 0.279979978125 0.846299421875 0.2834457125 0.8744238328125
12 0.2829904671875 0.771667446875 0.2884811421875 0.7876063125 0.314790284375 0.8101352125 0.335608753125 0.8167252453125 0.3706377078125 0.813154675 0.378728496875 0.7456279421875001 0.3750710390625 0.74126355 0.33517145625 0.7515379640625001 0.30409652187499997 0.7426174546875 0.2850154078125 0.759481903125 0.2829904671875 0.771667446875
12 0.2505016640625 0.7787906390625 0.2697924515625 0.775735278125 0.3017570703125 0.7340893671875001 0.28325113125 0.6796737625 0.2751244421875 0.672062284375 0.2613153546875 0.6722719578125 0.2401044625 0.6944174078125 0.2318908875 0.717470490625 0.235051084375 0.743665821875 0.2505016640625 0.7787906390625
12 0.1409427140625 0.567745178125 0.1422696953125 0.5823660359375 0.1682822765625 0.6217504093749999 0.1868661296875 0.6267169 0.22453109843750002 0.6148189421875 0.23833121093749998 0.595824715625 0.22480971093750002 0.5603943625000001 0.2340357578125 0.5312485078125 0.207325215625 0.5186705390624999 0.1800125765625 0.5210189640625 0.1487548921875 0.5546430250000001 0.1409427140625 0.567745178125
12 0.21311245156249997 0.5177539296875 0.2359558625 0.51215841875 0.25371896875 0.4994576640625 0.2399788203125 0.431433671875 0.20453949374999997 0.42617061874999995 0.19602935625 0.46607917656250003 0.168935365625 0.5010212421875 0.18457766874999998 0.512386040625 0.21311245156249997 0.5177539296875
12 0.596019703125 0.3196731484375 0.57582128125 0.3357258265625 0.5954265796875 0.353384096875 0.6127014 0.3812988328125 0.6404154375 0.3689994765625 0.6600027875000001 0.3490886421875 0.6500339078125 0.3111181390625 0.6589544187499999 0.2800432046875 0.6558031953125 0.27263242499999996 0.6332563484375 0.26137246406250003 0.6117309453125 0.26280428125 0.596019703125 0.3196731484375
12 0.6678659546875 0.2301837171875 0.6154752921875 0.23650411249999997 0.6179195796875 0.25193674375 0.6643312828125 0.27029297343750003 0.69529240625 0.2535243875 0.7335684453125 0.24548458750000002 0.750004571875 0.21816297499999998 0.7467395375 0.1850630984375 0.7338380843750001 0.17227545625000001 0.7133251515625 0.1676145015625 0.699830575 0.1885378078125 0.6900982921875001 0.22073004843750002 0.6678659546875 0.2301837171875
12 0.6168353140625 0.10775309531249999 0.6532871124999999 0.106923375 0.64950686875 0.0580853328125 0.6340652640625 0.041745068749999996 0.6062374140625 0.028355328125000002 0.5652294984374999 0.056602525 0.5602630078125 0.075186378125 0.5769357312500001 0.11802750937499999 0.6168353140625 0.10775309531249999
12 0.130794346875 0.154083621875 0.10671981875 0.133178265625 0.09037058125 0.12983531718750002 0.07332338125 0.1532987734375 0.0748600359375 0.1817287203125 0.08339709687499999 0.1981738203125 0.113860959375 0.20323617343749997 0.130794346875 0.154083621875
12 0.165799234375 0.31266948125 0.160212696875 0.3086106234375 0.1251927171875 0.330965746875 0.1279515171875 0.367112009375 0.1397356625 0.3790878796875 0.164717825 0.3869959203125 0.20392842187500002 0.42231246093749997 0.21641950312499997 0.42626648125 0.230123753125 0.4191522640625 0.228997471875 0.399555940625 0.20543815312499997 0.39438875 0.1776013296875 0.3622144578125 0.1659130453125 0.3383585765625 0.165799234375 0.31266948125
12 0.3692055515625 1 0.3712336859375 0.9979538140624999 0.3741572875 0.9539864015624999 0.3410304890625 0.9008977781249999 0.31677320937500003 0.9225369921875 0.3022661625 0.94955306875 0.298617678125 0.963973228125 0.3043180265625 0.99372118125 0.308807428125 1 0.3692055515625 1
12 0.6968196796874999 0.8999154921875 0.7354192046875 0.9313738765625 0.7778589390625 0.9246520828125 0.7909521171875 0.9136797078125 0.7994712296875 0.892555703125 0.790209284375 0.8465633484374999 0.7722275296875 0.8266704624999999 0.75780736875 0.823021978125 0.7368930390624999 0.8283119546875 0.6964093078125 0.8910818687500001 0.6968196796874999 0.8999154921875
12 0.669507040625 0.9022639187499999 0.6511328609375 0.911106515625 0.6365209765625 0.9312180484375 0.6160080453125001 0.92655709375 0.572555840625 0.939371659375 0.5537892375 0.9769497390625 0.5560328265625001 0.997357834375 0.7373662328125 0.9686374453125 0.7354281796875 0.9501584281250001 0.72404543125 0.9282316265624999 0.698548059375 0.9045854203125 0.669507040625 0.9022639187499999
12 0.565851996875 0.93450103125 0.6054460421875001 0.9222975375000001 0.6124464484375001 0.9103126921875001 0.6180060625 0.8580178921874999 0.6031755296875 0.8455357843750001 0.56153859375 0.83235571875 0.5575935484375 0.8636313515625 0.5290767140625 0.8958325687500001 0.5311106296875 0.9024315765625 0.565851996875 0.93450103125
12 0.53935085625 1 0.55217466875 0.9979689078125 0.5598640609375 0.9403931046875 0.531320303125 0.9162406640625 0.503702128125 0.9166600109375 0.478633078125 0.9394165328125 0.46392533125 0.971408075 0.46494677656250005 0.9840998546874999 0.471080459375 1 0.53935085625 1
12 0.4644473359375 1 0.450727315625 0.97547590625 0.41700739374999996 0.9560982296875 0.39771660625 0.9591535906249999 0.3813763421875 0.9745951953124999 0.3756038546875 1 0.4644473359375 1
12 0.38085215781250004 0.9400724765625 0.40176648750000005 0.9347825015625 0.41587213749999996 0.917717353125 0.41119323437500005 0.9006611796874999 0.37888718125 0.8652398015625 0.3472191234375 0.8900302390625001 0.3429595671875 0.9005922406250001 0.35353054375 0.92363635 0.38085215781250004 0.9400724765625
12 0.45934840781249997 0.7427463578125 0.4776357 0.764568321875 0.5122542812499999 0.7521641296875 0.5077671031250001 0.7113479390624999 0.4942545765625 0.6947021390625 0.47039869687499997 0.706390421875 0.44409852812499995 0.7026460765625 0.43547457968750003 0.7168655375 0.43903617500000003 0.7331099390625 0.45934840781249997 0.7427463578125
12 0.4500864640625 0.696754003125 0.410980703125 0.6683420046874999 0.4023657296875 0.70134601875 0.4500864640625 0.696754003125
12 0.26763289375 0.506152534375 0.294744834375 0.5087795734375 0.29838434375 0.4755748609375 0.321419478125 0.44621933125 0.2794680296875 0.41232563437499997 0.27368079375 0.4132422421875 0.2560225234375 0.43284754062499997 0.2475034109375 0.4539715453125 0.2500525359375 0.47630871875 0.26763289375 0.506152534375
12 0.6329267453125 0.42159981406249997 0.6653196859375 0.42635663125 0.7033081390625 0.45395685781250006 0.7165061546875 0.44988902656249996 0.7368963 0.41007633125 0.7253038796875 0.37434044375000003 0.6920991671875 0.3707009328125 0.666200396875 0.3570056578125 0.639909203125 0.3720458640625 0.6287540765624999 0.40149725468749997 0.6329267453125 0.42159981406249997
12 0.6252555453124999 0 0.6138488921875 0.020228640625 0.6145648015625 0.0309913421875 0.6415808796875 0.0454983890625 0.6557044765625 0.06600234687499999 0.68524275625 0.0464929109375 0.666946490625 0.00588639375 0.6609628828125 0 0.6252555453124999 0
12 0.0779574125 0.076432184375 0.0923685984375 0.061296115625 0.027591690624999998 0.070567034375 0.0548084671875 0.08009861562500001 0.0779574125 0.076432184375
12 0.4829465953125 0 0.4715853484375 0.0022228171875 0.4793106390625 0.0197852265625 0.50155195 0.029116109374999997 0.5409368578125 0 0.4829465953125 0
12 0.5334476296874999 0.055703865625 0.5394355656250001 0.049811792187499995 0.5353677343750001 0.0366137765625 0.520231665625 0.022202590624999997 0.49962287187500004 0.0294216453125 0.478804403125 0.0228316125 0.4763780640625 0.0449680875 0.5120180890625 0.045255675 0.5334476296874999 0.055703865625
12 0.324487075 0.06605905 0.32743759843750003 0.07844529375 0.33638503124999997 0.10372401718749999 0.344206184375 0.1094064171875 0.3728368296875 0.102894296875 0.41254468749999995 0.11637990000000001 0.418838159375 0.11241690625 0.41740634062500004 0.090891503125 0.41120873125 0.0829744890625 0.3768867125 0.0785232078125 0.3324040890625 0.059861440625 0.324487075 0.06605905
12 0.7630316671874999 0.49393435312499995 0.78525503125 0.46569613125 0.7828107421875 0.45026350156249995 0.744621590625 0.42763874062499996 0.734976196875 0.4291664203125 0.7078822046875 0.4641084875 0.706878709375 0.4889858125 0.7302373281250001 0.49912846718750004 0.7630316671874999 0.49393435312499995
12 0.388197259375 0.5869192984375 0.3976329796875 0.5715825296875 0.41377254375000005 0.561116390625 0.453270728125 0.5607929046875 0.45234514531250003 0.536221115625 0.4097826265625 0.4984692609375 0.38563915937500004 0.5457975703125 0.36127704375 0.560532240625 0.36392203125 0.57098940625 0.388197259375 0.5869192984375
12 0.40235389843749997 0.464051378125 0.416564384375 0.45389077499999997 0.43411781875 0.4273809328125 0.46244292812500004 0.418939734375 0.4630450265625 0.4040133390625 0.436238621875 0.40331537968750003 0.3959196921875 0.38597161875 0.37451707500000003 0.4318770859375 0.3771620625 0.44233425156250006 0.40235389843749997 0.464051378125
12 0.7798153453125 0.34395449375 0.7351499718750001 0.3678372984375 0.7362762546875 0.38743362187499997 0.7414613921875 0.40144340781250004 0.748671471875 0.40326765 0.784712896875 0.3936043078125 0.7798153453125 0.34395449375