12 0.45419140156250004 1 0.4250452453125 0.9700846421874999 0.3919247890625 0.9589608625 0.361810059375 0.962207053125 0.315344203125 0.9894467578125001 0.307391765625 1 0.45419140156250004 1
12 0.2626537875 1 0.24768145625 0.9851499 0.22229746874999998 0.9729388312499999 0.18390262500000001 0.973404075 0.13556657656249999 1 0.2626537875 1
12 0.136177553125 1 0.16206800937500002 0.979431209375 0.17955346562500002 0.9424581984374999 0.1821253078125 0.9046226796875001 0.1741797375 0.8761545640625 0.1526796640625 0.856494528125 0.1297734390625 0.8478798718749999 0.058770421875 0.854900215625 0.0465907140625 0.866473559375 0.0653566296875 1 0.136177553125 1
12 0.2619154609375 0.79873756875 0.270080553125 0.730531178125 0.2521925734375 0.7014880578125 0.2298456734375 0.6898363140625 0.19285698125 0.6792561796875 0.16301407343750002 0.6844364875 0.1254033375 0.704514728125 0.11127383125000001 0.723265215625 0.0973691078125 0.7646657859375 0.0997841484375 0.7958834859375 0.11326024999999999 0.8216020171875 0.143312259375 0.8459771140625 0.1700867203125 0.8540481265625001 0.20130441875 0.851633084375 0.2328253015625 0.8373415156249999 0.2619154609375 0.79873756875
12 0.38669217968749997 0.8305093328125001 0.3989973296875 0.7636934140625 0.3924422296875 0.7310852421875 0.3767601890625 0.7037044171875 0.3497295859375 0.686793965625 0.3177121 0.6765013343749999 0.2878378328125 0.695492284375 0.271774209375 0.7145145953125 0.27164876875 0.7697571703125 0.2641214015625 0.8003998640625 0.252757159375 0.8177755609374999 0.2687110234375 0.847090503125 0.2938075078125 0.8642727765625 0.3225160859375 0.8720719656249999 0.3529183171875 0.863854571875 0.38669217968749997 0.8305093328125001
12 0.578389315625 0.706924403125 0.571834215625 0.67431623125 0.5495186750000001 0.6488538421875 0.47108237343750003 0.64508495 0.43679622656249995 0.6607513109375 0.407162421875 0.695487021875 0.4032628265625 0.7098413109374999 0.41280797343750003 0.7637247734375 0.44781550625 0.7952926953125 0.4682439703125 0.800310940625 0.5030580812500001 0.7954181359375 0.5345789640625 0.7811265671875 0.5694714765625 0.7417071546875 0.578389315625 0.706924403125
12 0.20475960624999998 0.5464241296875 0.214221090625 0.5155096125 0.20549141093749998 0.467428503125 0.195308540625 0.4511087359375 0.16166011875 0.42921139999999997 0.128795803125 0.4269270609375 0.098952896875 0.43210736718750004 0.0735061890625 0.44751758593749996 0.056323915625 0.4726140703125 0.048493365625 0.5151332921875 0.0622099296875 0.5565965828125 0.1027479921875 0.5854149203125 0.1331188640625 0.5910081703125 0.1543941546875 0.5880181234374999 0.18896780468750002 0.5673805578125 0.20475960624999998 0.5464241296875
12 0.13793326875 0.6603488921875 0.133584109375 0.6294030140625 0.1132183671875 0.5967634828125 0.075158065625 0.5715415562499999 0.043699903125 0.5582118375 0.021593465625 0.5623048546875 0.0047300546875000005 0.5686194921875 0.028650431250000004 0.7388218156249999 0.0728476265625 0.7375411046875 0.1002284515625 0.7218590625 0.12155078281250001 0.6981530499999999 0.13793326875 0.6603488921875
12 0.3427092421875 0.61579095 0.33890372812499997 0.5887133062500001 0.32624309375 0.568797128125 0.297278375 0.5521585 0.250619096875 0.542937478125 0.23431501093749998 0.546215028125 0.20196298124999998 0.561609565625 0.184508884375 0.584771934375 0.1731132828125 0.6159582734375 0.177734265625 0.6488382671874999 0.2022557453125 0.67596295 0.24613407812500002 0.6934640859375001 0.2980834234375 0.6841907625 0.323258309375 0.6668464265625 0.33572552031249997 0.650301878125 0.3427092421875 0.61579095
12 0.36257311875 0.5045216921875 0.375631015625 0.4711294125 0.3723691453125 0.44792000468750004 0.3624894578125 0.4197237125 0.3382398 0.394533146875 0.3045756984375 0.37954113437500003 0.2763950859375 0.3825155015625 0.249029940625 0.3912922203125 0.218852490625 0.422159696875 0.2074568890625 0.4533460359375 0.21150286562499998 0.49616843906249997 0.22416350000000002 0.51608461875 0.25200956875 0.538797421875 0.29066055468749996 0.547171615625 0.3138699640625 0.5439097453125 0.3379261984375 0.532639584375 0.36257311875 0.5045216921875
12 0.2576602765625 0.361480671875 0.255245234375 0.3302629734375 0.242312778125 0.308412678125 0.219422234375 0.2928926984375 0.18850771718749998 0.2834312140625 0.16059892656250002 0.2883396984375 0.1351678984375 0.29684459531249996 0.10305633125 0.3279838953125 0.094713496875 0.3528242375 0.0985190125 0.3799018796875 0.11006099531249999 0.4058922328125 0.1310174234375 0.421684034375 0.17767670156249998 0.43090505625000003 0.2028202265625 0.4273713640625 0.2490456203125 0.38438689843749996 0.2576602765625 0.361480671875
12 0 0.287856925 0.010872106250000001 0.2965623546875 0.06635514218750001 0.31243255625 0.10144107656250001 0.30947386875 0.13102784218750002 0.2954541234375 0.1537406453125 0.26760805312499997 0.160421184375 0.24497365000000002 0.1538660859375 0.212365478125 0.13624992656249998 0.1852564765625 0.1037201546875 0.157284965625 0.0703278765625 0.14422706875 0.010114096875 0.1438141265625 0 0.1473580015625 0 0.287856925
12 0 0.14271641562499998 0.059841821875 0.1397838296875 0.121942678125 0.160640915625 0.14109042968750002 0.12146196406250001 0.137044453125 0.07863956093749999 0.1238558546875 0.0479498265625 0 0.0660707703125 0 0.14271641562499998
12 0.4018826671875 0.22287236875 0.39460618125 0.1430299140625 0.3756309109375 0.106250325 0.35413083749999996 0.0865902890625 0.3017005671875 0.064374090625 0.2735199546875 0.0673484578125 0.2453079828125 0.08413346875 0.2150678125 0.1426222328125 0.22509388281249998 0.22799521718750002 0.23717951249999997 0.25785380468749997 0.25920755 0.288287396875 0.29672420625 0.3096410875 0.33510337031250004 0.3160811640625 0.3713393140625 0.293237659375 0.390727528125 0.26980346875 0.4018826671875 0.22287236875
12 0.5593093359375 0.108048478125 0.55329788125 0.079308540625 0.5301355140624999 0.06185444531249999 0.486800825 0.04822154375 0.45061192187500004 0.0503490828125 0.4055365375 0.0734487296875 0.3880824421875 0.0966110984375 0.4027922140625 0.1872427890625 0.40885070937499995 0.1952667609375 0.457297721875 0.14703926875 0.487396771875 0.1506984015625 0.5122057546875001 0.1728518796875 0.52408228125 0.17315506249999998 0.54347049375 0.149720871875 0.5593093359375 0.108048478125
12 0.5629789921875 0.31659860625 0.5527124578125 0.2154808609375 0.5331621828124999 0.1886436796875 0.5022633453124999 0.172276875 0.43706268125000003 0.17848175 0.410194140625 0.21184267031249998 0.3968330625 0.257111475 0.39374893437499997 0.277268115625 0.40356590312499996 0.333085696875 0.41951976718750006 0.3624006390625 0.43660796093750004 0.378736084375 0.46586018281249997 0.390403509375 0.5084107640625 0.38442341406249997 0.539116178125 0.36432949375 0.5629789921875 0.31659860625
12 0.706312775 0.3260391484375 0.6834222296875 0.3105191703125 0.6503017734375 0.299395390625 0.5969776359375001 0.30590345 0.5698843140625 0.31661428593749996 0.53356996875 0.3739844 0.54698335 0.42732421875000004 0.5778508265625 0.45750166875 0.6109712843749999 0.46862544687499996 0.634996159375 0.47116592968750004 0.6866736812500001 0.4599584890625 0.735136375 0.40482567343750003 0.7351677343749999 0.3910150296875 0.706312775 0.3260391484375
12 0.9086005687500001 0.40411470468750005 0.8923748828125 0.3728656453125 0.86534428125 0.35595519375 0.8347015859375 0.348427828125 0.7987845046875 0.352489484375 0.751937065625 0.42613232500000003 0.75244935 0.443811203125 0.773086915625 0.478384853125 0.7918374046875 0.492514359375 0.8119940453125001 0.49559848593750006 0.8714080375 0.48330375468750003 0.8949206265624999 0.46816535937500003 0.90572554375 0.45382675 0.9110469703125 0.42152176093750005 0.9086005687500001 0.40411470468750005
12 0.9608949796875 0.6078033890625 0.953587134375 0.541771578125 0.9119617796874999 0.5052167703125 0.8890555546875 0.4966021140625 0.8255171859375 0.50060105 0.794555628125 0.5118555312499999 0.7784920046875 0.5308778421875 0.7670964031249999 0.5620641828124999 0.7750106156250001 0.6043429406249999 0.8009068875 0.6342328875 0.8306870749999999 0.65667386875 0.8734781187499999 0.6664385359375 0.925155640625 0.65523109375 0.9478527640625 0.6342903468750001 0.9608949796875 0.6078033890625
12 0.932259646875 0.8110320906249999 0.898417803125 0.7526740281250001 0.8686376156250001 0.730233046875 0.8349735140625001 0.7152410328125 0.80265284375 0.716824928125 0.7675512296875 0.7266889375 0.7509439609374999 0.7418430125000001 0.7505466984375 0.7951514703125 0.7596109203125 0.8175454109375 0.8050888281249999 0.8604618953125 0.84895148125 0.884868353125 0.8804410031250001 0.884387428125 0.915286475 0.8656839796875 0.9313814593749999 0.8328510250000001 0.932259646875 0.8110320906249999
12 0.751696709375 0.7752666515625 0.7443261421875 0.736856128125 0.7286441015625 0.709475303125 0.703547615625 0.6922930296875001 0.6850532703125001 0.6870029625 0.6590785984374999 0.691639625 0.635853509375 0.701806815625 0.6236581203125 0.72028548125 0.619727165625 0.7484504140625 0.6246199703124999 0.783264525 0.6615302609375 0.82837126875 0.6825023703124999 0.8372577484375 0.7117859515625 0.835114528125 0.731973953125 0.8243880125 0.74749393125 0.8014974671875 0.751696709375 0.7752666515625
12 0.7686750359375 0.4750602625 0.7513307 0.449885378125 0.7284401546875 0.4343653984375 0.71573248125 0.4351651859375 0.677546740625 0.46518583593749996 0.61316154375 0.47719306406250006 0.617416621875 0.5495708718750001 0.6364389328125 0.5656344953125 0.6778395046875 0.5795392203125 0.7096008484375 0.5809924125 0.737797140625 0.5711127234375 0.76546546875 0.550459478125 0.7732646578125 0.5217509015624999 0.7686750359375 0.4750602625
12 0.6149388609375 0.5459744609375 0.61068378125 0.47359665156249997 0.57812265 0.4594357859375 0.5422839671874999 0.42897083281250004 0.5163092953125 0.43360749531250004 0.48561956093749997 0.44679609375 0.4684372875 0.471892578125 0.4609099203125 0.5025352734374999 0.4704864265625 0.5426080921875001 0.4834188828125 0.5644583875 0.512927246875 0.5849652515625 0.541635825 0.592764440625 0.574787640625 0.5900775765625 0.6035589390625 0.570255478125 0.6149388609375 0.5459744609375
12 0.41039808750000006 0.486952575 0.3805551796875 0.49213288125 0.34152261093749997 0.5301618218749999 0.32848039375 0.5566487796875 0.35071753437500003 0.6166377765625 0.385212784375 0.6305268203125001 0.4421490140625 0.614635678125 0.46292769843750003 0.5870614296875 0.4696395984375 0.5506163843749999 0.4586726203125 0.5146836218749999 0.443246721875 0.49614223593749995 0.41039808750000006 0.486952575
12 0.42970263906249995 0.3787204046875 0.404381371875 0.3388880484375 0.392086640625 0.27947405625 0.3862842875 0.2802895234375 0.3663524296875 0.29985547968750004 0.33177878125000004 0.32049304375 0.3163058421875 0.3226676234375 0.3008642640625 0.31103155937500004 0.2928402921875 0.3170900546875 0.29386486093749997 0.3524478109375 0.3026572609375 0.372907634375 0.3622333140625 0.4108842734375 0.40617436875 0.400764121875 0.42970263906249995 0.3787204046875
12 0.2259093515625 0.23379756875000002 0.2128618734375 0.1409599375 0.2029194640625 0.1403849328125 0.1799661984375 0.1524862421875 0.15918751250000002 0.1800604890625 0.15471291250000002 0.20435718593750002 0.1612366515625 0.25077600312500004 0.1692135828125 0.2654334734375 0.1898981890625 0.2792911578125 0.23571063906249998 0.2965204703125 0.2550518125 0.293802246875 0.258935728125 0.2863532796875 0.2259093515625 0.23379756875000002
12 0.3831896375 0.06179698593750001 0.38019959062500003 0.0405216953125 0.36562051875 0.01397201875 0.1384976453125 0.046878215625000004 0.1446868421875 0.1189842015625 0.15789112031250002 0.142768615625 0.16975196718750002 0.14997711875 0.2112152578125 0.13626055625 0.2275507046875 0.1191723625 0.23784333593749998 0.08715487499999999 0.2666146328125 0.067332778125 0.30529697968749997 0.061896328125 0.355521309375 0.08245023124999999 0.3831896375 0.06179698593750001
12 0 0.45557394687499997 0.009680317187499999 0.45648772656250003 0.04008255 0.4482703328125 0.06664790625 0.426785940625 0.0785714734375 0.4063731578125 0.0833178953125 0.38401057656250004 0.0787282734375 0.3373199390625 0.058618673437500005 0.3135198453125 0.017489925 0.3015492390625 0 0.290464975 0 0.45557394687499997
12 0.7925325875 0.3080047859375 0.7622557953125 0.26097960468750003 0.7437771296875 0.24878421562500003 0.7087068765625 0.24483758125000002 0.6946087296875 0.249777425 0.6630094468750001 0.298595603125 0.7082468921875 0.32576732656249996 0.734624090625 0.38714679531249996 0.7318117859375 0.409237553125 0.7389889296875001 0.41118735156249997 0.7671852218749999 0.4013076625 0.7829770234375 0.380351234375 0.7952194515625 0.341156603125 0.7925325875 0.3080047859375
12 0.5871240453125 0.144571925 0.5514787859375 0.1505676984375 0.5315312484375 0.1770389765625 0.558755271875 0.2304101546875 0.5679658765625 0.3099807875 0.65556048125 0.2947116890625 0.6716241046875 0.275689378125 0.67942329375 0.2469808015625 0.6745304890625 0.21216668906249997 0.6638039734375 0.19197868906249999 0.6199726796875 0.1537615859375 0.5871240453125 0.144571925
12 1 0.4660919875 0.9579623921874999 0.439582221875 0.933393871875 0.4331735046875 0.91515566875 0.4367228765625 0.9079314828125 0.4554890453125 0.8791288265625001 0.48912178749999996 0.90948401875 0.501620359375 0.9434042625 0.5254518109374999 0.9557930734375001 0.543433871875 0.9606858781250001 0.578247984375 0.9736653734375 0.5793823140625001 1 0.5541380421875 1 0.4660919875
12 1 0.6896665515625 0.9767234031250001 0.69236090625 0.9504141875000001 0.7226847390625 0.9199962749999999 0.7378074546875 0.9218363125 0.7789675625 0.9314441796875 0.8052297375 0.9888456531250001 0.8277334390625001 1 0.8261657984375 1 0.6896665515625
12 0.7915343265625 0.8692699734374999 0.7798825828125 0.8916168734375001 0.787765434375 0.9477062765625 0.795742365625 0.9623637468749999 0.9051559062500001 0.9479728375 0.909614825 0.9305814609375 0.890095909375 0.8899336375000001 0.8511574218750001 0.8865306468749999 0.799830121875 0.8651455968749999 0.7915343265625 0.8692699734374999
12 0.7026590109375 0.8403418765625 0.6708819859374999 0.8457940046875001 0.644875953125 0.8642413109374999 0.6362769765625 0.8802422140624999 0.6378765515625 0.9056575625000001 0.658514115625 0.9402312109375 0.705941821875 0.9759705500000001 0.7794382796875 0.9656412968750001 0.7792762171875001 0.9153699265625 0.751205365625 0.8700070406249999 0.729977115625 0.852281121875 0.7026590109375 0.8403418765625
12 1 0.8289987609375 0.9457827875 0.8160346546874999 0.935281053125 0.8184967375 0.923038625 0.85769136875 0.8937080015625 0.8805505531250001 0.8898084078125 0.8949048421875 0.8845810609375 0.8857779000000001 0.849223303125 0.8868024703125 0.8025953859375001 0.8637708046875 0.78987203125 0.8714759140625 0.7809698734375 0.89935334375 0.7872217890625001 0.9438380421874999 0.795742365625 0.9623637468749999 0.9070900234374999 0.9477010140625 0.9101741499999999 0.9275443734375 0.9264311968750001 0.944982790625 1 0.93464336875 1 0.8289987609375
12 0.9770265859375 0.6804843796875 0.9713183140625 0.639867915625 0.961407265625 0.6254822671875 0.9556049124999999 0.626297734375 0.91409458125 0.6607302640625 0.867675765625 0.6672540031249999 0.8224069609375 0.6538929234374999 0.8201539796875 0.6729465953125 0.8397042562499999 0.699783775 0.8741681453125001 0.7274834625000001 0.898736665625 0.7338921796875 0.9335507765625 0.728999375 0.957335190625 0.715795096875 0.9770265859375 0.6804843796875
12 1 0.5637236609375 0.9960749953124999 0.5634127703125 0.9639791078125001 0.5876467484375001 0.960048153125 0.6158116812500001 0.9737960765624999 0.643464328125 0.9795043484375 0.6840807921875001 0.99082155 0.6874210625 1 0.685439140625 1 0.5637236609375
12 0.8079742718749999 0.6845199390625 0.81631710625 0.6596795953125 0.8146861703124999 0.6480748921874999 0.778032021875 0.6118075875 0.764315459375 0.570344296875 0.7480270531250001 0.5667165234375 0.7231396703125 0.5790896546875001 0.6841855015625 0.5825919875000001 0.6711746453125 0.5952683015625 0.6678186953125 0.613490825 0.6738301484375 0.6422307609375 0.6991514171875 0.68206311875 0.740504946875 0.7166838078125 0.7584556484375 0.7181056406249999 0.7938447656250001 0.7032704265625 0.8079742718749999 0.6845199390625
12 0.5810865984375 0.6138463093750001 0.583261178125 0.629319246875 0.610563603125 0.648163815625 0.649517771875 0.644661484375 0.669993275 0.6289637625 0.6690000656249999 0.5797953625 0.6143638546875 0.55591686875 0.6090737875000001 0.574411215625 0.5810865984375 0.6138463093750001
12 0.574787640625 0.5900775765625 0.53970170625 0.5930362625 0.508787190625 0.583574778125 0.47211736093749995 0.5542127953125 0.46818640624999996 0.582377728125 0.452107103125 0.6083053609375 0.450141625 0.6223878265625 0.458406059375 0.63207409375 0.511411334375 0.6443478828125 0.5404230937500001 0.6402705453124999 0.5697380359374999 0.6243166828125 0.6068678484375 0.5727489203125 0.6032871156249999 0.5683213609375 0.574787640625 0.5900775765625
12 0.45414571875 0.44037169687500005 0.4745585015625 0.4522952625 0.5425714703125 0.42399962812499997 0.5288705874999999 0.375631015625 0.47027206250000003 0.3937280984375 0.441019840625 0.382060675 0.4324522234375 0.384250934375 0.43761685000000006 0.42099916249999997 0.45414571875 0.44037169687500005
12 0.597050984375 0.8818104281249999 0.5905272453125 0.8353916124999999 0.5701458234375 0.809657403125 0.534003959375 0.7910689765625001 0.5190903453125 0.79020646875 0.45497697031250006 0.8041478156249999 0.437731978125 0.8568655875 0.44153749218750005 0.8839432296874999 0.46713058125 0.9257097046875 0.490564771875 0.9450979171875 0.5217511109374999 0.95649351875 0.5491005765625 0.9546221218750001 0.5695604000000001 0.9458297234374999 0.5881331453125 0.91659318125 0.597050984375 0.8818104281249999
12 0.8003894453125 0.862108509375 0.8004051265625 0.8552031875000001 0.7480375765625 0.8053657015625 0.7211690359375 0.838726621875 0.7603166265625 0.871685015625 0.778267328125 0.8731068484375 0.8003894453125 0.862108509375
12 0.618305334375 0.7664011140625 0.58488169375 0.7671538625000001 0.5602661343750001 0.7814611109375 0.5538730968750001 0.799124309375 0.587234015625 0.8259928484374999 0.5984414578125 0.877670371875 0.6080963640625 0.8832165812499999 0.6313057718749999 0.8799547109375 0.6529312843749999 0.8443721734375 0.6540812953125 0.8244873546875 0.630662784375 0.79819381875 0.618305334375 0.7664011140625
12 0.657975628125 0.6908084765625 0.6850532703125001 0.6870029625 0.6878498953125 0.6718175265624999 0.6666530046875 0.6402809640625 0.6304484203125 0.649313825 0.5854357578125 0.6447921859375 0.574071515625 0.66216788125 0.58002025 0.71852910625 0.57252424375 0.7353611578125 0.573036528125 0.7530400359375 0.579095021875 0.7610640078124999 0.6125186609375 0.7603112609375 0.6205426328125 0.754252765625 0.6233862984375 0.7183513640625 0.635853509375 0.701806815625 0.657975628125 0.6908084765625
12 0.3707016953125 0.6956804453125 0.4160332203125 0.6814202359375 0.44512338125 0.642816290625 0.44242083593750003 0.6165697953125 0.385212784375 0.6305268203125001 0.36505614375 0.6274426937500001 0.3465774765625 0.6152473046875 0.3271108640625 0.6732081046875 0.3707016953125 0.6956804453125
12 0.38498284531250004 0.8534312375 0.4046272 0.8388364859375 0.43510783281250004 0.7960924828125 0.426859078125 0.7795008953125 0.40038780156250003 0.75955335625 0.3925258921875 0.815883221875 0.3678476109375 0.8578117578125 0.38498284531250004 0.8534312375
12 0.430554728125 0.4900367015625 0.455938715625 0.5022477703125 0.47233688125000006 0.45753829062499995 0.437329346875 0.42597036718750003 0.4149510875 0.4281292671875 0.390048025 0.4474077203125 0.3891384765625 0.4830373 0.430554728125 0.4900367015625