12 0.3258764703125 0.1510825125 0.3275779265625 0.2027662421875 0.3352852671875 0.2227729390625 0.3695893390625 0.2558907625 0.4436012671875 0.275522984375 0.45964497031249996 0.274109115625 0.46756198437499996 0.280306725 0.5080905875 0.24915387656250002 0.5172387203125 0.22885061874999998 0.5197009578125 0.1758488828125 0.4967706609375 0.1395888109375 0.4689607609375 0.1154094453125 0.4196254578125 0.0897982625 0.3547437140625 0.0874318875 0.3210237921875 0.1068095640625 0.31380473750000004 0.1274183578125 0.3258764703125 0.1510825125
12 0.4751644875 0.307217965625 0.46935930312499996 0.34387046250000003 0.4766562703125 0.3727107828125 0.49532701250000005 0.39840885312499996 0.5257818999999999 0.412131053125 0.5851909187500001 0.3928671875 0.606323896875 0.3655635234375 0.6128360171875 0.336932878125 0.6113262859375 0.30900916562499997 0.6044307156250001 0.2901197765625 0.5799727375 0.2635050984375 0.5397676203125 0.2551597609375 0.517325609375 0.25951517968750004 0.4913220015625 0.280115 0.4751644875 0.307217965625
12 0.0682186078125 0.054904329687499996 0.064036965625 0.09379144218749999 0.07713014375 0.10476381718750001 0.109618946875 0.111887009375 0.1377343828125 0.13413729531250002 0.167569225 0.1705022046875 0.1821900828125 0.17182918593750002 0.2230152484375 0.15753181249999998 0.24962992812499998 0.133073834375 0.2598084796875 0.0812942421875 0.25251151250000003 0.05245392343750001 0.241958484375 0.0379289265625 0.2006450328125 0.011610809375 0.16236899375 0.003571009375 0.12357774375 0.011269375 0.07583906093750001 0.044246465624999995 0.0682186078125 0.054904329687499996
12 0.1958708953125 0 0.1963854765625 0.0010488078125 0.2441931 0.036305384375 0.26235760468749997 0.058957068749999994 0.2818490921875 0.06698789375 0.312513653125 0.06690100624999999 0.340044940625 0.0366557921875 0.351733225 0.0127999125 0.35226242343749997 0 0.1958708953125 0
12 0.1436505234375 0.2903057890625 0.163055121875 0.267672053125 0.17140045937499998 0.22746693437499999 0.16624224375000002 0.1851230640625 0.1406759328125 0.140535603125 0.10190263125000001 0.1106648640625 0.080682765625 0.10730396718749999 0.054888831250000006 0.1140947 0.0261684421875 0.29542810625000004 0.049919484375 0.314020934375 0.079972975 0.3177922046875 0.1157178375 0.31060007343749996 0.1436505234375 0.2903057890625
12 0.20757364374999998 0.1738720765625 0.1799195703125 0.2485909390625 0.1856019703125 0.256412090625 0.2264181609375 0.26089927031250004 0.27748184375 0.2818405234375 0.3163779296875 0.2672376140625 0.33537215625 0.2534375 0.3419801375 0.23668686249999998 0.3234142328125 0.2040842484375 0.32637373125 0.1729134515625 0.3210058421875 0.14437866875 0.310147278125 0.13178275 0.28923294843749997 0.126492775 0.25429985624999996 0.13480221406249998 0.20757364374999998 0.1738720765625
12 0.3632028609375 0.021537671875 0.3492889359375 0.028232542187499998 0.316266975 0.074416621875 0.3151406921875 0.094012946875 0.3235639421875 0.10325694218749999 0.35504925 0.085502809375 0.3948529703125 0.0838972140625 0.43861070937499996 0.0947827015625 0.47961862499999997 0.12302989843750001 0.4924242171875 0.098362246875 0.4946767796875 0.059169598437500005 0.4879819109375 0.045255675 0.45956093750000004 0.0249344671875 0.3933611875 0.0184043984375 0.3632028609375 0.021537671875
12 0.512205671875 0 0.5043401234375 0.0231281734375 0.5057539921875 0.0391718765625 0.5337645921874999 0.06832670625000001 0.5541726875 0.0705702953125 0.582201234375 0.062156020312500004 0.6316503484375 0.06207810625 0.661110715625 0.032138428125 0.664873009375 0.020869492187499998 0.5383300703125 0 0.512205671875 0
12 0.3737895671875 0 0.382703321875 0.0107839453125 0.404429425 0.017191228125 0.47205201875 0.020980446875 0.48302439374999995 0.007887268749999999 0.4842736140625 0 0.3737895671875 0
12 0.1331843828125 0.306445353125 0.10717180156249999 0.3458297265625 0.10889120781249999 0.35994435 0.133445046875 0.3984390375 0.15730092812500002 0.410127321875 0.1892834953125 0.414204128125 0.20644450625 0.4119784875 0.2519485734375 0.380624940625 0.2706462390625 0.349969353125 0.2758403515625 0.3171750140625 0.272497403125 0.30082577499999996 0.251897584375 0.27482216875 0.23159432500000002 0.2656740359375 0.2007290640625 0.2607854578125 0.17219428125 0.26615334687500003 0.1331843828125 0.306445353125
12 0 0.4633234046875 0.0092321984375 0.46478564218749996 0.0718883015625 0.44999100625 0.10012652343749999 0.42776764375000004 0.1172006453125 0.3948774421875 0.10828013593750001 0.3638025078125 0.0899149296875 0.3361753578125 0.026063604687500002 0.30233265 0 0.46074657031250005 0 0.4633234046875
12 0.05526656875 0.5986349109375 0.0653043875 0.6288980734375 0.084595175 0.631953434375 0.1451994140625 0.6613269125000001 0.178805525 0.6676383328125 0.202775215625 0.6536375203125 0.238642865625 0.601971740625 0.2549321390625 0.5116105734375 0.2338350578125 0.463776028125 0.203083609375 0.43319835468749995 0.1857219 0.43044852968749997 0.15241235 0.4409925828125 0.1171647484375 0.47001565312500004 0.0693032796875 0.5474663921875 0.05526656875 0.5986349109375
12 0.25960206874999997 0.513338953125 0.27036476875000004 0.5140548625 0.3171778703125 0.5056495609375 0.3359893453125 0.449304878125 0.2880768875 0.42095284375 0.2813820171875 0.4070389203125 0.281495828125 0.3813498234375 0.26748604062500003 0.376164684375 0.218123815625 0.40690715937500005 0.2045064515625 0.4304575046875 0.24824624375 0.47891209687499997 0.25960206874999997 0.513338953125
12 0.2821069 0.377491665625 0.285240175 0.40764999218750003 0.31000368749999996 0.43233559218749995 0.34168072031249996 0.4383414765625 0.3724590921875 0.41256549218750005 0.42476286874999997 0.38822132656249997 0.449858840625 0.35462418906250004 0.4558737 0.3041626046875 0.4368974234375 0.2803936125 0.3564871859375 0.263702940625 0.32500187812500003 0.28145707343750004 0.30112805 0.3073378953125 0.28882869375000003 0.3350519328125 0.2821069 0.377491665625
12 0.0274476953125 0.5932400984374999 0.048868260937500005 0.601576459375 0.0699143515625 0.5436082343749999 0.114624596875 0.47356827343749996 0.1111768125 0.46412357968749995 0.0935095671875 0.463302834375 0.054107245312499996 0.4748593578125 0.023634409375000002 0.4987062625 0.009711510937499999 0.5241856859375 0.0012703125 0.5525107953124999 0.00522433125 0.5650018765625 0.0274476953125 0.5932400984374999
12 0.06885700781250001 0.631438225 0.048029565625 0.6568128109375 0.044057596875 0.6818908343750001 0.0395524703125 0.76027613125 0.0540684921875 0.7685076546875 0.090118890625 0.7593864453125 0.13479323906250001 0.764484696875 0.1562227796875 0.7540365046875 0.1961492859375 0.7079572625 0.20529741875 0.6876540046875 0.2073403078125 0.66227044375 0.2013523734375 0.6563783703125 0.1776882171875 0.6684501046875 0.1619500515625 0.66793489375 0.06885700781250001 0.631438225
12 0.32856061875 0.483722759375 0.325391446875 0.52870264375 0.33725350625 0.5661758875 0.3464885265625 0.5765371890625001 0.364356471875 0.5823334 0.435435825 0.5767827609375 0.45250097343749995 0.5626771125000001 0.48582847031250004 0.5145639531249999 0.4937724078125 0.46440790468750004 0.484240825 0.437191128125 0.45267760468749996 0.405496146875 0.4160251078125 0.39969096249999997 0.3760117140625 0.41510564375000003 0.3383198234375 0.45956134375 0.32856061875 0.483722759375
12 0.5045171609375 0.50269291875 0.5566022875 0.5109423921875 0.5850232609375 0.5312636000000001 0.6015731984375 0.5328961171875 0.6332592046875 0.5201174484375 0.6698337875 0.4764735203125 0.67390161875 0.4632755046875 0.664981109375 0.4322005703125 0.6405231312499999 0.4055858921875 0.5996110781249999 0.38921870468750003 0.5217140687499999 0.42532906875 0.5064731625000001 0.44664479687499997 0.4981278265625 0.486849915625 0.5045171609375 0.50269291875
12 0.5771360249999999 0.2502022453125 0.57865473125 0.2593414046875 0.6050417875 0.28626161875 0.6182218546875 0.32789855625 0.6277624109375 0.3363307796875 0.6404541921875 0.337352225 0.6776308734375001 0.30863469062500004 0.7098231140625 0.298902409375 0.7229432171875 0.25352112656250003 0.7172697921875 0.22691542187499997 0.7037752140625 0.20599211718750002 0.68053040625 0.190445675 0.64997068125 0.18362801875 0.5995001234374999 0.1963977125 0.5830370734375 0.22542975781250002 0.5771360249999999 0.2502022453125
12 0.7143641406250001 0.145378903125 0.7333404171875 0.16914789531250002 0.7527270671874999 0.1840832640625 0.782169484375 0.1917126921875 0.809281425 0.189085653125 0.8714402671875 0.1524600796875 0.87804825 0.1357094421875 0.8767481921875 0.09397664375 0.8589940593750001 0.0624913359375 0.8447835734375 0.0523307328125 0.7602096421875 0.0369580671875 0.717245725 0.0647589921875 0.70777410625 0.124560434375 0.7143641406250001 0.145378903125
12 0.9773837734375 0.07036633437499999 0.8608272749999999 0.05091686250000001 0.87898280625 0.0923531 0.8797676546875 0.149824065625 0.9390538875000001 0.17503385 0.9581529515625 0.15432919375 0.9676066203125 0.13209685625 0.9773837734375 0.07036633437499999
12 0.7974703546875 0.25741518124999996 0.8037548515624999 0.280162728125 0.8197895796875001 0.2975334125 0.8266941234375 0.29763824843750003 0.9165580296875 0.29209658437499997 0.94379275625 0.24499589687499998 0.9465425796875 0.2276341875 0.9441162406249999 0.2054977125 0.9228094859375 0.1714722546875 0.9082934640625 0.1632407296875 0.8751935890625001 0.1599756953125 0.8124236734375 0.20045942656250001 0.8019575328125 0.21659899062500002 0.7974703546875 0.25741518124999996
12 0.5475647046875001 0.0873209328125 0.530185046875 0.1221402125 0.5292504890624999 0.1654965546875 0.560508175 0.19912061406249998 0.5806107328125 0.20329328281249998 0.607932346875 0.18685715625 0.638396209375 0.18179480312500002 0.6484519765625001 0.1744888609375 0.6579056453125001 0.1522565234375 0.6612665421874999 0.13103665625 0.652957103125 0.09610356406250001 0.633675290625 0.0742636515625 0.6172301890624999 0.065726590625 0.571333696875 0.06834465468749999 0.5475647046875001 0.0873209328125
12 0.6548743515625 0.33370374062499997 0.640951453125 0.3591831640625 0.637075346875 0.396141196875 0.6807103 0.4515003328125 0.6930965453125 0.45445085625 0.738181265625 0.45071548437500003 0.75555195 0.43468075625 0.7665332984375001 0.402803025 0.7704094046875001 0.3658449921875 0.7641249078125 0.3430974453125 0.7522538734374999 0.32440875468749997 0.729009065625 0.30886231406250003 0.7039310421875 0.3048903453125 0.6853471875 0.3098568359375 0.6548743515625 0.33370374062499997
12 0.78259495 0.36382005156249997 0.8063280453124999 0.419981984375 0.8208440671874999 0.428213509375 0.8748582734375001 0.43676851875 0.9342493421875 0.455073759375 0.967672703125 0.418840609375 0.97519729375 0.3963027359375 0.9790734000000001 0.359344703125 0.96649543125 0.3326341625 0.9122895 0.300319134375 0.885282396875 0.29604162968750003 0.8515714484375 0.296634753125 0.8021133609375 0.31549721875 0.788801534375 0.337118484375 0.78259495 0.36382005156249997
12 0.7520772421874999 0.4815897203125 0.7535869734375 0.50951343125 0.7843294484375 0.5588756578125 0.8245345671875001 0.56722099375 0.86554248125 0.5954681890625 0.8911267421875 0.60248654375 0.9297172921874999 0.5898127125 0.9544028921875001 0.5650492 0.9568651296875 0.5120474640625 0.9413456109375 0.4789386140625 0.9138412468749999 0.4528301703125 0.8896798312499999 0.44307096562500004 0.8240911515624999 0.4326827390625 0.775348971875 0.440782503125 0.7611295124999999 0.44940645312500005 0.7520772421874999 0.4815897203125
12 0.6718138578125 0.582581828125 0.6916108796875 0.588683575 0.735072059375 0.5827135875 0.7502081281249999 0.568302403125 0.7550008421875 0.5255571328124999 0.7470928015625 0.500574971875 0.7472066140625 0.474885875 0.7350300421875 0.4581262640625 0.684358784375 0.46592049218750003 0.6371173625 0.520728521875 0.6381208578125 0.545605846875 0.6718138578125 0.582581828125
12 0.725705278125 0.6356104874999999 0.7498397703124999 0.70172335 0.7908566609375 0.71118599375 0.8218267578124999 0.7091700265624999 0.8707875859374999 0.668476621875 0.8729263375 0.6549730703125001 0.8700986 0.6228856656249999 0.85457908125 0.589776815625 0.8203708734375 0.568539 0.79915100625 0.5651781031249999 0.76868714375 0.57024045625 0.740448921875 0.59246381875 0.725705278125 0.6356104874999999
12 0.5940906234375001 0.680021315625 0.5955824062499999 0.74551413125 0.6021724390625 0.7663325999999999 0.63180658125 0.79772204375 0.657390840625 0.8047404 0.676786465625 0.800891215625 0.7161977625 0.7705501406249999 0.733271884375 0.7376599374999999 0.7402992125 0.6932911265625 0.7359437953125 0.670849115625 0.6983057500000001 0.6025975 0.6864257421875 0.6026933624999999 0.6634685203124999 0.622786946875 0.6083190578125001 0.6526128140624999 0.5940906234375001 0.680021315625
12 0.4664838359375 0.6242159078125 0.4805894859375 0.64128105625 0.5530827078125 0.65177411875 0.5663855609375 0.64893740625 0.5866019312499999 0.627420978125 0.5977929546875 0.5817341593750001 0.596283221875 0.5538104484375 0.5637075312500001 0.5160226953125 0.519949790625 0.5051372078125 0.49781331562500003 0.5075635468749999 0.477291409375 0.5310090546875 0.462451903125 0.5622757140625 0.4664838359375 0.6242159078125
12 0.4298913046875 0.7054289421875 0.42530826250000003 0.7343651234374999 0.43798209374999997 0.7729556750000001 0.510972578125 0.8052796765625001 0.54062466875 0.799100015625 0.5752611984375 0.773935103125 0.5869494828125 0.7500792234375 0.59244913125 0.7153558046875 0.5789635296875 0.6756479484375 0.5629288015625 0.6582772640625 0.48576565 0.646055821875 0.4606786515625 0.6608684046875 0.443814203125 0.6799495203125 0.4298913046875 0.7054289421875
12 0.3138769375 0.6138876468750001 0.2815619109375 0.6680935781249999 0.2797107453125 0.7172371562500001 0.28843055624999997 0.743336625 0.323354675 0.7538117390625 0.3733100234375 0.7567802125 0.42257638750000004 0.714157728125 0.44696542656249993 0.6725387406250001 0.4557121609375 0.6422845515625 0.46081041093749997 0.597610203125 0.45573908437500005 0.58593089375 0.432895675 0.5803353828125 0.3523716265625 0.58933380625 0.3334822359375 0.5962293765625 0.3138769375 0.6138876468750001
12 0.261720015625 0.75591459375 0.2295188 0.784431428125 0.20096606718749999 0.8273684234375001 0.1977010328125 0.8604682984375 0.1753369359375 0.9142728312499999 0.1793957921875 0.9198593671875 0.1959457296875 0.9214918843750001 0.2159524265625 0.91378454375 0.2664140109375 0.919799403125 0.29891178906250004 0.9081380421875 0.3499065328125 0.8608456296875 0.38304230625 0.788972453125 0.3805111296875 0.773740521875 0.3663006421875 0.76357991875 0.310051821875 0.7566484515624999 0.278174090625 0.7456671015625 0.261720015625 0.75591459375
12 0.3647460390625 0.8295789703124999 0.355178559375 0.8775004046875001 0.360851984375 0.904106109375 0.3820628765625 0.9262515578125001 0.41231706562500003 0.9349982921875 0.4394200296875 0.9511558062500001 0.4617572046875 0.9537049312500001 0.4920203671875 0.9436671140625 0.518023975 0.92306729375 0.523925021875 0.89829480625 0.5219180296875 0.8485401546875 0.515327996875 0.8277216875000001 0.49828079687500004 0.8042582312500001 0.45026350156249995 0.7828107421875 0.4113763890625 0.7786291000000001 0.386289390625 0.7934416828125 0.3647460390625 0.8295789703124999
12 0.5205041609375 0.832496453125 0.5285859765625001 0.9188077375000001 0.5681800234375001 0.93101123125 0.609712121875 0.9247357078125 0.6309409640625 0.909312053125 0.64364171875 0.8915489453125 0.6545272046874999 0.8477912046875 0.65402994375 0.8259602656249999 0.6470295375 0.8139754203124999 0.603385609375 0.7774008375 0.58470589375 0.77048731875 0.5392018249999999 0.8018408656249999 0.5205041609375 0.832496453125
12 0.672769625 0.919892003125 0.7477071359374999 0.9149524359375001 0.7676179703125 0.8953650874999999 0.7880529890625 0.8412550187500001 0.777814471875 0.8060163906250001 0.7595451296875 0.7902692499999999 0.7055309234375 0.7817142390625 0.664591946875 0.8217007109375001 0.6482068109375 0.9001818687500001 0.6584543015625 0.91663594375 0.672769625 0.919892003125
12 0.82515175625 0.7630883703125 0.80869768125 0.7733358625 0.79508031875 0.7968862062500001 0.799321925 0.8450173140624999 0.8195113734374999 0.8798545421874999 0.83422809375 0.8930615328125 0.8832668359375001 0.9018172421875 0.94480563125 0.8878343781250001 0.96099904375 0.785593203125 0.9465878578125 0.770457134375 0.9243555203125 0.7610034640625 0.8661776203124999 0.7537664609375 0.82515175625 0.7630883703125
12 0 0.911305825 0.032471293750000005 0.9173522578125001 0.0875069453125 0.9132154874999999 0.11828531718749999 0.887439503125 0.1467421875 0.8326225 0.147065671875 0.7931243171875 0.13681818125 0.776670240625 0.09752967031250001 0.7625376687500001 0.0645256578125 0.77115264375 0.035283939062500005 0.76849868125 0 0.79248670625 0 0.911305825
12 0.8815233640625 0.7255461890625 0.8982650265625001 0.7509387234375 0.96344333125 0.770160571875 0.9839142484375 0.64091229375 0.9384281281250001 0.6346967343750001 0.9176096609375 0.64128676875 0.8839855999999999 0.672544453125 0.8815233640625 0.7255461890625
12 1 0.327449003125 0.9809066156249999 0.34777023125 0.971225325 0.42138076093750004 0.9905161124999999 0.424436121875 1 0.42525157656249996 1 0.327449003125
12 1 0.2672640515625 0.992220425 0.2576097625 0.9664354656249999 0.2456159421875 0.9425706109374999 0.2527122109375 0.915641421875 0.2978838203125 0.9798941453125 0.34167745781250003 0.9986876718750001 0.3229018796875 1 0.31762655156249997 1 0.2672640515625
12 1 0.49416096875 0.9905850515625 0.4926697875 0.960627425 0.5007785265625 0.960190128125 0.5659658078125 0.93885645 0.5882940078125001 0.9104175296875001 0.6055419046875 0.9132542421875 0.6188447578125 0.9420855875 0.6303323421875 0.9851363921875 0.6331959781250001 1 0.5349072546875 1 0.49416096875
12 0.732798284375 0.24123971875 0.7493751453125 0.186518578125 0.7022834312499999 0.1404993 0.6852272593750001 0.135820396875 0.6705015624999999 0.141397959375 0.657600109375 0.1541856015625 0.6494644468749999 0.1805816328125 0.6989045859374999 0.199288271875 0.713315771875 0.21442434062500002 0.725893740625 0.2411348828125 0.732798284375 0.24123971875
12 1 0.09684520156250001 0.9914894234375 0.08743148125 0.977881034375 0.0921972734375 0.9629277171874999 0.149153028125 0.9403718937500001 0.17919754375000002 0.9477647250000001 0.21991787187499998 0.945721834375 0.2453014328125 0.9572963078125 0.24713464843750002 0.970092925 0.24125155 0.9909293421875001 0.19709241093750002 1 0.1882930859375 1 0.09684520156250001
12 0.7068574984375 0.1303476703125 0.7124709593749999 0.06993515624999999 0.684556221875 0.052660335937500004 0.664549525 0.06036767656249999 0.652861240625 0.08422355625 0.6651247 0.131647728125 0.68025179375 0.136021096875 0.699036346875 0.1360300703125 0.7068574984375 0.1303476703125
12 0.19862335312499999 0.4176608875 0.1402447546875 0.40544841875 0.09991685 0.44157673124999997 0.1082352625 0.4577252703125 0.11838689218750001 0.4622993375 0.165514503125 0.43318040468749996 0.1940492875 0.427812515625 0.19862335312499999 0.4176608875
12 0 0.7113321703125 0.022340468750000002 0.6566989984375 0.0045953109375 0.6064291390625 0 0.6040435984375 0 0.7113321703125
12 0 0.7872883046875 0.035694312500000006 0.7596650578124999 0.0421374921875 0.6628007453125 0.028022868750000002 0.6645201515625 0.01705049375 0.6776133296875 0 0.71393903125 0 0.7872883046875
12 0.19496915625 0.8402609015625 0.208185121875 0.8067596281249999 0.24892339843750003 0.7617976921875 0.24670673281250002 0.7258521296875 0.22427369531250002 0.7114229953125 0.1955382125 0.7118154203125 0.1488030265625 0.7696698343749999 0.1522238875 0.8354681875000001 0.186336234375 0.84482599375 0.19496915625 0.8402609015625
12 0 0.6061440890625 0.0051015453125 0.609475525 0.0179850515625 0.6342569874999999 0.021729396875 0.66055715625 0.0294457125 0.6617793015625 0.0441714078125 0.6562017375 0.054332012500000006 0.6419912515624999 0.05545829375 0.6223949281250001 0.0455163375 0.6040117734375 0.029071237500000003 0.5954747125 0.004107025 0.5658136484375 0 0.5651631593750001 0 0.6061440890625
12 0.6680425875 0.6126353171875001 0.6649093125000001 0.582476990625 0.6497911937499999 0.559319071875 0.6355807078125 0.5491584671874999 0.6124317625 0.5454920343749999 0.597906765625 0.5560450625 0.5916822328125 0.620315734375 0.5723734953124999 0.6548294796875 0.5843493671875 0.6666136265625 0.6680425875 0.6126353171875001
12 0.7273288203125 0.6378451015625 0.746697521875 0.6903495765625001 0.7457629640625 0.73370591875 0.752658534375 0.7525953078125001 0.7689987984375 0.7680369125000001 0.79488859375 0.7731261890625001 0.85826060625 0.7475688515625001 0.8724890421874999 0.72016035 0.87737761875 0.689295090625 0.8690861296874999 0.6167928921875 0.8570143953124999 0.5931287375000001 0.8258525734375001 0.5713846874999999 0.8010800843749999 0.5654836390625 0.7706162234375 0.5705459921875 0.7401433859375001 0.5943928984375 0.7273288203125 0.6378451015625
12 1 0.42692695625 0.9855406468749999 0.4246368203125 0.9569010265625 0.43690925312499995 0.9442961343749999 0.4665523703125 0.95362701875 0.48879368124999995 0.9657077265625 0.49367328437499997 1 0.49260501406249996 1 0.42692695625
12 0.26300498125 0.6167064109375 0.27629885781249997 0.6326542500000001 0.2922377234375 0.638144925 0.320179384375 0.5990660890624999 0.326997040625 0.5685063640625 0.32254575937499996 0.53418434375 0.3062054953125 0.5187427390625 0.2750346984375 0.515783240625 0.2591916953125 0.522172575 0.2509601703125 0.536688596875 0.24118301562500002 0.59841911875 0.2446308015625 0.6078638140625 0.26300498125 0.6167064109375
12 0.2868518859375 0.6471792468750001 0.266252065625 0.621175640625 0.242701721875 0.607558278125 0.2212632078125 0.6367910203125 0.21851338281250002 0.6541527296874999 0.23038441718749997 0.6728414203125 0.25759221875 0.682094390625 0.27201237968749997 0.67844590625 0.2868518859375 0.6471792468750001