12 0.333997075 0.43788708437499996 0.355885940625 0.4481108921875 0.389224378125 0.450611865625 0.41215045781250004 0.44014563593749995 0.4487352171875 0.40547369062499994 0.4631123078125 0.37245405625 0.4694208265625 0.3348815265625 0.46071022343749995 0.282451490625 0.43905935312500005 0.24541325 0.41099222031249993 0.2260297859375 0.369612146875 0.22395535781250003 0.337153734375 0.24251709375 0.3097825046875 0.2809696484375 0.2943951359375 0.339658759375 0.296473990625 0.3699080640625 0.3089382671875 0.40814513281250003 0.333997075 0.43788708437499996
12 0.414956578125 0.6048397765625 0.443396384375 0.6223060015625 0.4751902546875 0.6225170609374999 0.5091932328125 0.6062452390625 0.530121265625 0.5804680203125 0.5460429234374999 0.5497382984375 0.5535233359375 0.516372925 0.5502995234375 0.4868959046875 0.5254517765625 0.42536008281250004 0.5081427390625 0.41204714062500003 0.4675080125 0.40613823125000004 0.43808486406249997 0.4193209203125 0.40192664999999994 0.46203450156250003 0.384249365625 0.5222681796875001 0.3867008953125 0.55060024375 0.39527681875 0.5781330875 0.414956578125 0.6048397765625
12 0.31242220781249996 0.7689546109375 0.328640159375 0.7929987125 0.379287634375 0.808812628125 0.39648892812500003 0.802207815625 0.4205330296875 0.7859898640625 0.43384597031250005 0.7686808265625 0.452349409375 0.719550984375 0.45205311562499995 0.6647771609375 0.4415599515625 0.6368716437499999 0.42651389218749997 0.617034696875 0.4038258078125 0.6006864937499999 0.3808189203125 0.5962144078125 0.35365875 0.6028730921875 0.3315318890625 0.6194637171874999 0.30687711875 0.664413340625 0.3005955359375 0.7069653078125 0.31242220781249996 0.7689546109375
12 0.38663779374999996 0.822179440625 0.345576521875 0.80822889375 0.314209196875 0.8160594718749999 0.27914206875 0.8480418921874999 0.25491384375 0.901033153125 0.249804153125 0.947792275 0.25600935625 0.9619313703125 0.40747136250000004 0.9913726031250001 0.42019614531249994 0.9361452984374999 0.4187818296875 0.8871231984374999 0.40823479375 0.8492588031249999 0.38663779374999996 0.822179440625
12 0.44688032499999997 0.9831154796874999 0.482189875 0.9959480046875001 0.5074328046875001 0.988916646875 0.5272697515625 0.9738705890625001 0.555386328125 0.9315835531250001 0.5740469546875 0.8407009609375 0.549998428125 0.785289534375 0.538840721875 0.7761568125 0.50624763125 0.7698213578125 0.4897916859375 0.7725916890625 0.4508900765625 0.8038287625 0.4303885890625 0.8376476171875 0.4198998515625 0.8813714765625 0.42400369062500004 0.9319112078125 0.43375150781249994 0.9636512078124999 0.44688032499999997 0.9831154796874999
12 0.7329765484374999 1 0.7401598375 0.9585463203125 0.735548646875 0.8850266375 0.726972721875 0.8574937921875 0.703777284375 0.8181656374999999 0.6715029968749999 0.7999540656249999 0.633158184375 0.7925005890625 0.6117766718750001 0.8052567328125001 0.5756723296875 0.8579291906250001 0.554322178125 0.9472941515625 0.5603432578125 0.9982065562500001 0.5611975046875 1 0.7329765484374999 1
12 0.6823105375 0.7443540890625 0.709632321875 0.767572034375 0.7282209953125001 0.805009884375 0.7623586515625 0.813635253125 0.7894649515625 0.79701769375 0.830791153125 0.7891332453125 0.8604792343750001 0.7541155609375 0.87136758125 0.7134539 0.86009770625 0.6127740453125 0.8274732546875001 0.529829775 0.8055843890625001 0.5196059671875 0.7550446562500001 0.5237098062500001 0.7252218984375001 0.5338302968749999 0.69622529375 0.555054621875 0.6609201703124999 0.6138514765624999 0.6536283093749999 0.68207291875 0.6645480203125 0.718020071875 0.6823105375 0.7443540890625
12 0.9121681921875 1 0.9127384265625 0.9970664015624999 0.9003818921875 0.9787470859375 0.9002741500000001 0.9588293328124999 0.9081541718749999 0.9285261578125 0.9173407640625 0.9273273281250001 0.9246639890624999 0.9357147031249999 0.9227180640625001 0.9208031312499999 0.9276453796874999 0.9203767781250001 0.93171785625 0.8943076937500001 0.9258314546875 0.8682924796875 0.9080689375000001 0.8419584640625001 0.8741962109375001 0.8114981 0.81934158125 0.796856078125 0.7818498609375 0.8054858749999999 0.7524805828125001 0.8286274406249999 0.735440903125 0.8651088828125 0.742952678125 0.9083523265625001 0.7410398640625 0.9796090312500001 0.746100109375 0.994520409375 0.7521935578125001 1 0.9121681921875 1
12 0.967867215625 0.70833535625 0.9343132921875 0.665998875 0.8928793468749999 0.6539655703125 0.8752784437500001 0.6575081843749999 0.86995769375 0.7360611765625 0.8441849015624999 0.7867625234375 0.8453837312499999 0.7959491171875 0.8907060281250001 0.818686646875 0.92420608125 0.85106425 0.9421796578125001 0.8456043953125001 0.967867215625 0.70833535625
12 0.7807141328125 0.524720084375 0.8017499078125001 0.51886061875 0.83359765 0.5290305562500001 0.8333057828125 0.5458861109375001 0.8642779265625 0.6066227140625 0.9024341874999999 0.5792201218749999 0.9187285187500001 0.5465731609375 0.92354634375 0.5166695953125 0.91638030625 0.46652947187500005 0.9009077031249999 0.43865089062499996 0.8751304843750001 0.41772285781249996 0.8425373953124999 0.411387403125 0.8195843796875 0.41687419375 0.7879251875 0.4415603265625 0.7643884375 0.48075822968750004 0.7573076359375001 0.5171858 0.7611690531249999 0.5229105859375001 0.7807141328125 0.524720084375
12 0.76355785625 0.3980250171875 0.799478075 0.38212586875 0.8261039578125 0.3475077953125 0.8381103265625001 0.3010944109375 0.825511371875 0.23796015 0.8070035062500001 0.215460615625 0.7908663625 0.20635482968750002 0.741071978125 0.20662418749999997 0.6938099296875 0.2501639234375 0.6927457796875001 0.265874521875 0.7197487625 0.30096858593750003 0.73413028125 0.339578328125 0.7325093328125 0.3939794765625 0.76355785625 0.3980250171875
12 0.58118643125 0.461064815625 0.600066971875 0.481647109375 0.6357491953125 0.49256239218750003 0.6728682421875 0.4858498375 0.70261019375 0.46079103125 0.7234304828125 0.415096059375 0.7305382218750001 0.3836479265625 0.7325857140625 0.3372884140625 0.7062472718749999 0.283421553125 0.690855475 0.2704812859375 0.6406345453125 0.2627090078125 0.6241786 0.2654793390625 0.5970992359375 0.2870763375 0.5731898140625 0.32819148125000003 0.5635002953125 0.3780397359375 0.5672314593750001 0.43049670781250005 0.58118643125 0.461064815625
12 0.5240057234375 0.7245259953125001 0.558278059375 0.75804855625 0.5985401109375 0.76587470625 0.6355783515625 0.7442238359375 0.6572247953125 0.7096326984375 0.6504314328125 0.6575753359375 0.667309496875 0.5912172625000001 0.61690001875 0.548588915625 0.5823896875 0.5418807859375 0.5674783078125001 0.5469410328125 0.5430615328124999 0.5650762234375 0.5107916718750001 0.6184940296875 0.5033381953125 0.6568388421875 0.51005075 0.6939578890625 0.5240057234375 0.7245259953125001
12 0.754645046875 0.5206476078125 0.7616989140625 0.4792405984375 0.745454028125 0.4502170578125 0.720476028125 0.435413421875 0.69691234375 0.46963188593750005 0.6702056546875 0.4893116453125 0.6246453609375 0.493388546875 0.619162996875 0.542064909375 0.6676552359375 0.584320584375 0.6737796312500001 0.5835213640625 0.7015504703125 0.5481310078125 0.754645046875 0.5206476078125
12 0.8444007640625 0.40180119999999997 0.8324169031249999 0.38156464375 0.8159070859374999 0.3743760984375 0.769309578125 0.39914303906250004 0.7340538999999999 0.396269390625 0.72007641875 0.432351225 0.7408203265625 0.44334731562499996 0.7673967640625 0.4703997421875 0.80049278125 0.428085771875 0.84291006875 0.4094701625 0.8444007640625 0.40180119999999997
12 0.675337478125 0.8006994125 0.7060671984375 0.8166210703125 0.7102204828125 0.8054903015624999 0.7039075359375 0.7714334515625 0.6595685812500001 0.7180470078125001 0.6279632609375 0.7526920171875 0.5981674375 0.767791946875 0.5767051171875 0.7656097765625 0.5660817 0.78443644375 0.582461265625 0.838357175 0.6121493453125 0.8033394921875001 0.6312409437500001 0.792127915625 0.675337478125 0.8006994125
12 0.5636387359375 1 0.5508873078125001 0.9496110015625 0.5127849171875 0.9869724703125 0.5074392999999999 1 0.5636387359375 1
12 0.1584817375 0.706201878125 0.1842589546875 0.727129909375 0.21110032343750001 0.73234734375 0.27609795312499996 0.710162184375 0.292764959375 0.6755979828124999 0.2964647609375 0.6514461375 0.29664888437500003 0.614672828125 0.2723623625 0.586075834375 0.25798084375 0.547466090625 0.2276507328125 0.53460663125 0.19894599531249998 0.5389754 0.17415654687499998 0.5590278328125 0.14492194687499999 0.607066590625 0.1366692515625 0.6392870078125 0.14609826718750002 0.6829031234375 0.1584817375 0.706201878125
12 0.08819029375000001 0.8119194671875001 0.11434018593749999 0.8309302593749999 0.13697439843749998 0.8373195859375 0.17334809843750001 0.8344415109375 0.21448575 0.7917009937499999 0.22084814062499997 0.7640873421875 0.21610669843750002 0.7372998453124999 0.1804244734375 0.7263845625 0.154247646875 0.7023943328125 0.1441810265625 0.68253045 0.134725075 0.6339348953124999 0.1156334765625 0.645146471875 0.0638724078125 0.70671365625 0.060199540625000006 0.7358449390625 0.0645683109375 0.7645496765625001 0.08819029375000001 0.8119194671875001
12 0.1120502703125 0.8324748265625 0.0889895125 0.8180438640625001 0.070827384375 0.7886476499999999 0.0547441125 0.7895007406250001 0.0333626 0.802256884375 0.0162690484375 0.8287794500000001 0.0054615078125 0.8843794265625 0.0090310578125 0.90695976875 0.014437042187499999 0.9149744703125 0.10263010937499999 0.932117465625 0.1353534515625 0.891720734375 0.1466144734375 0.8491418312500001 0.142353446875 0.840354846875 0.1120502703125 0.8324748265625
12 0.379992765625 0.5851105734375001 0.38832626875 0.567828471875 0.3827047984375 0.519978265625 0.39921019062499996 0.4555374328125 0.33362440000000004 0.439804325 0.305503396875 0.4104619828125 0.26218357187499997 0.4746648203125 0.2559019890625 0.5172167875 0.2642129828125 0.5665846250000001 0.28815376718749997 0.6020782984374999 0.325007884375 0.6172007374999999 0.379992765625 0.5851105734375001
12 0.1587289609375 0.39784937187499997 0.22063745781250002 0.3710843828125 0.23655911562499998 0.3403546625 0.24063159218750002 0.314285578125 0.2374077796875 0.28480855625 0.2203367375 0.2446811828125 0.17352374375 0.22961261562500002 0.150570728125 0.23509940624999998 0.1265266265625 0.2513173578125 0.10485324843749999 0.2809290578125 0.0947910546875 0.33269455312499996 0.099905171875 0.357564809375 0.1338048328125 0.3930046109375 0.1587289609375 0.39784937187499997
12 0 0.6663767984375 0.0073924046875 0.6748434046875 0.041157387499999996 0.685386015625 0.0881814390625 0.6686607109375 0.1274018515625 0.6255475203125 0.1379983328125 0.6017414140625 0.1465428953125 0.5526654421874999 0.139857275 0.5205258328125 0.1135727046875 0.47661784999999995 0.0687308234375 0.47188083281250004 0.04311521875 0.48082943125 0.0087934390625 0.508977371875 0 0.524150821875 0 0.6663767984375
12 0.22492807343750001 0 0.2314811625 0.0389257703125 0.26548856718749997 0.0942833265625 0.2885493265625 0.1087142890625 0.33184664062499997 0.111161390625 0.3578079828125 0.0953161140625 0.37564688125 0.0649590671875 0.3849906625 0.022007490625 0.38518599375 0 0.22492807343750001 0
12 0.40302053125 0 0.39449605781249997 0.008932543749999999 0.38028058124999997 0.071828809375 0.3819867625 0.10399535468750001 0.3921072546875 0.1338181140625 0.4144496015625 0.1570629953125 0.43782916250000004 0.159617840625 0.483573578125 0.118767628125 0.5202930171875 0.10899287499999999 0.531607909375 0.07637285 0.535518771875 0.020427134375 0.5317805156250001 0 0.40302053125 0
12 0.48545022812500005 0.324069559375 0.5194801421874999 0.312777175 0.5545472703125001 0.2807947546875 0.57238616875 0.2504377078125 0.5794400343749999 0.20903069687500003 0.5807421796875001 0.16650566718749998 0.5498777796875001 0.12568681718750002 0.5145682296875 0.11285429218750001 0.48549081875000005 0.11914030312499999 0.44887912500000005 0.148832809375 0.42614159531249995 0.1941551078125 0.4201788140625 0.22483095625 0.45410541093749995 0.265250196875 0.46928614843750005 0.30998433593749997 0.48545022812500005 0.324069559375
12 0.5720717921875 0.333943203125 0.583413621875 0.306302615625 0.6050870015625 0.27669091562500003 0.632592909375 0.26313555312500003 0.6839318609375 0.265156109375 0.6903211875 0.24252189687499998 0.6848074609375 0.2145894421875 0.6631565890625 0.177551203125 0.6312549765625 0.1574223890625 0.6178342921875 0.15481367343750002 0.6056124359374999 0.16139155 0.5827671640625 0.18679609375 0.5754214296875 0.24505865937500002 0.553801921875 0.2846292359375 0.5648024390625 0.3355147046875 0.5720717921875 0.333943203125
12 0.197401428125 0.5366854859375 0.24525163593750002 0.5310640171875 0.25286672656250003 0.522595834375 0.2674279421875 0.452802890625 0.262713434375 0.43099483125000004 0.2511291828125 0.4138204734375 0.22535196562499998 0.3928924421875 0.1885517203125 0.38772887968749997 0.1564659828125 0.40437337656250005 0.1325026890625 0.4355296421875 0.12009670937500001 0.478880828125 0.152667290625 0.5518662234375 0.16954978125 0.557137528125 0.197401428125 0.5366854859375
12 0.29673411875 0.701240521875 0.25128156874999996 0.7252351781249999 0.2449461140625 0.75782826875 0.2585553484375 0.795293053125 0.290403090625 0.8054629890625 0.3171905875 0.800721546875 0.3232611109375 0.78996345 0.312049534375 0.7708718515624999 0.29673411875 0.701240521875
12 0.2445014859375 0.88806595 0.2578413625 0.8757363515625001 0.289338940625 0.8211735890625 0.2858232625 0.8085521234374999 0.26164448125 0.7998728828125 0.238902525 0.773565803125 0.2247634296875 0.7797710046875 0.1928123703125 0.82131269375 0.1611262421875 0.8410193874999999 0.15963554687499998 0.84868835 0.1816590921875 0.8838093499999999 0.22538295156250002 0.8942980890625 0.2445014859375 0.88806595
12 0.171327540625 0.8857804625 0.1361526703125 0.8978451296875001 0.11144402812500001 0.9328358765625 0.23683695 0.9582046328124999 0.23795497187499998 0.9524529109375001 0.2324412453125 0.92452045625 0.219312428125 0.905056184375 0.171327540625 0.8857804625
12 0.12475291875000001 0.4191006328125 0.1180672984375 0.3869610234375 0.08225039687499999 0.351148546875 0.0112361140625 0.39405067968749996 0.0030911625000000003 0.44618884843749995 0.014329675 0.47025988593749996 0.028576514062500002 0.48397243593750006 0.058771946875 0.4719347046875 0.1058498703125 0.465168278125 0.12030776875 0.44708695781249996 0.12475291875000001 0.4191006328125
12 0.1087102375 0.215024465625 0.145137809375 0.22210526718749998 0.1635109953125 0.21970761093750002 0.18297526875 0.20657879218750003 0.1954081828125 0.1682070453125 0.1782832703125 0.1181207953125 0.17638853906250002 0.05109818125 0.1629139828125 0.038530587500000005 0.143368903125 0.036721090625 0.10095161562499999 0.0553366984375 0.0857214328125 0.0722730625 0.0680980203125 0.14246561562499999 0.068632309375 0.17042500625 0.082187671875 0.19793091406250002 0.1087102375 0.215024465625
12 0.22997238593749997 0.1848740515625 0.26943521875 0.18657580625 0.2972599296875 0.161144325 0.30436766875 0.1296961921875 0.303141903125 0.11553016093749999 0.2601095203125 0.0912480640625 0.236541409375 0.05383715 0.21941649531250002 0.0037509 0.20261481093749997 0.013417909375 0.1863204796875 0.046064871875 0.1773763078125 0.0920786453125 0.182544296875 0.126907778125 0.19881611875 0.16091075625 0.22997238593749997 0.1848740515625
12 0.41543737031249994 0.198043459375 0.426379590625 0.167340675 0.38864544687499997 0.131155525 0.3726924265625 0.0852764296875 0.3398882765625 0.1107348453125 0.31576336875 0.11201448124999999 0.30737599375 0.11933770625 0.3068461328125 0.16300769375 0.31659395 0.19474769375 0.3328119015625 0.21879179531249998 0.39027524687500004 0.22001313281249998 0.41543737031249994 0.198043459375
12 0.335209559375 0.23716498125 0.3359279703125 0.22835106249999998 0.301920565625 0.17299350625 0.2709797859375 0.18886572031249999 0.23692293593749997 0.195178665625 0.2225458453125 0.22819830156249998 0.2432133734375 0.2958854546875 0.2559156453125 0.307308090625 0.27125357031249997 0.31028948125 0.301794740625 0.29135507031249996 0.335209559375 0.23716498125
12 0.5547491 0.5305389578125 0.5697143515625 0.5354375890624999 0.58193620625 0.5288597125 0.6017462171875 0.5088342156250001 0.6104523937499999 0.48963487343749995 0.57271825 0.4534497234375 0.5629165609375 0.4117508484375 0.56262026875 0.356977025 0.5446197546875 0.3574574421875 0.5144512578125 0.37447461249999997 0.49469511875 0.40445898593749996 0.5223626421875001 0.42078025312499995 0.5358641343749999 0.43832728593750003 0.5525894375 0.48535133750000004 0.5547491 0.5305389578125
12 0.450863140625 0.7988493234375 0.490164359375 0.7706744484375 0.5395860703124999 0.77232233125 0.5486918562499999 0.7561851875000001 0.5271217921875 0.7340852625000001 0.5093054031250001 0.6977923703125 0.501793628125 0.6545489265625 0.5062118421874999 0.6215831625 0.5000605109375 0.6174029437499999 0.4706104265625 0.6256061953125001 0.45386261406250006 0.64523208125 0.455730409375 0.70727525625 0.4346990609375 0.7847641000000001 0.450863140625 0.7988493234375
12 0 0.7773946375 0.01560008125 0.77592286875 0.044969359375000004 0.752781303125 0.0544208828125 0.7297474796875 0.0570026640625 0.7113473578125 0.0473356546875 0.6945456734375 0.029707815625 0.6931088484375 0 0.70667108125 0 0.7773946375
12 0.0878318078125 0 0.0853982046875 0.012519801562499999 0.102415375 0.0426882984375 0.10779442187499999 0.045723559375 0.149865971875 0.03400463125 0.17287285937500002 0.038476715625000005 0.18048795 0.030008534375 0.1656542359375 0 0.0878318078125 0
12 0.7807997421875 0.186490946875 0.7776298015625 0.166972803125 0.7657267484375 0.1616745625 0.75081536875 0.1667348078125 0.7255185671875 0.1638072890625 0.6983853328125 0.1754454109375 0.679374540625 0.201595303125 0.6934103203124999 0.247101725 0.7368648234374999 0.20779607968749997 0.77704606875 0.200683915625 0.7807997421875 0.186490946875
12 0.53244484375 0 0.53626411875 0.016592653125000002 0.530543759375 0.0920834484375 0.5863817328125001 0.07607655625000001 0.6042745015625 0.0556783859375 0.6117010421875 0.0123541359375 0.543786140625 0 0.53244484375 0
12 0.0969688 0.23960285468750003 0.0853576125 0.21744905781249999 0.07222879531250001 0.1979847859375 0.05262984375 0.18621641093750002 0.0175985046875 0.366437028125 0.0520549640625 0.3631862796875 0.07343647656249999 0.3504301359375 0.09356529062499999 0.31852852187499997 0.1021098515625 0.26945255 0.0969688 0.23960285468750003
12 0.6577148171875 0.0212983078125 0.6124733265625 0.0134990921875 0.6050198499999999 0.0518439046875 0.6135688390625 0.0743973109375 0.646772596875 0.0520010921875 0.6577148171875 0.0212983078125