12 0.84765625 0.8583984375 0.826171875 0.8154296875 0.7841796875 0.7734375 0.7119140625 0.74609375 0.6435546875 0.74609375 0.5849609375 0.779296875 0.572265625 0.7958984375 0.59375 0.8701171875 0.580078125 0.9423828125 0.6025390625 0.966796875 0.6337890625 0.984375 0.6787109375 0.994140625 0.73046875 0.9951171875 0.7841796875 0.982421875 0.8203125 0.9580078125 0.849609375 0.9033203125 0.84765625 0.8583984375
12 0.1650390625 0.8671875 0.1435546875 0.853515625 0.1201171875 0.84765625 0.0810546875 0.857421875 0.0615234375 0.85546875 0.0439453125 0.84375 0 0.8505859375 0.0009765625 1 0.15625 0.9990234375 0.1875 0.9423828125 0.19140625 0.9130859375 0.185546875 0.8876953125 0.1650390625 0.8671875
12 0 0.8154296875 0.0419921875 0.833984375 0.0654296875 0.853515625 0.08203125 0.8525390625 0.1162109375 0.83984375 0.1416015625 0.83984375 0.1708984375 0.830078125 0.2060546875 0.806640625 0.23046875 0.7744140625 0.248046875 0.7255859375 0.248046875 0.6884765625 0.232421875 0.6533203125 0.2021484375 0.626953125 0.1572265625 0.611328125 0.0908203125 0.609375 0.0283203125 0.638671875 0 0.6728515625 0 0.8154296875
12 0.572265625 0.8076171875 0.5361328125 0.759765625 0.4638671875 0.7265625 0.4052734375 0.7265625 0.3193359375 0.765625 0.2880859375 0.7890625 0.2578125 0.8232421875 0.240234375 0.8603515625 0.2421875 0.9111328125 0.26171875 0.9599609375 0.2958984375 1 0.51171875 0.9990234375 0.556640625 0.9580078125 0.583984375 0.9111328125 0.58984375 0.8818359375 0.572265625 0.8076171875
12 0.28515625 0.5146484375 0.279296875 0.4697265625 0.2490234375 0.427734375 0.2080078125 0.404296875 0.1689453125 0.39453125 0.1357421875 0.39453125 0.0791015625 0.40625 0.041015625 0.4306640625 0.015625 0.4716796875 0.015625 0.5380859375 0.03125 0.5693359375 0.0751953125 0.6015625 0.158203125 0.6064453125 0.2119140625 0.59765625 0.2412109375 0.583984375 0.26171875 0.5654296875 0.28515625 0.5146484375
12 0.482421875 0.5302734375 0.453125 0.4833984375 0.44921875 0.4580078125 0.4404296875 0.451171875 0.3896484375 0.447265625 0.3330078125 0.466796875 0.302734375 0.4931640625 0.279296875 0.5361328125 0.271484375 0.5791015625 0.28515625 0.6103515625 0.3349609375 0.646484375 0.369140625 0.6533203125 0.388671875 0.6455078125 0.41796875 0.5771484375 0.4521484375 0.544921875 0.482421875 0.5302734375
12 0.6953125 0.6318359375 0.68359375 0.5947265625 0.6455078125 0.5546875 0.5869140625 0.529296875 0.5166015625 0.52734375 0.4580078125 0.544921875 0.41796875 0.5830078125 0.396484375 0.6259765625 0.392578125 0.6552734375 0.3984375 0.6826171875 0.4267578125 0.716796875 0.4814453125 0.728515625 0.5595703125 0.771484375 0.57421875 0.7705078125 0.6357421875 0.74609375 0.681640625 0.7060546875 0.6953125 0.6591796875 0.6953125 0.6318359375
12 1 0.6591796875 0.9775390625 0.63671875 0.9287109375 0.60546875 0.8759765625 0.583984375 0.8076171875 0.57421875 0.7451171875 0.587890625 0.69921875 0.6357421875 0.69140625 0.6865234375 0.6953125 0.7119140625 0.7294921875 0.74609375 0.7841796875 0.76953125 0.8095703125 0.787109375 0.875 0.8017578125 1 0.7900390625 1 0.6591796875
12 1 0.7978515625 0.9404296875 0.798828125 0.8779296875 0.814453125 0.8515625 0.8486328125 0.861328125 0.9072265625 0.875 0.9384765625 0.8955078125 0.958984375 0.9248046875 0.974609375 0.9814453125 0.998046875 1 0.9990234375 1 0.7978515625
12 0.3408203125 0.6640625 0.302734375 0.6923828125 0.28515625 0.7314453125 0.283203125 0.7763671875 0.28515625 0.7841796875 0.291015625 0.7841796875 0.3251953125 0.759765625 0.419921875 0.7197265625 0.3876953125 0.662109375 0.3408203125 0.6640625
12 0.2568359375 0.279296875 0.1826171875 0.25390625 0.1376953125 0.25390625 0.0986328125 0.263671875 0.06640625 0.2861328125 0.056640625 0.3271484375 0.056640625 0.3564453125 0.0830078125 0.390625 0.0947265625 0.396484375 0.1806640625 0.39453125 0.23828125 0.4111328125 0.271484375 0.3896484375 0.283203125 0.3271484375 0.279296875 0.3056640625 0.2568359375 0.279296875
12 0.4892578125 0.2890625 0.4501953125 0.27734375 0.3759765625 0.27734375 0.3330078125 0.2890625 0.287109375 0.3212890625 0.279296875 0.3447265625 0.28125 0.3955078125 0.287109375 0.4052734375 0.3037109375 0.423828125 0.3271484375 0.4375 0.3583984375 0.447265625 0.380859375 0.4462890625 0.4501953125 0.4453125 0.474609375 0.3994140625 0.5234375 0.3642578125 0.4892578125 0.2890625
12 0.763671875 0.4501953125 0.75 0.4248046875 0.7236328125 0.3984375 0.6650390625 0.37109375 0.6279296875 0.36328125 0.5693359375 0.361328125 0.5224609375 0.37109375 0.474609375 0.4052734375 0.45703125 0.4384765625 0.455078125 0.4736328125 0.466796875 0.5029296875 0.4833984375 0.517578125 0.5009765625 0.52734375 0.5947265625 0.529296875 0.658203125 0.5556640625 0.7314453125 0.53125 0.7529296875 0.515625 0.763671875 0.4990234375 0.763671875 0.4501953125
12 0.794921875 0.3056640625 0.7890625 0.2783203125 0.7373046875 0.2265625 0.6591796875 0.205078125 0.5888671875 0.208984375 0.5537109375 0.224609375 0.5185546875 0.267578125 0.49609375 0.2802734375 0.49609375 0.2939453125 0.5234375 0.3486328125 0.5380859375 0.361328125 0.6279296875 0.361328125 0.7041015625 0.384765625 0.71875 0.3837890625 0.7587890625 0.365234375 0.775390625 0.3486328125 0.7890625 0.3291015625 0.794921875 0.3056640625
12 0.880859375 0.5419921875 0.880859375 0.5263671875 0.90234375 0.4853515625 0.92578125 0.4658203125 0.91015625 0.4384765625 0.8759765625 0.4140625 0.8310546875 0.3984375 0.7900390625 0.396484375 0.7646484375 0.404296875 0.751953125 0.4267578125 0.76953125 0.4599609375 0.76953125 0.4951171875 0.7470703125 0.5234375 0.71484375 0.5439453125 0.7265625 0.5693359375 0.7431640625 0.58203125 0.751953125 0.5810546875 0.8076171875 0.572265625 0.8857421875 0.580078125 0.892578125 0.5693359375 0.880859375 0.5419921875
12 1 0.4365234375 0.9931640625 0.435546875 0.9482421875 0.453125 0.90625 0.4873046875 0.884765625 0.5244140625 0.884765625 0.5478515625 0.9072265625 0.587890625 0.9833984375 0.634765625 1 0.6376953125 1 0.4365234375
12 0.662109375 0.1806640625 0.67578125 0.1552734375 0.6875 0.1181640625 0.68359375 0.0966796875 0.6005859375 0.052734375 0.5732421875 0.044921875 0.5283203125 0.044921875 0.4833984375 0.0546875 0.4462890625 0.068359375 0.4111328125 0.091796875 0.388671875 0.1162109375 0.375 0.1474609375 0.375 0.1787109375 0.3828125 0.1962890625 0.41015625 0.2333984375 0.4267578125 0.24609375 0.4677734375 0.259765625 0.513671875 0.2587890625 0.5615234375 0.216796875 0.5966796875 0.205078125 0.6435546875 0.19921875 0.662109375 0.1806640625
12 0.5029296875 0.048828125 0.505859375 0.0400390625 0.5 0.0322265625 0.4794921875 0.013671875 0.4521484375 0 0.3134765625 0.00390625 0.2822265625 0.021484375 0.24609375 0.0810546875 0.251953125 0.1025390625 0.2939453125 0.12109375 0.3095703125 0.134765625 0.37109375 0.1494140625 0.38671875 0.1162109375 0.4052734375 0.095703125 0.4501953125 0.064453125 0.5029296875 0.048828125
12 0.318359375 0.1513671875 0.2841796875 0.123046875 0.2353515625 0.107421875 0.1845703125 0.109375 0.1494140625 0.125 0.130859375 0.1455078125 0.119140625 0.1787109375 0.12109375 0.2099609375 0.138671875 0.2412109375 0.1552734375 0.25 0.2158203125 0.259765625 0.2626953125 0.28125 0.275390625 0.2802734375 0.3134765625 0.2578125 0.337890625 0.2236328125 0.337890625 0.1904296875 0.318359375 0.1513671875
12 0.50390625 0.2646484375 0.4697265625 0.26171875 0.4208984375 0.24609375 0.3681640625 0.181640625 0.34375 0.2001953125 0.326171875 0.2529296875 0.328125 0.2783203125 0.3330078125 0.28515625 0.341796875 0.2841796875 0.3818359375 0.275390625 0.4462890625 0.275390625 0.4892578125 0.283203125 0.50390625 0.2646484375
12 0.884765625 0.0263671875 0.8818359375 0 0.66015625 0.0009765625 0.650390625 0.0302734375 0.650390625 0.0712890625 0.69140625 0.1005859375 0.693359375 0.1162109375 0.685546875 0.1337890625 0.6923828125 0.142578125 0.7138671875 0.150390625 0.734375 0.1494140625 0.7880859375 0.09375 0.8193359375 0.07421875 0.873046875 0.0556640625 0.884765625 0.0263671875
12 1 0.0849609375 0.9384765625 0.060546875 0.8701171875 0.060546875 0.8095703125 0.08203125 0.763671875 0.1201171875 0.736328125 0.1630859375 0.736328125 0.1923828125 0.74609375 0.2236328125 0.7900390625 0.26953125 0.8349609375 0.287109375 0.900390625 0.2880859375 0.9423828125 0.27734375 1 0.2451171875 1 0.0849609375
12 0.560546875 0.0380859375 0.611328125 0.0517578125 0.6484375 0.0341796875 0.6572265625 0 0.57421875 0.0009765625 0.560546875 0.0380859375
12 0.8974609375 0.046875 1 0.0771484375 0.9990234375 0 0.888671875 0.0009765625 0.88671875 0.0361328125 0.8974609375 0.046875
12 0.2421875 0.0849609375 0.267578125 0.0380859375 0.2568359375 0.015625 0.2236328125 0 0.142578125 0.0029296875 0.1328125 0.0517578125 0.14453125 0.0966796875 0.1640625 0.1142578125 0.2021484375 0.10546875 0.2431640625 0.107421875 0.248046875 0.1025390625 0.2421875 0.0849609375
12 1 0.2783203125 0.9658203125 0.267578125 0.9423828125 0.28125 0.9072265625 0.291015625 0.8291015625 0.2890625 0.8095703125 0.298828125 0.787109375 0.3427734375 0.767578125 0.3662109375 0.7734375 0.3896484375 0.7822265625 0.39453125 0.8271484375 0.39453125 0.8720703125 0.41015625 0.9111328125 0.435546875 0.921875 0.4365234375 0.9599609375 0.427734375 1 0.4091796875 1 0.2783203125