12 0.533203125 0.2099609375 0.517578125 0.1513671875 0.5126953125 0.15234375 0.51171875 0.1435546875 0.4736328125 0.109375 0.4482421875 0.095703125 0.3837890625 0.08984375 0.3486328125 0.09765625 0.2978515625 0.130859375 0.265625 0.1728515625 0.259765625 0.2255859375 0.271484375 0.2705078125 0.3232421875 0.326171875 0.3896484375 0.326171875 0.4169921875 0.3359375 0.451171875 0.3349609375 0.4716796875 0.32421875 0.509765625 0.2880859375 0.52734375 0.2568359375 0.533203125 0.2099609375
12 0.5703125 0.5341796875 0.572265625 0.5048828125 0.568359375 0.4775390625 0.55078125 0.4326171875 0.5166015625 0.38671875 0.4521484375 0.34375 0.3740234375 0.328125 0.3154296875 0.3515625 0.3046875 0.3642578125 0.294921875 0.4365234375 0.294921875 0.4951171875 0.306640625 0.5380859375 0.328125 0.5732421875 0.3642578125 0.607421875 0.3798828125 0.615234375 0.39453125 0.6142578125 0.4306640625 0.587890625 0.4755859375 0.56640625 0.5576171875 0.556640625 0.5703125 0.5341796875
12 0.662109375 0.7861328125 0.68359375 0.7099609375 0.6875 0.6552734375 0.671875 0.6103515625 0.6435546875 0.580078125 0.5751953125 0.560546875 0.4697265625 0.57421875 0.4326171875 0.591796875 0.3994140625 0.6171875 0.345703125 0.6728515625 0.326171875 0.7060546875 0.318359375 0.7470703125 0.326171875 0.7919921875 0.3203125 0.8310546875 0.32421875 0.8623046875 0.3447265625 0.873046875 0.3779296875 0.87890625 0.4326171875 0.9140625 0.48828125 0.9189453125 0.5185546875 0.912109375 0.5947265625 0.875 0.64453125 0.8193359375 0.662109375 0.7861328125
12 0.81640625 0.5869140625 0.8046875 0.5439453125 0.7666015625 0.49609375 0.7119140625 0.46484375 0.6767578125 0.462890625 0.6142578125 0.48828125 0.58203125 0.5205078125 0.5703125 0.5537109375 0.6123046875 0.572265625 0.6396484375 0.576171875 0.67578125 0.6044921875 0.677734375 0.6181640625 0.6953125 0.6396484375 0.681640625 0.7392578125 0.703125 0.7412109375 0.7392578125 0.724609375 0.7890625 0.6826171875 0.810546875 0.6298828125 0.81640625 0.5869140625
12 0.5537109375 0 0.53515625 0.0576171875 0.529296875 0.1162109375 0.529296875 0.1494140625 0.546875 0.2119140625 0.5703125 0.2509765625 0.5986328125 0.275390625 0.6416015625 0.28515625 0.6630859375 0.296875 0.693359375 0.2998046875 0.703125 0.2900390625 0.703125 0.2802734375 0.7275390625 0.2578125 0.7802734375 0.234375 0.83203125 0.2294921875 0.84765625 0.1904296875 0.8515625 0.1591796875 0.84765625 0.1142578125 0.828125 0.0517578125 0.810546875 0.0205078125 0.7900390625 0 0.5537109375 0
12 0.94140625 0.3447265625 0.912109375 0.2841796875 0.8740234375 0.25390625 0.8173828125 0.234375 0.7783203125 0.23828125 0.7294921875 0.263671875 0.712890625 0.2822265625 0.69140625 0.3330078125 0.693359375 0.4033203125 0.712890625 0.4365234375 0.7705078125 0.484375 0.7880859375 0.4921875 0.841796875 0.4912109375 0.8916015625 0.4765625 0.927734375 0.4462890625 0.943359375 0.4111328125 0.94140625 0.3447265625
12 0.81640625 0.5888671875 0.8046875 0.5439453125 0.7666015625 0.49609375 0.7099609375 0.46484375 0.6787109375 0.462890625 0.6142578125 0.48828125 0.58203125 0.5205078125 0.5703125 0.5517578125 0.6123046875 0.572265625 0.6396484375 0.576171875 0.677734375 0.6044921875 0.677734375 0.6142578125 0.697265625 0.6435546875 0.681640625 0.7333984375 0.6865234375 0.7421875 0.69921875 0.7412109375 0.7412109375 0.72265625 0.79296875 0.6767578125 0.810546875 0.6298828125 0.81640625 0.5888671875
12 0 0.5400390625 0.0439453125 0.57421875 0.0732421875 0.58203125 0.109375 0.5810546875 0.1787109375 0.56640625 0.2236328125 0.548828125 0.263671875 0.5107421875 0.275390625 0.4912109375 0.287109375 0.4541015625 0.287109375 0.4033203125 0.26953125 0.3701171875 0.2373046875 0.341796875 0.1650390625 0.31640625 0.1142578125 0.3125 0.0556640625 0.32421875 0 0.3544921875 0 0.5400390625
12 0.31640625 0.7333984375 0.337890625 0.6728515625 0.337890625 0.6552734375 0.3037109375 0.6171875 0.2392578125 0.5859375 0.1728515625 0.576171875 0.1201171875 0.587890625 0.078125 0.6240234375 0.046875 0.6748046875 0.03125 0.7294921875 0.0390625 0.7705078125 0.0712890625 0.810546875 0.1376953125 0.857421875 0.1787109375 0.869140625 0.25 0.8701171875 0.2841796875 0.861328125 0.314453125 0.8408203125 0.3203125 0.8095703125 0.31640625 0.7333984375
12 0.158203125 0.2666015625 0.154296875 0.2060546875 0.142578125 0.1767578125 0.1171875 0.1416015625 0.0693359375 0.099609375 0.0068359375 0.078125 0 0.0791015625 0.00390625 0.3447265625 0.0654296875 0.31640625 0.1357421875 0.306640625 0.15234375 0.2861328125 0.158203125 0.2666015625
12 0.2158203125 0 0 0.0009765625 0.0009765625 0.07421875 0.0634765625 0.091796875 0.1181640625 0.130859375 0.140625 0.1298828125 0.1865234375 0.123046875 0.19921875 0.1103515625 0.216796875 0.0517578125 0.2158203125 0
12 0.515625 0.0029296875 0.251953125 0.0009765625 0.2734375 0.0380859375 0.3173828125 0.07421875 0.3642578125 0.08203125 0.431640625 0.0810546875 0.4619140625 0.07421875 0.4873046875 0.056640625 0.509765625 0.0283203125 0.515625 0.0029296875
12 0.259765625 0.1787109375 0.271484375 0.1552734375 0.322265625 0.1064453125 0.314453125 0.0849609375 0.2919921875 0.0703125 0.2177734375 0.0703125 0.205078125 0.1064453125 0.1904296875 0.126953125 0.1513671875 0.13671875 0.134765625 0.1513671875 0.16015625 0.2138671875 0.16015625 0.2939453125 0.2099609375 0.322265625 0.224609375 0.3232421875 0.2431640625 0.318359375 0.2734375 0.2919921875 0.2578125 0.2353515625 0.259765625 0.1787109375
12 0.6953125 0.3076171875 0.6025390625 0.28125 0.5556640625 0.248046875 0.5361328125 0.25390625 0.48828125 0.3232421875 0.49609375 0.3447265625 0.515625 0.3740234375 0.5478515625 0.404296875 0.5771484375 0.4140625 0.625 0.4150390625 0.6708984375 0.4140625 0.685546875 0.4052734375 0.685546875 0.3505859375 0.6953125 0.3076171875
12 0.2861328125 0.5 0.2314453125 0.546875 0.185546875 0.5712890625 0.2763671875 0.599609375 0.3193359375 0.62890625 0.34765625 0.6630859375 0.373046875 0.6357421875 0.375 0.6240234375 0.326171875 0.5751953125 0.2861328125 0.5
12 0.0556640625 0.5859375 0.0009765625 0.5546875 0 0.7626953125 0.02734375 0.7626953125 0.029296875 0.7255859375 0.044921875 0.6669921875 0.09375 0.5986328125 0.0556640625 0.5859375