12 0.5020045921875 0.389511171875 0.48083075 0.45474299062499995 0.483259828125 0.4683383734375 0.5401509984375 0.5025065265624999 0.5782478156249999 0.5021533140625001 0.633503071875 0.48947502343749993 0.6725293796875 0.45977462031250005 0.6776353921875 0.43809884375 0.6982205593749999 0.4119738921875 0.6932260796875 0.3808792546875 0.6819792125 0.3666146375 0.6324310375 0.3468474265625 0.591304071875 0.34437498125 0.5370588656249999 0.35799515937500004 0.5020045921875 0.389511171875
12 0.43614695000000003 0.6302374640624999 0.4615345046875 0.6576884859375001 0.5135675203125001 0.6646658734375 0.5513916875 0.6565049203125 0.62223763125 0.5866070390625 0.62741180625 0.5668831984375 0.6246419140625 0.5435281390625 0.6071984265625 0.519708334375 0.520767971875 0.507092028125 0.4861784421875 0.5239344453125 0.46458322656249995 0.5491175109374999 0.43546531875000005 0.6107181125000001 0.43614695000000003 0.6302374640624999
12 0.5496566374999999 0.6907660296875 0.5528355078125 0.7258327015625 0.5655014031250001 0.752750815625 0.6146529953125001 0.78914355625 0.646962171875 0.79094676875 0.7061770640625 0.75174694375 0.7236515234375 0.6925072578125 0.7206771421875 0.6632963921874999 0.707874921875 0.6324744078125 0.6906359234375 0.614510409375 0.6487591640625 0.5905666765625 0.621568396875 0.5954248296875 0.5797164312499999 0.6281553796875 0.5656563046875001 0.645258053125 0.5496566374999999 0.6907660296875
12 1 0.56872145625 0.972166940625 0.5616841875 0.9391203687499999 0.5667468312499999 0.9006951328125 0.585677509375 0.8811200140625 0.612744346875 0.872450946875 0.644316125 0.8885683640625001 0.7141086515625 0.9176553000000001 0.7355675421875 0.973524025 0.7404566671875 1 0.7335953109375 1 0.56872145625
12 0.7662595015625 0.8493189109375001 0.7754181078125 0.8597478203125 0.82719086875 0.8872546078125 0.906346490625 0.88742190625 0.9343428171875001 0.8776498328125 0.9579581312500001 0.854350540625 0.9706673953125 0.82654630625 0.9596126203124999 0.7898003515625 0.9321368031249999 0.7585136218749999 0.8920756531249999 0.73059785625 0.8566000046875001 0.722065115625 0.8040340796875001 0.7278093890624999 0.750891878125 0.800997671875 0.7662595015625 0.8493189109375001
12 0.39221294218749997 0.8272032250000001 0.3840891796875 0.8743904859375 0.3973685421875 0.9188760171875 0.41056734375000004 0.9330724703125 0.483867159375 0.9334442578125 0.5060758421875 0.925828609375 0.5315749296875001 0.9005092171875001 0.5536348906249999 0.86065255625 0.55692529375 0.8429488140625001 0.547413475 0.7944230859375 0.5160337890625 0.7632726828124999 0.48446201093749997 0.754603615625 0.439908315625 0.7659310421875001 0.406874140625 0.799330828125 0.39221294218749997 0.8272032250000001
12 0.093040125 0.7106200609375 0.0847800375 0.7539034515624999 0.0879589078125 0.788970121875 0.11125820156249999 0.8125854374999999 0.14551931093749998 0.8143204859375001 0.19895895937500002 0.805614228125 0.2301093625 0.774234540625 0.2447023984375 0.7444102078125 0.24556372343750002 0.71311108125 0.2369380265625 0.6899605125 0.2018589578125 0.664802240625 0.16268392812500002 0.66226163125 0.13562948749999998 0.6710236562499999 0.10508015468750001 0.6916336171874999 0.093040125 0.7106200609375
12 0.1088290828125 0.4911853609375 0.1336837296875 0.53135804375 0.1588667953125 0.552953259375 0.18465093125 0.5637787515625 0.263942878125 0.5678499203125 0.2789448921875 0.5497371984375 0.2604665609375 0.4683012234375 0.24187669843749998 0.4396356640625 0.2126534359375 0.414272903125 0.1789252328125 0.39981619375 0.1395457140625 0.39141977968749997 0.11444320781249999 0.400113640625 0.10428694999999999 0.4170799859375 0.10424358125 0.47180233437499997 0.1088290828125 0.4911853609375
12 0.270628996875 0.311601103125 0.27199225781249997 0.35063980625 0.297038996875 0.36833115312500003 0.3313001078125 0.3700662015625 0.374775590625 0.355844953125 0.41716046406249996 0.3103927421875 0.42374126875 0.27498525625000003 0.42022158281250005 0.230158909375 0.4151713375 0.225449478125 0.3776074265625 0.21308103125 0.3405888203125 0.2163280640625 0.3023680734375 0.2411145484375 0.2827929546875 0.2681813859375 0.270628996875 0.311601103125
12 0.4276575359375 0.303186071875 0.48231172187500004 0.30127750625 0.531928059375 0.3229966515625 0.5465334921875 0.3215094609375 0.5791029234375 0.302783271875 0.5973271765625 0.265014871875 0.5905170875 0.23789226718749998 0.5627686187500001 0.19879779687500002 0.533148775 0.1900605671875 0.48643865625 0.1956003515625 0.46719195625000004 0.2040897234375 0.4503061703125 0.22422254375 0.4242617796875 0.233926453125 0.4276575359375 0.303186071875
12 0.6600307828124999 0.35370088437499997 0.70305391875 0.382490375 0.72767928125 0.3601329671875 0.7385729359375001 0.336300765625 0.737550490625 0.3070217375 0.7289247921875 0.2838711671875 0.7017897921875 0.26234411406249997 0.65237794375 0.24648077499999999 0.609844346875 0.2596919734375 0.5846860765625 0.29477104062500004 0.5939252421875 0.335489028125 0.6600307828124999 0.35370088437499997
12 0.44999636875000004 0.43920806875 0.48244187031249997 0.4449151515625 0.501936428125 0.3875592359375 0.53409688125 0.3571214359375 0.5332107609375 0.331746278125 0.51004779375 0.312034834375 0.4823798859375 0.303229440625 0.42786202500000003 0.309041878125 0.417433115625 0.3182004828125 0.4145516921875 0.34761583749999997 0.4227932046875 0.41572907968750006 0.44999636875000004 0.43920806875
12 0.27776132656249997 0.459880015625 0.30207066875 0.48443721562500003 0.30651984374999997 0.49991637187500004 0.32968281093749996 0.519627815625 0.35142675 0.5266857625 0.369936053125 0.5250622453125 0.399952478125 0.5171739453125 0.4313073703125 0.4916500640625 0.43956745937499997 0.44836667343750003 0.42090943281250004 0.41774917812499995 0.39586269375 0.4000578328125 0.3681947859375 0.39125243906249996 0.337031984375 0.394294984375 0.31004570781249996 0.40500894374999996 0.292081709375 0.42224794218749995 0.27776132656249997 0.459880015625
12 0.36739544375 0.5642372765625 0.368486053125 0.5954682390625 0.3812201109375 0.6243382890625 0.40041104531249994 0.642234125 0.4267962515625 0.6422898906250001 0.43439950312500003 0.6361614328125 0.43539715625 0.6087661765625 0.45893190937500006 0.55517780625 0.4984229625 0.51080380625 0.498150309375 0.502996065625 0.48717609531250006 0.4965391890625 0.4364257796875 0.4983114296875 0.42296672187500006 0.5046443765624999 0.392485553125 0.5272062734375 0.36739544375 0.5642372765625
12 0.281256259375 0.7558367703125 0.3149844625 0.7702934796875 0.34130150625 0.7683973109375 0.36169458125 0.7647536953125 0.3912338640625 0.7432018484375 0.40042344218750003 0.6705712671875 0.3919340703125 0.6513245671875 0.370927528125 0.637400765625 0.3299368875 0.6388321890624999 0.31452589531249997 0.6452333 0.2574116609375 0.7166059734375 0.262065325 0.737940934375 0.281256259375 0.7558367703125
12 0.2450865828125 0.6994475359375001 0.2569345203125 0.702942428125 0.2929988421875 0.6723683015625 0.314649825 0.620800028125 0.3071581046875 0.5741580734375 0.2859470734375 0.5543784656249999 0.265089253125 0.5726956765625 0.1907112265625 0.5694300671875 0.180895784375 0.5961560890625 0.1848926125 0.6546459828125 0.22764309374999997 0.67562773125 0.2450865828125 0.6994475359375001
12 0.40292068125 0.6861185859375001 0.395001409375 0.7391616515625 0.40847286250000003 0.761165846875 0.43499439687499997 0.7651254828125 0.46494265781250005 0.755285246875 0.5138773640625 0.757485040625 0.527268259375 0.7492001578124999 0.547047865625 0.727989125 0.5489750078125 0.6712466781249999 0.5439247609375 0.6665372484375001 0.45971889531250004 0.66166051875 0.4475301421875 0.6484059515625 0.42437957187500003 0.65703165 0.40292068125 0.6861185859375001
12 0.27501626875 0.8010039328125 0.2648600125 0.817970278125 0.25728155468749997 0.8807730203125 0.274192134375 0.9173144843750001 0.307251103125 0.9405889843749999 0.3376765078125 0.9444122953124999 0.3715286390625 0.9344357328124999 0.3893563125 0.9132928640625 0.38508683125 0.8469952296875001 0.392008453125 0.82134741875 0.4104371953125 0.7894348250000001 0.40605618281250005 0.7759076046875 0.39501380625000004 0.76749879375 0.3734061921875 0.7643447171875 0.3133051796875 0.7781693828125 0.27501626875 0.8010039328125
12 0.1309262765625 0.84414481875 0.139304115625 0.9161619312499999 0.21220735 0.9331592499999999 0.2465242265625 0.9085090921875001 0.2537185 0.8906690234375001 0.259413184375 0.8298863796875 0.2814731453125 0.7900297187499999 0.25170457812499997 0.749051475 0.243023115625 0.7522861125 0.232061296875 0.774166378125 0.2009790578125 0.807498 0.1446455890625 0.8172824703125 0.1309262765625 0.84414481875
12 0.1260495484375 0.928350684375 0.13256219062500002 0.8909912640625001 0.12715873125 0.8481850156249999 0.12493414375 0.8404454375 0.1059477 0.8284054078124999 0.08029989062500001 0.8214837875000001 0.0392410875 0.8209632765625001 0.0115855765625 0.8404950250000001 0.0157435234375 0.9595630734375 0.0326417078125 0.9677673953125 0.0610470125 0.969706934375 0.0987348515625 0.9576421093749999 0.1260495484375 0.928350684375
12 0.056480045312500005 0.5311225828125 0.013481704687500002 0.5590073765625 0.0083756921875 0.5806831531250001 0.022925359375000003 0.6055811703125 0.0387701234375 0.6675659546875 0.1001662359375 0.69082805625 0.16725703281249998 0.653307515625 0.1780825234375 0.6275233796874999 0.17685558750000002 0.5923885453125 0.1681617265625 0.567286040625 0.1257396625 0.527726825 0.11523019375000002 0.5065963531250001 0.10014761875 0.49441999843750006 0.0825802015625 0.495033465625 0.07013119375 0.5023082984375 0.056480045312500005 0.5311225828125
12 0.7783738734375001 0.6925506265625 0.8154048749999999 0.717640734375 0.8769930796875001 0.7184215 0.88459633125 0.7122930421875 0.884255515625 0.702533365625 0.8734052296874999 0.67164321875 0.8721782953125 0.636508384375 0.8882461234375001 0.5929523421875 0.865355809375 0.5810486390625 0.8302209749999999 0.5822755734375 0.7706776640624999 0.6400528640625 0.7677962390624999 0.66946821875 0.7783738734375001 0.6925506265625
12 0.645636059375 0.5291147984375 0.6468629953125 0.5642496328125 0.6554205296875 0.5854482671875 0.7225485171875 0.6329391515625 0.7704050109375 0.6322451234375001 0.7962449140625 0.6166854078124999 0.8157518687499999 0.5876666359375 0.8166813578125 0.5583194437500001 0.8015863875000001 0.517805946875 0.782327290625 0.4979581765625 0.7543867296875 0.4813450421875 0.7150753734374999 0.47490056249999996 0.67610483125 0.478215759375 0.6581408328125 0.49545475781250004 0.645636059375 0.5291147984375
12 1 0.4967934921875 0.9996613312499999 0.481574284375 0.911675525 0.452400609375 0.8992265156249999 0.45967544374999997 0.8817396593750001 0.49057798906250005 0.8151136078125001 0.5134249343749999 0.8158634015624999 0.534896221875 0.8334432156249999 0.5626198953125 0.8613156125 0.57728109375 0.8996169203125 0.5827836875 0.9390522062500001 0.5647948953124999 1 0.5588443265625 1 0.4967934921875
12 0.7389385453124999 0.4027347265625 0.7407107859375001 0.4534850421875 0.760174371875 0.47918861718750005 0.79013503125 0.4976855234375 0.8362440796874999 0.5029154640625 0.87400008125 0.4928025765625 0.8844289921874999 0.48364397031250006 0.9044688546874999 0.4419035375 0.9051938546875 0.406700540625 0.8801347171874999 0.360672053125 0.8589918484375 0.3428443796875 0.82728374375 0.33027144375 0.8019085859375 0.3311575625 0.7548700484374999 0.3552748140625 0.7389385453124999 0.4027347265625
12 0.8755925859374999 0.286566678125 0.8577773109375 0.3360466890625 0.9006083531250001 0.3873175140625 0.910256496875 0.4397471125 0.9489667828125 0.4569613171875 0.9987752125 0.4561991265625 0.992504209375 0.27662108750000003 0.9694094046874999 0.258861578125 0.9245148953125 0.26042932812499997 0.8898572031249999 0.2753198109375 0.8755925859374999 0.286566678125
12 0.1745751921875 0.3032294828125 0.1963439265625 0.3669617140625 0.22717830781249998 0.382496634375 0.2456876109375 0.38087311874999996 0.26022488125 0.37743399218749996 0.27637327031250003 0.3641670265625 0.269972159375 0.34875603437499997 0.2688133875 0.31557313593749997 0.2805002046875 0.25848987343749996 0.26507681562499996 0.23655384218750003 0.22771739375000002 0.2300412 0.20651875937500003 0.238598734375 0.1905066953125 0.25576956875 0.1745751921875 0.3032294828125
12 0.075336340625 0.399524965625 0.1095974515625 0.401260015625 0.129717875 0.389808659375 0.15718129375 0.392758246875 0.1826122171875 0.3654869203125 0.17539315 0.32665270468749996 0.14986926875 0.2952978125 0.127989003125 0.2843359953125 0.07172369687499999 0.2960724 0.054168678125 0.325023009375 0.0581655046875 0.383512903125 0.075336340625 0.399524965625
12 0.02126465 0.502060440625 0.0387081390625 0.52588024375 0.055333668749999995 0.526276825 0.0728886890625 0.49732621562499996 0.1039833265625 0.4923317359375 0.106740821875 0.487349653125 0.1040824609375 0.41122418125 0.0891362140625 0.4029516953125 0.06376105625 0.40383781562500004 0.0406104859375 0.4124635125 0.0153840515625 0.44559064531250003 0.0145908875 0.47884170781249996 0.02126465 0.502060440625
12 0 0.38739105625 0.0343457015625 0.40095639062500005 0.0469991984375 0.3995373640625 0.056349896875000006 0.3874849359375 0.054032351562500004 0.3211191390625 0.0725292578125 0.29115848125 0.061282390625 0.2768938640625 0.043442321875 0.26969959062500004 0 0.2712166296875 0 0.38739105625
12 0.5534737703125 0.8000744015624999 0.5585364125 0.8331209749999999 0.57322240625 0.8619228609375 0.6179929859375 0.8847883812499999 0.6638293828124999 0.8822105812500001 0.705284765625 0.8661055609374999 0.7378418 0.8190422296875 0.7373646578125 0.805378684375 0.6902331640625 0.7708697140625 0.651876090625 0.7917523281250001 0.6246171609375 0.794658546875 0.5805839765624999 0.7649271718749999 0.56698859375 0.7673562484375 0.5548804015625 0.7843907578125 0.5534737703125 0.8000744015624999
12 1 0.7367413546875 0.9718447421875 0.7483325703125 0.9693041328125 0.7875076015625 0.9845354296875 0.8319249703124999 1 0.8421753765625001 1 0.7367413546875
12 0.8047033140625001 0.7189915984375 0.761543853125 0.6862982390625 0.7321284984374999 0.6834168140625 0.7255352953124999 0.690487159375 0.7047704328125 0.7674305890625 0.728274215625 0.7969017093749999 0.7451042359375 0.8031540968750001 0.7658257296875 0.780933015625 0.8047033140625001 0.7189915984375
12 0.09880919218749999 0.8198602703125 0.1025085734375 0.8138681375000001 0.088163396875 0.7948259281250001 0.0835778953125 0.7754429015625 0.09269930937500001 0.7008603859375 0.0595721765625 0.6756339515625001 0.041936596874999996 0.6742954828125 0.01301078125 0.7134147468750001 0.0149875109375 0.77002086875 0.0390365984375 0.8151074703125 0.09880919218749999 0.8198602703125
12 0.764375646875 0.2357296234375 0.7536864828125001 0.26541763125 0.734712434375 0.28171474375 0.740593034375 0.3381845375 0.754597396875 0.34746707187500003 0.792148909375 0.331498378125 0.84882319375 0.33147358437499996 0.855484559375 0.326355175 0.87000943125 0.29457890781249996 0.8626540390624999 0.251840821875 0.8652628109375 0.2146177265625 0.85401594375 0.200353109375 0.8286407859375 0.2012392296875 0.7805240359375001 0.222462659375 0.764375646875 0.2357296234375
12 0.7371911 0.4086586953125 0.748345009375 0.3642970921875 0.723106178125 0.3690870828125 0.7033265703125 0.390298115625 0.7021244296875 0.41183756562499996 0.6795873265625 0.4380306796875 0.6746858046875001 0.46556226250000005 0.6817561484375 0.47215546406250003 0.7433443515625 0.47293623125 0.7371911 0.4086586953125
12 0.6432193374999999 0.2360518640625 0.6159480109375 0.210620940625 0.5806086890625 0.2059920703125 0.5740154859375 0.2130624140625 0.5884288265625 0.2340565609375 0.5951707515625 0.259227228125 0.6031148187500001 0.26285844687500004 0.638646234375 0.24500598125 0.6432193374999999 0.2360518640625
12 0.7305359124999999 0.274043328125 0.7376620218750001 0.2542513234375 0.7623555484375 0.2338458515625 0.7580427000000001 0.2222705671875 0.7389199296875 0.2063266671875 0.6901897124999999 0.2099826796875 0.6547264609375001 0.22978708124999997 0.6562818140625 0.2463444484375 0.6918256265625 0.25682912343750003 0.7217862859374999 0.27532602968750003 0.7305359124999999 0.274043328125
12 0.21143889843750002 0.4074752109375 0.24786882968750001 0.44333504531249995 0.26248665937500004 0.4701849953125 0.27388225 0.5166906250000001 0.281689990625 0.5164179734375 0.298780265625 0.5021409593749999 0.2983712875 0.49042934843749997 0.2760138796875 0.46580398437500004 0.277216021875 0.44426453437499996 0.304258065625 0.40716536718749996 0.33204990156249997 0.39153748906249997 0.3286789390625 0.3789521546875 0.2971071609375 0.3702830875 0.235122375 0.386127853125 0.21143889843750002 0.4074752109375
12 0.309178203125 0.5760418453125 0.3162609453125 0.6109721890625 0.3252832234375 0.617497228125 0.3496483328125 0.615669221875 0.366874934375 0.6052960781250001 0.365511671875 0.566257375 0.374317065625 0.538589465625 0.36913049375 0.529976165625 0.331771071875 0.5234635234375 0.31958231875 0.5102089546874999 0.305782446875 0.5067822265624999 0.283982740625 0.5261094859375001 0.284732534375 0.5475807734375 0.309178203125 0.5760418453125
12 0.9168062890625001 0.179594425 0.921391790625 0.1989774515625 0.9353961515625 0.2082599859375 0.9428197078125 0.25295000624999997 0.9712931765624999 0.2568414796875 0.99216339375 0.2668614109375 0.9882780984374999 0.1556011046875 0.97178889375 0.15910839375000002 0.9617565640624999 0.1516414671875 0.9441891484375 0.1522549359375 0.9168062890625001 0.179594425
12 0.9109195109374999 0.26285840625 0.9390521640625 0.256990203125 0.9285302968750001 0.2075225890625 0.90295065 0.20255290312500002 0.8816156890625001 0.2072065671875 0.867351071875 0.21845343437500003 0.8625858750000001 0.2498888875 0.871484225 0.2808471984375 0.8773400312499999 0.280642709375 0.9109195109374999 0.26285840625