12 0.7734375 0.6748046875 0.77734375 0.6376953125 0.7578125 0.5673828125 0.7197265625 0.515625 0.6533203125 0.47265625 0.5830078125 0.45703125 0.5302734375 0.47265625 0.509765625 0.4912109375 0.50390625 0.5185546875 0.501953125 0.6240234375 0.51171875 0.6650390625 0.537109375 0.7099609375 0.5693359375 0.7421875 0.6015625 0.7529296875 0.6494140625 0.720703125 0.6943359375 0.701171875 0.7646484375 0.693359375 0.7734375 0.6748046875
12 0.4794921875 0.98828125 0.521484375 0.9619140625 0.529296875 0.9384765625 0.529296875 0.8583984375 0.55078125 0.8076171875 0.548828125 0.7900390625 0.521484375 0.7509765625 0.4755859375 0.71484375 0.4130859375 0.6953125 0.3740234375 0.6953125 0.3408203125 0.703125 0.2958984375 0.734375 0.28125 0.7529296875 0.25390625 0.8154296875 0.25390625 0.8662109375 0.26953125 0.9033203125 0.3330078125 0.966796875 0.3662109375 0.96875 0.3740234375 0.9609375 0.375 0.9677734375 0.3818359375 0.96875 0.3876953125 0.9609375 0.3916015625 0.96875 0.4130859375 0.96875 0.4189453125 0.962890625 0.4228515625 0.96875 0.4375 0.9697265625 0.435546875 0.9912109375 0.447265625 0.9931640625 0.443359375 0.9873046875 0.4482421875 0.9765625 0.4619140625 0.990234375 0.4794921875 0.98828125
12 0.912109375 0.7880859375 0.8720703125 0.73046875 0.7822265625 0.701171875 0.7470703125 0.69921875 0.6943359375 0.70703125 0.6357421875 0.732421875 0.552734375 0.8115234375 0.5390625 0.8369140625 0.53125 0.8759765625 0.5390625 0.9306640625 0.53125 0.9638671875 0.5361328125 1 0.8515625 0.9990234375 0.892578125 0.9326171875 0.90625 0.8896484375 0.91796875 0.8173828125 0.912109375 0.7880859375
12 1 0.6630859375 0.9658203125 0.626953125 0.9267578125 0.607421875 0.8857421875 0.603515625 0.8369140625 0.615234375 0.8115234375 0.630859375 0.779296875 0.6650390625 0.771484375 0.6943359375 0.8681640625 0.724609375 0.896484375 0.7548828125 0.919921875 0.7939453125 0.908203125 0.8896484375 0.9111328125 0.89453125 0.92578125 0.8935546875 0.9580078125 0.880859375 1 0.8466796875 1 0.6630859375
12 0.498046875 0.5751953125 0.498046875 0.5283203125 0.478515625 0.4873046875 0.4462890625 0.4609375 0.3759765625 0.4375 0.3212890625 0.439453125 0.2587890625 0.46484375 0.18359375 0.5302734375 0.171875 0.5576171875 0.177734375 0.5986328125 0.2529296875 0.677734375 0.2900390625 0.693359375 0.33984375 0.6943359375 0.3955078125 0.681640625 0.4384765625 0.66015625 0.48046875 0.6162109375 0.498046875 0.5751953125
12 0.2607421875 0.685546875 0.212890625 0.6455078125 0.1787109375 0.6015625 0.1669921875 0.599609375 0.1318359375 0.623046875 0.11328125 0.6494140625 0.09765625 0.7021484375 0.1015625 0.7470703125 0.126953125 0.7998046875 0.1572265625 0.83203125 0.2021484375 0.861328125 0.25 0.8662109375 0.251953125 0.8154296875 0.27734375 0.7529296875 0.330078125 0.7021484375 0.2607421875 0.685546875
12 0 0.5986328125 0.0517578125 0.623046875 0.103515625 0.6220703125 0.1357421875 0.611328125 0.16796875 0.5869140625 0.171875 0.5478515625 0.181640625 0.5283203125 0.216796875 0.4970703125 0.22265625 0.4775390625 0.2177734375 0.46875 0.1650390625 0.4375 0.140625 0.4111328125 0.1279296875 0.384765625 0.0849609375 0.380859375 0.0439453125 0.392578125 0 0.4248046875 0 0.5986328125
12 0.384765625 0.3486328125 0.373046875 0.3056640625 0.3388671875 0.2578125 0.2939453125 0.23046875 0.2431640625 0.22265625 0.1845703125 0.248046875 0.140625 0.2939453125 0.134765625 0.3115234375 0.1328125 0.3818359375 0.14453125 0.4111328125 0.1728515625 0.439453125 0.2099609375 0.4609375 0.251953125 0.4658203125 0.3017578125 0.44140625 0.3603515625 0.431640625 0.380859375 0.3974609375 0.384765625 0.3486328125
12 0.2001953125 0 0.193359375 0.1103515625 0.201171875 0.1455078125 0.23046875 0.2119140625 0.2451171875 0.220703125 0.3017578125 0.23046875 0.3525390625 0.263671875 0.3671875 0.2646484375 0.4150390625 0.2578125 0.427734375 0.2431640625 0.431640625 0.2197265625 0.4453125 0.1923828125 0.4453125 0.1240234375 0.419921875 0.0673828125 0.3984375 0.0400390625 0.3525390625 0 0.2001953125 0
12 0.71875 0.1630859375 0.728515625 0.1279296875 0.728515625 0.1005859375 0.708984375 0.0556640625 0.6806640625 0.025390625 0.6396484375 0.021484375 0.6064453125 0.009765625 0.4970703125 0.021484375 0.4765625 0.0439453125 0.46484375 0.0849609375 0.47265625 0.1376953125 0.490234375 0.1748046875 0.5166015625 0.203125 0.5498046875 0.22265625 0.630859375 0.2255859375 0.6611328125 0.220703125 0.6865234375 0.20703125 0.705078125 0.1884765625 0.71875 0.1630859375
12 0.970703125 0.3251953125 0.98828125 0.2822265625 0.990234375 0.2412109375 0.962890625 0.1494140625 0.8955078125 0.08203125 0.8544921875 0.0703125 0.8056640625 0.08984375 0.771484375 0.1416015625 0.74609375 0.2138671875 0.740234375 0.2958984375 0.759765625 0.3623046875 0.7939453125 0.404296875 0.8212890625 0.41796875 0.875 0.4267578125 0.9228515625 0.41015625 0.939453125 0.3935546875 0.94921875 0.3583984375 0.970703125 0.3251953125
12 0.734375 0.3056640625 0.7265625 0.2861328125 0.7021484375 0.2578125 0.6611328125 0.236328125 0.6337890625 0.23046875 0.5791015625 0.234375 0.5224609375 0.263671875 0.494140625 0.2939453125 0.478515625 0.3349609375 0.482421875 0.3876953125 0.501953125 0.4267578125 0.5361328125 0.458984375 0.5986328125 0.455078125 0.6201171875 0.46484375 0.64453125 0.4658203125 0.6865234375 0.443359375 0.7265625 0.3994140625 0.740234375 0.3681640625 0.734375 0.3056640625
12 1 0.3818359375 0.9951171875 0.380859375 0.9404296875 0.400390625 0.923828125 0.4169921875 0.8984375 0.4619140625 0.89453125 0.5126953125 0.900390625 0.5498046875 0.921875 0.5830078125 0.9501953125 0.609375 0.9873046875 0.6328125 1 0.6337890625 1 0.3818359375
12 0.900390625 0.4521484375 0.8974609375 0.443359375 0.8759765625 0.439453125 0.8544921875 0.42578125 0.8134765625 0.41796875 0.7685546875 0.38671875 0.7490234375 0.3828125 0.736328125 0.3896484375 0.72265625 0.4130859375 0.68359375 0.4501953125 0.68359375 0.4658203125 0.703125 0.4951171875 0.7392578125 0.529296875 0.7587890625 0.5390625 0.8017578125 0.546875 0.87890625 0.5458984375 0.890625 0.5361328125 0.892578125 0.5263671875 0.890625 0.4853515625 0.900390625 0.4521484375
12 0.484375 0.3056640625 0.513671875 0.2666015625 0.537109375 0.2470703125 0.529296875 0.2236328125 0.5087890625 0.208984375 0.4482421875 0.208984375 0.4208984375 0.259765625 0.3779296875 0.26953125 0.3671875 0.2861328125 0.38671875 0.3486328125 0.3828125 0.4248046875 0.4189453125 0.443359375 0.4423828125 0.44140625 0.453125 0.4462890625 0.4541015625 0.439453125 0.48828125 0.4208984375 0.4765625 0.3662109375 0.484375 0.3056640625
12 0.1845703125 0.24609375 0.228515625 0.2216796875 0.1982421875 0.208984375 0.1611328125 0.20703125 0.0927734375 0.236328125 0.056640625 0.2744140625 0.04296875 0.3193359375 0.05078125 0.3779296875 0.064453125 0.3818359375 0.1279296875 0.380859375 0.1328125 0.3173828125 0.140625 0.2919921875 0.1845703125 0.24609375
12 0.509765625 0.6650390625 0.4931640625 0.60546875 0.4462890625 0.65625 0.38671875 0.6884765625 0.4287109375 0.697265625 0.4775390625 0.716796875 0.5185546875 0.748046875 0.55078125 0.7939453125 0.560546875 0.7958984375 0.576171875 0.7763671875 0.578125 0.7568359375 0.5234375 0.6923828125 0.509765625 0.6650390625
12 0.9296875 0.5986328125 0.8955078125 0.548828125 0.8134765625 0.552734375 0.7822265625 0.576171875 0.7734375 0.5908203125 0.783203125 0.6552734375 0.8349609375 0.615234375 0.8896484375 0.6015625 0.9287109375 0.603515625 0.9296875 0.5986328125
12 0.8056640625 0.0859375 0.8486328125 0.0703125 0.8515625 0.0634765625 0.8408203125 0.052734375 0.8095703125 0.041015625 0.7841796875 0.0390625 0.7431640625 0.048828125 0.720703125 0.0654296875 0.73046875 0.0966796875 0.73046875 0.1376953125 0.71875 0.1767578125 0.697265625 0.2099609375 0.7060546875 0.22265625 0.736328125 0.2314453125 0.7421875 0.2275390625 0.763671875 0.1533203125 0.791015625 0.0986328125 0.8056640625 0.0859375
12 0.4150390625 0 0.40234375 0.0380859375 0.42578125 0.0732421875 0.451171875 0.1298828125 0.45703125 0.1298828125 0.46484375 0.1201171875 0.466796875 0.0634765625 0.486328125 0.0205078125 0.4638671875 0 0.4150390625 0
12 0.9453125 0.3759765625 0.943359375 0.3955078125 0.951171875 0.3955078125 1 0.3779296875 0.9990234375 0.28125 0.986328125 0.2900390625 0.9453125 0.3759765625