12 0.61007985 0.5097070203125 0.5464839453125 0.48403441562499994 0.5327522359375 0.485509209375 0.49469878593749994 0.5398783453125 0.4923936390625 0.577907 0.501186634375 0.6339120515625 0.5280923515625 0.6749150875 0.54935915 0.6815206875 0.5739845140625001 0.70387809375 0.605351803125 0.7010648328125 0.6203662140625 0.6908404125 0.643541578125 0.6427918265625 0.6488768734375 0.6019375124999999 0.639073828125 0.5468743484374999 0.61007985 0.5097070203125
12 0.3745339515625 0.42721758593750003 0.345378853125 0.45062841093749995 0.33478882187500003 0.5020479609375 0.340291415625 0.54034926875 0.405077065625 0.6158984640625 0.42439192812500004 0.6224359015625 0.44788331406250004 0.6213019234375 0.47286188906250004 0.6055625124999999 0.491476546875 0.5202226671875 0.477088 0.4845425296875 0.45347268593749995 0.4612432359375 0.39405330312500003 0.4278992171875 0.3745339515625 0.42721758593750003
12 0.30623479374999996 0.5362285109375 0.271031796875 0.5369535109375 0.24329572656249998 0.5477108390625001 0.20356299375 0.594204071875 0.1995104 0.6263087578125 0.23448411406249997 0.6881138484375 0.29236053906250004 0.7096780921875 0.3217077296875 0.708748603125 0.353347671875 0.6981276015625 0.3724704421875 0.6821837015625001 0.399277025 0.6420791828125 0.3963274375 0.6146157624999999 0.3665960625 0.5705825796874999 0.3505158359375 0.5553636796875 0.30623479374999996 0.5362285109375
12 0.3609447046875 0.8723269765625 0.33005455625 0.8614766906250001 0.25930774687499997 0.8726863671875 0.23587212812499997 0.9002055515625 0.2270977078125 0.955597134375 0.2336785125 0.9910046203125 0.39568913437500003 0.99666215625 0.40552937031249997 0.9667138953125001 0.40278427343749995 0.9333946703124999 0.38658011718749996 0.8937424984375 0.3609447046875 0.8723269765625
12 0.1329586890625 0.7412436515625 0.1219163109375 0.7496524640625 0.09086504375 0.7993803328125 0.08517653593749999 0.8783314640625 0.09297187968750001 0.9069412578125 0.1145670953125 0.9321243234375001 0.141417046875 0.946742153125 0.17884463125 0.9382775765625 0.21197176406249998 0.9130511421874999 0.242614053125 0.875034884375 0.253600665625 0.840240865625 0.2515371984375 0.7874022890625 0.1822342109375 0.7292841828125 0.1329586890625 0.7412436515625
12 0.1811126703125 0.3696509625 0.134607040625 0.358255371875 0.089303553125 0.3683992328125 0.074220978125 0.3805755890625 0.06873696093750001 0.4536709140625 0.07478485781250001 0.476356740625 0.098263846875 0.5035599046875 0.13648459375 0.5283463875 0.153915684375 0.5328637265625 0.2029867171875 0.5267600625 0.23625017656249997 0.4976297578125 0.2471004609375 0.466739609375 0.2389085359375 0.421504284375 0.207894459375 0.38622072812499997 0.1811126703125 0.3696509625
12 0.318281084375 0.07933934687500001 0.275679325 0.0680800828125 0.24047632812500003 0.0688050828125 0.2152932625 0.0904002984375 0.21117250625 0.1244569203125 0.2161297953125 0.178373709375 0.2452601 0.2116371671875 0.2739938234375 0.22827509531249998 0.3051566234375 0.23131764062500001 0.3288524984375 0.22432785625 0.356396478125 0.1910891921875 0.361663609375 0.1521868140625 0.3548101515625 0.12458706875 0.336381409375 0.092674475 0.318281084375 0.07933934687500001
12 0.5360798703125 0.110396834375 0.494271275 0.13238863125 0.47097198125000006 0.15600394687500002 0.45837425 0.180970125 0.44878187187499996 0.25978493125 0.46580398437500004 0.2760138796875 0.5483305671875 0.263261246875 0.5782230640625 0.2467162765625 0.605562553125 0.21933341875 0.6223368078125 0.1866958234375 0.6334597453125 0.1479979359375 0.6265381234375 0.122350125 0.6103215718749999 0.1110350953125 0.5557355484375 0.10717459375 0.5360798703125 0.110396834375
12 0.7039400796875 0.284329775 0.664901375 0.2829665140625 0.645505953125 0.3067181546875 0.6413851953124999 0.3407747765625 0.6525391046875 0.385136378125 0.6949239781250001 0.43058859062500004 0.729786159375 0.43962326718750006 0.7747488328125 0.4392390828125 0.779799078125 0.4345296515625 0.7947577234375001 0.397920025 0.7941008859375 0.36076509218749997 0.772040925 0.32090843125 0.7464055125 0.299492909375 0.7039400796875 0.284329775
12 0.7013808546875 0.4415628046875 0.6994722875 0.49621699062499997 0.6743449890625001 0.5441974140625 0.6748097328125 0.558871009375 0.6912183781250001 0.592667375 0.727623515625 0.6134818265625 0.7551550984375 0.608580303125 0.7960899718750001 0.5836265218750001 0.80687209375 0.554688309375 0.8046041374999999 0.5077055374999999 0.7974780265625 0.4879135328125 0.7785721421875 0.4696644859375 0.7707086359375 0.4430066265625 0.7013808546875 0.4415628046875
12 0.6347795546875 0.6698462671875001 0.603059053125 0.710756346875 0.6236442203125 0.7368812984375 0.6466584640625 0.749410865625 0.6759374921875 0.7504333125 0.6996333671875 0.743443528125 0.7230008234375 0.717876278125 0.7422723171875 0.669691365625 0.73206029375 0.6263398125 0.6988216296875 0.5987958328125 0.6575583375 0.60517215 0.6347795546875 0.6698462671875001
12 0.5641319218749999 0.45435880624999997 0.5561754578125 0.486327165625 0.6120317859375 0.5097751828125 0.6401520406250001 0.543980528125 0.6655271984375 0.544866646875 0.68680639375 0.5231351046875 0.697520353125 0.49614882812500005 0.6955250484375 0.44135831562499994 0.6871162375 0.43031593749999997 0.6579735359375001 0.42538962187499996 0.5894513140625001 0.42885971874999995 0.5641319218749999 0.45435880624999997
12 0.555524840625 0.2811013171875 0.5293317265625 0.30363841874999997 0.51357991875 0.306996984375 0.49230072343750003 0.328728528125 0.4837431890625 0.3499271625 0.48407160625 0.368504628125 0.48984685156249996 0.3989981953125 0.5131213515625 0.43205716406250005 0.5557231109375 0.443316428125 0.5875675421875 0.42683962031249995 0.6069629640625 0.40308797968750004 0.6176769234374999 0.376101703125 0.6168155984375 0.3448025765625 0.6080102046875 0.3171346671875 0.5920663046875 0.29801189687499996 0.555524840625 0.2811013171875
12 0.445169228125 0.363237496875 0.41393826562499997 0.3621468875 0.384250259375 0.372836053125 0.365059325 0.3907318875 0.36316315625 0.41704893125 0.36874630937499997 0.4250611609375 0.3960052390625 0.4279673796875 0.44782136875 0.45518294062500003 0.48933251875000006 0.4976731671875 0.49714026093749997 0.49794582031249995 0.5043469296875001 0.487448746875 0.5061191703125 0.43669843124999996 0.50074050625 0.42283039687499996 0.480359828125 0.3908496390625 0.445169228125 0.363237496875
12 0.2600452265625 0.2639428375 0.24327097343749998 0.29658043125 0.24332673906250002 0.32296563749999996 0.2455389296875 0.3435632015625 0.264977721875 0.3745339109375 0.33679034531249996 0.3887675546875 0.35658235 0.3816414453125 0.37193757656250004 0.36165734843749997 0.3733690015625 0.320666709375 0.3680585 0.3048467390625 0.30084377500000004 0.24289292499999998 0.2792361609375 0.24604700156249998 0.2600452265625 0.2639428375
12 0.3188201703125 0.23179478125 0.3145073203125 0.2433700671875 0.34249125 0.28147928125 0.392423609375 0.3066747453125 0.43947454375 0.302454853125 0.460685575 0.2826752453125 0.44386795156250003 0.260590490625 0.4523139546875 0.18662144218750001 0.4263377265625 0.174965596875 0.3677115078125 0.1748726390625 0.3437987453125 0.21605537031250002 0.3188201703125 0.23179478125
12 0.3211067015625 0.3901741859375 0.268745265625 0.37857410625 0.2458549515625 0.3904778109375 0.2400549109375 0.416658528125 0.24778209218749997 0.44722025781249997 0.2421741453125 0.4958823109375 0.24950474374999998 0.5098185109375 0.26928435156249997 0.5310295421875 0.325754146875 0.5369101421875 0.3308043921875 0.5322007125 0.3415431453125 0.44854015 0.3556156703125 0.4373056796875 0.3486258859375 0.41360980625000004 0.3211067015625 0.3901741859375
12 0.2154233703125 0.2545673453125 0.1992068171875 0.243252315625 0.13708570625 0.23131142031250002 0.0994536328125 0.24563180468749998 0.0739297515625 0.276986696875 0.0679933859375 0.307071284375 0.075584240625 0.341536884375 0.0954320109375 0.36079598125 0.1618659703125 0.361161590625 0.18696847656249999 0.3698554515625 0.217517809375 0.3904654125 0.23131768125000002 0.387038684375 0.2404762875 0.37660977500000004 0.2451299515625 0.3552748140625 0.2355313953125 0.29435584375 0.2154233703125 0.2545673453125
12 0.1824387828125 0.10781899218749999 0.110012690625 0.1111527640625 0.0879713046875 0.1826927359375 0.11016759218750001 0.21864552656249997 0.12746235625 0.22706673593749999 0.1876996953125 0.23698753125 0.2259204421875 0.261774015625 0.2688754140625 0.23493646093749998 0.26625424531249997 0.2260505078125 0.24519193593750002 0.21358910312499998 0.21410969687499998 0.18025748125000002 0.20827868437500002 0.1233787078125 0.1824387828125 0.10781899218749999
12 0.06663474375 0 0.065973328125 0.0011503640625 0.0620570609375 0.0293511796875 0.071463525 0.06778881406250001 0.0987782203125 0.09708023906249999 0.1355923375 0.10618307812500001 0.1786712390625 0.1037787953125 0.1865471421875 0.1020995125 0.1998822703125 0.08399918906250001 0.20857613125 0.058896682812500004 0.21195949062500002 0.01797420625 0.2010603234375 0 0.06663474375 0
12 0.49989161875 0.055389435937499995 0.4750741625 0.0105506921875 0.4538073640625 0.003945092187500001 0.42795506562499996 0.016722518750000002 0.365015996875 0.028204846875 0.33752778437500003 0.0878287171875 0.370276909375 0.1573733859375 0.3952430890625 0.1699711171875 0.4303779234375 0.1711980515625 0.45602573281250003 0.16427643125 0.498447796875 0.12471721718749999 0.5202599 0.115707334375 0.5334587015625 0.10151088125 0.5340721703125 0.0839434640625 0.52768345625 0.0710173140625 0.49989161875 0.055389435937499995
12 0.28850003750000003 0.764264115625 0.2608878953125 0.799454715625 0.25581285625 0.8608384296875 0.26139600937499996 0.8688506593750001 0.271155684375 0.869191475 0.3027274640625 0.8605224078125 0.33786229687499997 0.86174934375 0.3801914046875 0.8808163484374999 0.393662859375 0.8588121531249999 0.39488979375 0.8236773203125001 0.341406778125 0.7602487124999999 0.312264075 0.755322396875 0.28850003750000003 0.764264115625
12 0.460797065625 0.6432503515625 0.42566223281250004 0.642023415625 0.40391829218749997 0.6490813625 0.35186048125 0.712733034375 0.34921451875 0.7605213656250001 0.36293383125 0.7873837140625 0.3905211796875 0.8088673984374999 0.41973204375 0.8118417796875 0.461199825 0.7996096578125 0.48234269375 0.7817819859374999 0.5008643937499999 0.7550683609375 0.510035396875 0.7163023078124999 0.5094467234375 0.677195440625 0.4935028234375 0.6580726703125 0.460797065625 0.6432503515625
12 0.3977030546875 0.855044609375 0.3895421015625 0.892868775 0.4047362078125 0.9334628328125 0.406458859375 0.9960610859375001 0.48352621874999996 0.9997294953125 0.5187664078124999 0.91399306875 0.51237769375 0.90106691875 0.48277024687500003 0.8814670078125 0.4646265546875 0.8134095296874999 0.4431552671875 0.8126597359375 0.4142728203125 0.8282628203125 0.3977030546875 0.855044609375
12 0.5803608296875 0.7451413859375 0.5296105140625 0.7433691453125 0.502611840625 0.7609923281250001 0.48207004218750005 0.7895897265625 0.4736364359375 0.8352216328125 0.48109096406249996 0.873591103125 0.4894997765625 0.8846334812500001 0.529740621875 0.9075361921875 0.5648072921875 0.9107150640624999 0.61247169375 0.8889277546875001 0.631730790625 0.869079984375 0.646484946875 0.8383261624999999 0.6473710671874999 0.8129510046874999 0.6265938078125 0.7643447171875 0.5803608296875 0.7451413859375
12 0.694584978125 1 0.7078066765625 0.9850869124999999 0.7093744265625 0.940192403125 0.696937815625 0.904580428125 0.6867133953125 0.8895660171875001 0.6385966453125 0.8683425874999999 0.5844629703125 0.9074928234374999 0.5314880671875 0.9134601609375 0.511615503125 0.9508753484374999 0.50893496875 1 0.694584978125 1
12 0.71899168125 0.189093928125 0.6538961890625 0.2063639 0.6362482125 0.23603950937499998 0.6365766296875 0.25461697499999997 0.638993309375 0.269358734375 0.651101503125 0.2863932421875 0.6669214734375 0.2810827421875 0.700104371875 0.2822415140625 0.7562333515625 0.29788179062500003 0.7791918296875 0.2840261515625 0.78829466875 0.247212034375 0.781236721875 0.22546809531249998 0.7652246593750001 0.20829725937500002 0.71899168125 0.189093928125
12 0.6298533203125001 0.08337958437500001 0.6257325640625 0.11743620625 0.6357524953125 0.138306421875 0.6308943421875 0.1654971890625 0.656325265625 0.192768515625 0.695568459375 0.188275971875 0.728627428125 0.165001471875 0.741088834375 0.1439391640625 0.7333058875 0.086992228125 0.705650375 0.067460478125 0.64702415625 0.0673675203125 0.6298533203125001 0.08337958437500001
12 0.5313394687499999 0.022287096875000002 0.5063608921875 0.0380265078125 0.5048055390624999 0.054583875000000004 0.53246105 0.07411562499999999 0.5352743109375 0.10548291406250002 0.5400519046875 0.108581225 0.616177378125 0.11123958437499999 0.625472309375 0.0969068046875 0.6263584296875 0.071531646875 0.6193686453125 0.047835771875 0.588081915625 0.02035995625 0.5549671796875 0.0172492484375 0.5313394687499999 0.022287096875000002
12 0.6431884484375 0.065279259375 0.709554246875 0.0675968046875 0.73815164375 0.088138603125 0.7531660546875 0.0779141828125 0.7615872625 0.0606194171875 0.763359503125 0.0098691015625 0.649205375 0.00490559375 0.6312847453125 0.042388945312499995 0.6318176531249999 0.055110604687499995 0.6431884484375 0.065279259375
12 0.196926421875 0.5324113781250001 0.1636071984375 0.5351564765625 0.133851028125 0.5477975765624999 0.10791816875 0.59086408125 0.107292303125 0.6367686390625 0.12046631249999999 0.6792464703125 0.1651439359375 0.7150071687499999 0.17880748125 0.7154843093750001 0.216520115625 0.6708748499999999 0.198364025 0.6311545140625 0.19736637343750002 0.6037592578125001 0.23009692343750002 0.56190729375 0.2286221296875 0.548175584375 0.212473740625 0.5349086187500001 0.196926421875 0.5324113781250001
12 0.1146104640625 0.9868466734375 0.2308528546875 0.9879744734375 0.21935812968750001 0.953372546875 0.1804557515625 0.948105415625 0.13508409999999998 0.9602012109375 0.1146104640625 0.9868466734375
12 0.260286825 0.788684990625 0.295911196875 0.7479112375 0.30083751406250003 0.718768534375 0.29424431093750003 0.7116981906250001 0.21893679531250002 0.6856166078125 0.1878979234375 0.7070073359375 0.1804867640625 0.7233602140625 0.20120825781249999 0.7455812953125001 0.260286825 0.788684990625
12 0.258501221875 0 0.217815296875 0.0181786953125 0.20890455000000002 0.0774741484375 0.2146240296875 0.081582509375 0.2346205234375 0.0686005921875 0.2542762015625 0.065378353125 0.3280407609375 0.0796801609375 0.3555165765625 0.0483934328125 0.3580819796875 0.030894178124999998 0.32188421875 0 0.258501221875 0
12 0.7451847140625001 0.7821662109374999 0.7163146640625 0.769432153125 0.7013808125 0.7493674968749999 0.644638365625 0.7512946375 0.6344015484375001 0.76461736875 0.6477118828124999 0.803191328125 0.6437832171875 0.8597292875000001 0.648424484375 0.8667314671874999 0.67911014375 0.883437559375 0.7222572078125 0.8790813406250001 0.75920765 0.884280309375 0.7742220609375 0.8740558890625 0.77510818125 0.84868073125 0.75729290625 0.7992007203125 0.7451847140625001 0.7821662109374999
12 0.5745731875 0.7429849609375 0.6180486703125 0.7572062093749999 0.61503091875 0.7316947265625 0.5952513125000001 0.71048369375 0.5738481875 0.7077819640625 0.5492909874999999 0.683472621875 0.5221683828125 0.6766625328125 0.5150980390625 0.6832557359375 0.510023 0.74463945 0.5745731875 0.7429849609375
12 0.7533146953125 0.6612825546875001 0.780586021875 0.63585163125 0.7876687625 0.6009212859375 0.7810755609375 0.5938509421875 0.75912713125 0.6067646953125 0.7335474843750001 0.6117343796875 0.7293709625 0.6194057953125001 0.74470139375 0.6560959828125 0.7533146953125 0.6612825546875001
12 0.7093248796875 0.745736278125 0.7285715796875001 0.75422565 0.7472048124999999 0.7802824390625 0.75905275 0.776787546875 0.7762917484375 0.7588235484375 0.7760438890625 0.7099570046875 0.758761521875 0.6731986546875001 0.742135990625 0.6735952359375 0.7291974453125001 0.7083210921875 0.7086556468749999 0.7369184890625 0.7093248796875 0.745736278125
12 0.6124284078125 0.218596021875 0.574114703125 0.25243575625000003 0.54631046875 0.2651450203125 0.499123209375 0.27326878125 0.49885055625 0.2810765234375 0.5119006359375 0.29912108125 0.523612246875 0.299530059375 0.5497371984375 0.2789448921875 0.571140321875 0.281646621875 0.6062627593750001 0.3112106984375 0.6199139078125 0.34002498281250004 0.63270373125 0.3375401390625 0.6435540171875 0.3066499921875 0.6320716890625 0.24371092343749998 0.6124284078125 0.218596021875
12 0.4374544453125 0.30433862500000003 0.402115121875 0.3089674953125 0.39497661562499997 0.31751263281250003 0.39510054375000003 0.3419459046875 0.4042467515625 0.3598541375 0.44328545625000004 0.3612173984375 0.470271734375 0.3719313578125 0.47922585 0.36735825312500003 0.48832868906250004 0.3305441359375 0.5024012140624999 0.3193096671875 0.5067822265624999 0.305782446875 0.4890227171875 0.28268764218750003 0.46755142968749996 0.2819378484375 0.4374544453125 0.30433862500000003
12 0.8079360281250001 1 0.8071508828124999 0.9944190359375 0.8152994390625 0.9849320109375 0.81591290625 0.9673645953125 0.7905501453125 0.9381413328124999 0.7708944671875 0.941363571875 0.76065765 0.954686303125 0.7155586515625 0.9589743578125001 0.7096904484375 0.9871070109375 0.7023525203125 1 0.8079360281250001 1
12 0.7078996328125 0.92646069375 0.71179110625 0.9549341609375 0.7618721890625 0.9478886109375001 0.7686141140625 0.92271794375 0.7654600375 0.9011103296874999 0.7552356171875 0.88609591875 0.7242091421875 0.879149503125 0.6927055265625001 0.8858666359375 0.6925010375 0.891722440625 0.7078996328125 0.92646069375