12 0.85065741875 0.523909609375 0.8433701890625 0.48312345937499995 0.8348126546874999 0.461924825 0.8136697859375 0.444097153125 0.767288084375 0.431059471875 0.7359331921875001 0.4565833515625 0.72012561875 0.47960999375 0.7219660218749999 0.5323122437500001 0.744868734375 0.5725530890625 0.76203956875 0.588565153125 0.7798796390625 0.595759425 0.8226858874999999 0.5903559671874999 0.8388342765625 0.5770890015625 0.8460967125 0.5612008687500001 0.85065741875 0.523909609375
12 0.6901897531250001 0.517787371875 0.66374878125 0.5441168125 0.66014235625 0.6087351640625001 0.7088849703125 0.6334162937500001 0.724636778125 0.636774859375 0.755663253125 0.62982844375 0.7735590875 0.6106375109375 0.7769858171874999 0.5968376375 0.744936896875 0.574505025 0.7126029265625 0.516027528125 0.6901897531250001 0.517787371875
12 0.6580293015625001 0.548225171875 0.64745166875 0.5251427640624999 0.6303489953125 0.5110826375 0.6084687296875 0.5001208187499999 0.58605555625 0.5018806625 0.5727328265625 0.5121174796875 0.548584603125 0.548138434375 0.547450625 0.57162981875 0.5560081593749999 0.5928284546875 0.579239290625 0.614491834375 0.5931754890625001 0.6218224328125 0.6146467765625 0.6210726390625 0.6376610203124999 0.608543071875 0.6536730828125 0.5913722359375 0.6580293015625001 0.548225171875
12 0.72616111875 0.428587025 0.70501825 0.410759353125 0.6891301171875 0.40349691718749997 0.6569572671875 0.405597575 0.6346804203125 0.4112612890625 0.616716421875 0.4285002875 0.605618278125 0.44647668281249997 0.6046887890625 0.47582387343750004 0.61715019375 0.4968861828125 0.6362729640625 0.5128300828125 0.6833238984375 0.517049975 0.7146787921875 0.49152609375 0.7326303921874999 0.44594995312499996 0.72616111875 0.428587025
12 0.70470840625 0.3179401859375 0.6794571781250001 0.294393034375 0.635300065625 0.28909493125 0.614906990625 0.2927385453125 0.5835520984375 0.3182624265625 0.576357825 0.33610249531249997 0.5796730218749999 0.3750730375 0.59900028125 0.3968727421875 0.6148884156250001 0.40413517812500005 0.6443037703125001 0.40701660312500004 0.683069821875 0.3978456 0.7084325828125 0.36862233906249997 0.70470840625 0.3179401859375
12 0.8409348937500001 0.301457159375 0.809896021875 0.2800664328125 0.7756349109375 0.2783313828125 0.757193771875 0.2819068359375 0.72280873125 0.3046050578125 0.7089530921875 0.3275635359375 0.710248190625 0.3646503046875 0.7185330734375001 0.3780411984375 0.7435798124999999 0.3957325453125 0.794330128125 0.3939603046875 0.8306671031249999 0.37119391875 0.8445227421875 0.348235440625 0.8409348937500001 0.301457159375
12 0.9728485296875 0.273398846875 0.947801790625 0.2557075015625 0.9115887453125 0.254040615625 0.8741735578125001 0.2739131796875 0.850967221875 0.30892408437499996 0.8504467109375 0.3499828875 0.8700466234374999 0.379590334375 0.899530140625 0.38442369374999996 0.9345286484375 0.3792928875 0.9715348562499999 0.3477087109375 0.9843122828125 0.32185641249999997 0.9831535109375 0.28867351406249997 0.9728485296875 0.273398846875
12 1 0.49127247812499997 0.9960486890625001 0.3781217171875 0.9823851421875001 0.378598859375 0.96219655625 0.3880982796875 0.9424851125 0.411261246875 0.924738 0.46269319375 0.9298006421875 0.49573976562500005 0.9532362624999999 0.5232589515625 0.975048365625 0.5322688328125 1 0.52861090625 1 0.49127247812499997
12 0.9110186875 0.48955554218749997 0.8690179984374999 0.49004508125 0.8499076249999999 0.5024383234375 0.8497279296875 0.5532568015625 0.8315036765625001 0.5910252015624999 0.8685346796875001 0.616115309375 0.9132928640625 0.6106436875 0.936976340625 0.5892963296875 0.94989009375 0.5673479015625 0.9504106046875 0.5262890984374999 0.9401056234375 0.5110144328125 0.9110186875 0.48955554218749997
12 0.540869778125 0.2992326125 0.500821025 0.29965398906249996 0.47020352968749995 0.318312015625 0.4576305921875 0.3500201203125 0.46632445312500004 0.37512262500000004 0.489623746875 0.398737940625 0.51143585 0.40774782187499997 0.5463661937500001 0.40066508125 0.5635927953125 0.3902919375 0.573817215625 0.3752775265625 0.570161203125 0.326547309375 0.540869778125 0.2992326125
12 0.3403409625 0.2651946078125 0.3315913359375 0.266477309375 0.29571910468749996 0.2745701 0.2814544875 0.285816965625 0.2746010296875 0.3134167109375 0.2838401953125 0.3541346984375 0.3368274953125 0.388439178125 0.40850379375 0.3703016625 0.42033933437500004 0.3454594125 0.415276690625 0.312412840625 0.38800536406249997 0.2869819171875 0.3403409625 0.2651946078125
12 0.5814700562499999 0.48249763593750006 0.58226321875 0.449246575 0.575998434375 0.437739453125 0.555933778125 0.4228056015625 0.5506108796875 0.41028843125 0.53782105625 0.4078035875 0.515544209375 0.4134673015625 0.4887624203125 0.430037065625 0.46911913906249997 0.45515196874999997 0.46569241093749997 0.46895184062500006 0.4752723921875 0.5194295046875 0.48766563281249997 0.538539878125 0.5087403390625 0.554415615625 0.5456907828124999 0.5492166468749999 0.570849053125 0.5141375781249999 0.5814700562499999 0.48249763593750006
12 0.8717941109374999 0.6814710578125001 0.8723146203125 0.6404122546875 0.86382525 0.6211655546875 0.8447024781250001 0.6052216546875 0.824910475 0.5980955453125001 0.7965733328125 0.5981079421875 0.7821042265625 0.603499003125 0.7493427031250001 0.6447065296875001 0.7472792359375 0.69754510625 0.75907140625 0.7274252046874999 0.7847873796875 0.7362987609375 0.79892806875 0.749485165625 0.812659778125 0.750959959375 0.835742184375 0.7403823265625 0.8612412718750001 0.715062934375 0.8717941109374999 0.6814710578125001
12 0.907883228125 0.707571215625 0.8969090124999999 0.7011143390625 0.8783997093749999 0.70273785625 0.832042803125 0.7463744578125 0.8099022828125 0.7559420421875 0.8009605640625 0.7797060796874999 0.80373045625 0.8030611390625 0.812752734375 0.8095861781250001 0.8599399953125 0.8177099406250001 0.924558346875 0.8213163640625 0.9329671578125 0.8102739874999999 0.9329423640625001 0.753599703125 0.907883228125 0.707571215625
12 1 0.719193034375 0.9883897125000001 0.718440075 0.934621646875 0.7457237984375 0.9365302124999999 0.800377984375 0.9497290156249999 0.8145744390624999 1 0.82569190625 1 0.719193034375
12 1 0.6107851125 0.9808608015625 0.5867866937499999 0.972111175 0.5880693953125 0.9474176484375001 0.6084748671875 0.9422434734375 0.6281987078125 0.954636715625 0.64730908125 0.95720211875 0.6648083359375 0.9823170203125 0.6844516171875 1 0.6896677234374999 1 0.6107851125
12 0.6910696953125 0.6828963046875 0.6731614640625 0.6737500953125 0.64677625625 0.6736943296875 0.6227519640625 0.6852820125 0.6069443890625 0.708308653125 0.6069010203125 0.7630310015624999 0.62845286875 0.7925702859375 0.687351740625 0.80028506875 0.7035682921874999 0.7889700390625001 0.7182976531249999 0.7630495765624999 0.7170025546875001 0.7259628078125 0.7042003343750001 0.6951408234375 0.6910696953125 0.6828963046875
12 0.5079347796875 0.559329534375 0.4660146515625 0.59010815 0.4533735515625 0.6198643203125 0.45326201875 0.672634734375 0.48457354218750004 0.7018332015625 0.5216603109375 0.700538103125 0.53511936875 0.69420515625 0.5581212156250001 0.6533384453125 0.55621265 0.5986842593749999 0.5323680515625 0.5594534640625 0.5079347796875 0.559329534375
12 0.4475115265625 0.4519978921875 0.40579588749999995 0.48863231406249996 0.406886496875 0.5198632765625 0.44446280312499997 0.5605688671875 0.4721307125 0.569374259375 0.4954176078125 0.5646524328125 0.5038264203125 0.5536100546875 0.487733796875 0.5404918140625 0.47102770625 0.5098061546875 0.46709904062499996 0.45326819687500003 0.4475115265625 0.4519978921875
12 0.44628459062500003 0.4168630578125 0.439542665625 0.391692390625 0.4285002875 0.383283578125 0.4009687046875 0.37838205625 0.3746516609375 0.38027822499999997 0.34853910625 0.3880302 0.31732054062500004 0.4174579515625 0.30933310468749997 0.4685490828125 0.309878409375 0.48416456406249997 0.31694875312500004 0.490757765625 0.3582802078125 0.4990860171875 0.38163526718749996 0.496316125 0.41797224218749995 0.47354973906250003 0.4357999140625 0.4524068703125 0.44628459062500003 0.4168630578125
12 0.446551065625 0.564404575 0.393700090625 0.534003965625 0.35016884375 0.5746104203125 0.35246159375 0.5843019328125 0.33208091562500003 0.6162826906250001 0.3330351984375 0.6436097828125 0.34145640781250003 0.6609045484375 0.366503146875 0.6785958937500001 0.425129365625 0.6785029359375 0.44847202812500003 0.647395903125 0.458070584375 0.5864769328125 0.446551065625 0.564404575
12 0.322940884375 0.49445714687500003 0.3067800984375 0.4793869703125 0.298030471875 0.480669671875 0.277705559375 0.486265221875 0.26573369375 0.5072036015625 0.269185215625 0.5500780140625 0.2804320828125 0.56434263125 0.30036041406249997 0.5753726109375 0.3335433125 0.5742138390625 0.3823974578125 0.5461245546875 0.39315478593750003 0.5183884828124999 0.3915994328125 0.501831115625 0.322940884375 0.49445714687500003
12 0.866142753125 0.379726659375 0.8560422609374999 0.3703078 0.8453406984375 0.37165866406250003 0.790494421875 0.3960485671875 0.7632478890625001 0.42729192656250004 0.7818935171875 0.4295722796875 0.8255858859374999 0.4495439796875 0.85252879375 0.4935523703125 0.8678716234375001 0.48519932499999996 0.9044006906250001 0.4399516015625 0.9070776265625 0.4046804421875 0.88586659375 0.384900834375 0.866142753125 0.379726659375
12 0.72289546875 0.1951603609375 0.7041135140625 0.1889761359375 0.6722133171875 0.1988845359375 0.6473834640625 0.2153861375 0.6370908796875 0.22844861249999998 0.6357524125 0.24608419218750002 0.6477490734375 0.281820096875 0.7151373171875 0.30878158125 0.7667489578125 0.27571021406249996 0.7689611484375 0.25511265 0.7521187312500001 0.2205231203125 0.72289546875 0.1951603609375
12 0.891046946875 0.22544321875 0.8902971531249999 0.20397193125 0.875542996875 0.17321810937499998 0.8585084875 0.1611099171875 0.8301031828125 0.15917037812499998 0.8059425640625 0.166854190625 0.7774814921875 0.191299859375 0.7659867671875 0.22590178437500003 0.7730695078125 0.26083212968749997 0.7882202453125 0.2749604203125 0.8257159921874999 0.2853769328125 0.8432834093749999 0.284763465625 0.866297653125 0.272233896875 0.882241553125 0.2531111265625 0.891046946875 0.22544321875
12 0.814382346875 0.072752321875 0.7841614328125 0.07478481718749999 0.7332871875 0.100990328125 0.7194997125 0.1259007421875 0.7189110390625 0.165007609375 0.74423043125 0.1905066953125 0.773645784375 0.1933881203125 0.803990628125 0.16692235312499998 0.8348807765625 0.1560720671875 0.8467844796874999 0.133181753125 0.8393609234375001 0.0884917328125 0.814382346875 0.072752321875
12 0.8938168390625 0.248798278125 0.9008190203125 0.2534395453125 0.9319818203124999 0.250397 0.9812573421874999 0.2623564703125 0.9917544140624999 0.2551498 0.9882099343749999 0.15364916875 0.969223490625 0.1416091390625 0.9289702468750001 0.136174709375 0.8894791953125001 0.18054870781250001 0.8938168390625 0.248798278125
12 0.6548379921875 0.1770166671875 0.6637115484375 0.15130069375 0.660669003125 0.12013789374999999 0.6482075984375 0.099075584375 0.6214134140625001 0.08730820781250001 0.599000240625 0.08906805 0.5710720765625 0.10079205937499999 0.55129246875 0.122003090625 0.544166359375 0.1417950953125 0.5451888046875 0.1710741234375 0.5513854265625 0.180629309375 0.5686925875 0.20054524375 0.596428659375 0.21130257187499998 0.6100922062499999 0.2108254296875 0.6407097015625001 0.1921674046875 0.6548379921875 0.1770166671875
12 0.36450158125 0.257510796875 0.36706698437499996 0.27501005 0.3998533015625 0.2904768078125 0.407853134375 0.2677228203125 0.43610971718749997 0.23742134531249998 0.420754490625 0.2174372484375 0.40614905781250005 0.21892443906249998 0.3840085375 0.2284920234375 0.36450158125 0.257510796875
12 0.1640595453125 0.4218327859375 0.141646371875 0.42359262812500004 0.11298081093750001 0.44218249218750005 0.10578653906249999 0.46002256093750005 0.10646816875000001 0.47954191249999994 0.1128692796875 0.4949529046875 0.1300401140625 0.51096496875 0.1692833078125 0.5154575125 0.2122134859375 0.4856207828125 0.22458193437500001 0.448056871875 0.19004817031250001 0.43851408281250004 0.1640595453125 0.4218327859375
12 0.2670969546875 0.54624230625 0.2670721609375 0.489568021875 0.2541460109375 0.483179309375 0.23954057812500001 0.4846665 0.21726373125 0.4903302125 0.173187178125 0.5153211859375 0.1517282890625 0.544408121875 0.1448066671875 0.5700559328125 0.1973168265625 0.590696865625 0.22680034375 0.595530225 0.240463890625 0.5950530828125 0.26912945 0.5764632203125 0.2756544890625 0.567440940625 0.2670969546875 0.54624230625
12 0.2758589796875 0.573296746875 0.24726158125 0.5938385453125 0.2421555703125 0.615514321875 0.24533444062499998 0.6505809921875 0.26486618906250003 0.6782365031250001 0.291716140625 0.6636186734375 0.320982771875 0.6342590859375 0.32629327343750003 0.6184391140625001 0.3236597078125 0.5989879250000001 0.3004285765625 0.577324546875 0.2758589796875 0.573296746875
12 0.46411230468750003 0.70352488125 0.44074484687500004 0.67795763125 0.4241874796875 0.6795129859375 0.384343215625 0.6857901671875 0.3703512515625 0.704844775 0.36356595625 0.7343964546875 0.3686285984375 0.7674430265625001 0.3837111734375 0.7796193828125 0.41730305 0.790172221875 0.436822403125 0.789490590625 0.45411716718750006 0.7810693828125 0.46951576250000004 0.7463311296875 0.46411230468750003 0.70352488125
12 0.3256364359375 0.655594046875 0.29555184843750004 0.6615304125 0.276441475 0.6739236546875 0.2662170546875 0.688938065625 0.2662418484375 0.74561235 0.27681948125 0.76869475625 0.2919020546875 0.7808711125000001 0.3386803375 0.7772832640625 0.36175034687499996 0.7383684890625 0.3618618796875 0.6855980749999999 0.3256364359375 0.655594046875
12 0.1159366171875 0.5827899890625 0.09374033125 0.6187427796875 0.0947627765625 0.6480218078125 0.11409003749999999 0.6698215140625 0.1420987609375 0.6883865828125 0.17932185625 0.6909953546875001 0.1965360609375 0.65228506875 0.1952409625 0.6151983000000001 0.175981865625 0.5953505296875 0.150061403125 0.58062116875 0.1159366171875 0.5827899890625
12 0 0.5087275375 0.0028607015625 0.59064731875 0.052532804687500004 0.5859812578125 0.0624845734375 0.56315910625 0.061530290625 0.5358320125 0.052972756249999996 0.514633378125 0.0200501125 0.4952627484375 0 0.49500857031249995 0 0.5087275375
12 0.051163325 0.3788716359375 0.0373076859375 0.40183011406249997 0.08673193125 0.4460305953125 0.094539671875 0.44575794375 0.11068806093750001 0.432490978125 0.1236018140625 0.41054255 0.1232609984375 0.40078287343749996 0.0959215078125 0.3734000140625 0.07720771562499999 0.3691677265625 0.051163325 0.3788716359375
12 0.27315103125 0.3838227046875 0.2645934953125 0.3626240703125 0.22769881875000003 0.3414378328125 0.1915539359375 0.34172288125 0.1752010578125 0.349134040625 0.1573733859375 0.370276909375 0.1540829828125 0.38798065312499996 0.16500143125 0.42082273593749997 0.193952040625 0.43837775625 0.21953168750000002 0.4433474421875 0.23514717031250001 0.4428021375 0.2601133484375 0.43020440625 0.27403715 0.4091978625 0.27315103125 0.3838227046875
12 0.15475839375 0.23942908749999997 0.1326860359375 0.2509486078125 0.1281129328125 0.2599027234375 0.1270471171875 0.28534604375 0.135672815625 0.3084966140625 0.1629441421875 0.33392753750000004 0.202051009375 0.3345162109375 0.2056016671875 0.29628306718749997 0.21824276718750002 0.266526896875 0.1830955359375 0.239416690625 0.15475839375 0.23942908749999997
12 0.2568043296875 0.2515000890625 0.24031512500000002 0.255007378125 0.21474787499999998 0.278374834375 0.2056698296875 0.298235003125 0.2049448296875 0.333438 0.270982209375 0.3496979203125 0.27575980312500004 0.34659961093749997 0.2704245078125 0.30574529687499996 0.2830656078125 0.27598912656249996 0.2686522671875 0.25499498125 0.2568043296875 0.2515000890625
12 0.253693621875 0.2183853546875 0.254375253125 0.23790470625000001 0.291815234375 0.27470642500000003 0.348080540625 0.2629700203125 0.356625678125 0.2558315140625 0.358100471875 0.24209980312499998 0.3387050484375 0.21834816250000003 0.31682478281250004 0.2073863453125 0.29043957656249997 0.20733057968750002 0.253693621875 0.2183853546875
12 0.4765178609375 0.1353630125 0.46184426562500003 0.13489826875 0.4195833203125 0.1559172078125 0.4123890484375 0.173757278125 0.419608115625 0.2125914921875 0.43677895 0.2286035546875 0.4735930671875 0.219500715625 0.5013973015625 0.23220997968749998 0.5171367124999999 0.207231403125 0.5181343640625 0.179836146875 0.4885702875 0.14471371093750002 0.4765178609375 0.1353630125
12 0.5173412015625 0.21308720937499998 0.52011109375 0.23644226875 0.5305524015625 0.25562080468750004 0.59974385625 0.2502731125 0.6092866453125 0.21573935 0.5707126859375 0.20242901562500001 0.539333 0.1712786125 0.5261465953125 0.1854193 0.5173412015625 0.21308720937499998
12 0.6672808640625 0.6172803015625 0.653809409375 0.5952761062499999 0.6338934765625 0.6125832671875 0.604081540625 0.626327375 0.612911728125 0.6553337499999999 0.6302870515625 0.6772016187500001 0.6691894296875 0.6719344875 0.6989456 0.6845755875 0.706685178125 0.6823509999999999 0.7206089796875 0.6613444562499999 0.7218111203124999 0.63980500625 0.6672808640625 0.6172803015625
12 0.7473473984375001 0.6994970406250001 0.74745893125 0.6467266265625 0.7318434484375 0.6472719312499999 0.7079678796875 0.6911006265624999 0.7208382624999999 0.7238745468750001 0.724153459375 0.7628450875 0.7492683625 0.7824883687499999 0.7825194234375 0.78328153125 0.796784040625 0.772034665625 0.8039101499999999 0.7522426609374999 0.7847873796875 0.7362987609375 0.7540211609374999 0.722715775 0.7473473984375001 0.6994970406250001
12 0.8750845125 0.6637673140625 0.8714656921874999 0.7000485234375 0.9204003984375 0.7022483171875 0.9385007234374999 0.6889131890625 0.9551820203125001 0.6629245640625 0.93214298125 0.618779846875 0.9143029125 0.611585575 0.86974921875 0.6229130015625 0.8750845125 0.6637673140625
12 0.8883328203125 0.1757029515625 0.9120162984375 0.15435559375000002 0.9173268 0.1385356234375 0.8961157671875 0.118756015625 0.8677104625000001 0.116816478125 0.8503475343750001 0.12328575 0.8416103046875 0.15290559374999999 0.8883328203125 0.1757029515625
12 0.7266630140625 0.19112016406250001 0.73137244375 0.1860699171875 0.7134518140624999 0.14858656718750002 0.67723876875 0.14691968125 0.6639160375000001 0.1571565 0.6530223828125 0.1809887 0.613190515625 0.2156030234375 0.6077436890625 0.22751912343749997 0.6131347500000001 0.2419882296875 0.632722265625 0.243258534375 0.6407220984374999 0.2205045453125 0.676049025 0.1967962734375 0.7011515296875 0.18810241249999998 0.7266630140625 0.19112016406250001
12 0.033806575 0.245607134375 0.0146280375 0.256048440625 0.009522026562499999 0.2777242171875 0.01020365625 0.2972435703125 0.0214505234375 0.3115081875 0.0647339140625 0.319768275 0.1214639640625 0.2933582734375 0.1029422640625 0.2666446484375 0.077895525 0.24895330312500003 0.0640274890625 0.2435746390625 0.033806575 0.245607134375
12 0.0790791328125 0.646615178125 0.0431511359375 0.681093175 0.0446507234375 0.72403575 0.0539456546875 0.7383685296875 0.0738739859375 0.7493985109375 0.1206522671875 0.7458106609375 0.1425883 0.730387271875 0.1479669640625 0.7165192359375 0.145265234375 0.6951161124999999 0.087896921875 0.6472844109375 0.0790791328125 0.646615178125
12 0 0.5087275359375 0.005928040625 0.6784844031249999 0.02450550625 0.678812821875 0.0476560765625 0.6701871234375 0.0742333765625 0.647761553125 0.080076784375 0.619219921875 0.0735393484375 0.5999050593749999 0.0553584640625 0.5829511093749999 0.0624845734375 0.56315910625 0.055061017187500005 0.518469084375 0.0200501125 0.4952627484375 0 0.49500857031249995 0 0.5087275359375
12 0.060712332812500006 0.512408790625 0.06799956406249999 0.553194940625 0.079041940625 0.5616037515625 0.13026939843750002 0.5734950578125 0.1444658515625 0.56029625625 0.16262194218749998 0.520575921875 0.1320602125 0.512848740625 0.10357434843749999 0.480620125 0.09677665625000001 0.48183466406250003 0.060712332812500006 0.512408790625
12 0 0.49125905937500003 0.055593925 0.505747425 0.083044946875 0.4803598703125 0.085994534375 0.45289645 0.066462784375 0.4252409390625 0.0365021265625 0.40674403281249993 0.023780465625 0.4062111265625 0 0.412182053125 0 0.49125905937500003
12 0 0.407070853125 0.034073048437499996 0.39314865 0.057415710937499996 0.36204161562500004 0.05673408125 0.34252226406249997 0.043398953125 0.3244219390625 0.0137109453125 0.31373277499999996 0.0010574484375 0.3151518015625 0 0.31545574374999996 0 0.407070853125
12 0.0777282265625 0.3281089234375 0.08042995625 0.3495120484375 0.09564885625 0.3655922734375 0.113148109375 0.3630268703125 0.1522425796875 0.335278403125 0.1314962921875 0.3008252 0.12153212656250001 0.295310209375 0.09737150781250001 0.3029940203125 0.0777282265625 0.3281089234375
12 0 0.314204825 0.0000474 0.314209915625 0.010408146875 0.303099375 0.014559875 0.25409650625 0 0.25099208125 0 0.314204825
12 0.26401721875 0.43006807968749994 0.24012925156249998 0.4455596328125 0.24822204218750002 0.48143186250000003 0.2892808453125 0.4819523734375 0.3074493328125 0.47056917968749995 0.29875547187499996 0.44546667500000003 0.3056770921875 0.41981886562500004 0.29261461718750004 0.40952628124999996 0.2760572484375 0.411081634375 0.26401721875 0.43006807968749994
12 0.3107955015625 0.42648023124999995 0.3437615140625 0.3911285109375 0.312053409375 0.3785555734375 0.3107955015625 0.42648023124999995
12 0.522211753125 0.26861511718750003 0.51630018125 0.2952048140625 0.5488138453125 0.30286383125 0.5751432859375 0.3293048046875 0.613896940625 0.291796659375 0.6136924515625 0.2859408546875 0.596385290625 0.26602492031249997 0.576456959375 0.254994940625 0.5539756234375 0.2548028484375 0.522211753125 0.26861511718750003
12 0.5616161078124999 0.6414905078124999 0.552947040625 0.6730622875 0.5209229140625 0.7074039578125 0.5233519906249999 0.7209993421875 0.56038299375 0.74608945 0.5972652734375 0.7389385453124999 0.6049242921875 0.70642488125 0.6216737515624999 0.682388190625 0.60994974375 0.6544600265625 0.5820773453125 0.639798828125 0.5616161078124999 0.6414905078124999
12 0.9117870984374999 0.7074348890625 0.927551303125 0.739130596875 0.9700848984375 0.725919396875 0.9919527671875 0.7085440734375 0.9914074625 0.692928590625 0.9623205265625 0.6714697015625 0.9515508015625 0.6708686296875 0.9338594562500001 0.6959153703125 0.9117870984374999 0.7074348890625
12 0.9718446593750001 0.13272318593750002 0.9851116234375 0.14887157499999998 0.983804128125 0.08344766406250001 0.9710267015625 0.1092999640625 0.9718446593750001 0.13272318593750002
12 1 0.56717799375 0.9975297015625 0.532460925 0.979156725 0.5379883125 0.9671848578125 0.5589266921875 0.99426409375 0.606838953125 1 0.6109872421875 1 0.56717799375
12 0.9369081781249999 0.5873443953125 0.9420265875 0.5940057609375 0.9556219703125001 0.5915766828125 0.971770359375 0.57830971875 0.9671166953125001 0.5569747578124999 0.976194740625 0.537114590625 0.9545189640625 0.532008578125 0.94989009375 0.5673479015625 0.9369081781249999 0.5873443953125
12 0.952096065625 0.3786794203125 0.9394425671875 0.380098446875 0.9132618499999999 0.3858984875 0.9066686468749999 0.39296883125000004 0.9096430296875001 0.4221796953125 0.891418775 0.4599480953125 0.8945852484374999 0.466677625 0.9161246999999999 0.46787976562500005 0.924738 0.46269319375 0.933338903125 0.4291694796875 0.9572826375 0.3872927203125 0.952096065625 0.3786794203125
12 0.4739649375 0.7618102859375 0.4992843296875 0.7873093734375 0.5148998109375 0.7867640687499999 0.5420100171875 0.7516168375000001 0.5416692015625 0.7418571609375 0.510289515625 0.7107067578125 0.4857199171875 0.7066789578125 0.47280616562500005 0.7286273875 0.4739649375 0.7618102859375
12 0.4273539125 0.378437821875 0.4414264375 0.3896722921875 0.4498476453125 0.40696705624999996 0.4453551015625 0.44621025000000003 0.46985653593750004 0.4482861140625 0.5125140609375001 0.41064164375 0.468480878125 0.3809102671875 0.4568250328125 0.3549340390625 0.4461234703125 0.35628490468749996 0.4273539125 0.378437821875
12 0.5475807328125 0.40746277343750004 0.555933778125 0.4228056015625 0.58010679375 0.4434589328125 0.5850331109375 0.47260163437499997 0.59977486875 0.47501831406250006 0.60373450625 0.44849678125 0.6258626296875 0.4105920546875 0.5829076578125 0.3837545015625 0.5722060953125 0.385105365625 0.5475807328125 0.40746277343750004
12 0.620781453125 0.7967468078125 0.6025200093749999 0.74950378125 0.58293249375 0.7482334765624999 0.5683952234375 0.7516726031250001 0.5657058921875 0.758606621875 0.5709048609375 0.7955570640625 0.620781453125 0.7967468078125