1 0.6433063781249999 0.6726393093749999 0.7076404468749999 0.7083250671875 0.7866704984374999 0.7249896296875 0.8838767609374999 0.7206487109374999 0.9614068171874999 0.6870862890625 0.9900237125 0.660127946875 0.9924689859375 0.6012662468750001 0.9483612718750001 0.5391492453125 0.9390907921875 0.480582125 0.8693813671875 0.45008960625 0.786561059375 0.43984294999999995 0.702035590625 0.453981190625 0.6379614046875 0.486256890625 0.60160898125 0.5282678546875 0.5874479531250001 0.5874241328124999 0.6042989453125001 0.6331554421875001 0.6433063781249999 0.6726393093749999
1 0.513133671875 0.3360723953125 0.60577460625 0.349233425 0.73414790625 0.329250728125 0.7915716671874999 0.2965099875 0.7887965984374999 0.24062471875 0.8159134984374999 0.1634393890625 0.7631052125 0.10628310625 0.6983061015625001 0.07724777499999999 0.612005565625 0.0689854046875 0.547431378125 0.0845187765625 0.4828921484375 0.123444903125 0.4525700953125 0.174788146875 0.44459445000000003 0.2410598953125 0.47505632656249996 0.2832876734375 0.47636635156249996 0.3123387109375 0.513133671875 0.3360723953125
1 0.40128614531249995 0.50200785 0.5602763359375 0.522036121875 0.5874981 0.5150290578125001 0.6906298671875 0.449842153125 0.6950052234374999 0.41116425625 0.667248503125 0.3780362359375 0.6021393640625 0.3534345234375 0.5259694828125 0.3436529078125 0.45784515625 0.31438505625 0.40703686875 0.3241980859375 0.40452168125 0.33627427499999996 0.36260393281250003 0.3623025328125 0.3472027890625 0.43919328281250003 0.37116925312500004 0.47873920937500003 0.40128614531249995 0.50200785
1 0.83805280625 1 0.8655501093750001 0.95883941875 0.8671853546875001 0.8876690093749999 0.9611013609375 0.9064883234375 0.968681875 0.8936525124999999 0.9334647 0.8477507390625 0.87071573125 0.8132896468749999 0.8414088671875 0.8023297171875001 0.8143421156249999 0.8071199703125 0.795475934375 0.790207178125 0.707865371875 0.7528937703125 0.6283702765625 0.7428796328125 0.5536654359375001 0.7599322500000001 0.4892812203125 0.7966415671875 0.4314273734375 0.8594254906250001 0.42608697187500005 0.8880114859375 0.4480382484375 0.9563759296875001 0.48956026875 1 0.83805280625 1
1 0.2708672734375 0.7423847234375 0.303034309375 0.7602276015625 0.37193370625 0.7784114109375 0.4523588875 0.7751246921875 0.513607859375 0.7593588 0.5678614203125 0.7241687265625 0.59721843125 0.66273358125 0.581417584375 0.578091853125 0.548440521875 0.5479402640625 0.4673253703125 0.5133087093750001 0.381024834375 0.5050463374999999 0.29951455312499997 0.52385071875 0.24541600625 0.5568239828125 0.21540398125000002 0.6037336078125 0.2082034078125 0.6589213125 0.2315498140625 0.707334475 0.2708672734375 0.7423847234375
1 0 0.7694078171875 0.0547983078125 0.77405633125 0.136153575 0.757468759375 0.193422321875 0.7269448265625 0.21728391875000003 0.6963124859375001 0.20456816562500002 0.6631224078125 0.21409395468749998 0.57468256875 0.167971053125 0.541384084375 0.109512340625 0.517247415625 0.0031055078125 0.509806725 0 0.5445591859375 0 0.7694078171875
1 0 0.9203022437499999 0.0116602078125 0.9369996468749999 0.0679137640625 0.9687788875000001 0.1177919671875 0.9722667109375 0.21213805937500002 0.9610428437499999 0.309929425 0.9244419328125 0.330705925 0.8423579421875 0.2998990640625 0.7811710265625 0.26614693125 0.7621034828125001 0.162755284375 0.75932893125 0.0614487359375 0.774521375 0.02506135625 0.793139584375 0 0.820336571875 0 0.9203022437499999
1 0.24231114531250003 0.386191746875 0.295669575 0.3876952828125 0.3518532203125 0.3726890125 0.3956311421875 0.32005904687500003 0.4410291203125 0.2920465015625 0.44826464843749997 0.260251553125 0.41590764374999994 0.221232728125 0.356638903125 0.18478735 0.2408764875 0.1677818578125 0.18658797031250002 0.179579175 0.13960489375000001 0.2063670546875 0.110367940625 0.2421926359375 0.110127825 0.29341176406249997 0.13424930156249998 0.33074088125 0.18988280156249998 0.37138735624999997 0.24231114531250003 0.386191746875
1 0.0463168546875 0 0.06129519375 0.0360451078125 0.12612926093750002 0.08847319375 0.191238403125 0.11307490625000001 0.25743264374999997 0.1221589546875 0.3384778828125 0.11000499999999999 0.3921113859375 0.0836821625 0.4393695359375 0.029067909375 0.4399935390625 0 0.0463168546875 0
1 1 0.0983442671875 0.9443718999999999 0.094454371875 0.8569862625000001 0.10170966562499999 0.8513008781250001 0.1113365234375 0.8709421296875 0.11716527031249999 0.8012524703125001 0.2058533390625 0.793276825 0.2721250875 0.8139180749999999 0.3114384921875 0.872566759375 0.35675110781249997 0.9378309125 0.3791360109375 0.9945145562500001 0.38087206875 1 0.37557247031249996 1 0.0983442671875
1 1 0.0337424578125 0.7427040796875 0.015750573437500002 0.7263378953124999 0.0825494234375 0.826044153125 0.1619201453125 0.8636716468750001 0.1255674640625 0.8444954375 0.11308828906249999 0.8538160640625 0.0992603359375 1 0.0955847109375 1 0.0337424578125
1 1 0.400567815625 0.962452390625 0.43320745625 0.94241600625 0.48081464531250007 0.9486713015625 0.5347156265625 0.9950616796875 0.5880816531249999 1 0.51746038125 1 0.400567815625
1 0.2716879203125 0.4439371875 0.23085527187500002 0.45444778281250003 0.1870423953125 0.48368499531250003 0.1666959828125 0.535725803125 0.2256546953125 0.5766047999999999 0.2754629859375 0.5333071125 0.38481509062499997 0.4986284328125 0.34167241875 0.44660333281250003 0.2716879203125 0.4439371875