1 0.15555797968750001 0.48498703593750003 0.1231180640625 0.508856796875 0.1045199625 0.543696934375 0.0942763140625 0.6315569375 0.17769272187500001 0.6992597078125 0.2020865359375 0.704275853125 0.2340552375 0.6980617671875 0.26195022031250004 0.68093014375 0.2801299484375 0.6539775875 0.2946058359375 0.547730840625 0.2182931 0.48645351562499994 0.17812412187499999 0.480600621875 0.15555797968750001 0.48498703593750003
1 0.47643424999999995 0.6197230265625 0.4421181640625 0.5737011546875 0.3953695671875 0.533999046875 0.36684919374999997 0.527833459375 0.3258434671875 0.5377557296875 0.30735104375 0.5530596796875 0.2890656359375 0.5995484234374999 0.28289570625 0.6983259640624999 0.3083861234375 0.70898364375 0.337897421875 0.7403269546875 0.3749836046875 0.7604400359375 0.40313844374999996 0.7647251125000001 0.433226634375 0.7588765609375 0.45281566093750003 0.749214146875 0.4826968328125 0.7121808015625 0.4751821984375 0.6681573484375 0.47643424999999995 0.6197230265625
1 0.579140015625 0.4553432703125 0.5576748203124999 0.3951140515625 0.503404171875 0.3568740828125 0.4831369171875 0.35300738125 0.4364896546875 0.3640262546875 0.3991392734375 0.39275364218750003 0.350919853125 0.486043825 0.389102640625 0.511798440625 0.40806193593750006 0.54909598125 0.4334995140625 0.5695217578125 0.45371393125 0.583156553125 0.48787583906250004 0.5882255375 0.5153524484374999 0.5789814984375 0.5504567828125 0.54873913125 0.5690548859375 0.51389899375 0.579140015625 0.4553432703125
1 0.6015432984375 0.55051830625 0.5778805515625 0.549263184375 0.5334793359375001 0.561797034375 0.49800946718750005 0.5901588890625 0.47716531875 0.62348405 0.4717308 0.6557654453125 0.48196576406249997 0.708419778125 0.5062010609375001 0.7427402046875 0.5500253828125 0.7673982171875 0.5796951984375001 0.769437246875 0.64478204375 0.7528825171875 0.6716332625 0.7203412640625 0.6640098796875 0.6710824234375 0.673782315625 0.60087809375 0.6536207359375 0.577475203125 0.6015432984375 0.55051830625
1 0.87509841875 0.6124868859375 0.8373868453125001 0.56907659375 0.8013972640624999 0.5546050499999999 0.7484302375 0.553191409375 0.7024612046875001 0.5777394 0.67634105625 0.6140416765625 0.6636443453124999 0.6692019109375 0.6690216828125 0.716945775 0.7025010203125001 0.7787428109375 0.7481530140625 0.81280338125 0.7954256656250001 0.8250817187499999 0.840923484375 0.818189403125 0.8706989796875 0.800692246875 0.8953041531249999 0.7666360171875 0.904605375 0.7140873640625001 0.8963037593750001 0.6512994046875 0.87509841875 0.6124868859375
1 0.8493611718749999 0.36964100312500003 0.8337973640625 0.329731878125 0.791175325 0.29117921562500004 0.752155790625 0.2811997625 0.6987703890625 0.28767370468750003 0.664084428125 0.31002848906249997 0.6151339375 0.399557646875 0.6169616109375 0.4089602078125 0.6454776421874999 0.4853829625 0.6663702890625001 0.5125468765625001 0.7026725640625 0.5386670265625 0.7368344718750001 0.5437360109375 0.77292973125 0.53867136875 0.8166527171875 0.5126084 0.8450717531249999 0.468053009375 0.8547385109375 0.41738486718749995 0.8493611718749999 0.36964100312500003
1 0.781684453125 0.031514403125 0.7509708749999999 0.014065745312499999 0.72882310625 0.0105645765625 0.69121286875 0.017875265625 0.655743 0.046237120312500005 0.64550369375 0.06383995625 0.6377174484375 0.11414256250000002 0.6255976296875 0.1321109328125 0.630662271875 0.16820619375 0.67834895625 0.242854115625 0.6985633734375 0.2564889125 0.7349713265625 0.263072875 0.784283009375 0.245681396875 0.8145297171875001 0.2105285640625 0.8233597265625001 0.1756355859375 0.8233112296874999 0.1151465125 0.8044576125 0.058312784375 0.781684453125 0.031514403125
1 0.6355198984375 0.173116659375 0.594359996875 0.14208604375 0.5594670203125001 0.133256034375 0.5312593421875 0.1387390515625 0.5006999390625 0.162243278125 0.4773983859375 0.2331258359375 0.45284605312500004 0.25741397187500004 0.44819544218749996 0.2836882984375 0.46950646249999994 0.30296462968750004 0.5086273359375 0.3636650625 0.5603392390625 0.388741446875 0.6051059890625 0.37808810937500004 0.633000971875 0.36095648593749996 0.6668016875 0.29388779062500003 0.6767811390625 0.25486825625 0.6727602609375001 0.2341826265625 0.6355198984375 0.173116659375
1 0.388168896875 0.40659545625 0.38487908593750003 0.3896708484375 0.3509813765625 0.335761396875 0.3243943546875 0.3194621796875 0.2864714234375 0.3151242640625 0.2586292796875 0.322487790625 0.24201736875000002 0.3374262078125 0.1987612546875 0.4160906671875 0.20017055312499998 0.433380809375 0.242634075 0.5012377546875 0.29089765 0.5386938140625 0.3051578359375 0.541776609375 0.3371265375 0.535562521875 0.364290453125 0.5146698765625 0.36549273437499996 0.500775225 0.35133822812500004 0.47815624218749997 0.3732789796875 0.45047261875 0.388168896875 0.40659545625
1 0.45472656562499997 0.2570484359375 0.48006280625000003 0.22675323125000002 0.4824673703125 0.198963928125 0.4378063 0.19008107968750002 0.3847335953125 0.20820362656250002 0.345397021875 0.2568327375 0.33337853906250003 0.3255220890625 0.35359295625 0.339156884375 0.3729177859375 0.37833493906250004 0.3919827609375 0.39609629375 0.4342436078125 0.362511278125 0.49854654531250003 0.3519636171875 0.47102143906249994 0.300718584375 0.45305306874999995 0.28859876562500003 0.448613815625 0.275800715625 0.45472656562499997 0.2570484359375
1 0.6712148906250001 0.728228846875 0.6538190703125 0.74917433125 0.6210664593749999 0.7613954875 0.622788453125 0.790334234375 0.6372556546875 0.8246018218750001 0.6600288140624999 0.8514002015625 0.7169638796875 0.883267565625 0.7741103046875 0.87606255625 0.8009086828124999 0.853289396875 0.8168423656250001 0.8248218640625 0.7503990609375 0.8143183593750001 0.7028665546874999 0.7806233234375 0.6712148906250001 0.728228846875