1 0.379283384375 0.8229445671875 0.3919603921875 0.8611729218749999 0.4193482015625 0.8896269625000001 0.49974256875 0.9265194859375001 0.5899088171875 0.868107071875 0.6022175578125 0.8464572515625 0.6061864828125 0.8141329515625 0.5985133640625 0.7823092843749999 0.5784978046875 0.7566905359375 0.48192443906250004 0.7100910984375 0.4000643078125 0.7637330890625 0.38208497812500003 0.8001274140625 0.379283384375 0.8229445671875
1 0.606581146875 0.559408809375 0.5522074921875 0.57782380625 0.5000024328125 0.6100157390625001 0.48532533125 0.635234953125 0.4820905046875 0.67729986875 0.490930953125 0.6996163890625 0.5294938734375 0.73137265625 0.6215302828125 0.767764546875 0.6395433125000001 0.7468151234375 0.6784720656250001 0.7284338265625 0.7090610015625 0.6993780546874999 0.7218366765625001 0.6739253734374999 0.7255721359375 0.6435025015625 0.722435975 0.6218863796874999 0.6964489609375 0.5820237625 0.65225801875 0.575566609375 0.606581146875 0.559408809375
1 0.4819845359375 0.4109336828125 0.418070034375 0.412736446875 0.3649311109375 0.45253409843750003 0.35499073281250004 0.47061452812500004 0.35105550625 0.5183837296875 0.366834975 0.5627833046874999 0.440658590625 0.63747095 0.476951815625 0.609115575 0.5182826296874999 0.6026097874999999 0.545569340625 0.584729125 0.5647833999999999 0.5697174546875 0.5801609015625 0.538793953125 0.5798600359375 0.5098055796875001 0.561945671875 0.46707396875 0.5345578625 0.4386199265625 0.4819845359375 0.4109336828125
1 0.57942436875 0.41903759999999995 0.5709184859375 0.4411543546875 0.56911815625 0.4872555921875 0.585131090625 0.5297537375 0.61038400625 0.5598757421875 0.639406078125 0.5750197781249999 0.692646103125 0.5815568296875 0.7327758859375 0.5691132890625 0.769769509375 0.5350536265625 0.7808772203125 0.50746605 0.7852456765625 0.4404490890625 0.762594590625 0.40485626249999995 0.71339089375 0.3968847109375 0.6496424562499999 0.3658962421875 0.621154715625 0.37783915156250003 0.57942436875 0.41903759999999995
1 0.722893171875 0.1780205640625 0.6699540140625 0.20047188437500002 0.6450693656250001 0.23022805625 0.6273572015625 0.28016585312500003 0.6364985171875001 0.3314707484375 0.6629524640625 0.36753050468750004 0.7114894625 0.3966512453125 0.758558265625 0.4062907578125 0.8276764218749999 0.3935463515625 0.8741771921874999 0.3606540203125 0.9004626390625001 0.31948927031249996 0.9079672562500001 0.27408843125 0.9005276046875 0.24036333437500002 0.8757416234375001 0.2064384703125 0.8286391203125 0.18135405625 0.76635888125 0.1698468140625 0.722893171875 0.1780205640625
1 0.483979765625 0.1274546359375 0.4412144515625 0.1299240984375 0.39137775625 0.1585466390625 0.3698290328125 0.1925726015625 0.359489121875 0.2453456921875 0.37003123437499996 0.2852420109375 0.4400519890625 0.35946272343749996 0.4495591375 0.3606300546875 0.531053434375 0.35712562812500004 0.5633440359375 0.3456496515625 0.59940379375 0.31919570625000004 0.6147812953125 0.288272203125 0.62111858125 0.25237851093749997 0.609842371875 0.2027415796875 0.5762496421875001 0.1619450984375 0.53104856875 0.1370941484375 0.483979765625 0.1274546359375
1 0.1414890046875 0.0873321546875 0.11540332499999999 0.11115057187499999 0.1052294796875 0.1311324296875 0.10056015625 0.16916101875 0.1165730890625 0.2116591640625 0.1301502625 0.2268368984375 0.1755848015625 0.2497864171875 0.18892850781249998 0.2668655828125 0.22482220156250002 0.2732028703125 0.3105525890625 0.25091761562500003 0.32976665 0.2359059453125 0.347279046875 0.2033144796875 0.3459769171875 0.151042021875 0.32189133281250004 0.11141286875 0.2914347609375 0.09223250937500001 0.233891246875 0.07358648125 0.17401307187499998 0.0739547484375 0.1414890046875 0.0873321546875
1 0.2309934203125 0.270100409375 0.1887624421875 0.2996568140625 0.16958208125000002 0.3301133859375 0.1660800890625 0.35863482812499997 0.1789905625 0.3949617515625 0.2392033046875 0.439026759375 0.25471560625 0.4698828640625 0.2782668578125 0.48242507031250004 0.30318520625 0.46811379999999997 0.3730037625 0.44966510312499997 0.41283267968750004 0.40823318906250006 0.4165344390625 0.36236541875 0.4088613203125 0.3305417515625 0.355520196875 0.2776699921875 0.321494234375 0.2561212703125 0.3005785109375 0.2535531421875 0.2309934203125 0.270100409375
1 0.3766092875 0.5774941078125 0.3594964234375 0.5753929125 0.29775051874999997 0.5909726125 0.2740332015625 0.6112216375 0.2581887671875 0.645948 0.256588203125 0.6747029078125 0.2656621171875 0.6951179984375 0.327109590625 0.7605656625 0.343988990625 0.7645682875 0.4216467296875 0.7451520265625 0.472183825 0.7108251984375 0.47952237656249996 0.6982155921875 0.48349130156250003 0.6658912921875 0.472015325 0.633600690625 0.4591722515625 0.62816356875 0.43328633749999995 0.6346356546874999 0.4137377125 0.6052140500000001 0.3766092875 0.5774941078125
1 0.254949071875 0.46798143281250004 0.2339659484375 0.434523503125 0.20827980156249998 0.42364925937500003 0.18603068125 0.46337951093749996 0.18686587968749999 0.519454828125 0.22095924218750002 0.571893353125 0.2825727828125 0.6045497859375 0.30178684375 0.5895381171875 0.3450190875 0.5832657953125 0.3678025390625 0.5706224890625 0.3489206125 0.5200516937499999 0.358759890625 0.45563655937499997 0.30151724375 0.4659789046875 0.284438078125 0.47932261093750006 0.27089460625 0.4795897765625 0.254949071875 0.46798143281250004
1 0.7699668421875 0.4076915546875 0.7845115781249999 0.43070847343749996 0.7860134750000001 0.465634603125 0.814067984375 0.47293945312499996 0.8511290078125 0.46976959375 0.8836530734375 0.4563921875 0.931554640625 0.412091278125 0.9423614859375 0.3555153296875 0.9289840796875 0.3229912640625 0.9068336265625 0.2990404796875 0.8763120890625 0.35898605625 0.8295778531250001 0.3937798171875 0.7699668421875 0.4076915546875