1 0.310457515625 1 0.3521241828125 0.973039215625 0.3709150328125 0.9399509796875 0.3790849671875 0.839460784375 0.37173202656250004 0.8088235296875 0.35702614375 0.8088235296875 0.30964052343750004 0.8455882359375 0.2875817 0.890931371875 0.28431372499999996 1 0.310457515625 1
1 0.47140522812499996 0.7205882359375 0.435457515625 0.71323529375 0.4068627453125 0.74142156875 0.3970588234375 0.7732843140625 0.3970588234375 0.846813725 0.4060457515625 0.8602941171875 0.43300653593750005 0.8615196078125 0.4599673203125 0.8529411765624999 0.48202614375 0.8223039218749999 0.49264705937500003 0.71323529375 0.47140522812499996 0.7205882359375
1 0.260620915625 0.7279411765625 0.21650326875 0.7279411765625 0.1813725484375 0.7561274515624999 0.16993464062500002 0.7977941171875 0.168300653125 0.8443627453125 0.1740196078125 0.8578431375 0.18954248437500001 0.859068628125 0.224673203125 0.8504901953124999 0.2549019609375 0.8223039218749999 0.2647058828125 0.79289215625 0.260620915625 0.7279411765625
1 0.303104575 0.6274509796875 0.294934640625 0.6274509796875 0.26960784375 0.6875 0.2647058828125 0.734068628125 0.2859477125 0.7953431375 0.2908496734375 0.8443627453125 0.3006535953125 0.856617646875 0.348039215625 0.7732843140625 0.3545751640625 0.7095588234375 0.3374183 0.6666666671875 0.303104575 0.6274509796875
1 0.365196078125 0.546568628125 0.3080065359375 0.55392156875 0.29330065312500003 0.561274509375 0.2859477125 0.5772058828125 0.2875817 0.5943627453125 0.312091503125 0.640931371875 0.3357843140625 0.6642156859375 0.3766339875 0.671568628125 0.41748365937500004 0.659313725 0.453431371875 0.688725490625 0.47222222187499996 0.6924019609375 0.4673202609375 0.6703431375 0.42728758125 0.6323529406249999 0.39133986875 0.5661764703125 0.365196078125 0.546568628125
1 0.437908496875 0.6825980390625 0.4158496734375 0.66176470625 0.3700980390625 0.6764705875 0.3611111109375 0.6899509796875 0.3594771234375 0.7463235296875 0.366013071875 0.79289215625 0.382352940625 0.8125 0.3954248359375 0.7904411765625 0.4068627453125 0.74142156875 0.437908496875 0.7046568625 0.437908496875 0.6825980390625
1 0.44281045781249995 1 0.43137254843750006 0.9546568625 0.40931372499999996 0.9313725484375001 0.375 0.936274509375 0.35620915000000003 0.9791666671874999 0.35866013125 1 0.44281045781249995 1
1 0.2450980390625 1 0.2467320265625 0.9473039218749999 0.23529411718749998 0.9080882359375 0.1609477125 0.8529411765624999 0.168300653125 0.8884803921875 0.1666666671875 0.9669117640625 0.1748366015625 0.9914215687500001 0.1838235296875 1 0.2450980390625 1
1 0.17810457500000001 0.6703431375 0.17810457500000001 0.6997549015625 0.20506535937499998 0.723039215625 0.258169934375 0.72426470625 0.276143790625 0.6482843140625 0.2540849671875 0.625 0.2197712421875 0.6299019609375 0.17810457500000001 0.6703431375
1 0.20915032656250002 0.552696078125 0.2124183 0.484068628125 0.1985294125 0.46323529375000005 0.1560457515625 0.4779411765625 0.1372549015625 0.49632352968750004 0.12581699375 0.5502450984375 0.12745097968750002 0.589460784375 0.1127450984375 0.6188725484375001 0.12581699375 0.626225490625 0.1495098046875 0.6102941171875 0.18055555625 0.60539215625 0.1993464046875 0.5870098046875001 0.20915032656250002 0.552696078125
1 0.21650326875 0.5931372546875 0.20016339843750003 0.5931372546875 0.1576797390625 0.625 0.133986928125 0.6311274515624999 0.17320261406249998 0.677696078125 0.2116013078125 0.634803921875 0.23611111093749998 0.6225490203125 0.23692810468749997 0.6115196078125 0.21650326875 0.5931372546875
1 0.3243464046875 0.544117646875 0.33823529375 0.5134803921875 0.34150326875000003 0.4546568625 0.3333333328125 0.4056372546875 0.3349673203125 0.319852940625 0.3529411765625 0.2953431375 0.3423202609375 0.2794117640625 0.3267973859375 0.2953431375 0.312091503125 0.3639705875 0.26633986875 0.43995097968749997 0.25326797343749996 0.49142156875 0.2516339875 0.59926470625 0.2704248359375 0.634803921875 0.2810457515625 0.63357843125 0.292483659375 0.6139705875 0.2859477125 0.5747549015625 0.29330065312500003 0.561274509375 0.3243464046875 0.544117646875
1 0.35866013125 0.4509803921875 0.3431372546875 0.4693627453125 0.34150326875000003 0.52573529375 0.35049019531250003 0.5392156859375 0.37173202656250004 0.544117646875 0.3888888890625 0.5600490203125 0.4068627453125 0.5232843140625 0.4052287578125 0.49632352968750004 0.383169934375 0.455882353125 0.35866013125 0.4509803921875
1 0.4689542484375 0.43259803906250005 0.455065359375 0.40931372499999996 0.41094771249999995 0.39950980468749997 0.3921568625 0.41789215625000004 0.38725490156250003 0.44485294062499997 0.40277777812500004 0.4828431375 0.420751634375 0.49264705937500003 0.4526143796875 0.49142156875 0.46323529375000005 0.47303921562499995 0.4771241828125 0.4767156859375 0.4673202609375 0.4595588234375 0.4689542484375 0.43259803906250005
1 0.545751634375 0.50857843125 0.55392156875 0.49142156875 0.55228758125 0.4693627453125 0.5236928109375001 0.4264705875 0.489379084375 0.4264705875 0.47222222187499996 0.447303921875 0.48039215625000004 0.4767156859375 0.4673202609375 0.49632352968750004 0.49428104531250006 0.5220588234375 0.5122549015625 0.55392156875 0.527777778125 0.5551470593750001 0.5514705875 0.546568628125 0.562091503125 0.52573529375 0.5596405234375 0.5147058828125 0.545751634375 0.50857843125
1 0.49591503281250005 0.5245098046875001 0.4697712421875 0.5024509796875 0.44199346406249995 0.49264705937500003 0.4240196078125 0.49264705937500003 0.41176470624999995 0.50857843125 0.4240196078125 0.57107843125 0.43218954218750005 0.5686274515624999 0.47467320312499994 0.6176470593750001 0.48120915000000003 0.634803921875 0.526143790625 0.6580882359375 0.5294117640625 0.6458333328125 0.51633986875 0.623774509375 0.509803921875 0.552696078125 0.49591503281250005 0.5245098046875001
1 0.420751634375 0.28431372499999996 0.37826797343749996 0.26960784375 0.35866013125 0.2892156859375 0.3513071890625 0.31004902031250003 0.3529411765625 0.3541666671875 0.3766339875 0.3970588234375 0.40196078437500005 0.40318627500000004 0.44526143749999997 0.39950980468749997 0.4509803921875 0.37132352968750004 0.437908496875 0.3125 0.420751634375 0.28431372499999996
1 0.5302287578125 0.23774509843749997 0.542483659375 0.31495097968749997 0.48120915000000003 0.32107843125 0.4526143796875 0.3688725484375 0.4526143796875 0.40318627500000004 0.4697712421875 0.42892156875 0.48202614375 0.43014705937500003 0.51879085 0.421568628125 0.5310457515625 0.40073529375000005 0.55392156875 0.32475490156250003 0.5302287578125 0.23774509843749997
1 0.5016339875 0.1825980390625 0.49264705937500003 0.14460784375 0.4852941171875 0.1482843140625 0.48039215625000004 0.177696078125 0.4526143796875 0.2120098046875 0.44281045781249995 0.24632352968750001 0.4509803921875 0.2977941171875 0.48039215625000004 0.319852940625 0.5073529406249999 0.30392156875 0.5228758171875 0.27818627500000004 0.5212418296875 0.2193627453125 0.5016339875 0.1825980390625
1 0.580882353125 0.17892156875 0.53676470625 0.125 0.5326797390625 0.143382353125 0.5375816999999999 0.16789215625 0.5228758171875 0.20465686249999998 0.5228758171875 0.22426470625 0.5490196078125 0.29289215625 0.562908496875 0.313725490625 0.5735294125 0.31495097968749997 0.5833333328125 0.30024509843749997 0.5947712421875 0.25367647031249996 0.5947712421875 0.2095588234375 0.580882353125 0.17892156875
1 0.384803921875 0.1372549015625 0.366013071875 0.20220588281250002 0.367647059375 0.2561274515625 0.375 0.26960784375 0.43137254843750006 0.2806372546875 0.44117647031249996 0.2634803921875 0.439542484375 0.2095588234375 0.42728758125 0.1838235296875 0.384803921875 0.1372549015625
1 0.4697712421875 0.10294117656249999 0.419117646875 0.1004901953125 0.4068627453125 0.12377450937500001 0.40849673124999997 0.143382353125 0.437908496875 0.20220588281250002 0.4509803921875 0.2120098046875 0.48039215625000004 0.177696078125 0.48366013125 0.15073529375 0.49346405156250006 0.1360294125 0.4697712421875 0.10294117656249999
1 0.28431372499999996 0.25857843125 0.2794117640625 0.2830882359375 0.2982026140625 0.31617647031249996 0.31535947656249996 0.32475490156250003 0.3349673203125 0.2708333328125 0.32271241875 0.23774509843749997 0.3014705875 0.23039215624999998 0.28431372499999996 0.25857843125
1 0.275326796875 0.1470588234375 0.257352940625 0.1495098046875 0.241013071875 0.1642156859375 0.215686275 0.214460784375 0.221405228125 0.25 0.2630718953125 0.25367647031249996 0.28513071874999996 0.242647059375 0.30228758125 0.2120098046875 0.30228758125 0.1752450984375 0.275326796875 0.1470588234375
1 0.24918300625 0.2720588234375 0.23692810468749997 0.32475490156250003 0.2483660125 0.3517156859375 0.2565359484375 0.4056372546875 0.276143790625 0.4203431375 0.30555555624999997 0.373774509375 0.30392156875 0.3443627453125 0.2818627453125 0.296568628125 0.24918300625 0.2720588234375
1 0.1625817 0.242647059375 0.12009803906250001 0.2549019609375 0.1111111109375 0.2708333328125 0.12418300625 0.33210784375 0.14133986875 0.3578431375 0.1642156859375 0.37254902031250003 0.1936274515625 0.36274509843749997 0.224673203125 0.365196078125 0.2442810453125 0.40196078437500005 0.2516339875 0.40073529375000005 0.2467320265625 0.3517156859375 0.2173202609375 0.2732843140625 0.203431371875 0.2549019609375 0.1625817 0.242647059375
1 0.3349673203125 0.3958333328125 0.34150326875000003 0.43259803906250005 0.3521241828125 0.4485294125 0.3790849671875 0.44975490156250003 0.38725490156250003 0.4375 0.3905228765625 0.4080882359375 0.3455882359375 0.365196078125 0.3349673203125 0.3958333328125
1 0.3684640515625 0.1004901953125 0.3357843140625 0.061274509374999994 0.3080065359375 0.0588235296875 0.2549019609375 0.1139705875 0.258986928125 0.134803921875 0.28349673124999997 0.15441176406249998 0.3047385625 0.169117646875 0.3267973859375 0.17034313750000002 0.3733660125 0.12254902031249999 0.3962418296875 0.125 0.3986928109375 0.106617646875 0.3684640515625 0.1004901953125
1 0.16584967343749998 0 0.1650326796875 0.1286764703125 0.1911764703125 0.18995097968750002 0.203431371875 0.2107843140625 0.2140522875 0.214460784375 0.25 0.15318627499999998 0.2516339875 0.1213235296875 0.221405228125 0.0563725484375 0.1952614375 0.034313725 0.1756535953125 0 0.16584967343749998 0
1 0.1568627453125 0.0502450984375 0.16176470625 0.001225490625 0.0857843140625 0.0024509796875 0.07679738593749999 0.018382353125 0.0751633984375 0.0649509796875 0.0571895421875 0.0943627453125 0.0571895421875 0.1115196078125 0.0857843140625 0.0931372546875 0.10375817031250001 0.1004901953125 0.14133986875 0.0857843140625 0.1568627453125 0.0502450984375
1 0.2883986921875 0 0.2467320265625 0.001225490625 0.241830065625 0.069852940625 0.2483660125 0.1017156859375 0.258169934375 0.109068628125 0.296568628125 0.063725490625 0.313725490625 0.055147059374999995 0.30555555624999997 0.02573529375 0.2883986921875 0
1 0.43055555625 0 0.4232026140625 0.0477941171875 0.43137254843750006 0.072303921875 0.4599673203125 0.098039215625 0.49509803906250005 0.1017156859375 0.5065359484374999 0.0845588234375 0.5049019609375 0.057598039062499995 0.4852941171875 0.00857843125 0.4795751640625 0 0.43055555625 0
1 0.35702614375 0.1372549015625 0.321895425 0.177696078125 0.3267973859375 0.2193627453125 0.348039215625 0.2267156859375 0.36274509843749997 0.214460784375 0.3790849671875 0.1629901953125 0.375 0.134803921875 0.35702614375 0.1372549015625
1 0.6748366015625 0.2732843140625 0.6576797390625 0.23529411718749998 0.6200980390625 0.2205882359375 0.6013071890624999 0.251225490625 0.5931372546875 0.2953431375 0.5996732031249999 0.32475490156250003 0.6225490203125 0.34681372499999996 0.6225490203125 0.4129901953125 0.6290849671875 0.4129901953125 0.635620915625 0.4056372546875 0.6405228765625 0.3541666671875 0.669934640625 0.3174019609375 0.6748366015625 0.2732843140625
1 0.7246732031249999 0.26960784375 0.706699346875 0.2671568625 0.6821895421875 0.2818627453125 0.6666666671875 0.33210784375 0.667483659375 0.35049019531250003 0.688725490625 0.35049019531250003 0.707516340625 0.3639705875 0.7344771234375 0.348039215625 0.741830065625 0.3296568625 0.741830065625 0.285539215625 0.7246732031249999 0.26960784375
1 0.669117646875 0.35049019531250003 0.6470588234375 0.373774509375 0.6405228765625 0.4080882359375 0.6209150328125 0.42524509843749997 0.6380718953125 0.42892156875 0.667483659375 0.46323529375000005 0.689542484375 0.46446078437500005 0.7091503265625 0.447303921875 0.715686275 0.393382353125 0.7001633984375 0.3578431375 0.669117646875 0.35049019531250003
1 0.723039215625 0.44362745156249994 0.7116013078125001 0.44362745156249994 0.678104575 0.4767156859375 0.6838235296875 0.5122549015625 0.7107843140625 0.5232843140625 0.7246732031249999 0.5171568625 0.7369281046875 0.4889705875 0.7369281046875 0.4595588234375 0.723039215625 0.44362745156249994
1 0.6495098046875001 0.4485294125 0.633169934375 0.4485294125 0.6176470593750001 0.46446078437500005 0.6127450984375 0.501225490625 0.6299019609375 0.53676470625 0.653594771875 0.54289215625 0.678104575 0.515931371875 0.678104575 0.481617646875 0.6723856203125 0.46568627500000004 0.6495098046875001 0.4485294125
1 0.57271241875 0.43382352968750004 0.5588235296875 0.447303921875 0.55228758125 0.47181372499999996 0.5555555562500001 0.4889705875 0.545751634375 0.5110294125 0.561274509375 0.5049019609375 0.5759803921875 0.51960784375 0.58986928125 0.518382353125 0.6094771234375 0.498774509375 0.614379084375 0.4595588234375 0.598856209375 0.436274509375 0.57271241875 0.43382352968750004
1 0.560457515625 0.3419117640625 0.560457515625 0.4203431375 0.571895425 0.43504902031250003 0.5955882359375 0.43382352968750004 0.6209150328125 0.4129901953125 0.6200980390625 0.3431372546875 0.560457515625 0.3419117640625
1 0.6560457515625 0.546568628125 0.6266339875 0.5416666671875 0.60539215625 0.5686274515624999 0.5849673203125 0.5698529406249999 0.5849673203125 0.5870098046875001 0.6029411765625 0.606617646875 0.6119281046875 0.634803921875 0.6225490203125 0.6384803921875 0.6560457515625 0.6372549015625 0.669934640625 0.6188725484375001 0.6732026140625 0.58210784375 0.6560457515625 0.546568628125
1 0.7728758171875 0.6188725484375001 0.760620915625 0.6004901953124999 0.7426470593750001 0.58823529375 0.7181372546875 0.590686275 0.6911764703125 0.6286764703125 0.6911764703125 0.660539215625 0.705065359375 0.69607843125 0.7344771234375 0.71323529375 0.7483660125 0.7120098046875001 0.776960784375 0.6838235296875 0.7875816999999999 0.660539215625 0.7794117640625 0.6556372546875 0.7728758171875 0.6188725484375001
1 0.7442810453125001 0.5294117640625 0.73120915 0.51960784375 0.705065359375 0.5245098046875001 0.689542484375 0.5477941171875 0.689542484375 0.58210784375 0.6944444437499999 0.6017156859375 0.7026143796875 0.606617646875 0.7181372546875 0.590686275 0.7549019609375 0.5870098046875001 0.7549019609375 0.552696078125 0.7442810453125001 0.5294117640625
1 0.8178104578125 0.546568628125 0.7916666671875 0.5392156859375 0.7647058828125 0.5551470593750001 0.758169934375 0.596813725 0.7818627453125 0.6470588234375 0.8227124187499999 0.6421568625 0.848039215625 0.6654411765625 0.8529411765624999 0.6556372546875 0.831699346875 0.61642156875 0.831699346875 0.5747549015625 0.8178104578125 0.546568628125
1 0.813725490625 0.4375 0.7998366015625 0.419117646875 0.7753267968750001 0.4166666671875 0.740196078125 0.4375 0.7352941171875 0.5110294125 0.7524509796875 0.5416666671875 0.76960784375 0.5477941171875 0.7998366015625 0.53676470625 0.8169934640625 0.50857843125 0.8218954249999999 0.4669117640625 0.813725490625 0.4375
1 0.78676470625 0.276960784375 0.7622549015625 0.28431372499999996 0.7434640515625001 0.31495097968749997 0.741830065625 0.34926470625 0.7655228765625 0.3897058828125 0.778594771875 0.3799019609375 0.795751634375 0.3884803921875 0.810457515625 0.37132352968750004 0.8169934640625 0.34926470625 0.8071895421875 0.2953431375 0.78676470625 0.276960784375
1 0.6985294125 0.1740196078125 0.6723856203125 0.1666666671875 0.6462418296875 0.12009803906250001 0.6405228765625 0.1311274515625 0.651960784375 0.15318627499999998 0.6552287578125 0.1825980390625 0.6454248359375 0.2267156859375 0.6609477125 0.23774509843749997 0.67728758125 0.27450980468749997 0.6911764703125 0.2732843140625 0.705882353125 0.265931371875 0.7173202609375 0.2267156859375 0.715686275 0.1997549015625 0.6985294125 0.1740196078125
1 0.6544117640625 0.0122549015625 0.6307189546874999 0.0379901953125 0.6290849671875 0.07965686250000001 0.64297385625 0.1127450984375 0.6732026140625 0.11642156875000001 0.6928104578125 0.089460784375 0.6944444437499999 0.04289215625 0.6821895421875 0.01960784375 0.6544117640625 0.0122549015625
1 0.616830065625 0.117647059375 0.5996732031249999 0.07965686250000001 0.5890522875 0.07107843124999999 0.59150326875 0.1286764703125 0.581699346875 0.177696078125 0.6037581703125 0.2181372546875 0.6127450984375 0.221813725 0.64379085 0.214460784375 0.651960784375 0.15808823593750002 0.6364379078125 0.12745097968750002 0.616830065625 0.117647059375
1 0.5678104578125 0 0.5555555562500001 0.0232843140625 0.55228758125 0.0649509796875 0.5588235296875 0.0919117640625 0.58986928125 0.109068628125 0.5849673203125 0.0772058828125 0.5890522875 0.07107843124999999 0.60866013125 0.10294117656249999 0.6274509796875 0.0747549015625 0.6307189546874999 0.030637254687499997 0.616830065625 0 0.5678104578125 0
1 0.758986928125 0 0.7483660125 0.0232843140625 0.7467320265625 0.0477941171875 0.759803921875 0.0943627453125 0.7720588234375 0.1078431375 0.7859477125 0.106617646875 0.8080065359375 0.0588235296875 0.8047385625000001 0.0931372546875 0.8267973859375 0.0649509796875 0.830065359375 0.028186275 0.812908496875 0 0.758986928125 0
1 0.6821895421875 0.01960784375 0.6985294125 0.05392156875 0.704248365625 0.052696078125000004 0.7263071890624999 0.0392156859375 0.7434640515625001 0.001225490625 0.66013071875 0.001225490625 0.6821895421875 0.01960784375
1 0.11846405156249999 0.15931372500000002 0.09477124218750001 0.1017156859375 0.0841503265625 0.0955882359375 0.08823529375 0.126225490625 0.1078431375 0.17034313750000002 0.10620915 0.23161764687500003 0.12581699375 0.25367647031249996 0.168300653125 0.23161764687500003 0.1666666671875 0.18995097968750002 0.14460784375 0.1642156859375 0.11846405156249999 0.15931372500000002
1 0.0547385625 0.12745097968750002 0.0294117640625 0.16789215625 0.0310457515625 0.20465686249999998 0.0596405234375 0.23774509843749997 0.0571895421875 0.20710784375000002 0.064542484375 0.20098039218750002 0.07679738593749999 0.2438725484375 0.08333333281250001 0.24632352968750001 0.10294117656249999 0.22426470625 0.10294117656249999 0.160539215625 0.080882353125 0.12745097968750002 0.0547385625 0.12745097968750002
1 0.7565359484374999 0.069852940625 0.7377450984375 0.0416666671875 0.71650326875 0.044117646875 0.69607843125 0.069852940625 0.6944444437499999 0.106617646875 0.7026143796875 0.126225490625 0.69771241875 0.17034313750000002 0.704248365625 0.1752450984375 0.721405228125 0.13970588281250002 0.7361111109375 0.1372549015625 0.758169934375 0.106617646875 0.7565359484374999 0.069852940625
1 0.7001633984375 0.7990196078125 0.6740196078125 0.7892156859375 0.652777778125 0.813725490625 0.6045751640625 0.8051470593750001 0.60702614375 0.8186274515624999 0.6486928109375001 0.846813725 0.6486928109375001 0.8664215687500001 0.6576797390625 0.8872549015625 0.6911764703125 0.9056372546875 0.703431371875 0.901960784375 0.7205882359375 0.8713235296875 0.7140522875 0.8198529406249999 0.7001633984375 0.7990196078125
1 0.614379084375 0.7536764703125 0.598856209375 0.7254901953124999 0.5776143796875 0.7181372546875 0.5490196078125 0.751225490625 0.5490196078125 0.785539215625 0.561274509375 0.811274509375 0.5767973859375 0.8223039218749999 0.5849673203125 0.8639705875000001 0.60620915 0.8713235296875 0.5947712421875 0.8541666671874999 0.5931372546875 0.8223039218749999 0.614379084375 0.7879901953124999 0.614379084375 0.7536764703125
1 0.6266339875 0.6372549015625 0.6013071890624999 0.6752450984375 0.6013071890624999 0.7169117640625 0.6233660125 0.7524509796875 0.6568627453125 0.7561274515624999 0.6797385625000001 0.7095588234375 0.678104575 0.66789215625 0.659313725 0.6421568625 0.6266339875 0.6372549015625
1 0.721405228125 0.7009803921875 0.6903594765625 0.69607843125 0.6813725484375001 0.7046568625 0.669934640625 0.74142156875 0.671568628125 0.7830882359375 0.7017973859375 0.7990196078125 0.73202614375 0.8296568625 0.7287581703125 0.7953431375 0.741830065625 0.7634803921875 0.7385620921875 0.72426470625 0.721405228125 0.7009803921875
1 0.8210784312499999 0.651960784375 0.8047385625000001 0.6495098046875001 0.7516339875 0.7193627453125 0.78676470625 0.7671568625 0.812091503125 0.765931371875 0.8349673203125001 0.7291666671875 0.8333333328125001 0.6899509796875 0.83986928125 0.6752450984375 0.8210784312499999 0.651960784375
1 0.7753267968750001 0.784313725 0.74918300625 0.784313725 0.73039215625 0.8002450984375 0.7369281046875 0.8272058828125 0.722222221875 0.8541666671874999 0.722222221875 0.8884803921875 0.7328431375 0.91176470625 0.7549019609375 0.9154411765624999 0.7916666671875 0.8970588234375001 0.8055555562500001 0.8664215687500001 0.7990196078125 0.8100490203125 0.7753267968750001 0.784313725
1 0.7540849671875 0.9166666671874999 0.7483660125 0.9252450984375 0.7483660125 0.9669117640625 0.7630718953125 0.998774509375 0.8006535953125 1 0.8153594765625 0.971813725 0.810457515625 0.9325980390625 0.78349673125 0.9044117640625 0.7540849671875 0.9166666671874999
1 0.9052287578125 1 0.8986928109375001 0.9276960781250001 0.87581699375 0.9129901953124999 0.8872549015625 0.8958333328125001 0.8815359484374999 0.8823529406249999 0.85539215625 0.8700980390625 0.8276143796875 0.8774509796875 0.8153594765625 0.893382353125 0.810457515625 0.9252450984375 0.8259803921875 0.9828431375 0.848856209375 0.9975490203125 0.8848039218749999 0.9901960781250001 0.89460784375 1 0.9052287578125 1
1 0.685457515625 0.9068627453125 0.6642156859375 0.8897058828125 0.64297385625 0.8970588234375001 0.6290849671875 0.9301470593750001 0.6307189546874999 0.9546568625 0.6625816999999999 0.9828431375 0.686274509375 0.984068628125 0.705882353125 0.9620098046875001 0.7124183000000001 0.9252450984375 0.7001633984375 0.9044117640625 0.685457515625 0.9068627453125
1 0.58986928125 1 0.6045751640625 0.971813725 0.6045751640625 0.9546568625 0.5857843140625 0.9142156859374999 0.564542484375 0.901960784375 0.526143790625 0.9325980390625 0.528594771875 1 0.58986928125 1
1 0.5253267968750001 0.8235294124999999 0.5049019609375 0.839460784375 0.5 0.8713235296875 0.51879085 0.921568628125 0.5375816999999999 0.9252450984375 0.560457515625 0.9080882359375 0.5653594765625 0.8639705875000001 0.5482026140625 0.830882353125 0.5253267968750001 0.8235294124999999
1 0.43382352968750004 0.8627450984375 0.4166666671875 0.893382353125 0.4166666671875 0.9276960781250001 0.42892156875 0.9509803921875 0.455882353125 0.9595588234375001 0.48202614375 0.9375 0.4852941171875 0.8884803921875 0.46323529375000005 0.8602941171875 0.43382352968750004 0.8627450984375
1 0.5212418296875 1 0.5147058828125 0.9693627453125 0.49264705937500003 0.9460784312499999 0.4599673203125 0.955882353125 0.44444444375 0.9889705875000001 0.44526143749999997 1 0.5212418296875 1
1 0.5849673203125 0.589460784375 0.580882353125 0.5588235296875 0.5735294125 0.5649509796875 0.5702614374999999 0.589460784375 0.5473856203125 0.6115196078125 0.542483659375 0.653186275 0.561274509375 0.688725490625 0.5833333328125 0.6948529406249999 0.6029411765625 0.6727941171875 0.6094771234375 0.6311274515624999 0.6029411765625 0.609068628125 0.5849673203125 0.589460784375
1 0.5302287578125 0.659313725 0.5049019609375 0.660539215625 0.5 0.7120098046875001 0.5122549015625 0.7450980390625 0.534313725 0.748774509375 0.5392156859375 0.72426470625 0.5653594765625 0.697303921875 0.5400326796875 0.64460784375 0.5302287578125 0.659313725
1 0.5400326796875 0.7573529406249999 0.508986928125 0.7475490203125 0.490196078125 0.765931371875 0.4787581703125 0.8370098046875001 0.5032679734375 0.8443627453125 0.5138888890625 0.828431371875 0.5408496734375 0.8223039218749999 0.5506535953125 0.79289215625 0.5400326796875 0.7573529406249999
1 0.5947712421875 0.998774509375 0.669934640625 1 0.667483659375 0.9852941171875 0.6315359484374999 0.9583333328125001 0.6102941171875 0.9681372546875 0.5947712421875 0.998774509375
1 0.686274509375 0.998774509375 0.7614379078125 1 0.7475490203125 0.9681372546875 0.7295751640625 0.9583333328125001 0.706699346875 0.96323529375 0.686274509375 0.998774509375
1 0.0498366015625 0.8161764703125 0.0204248359375 0.8235294124999999 0.0016339875000000001 0.8517156859374999 0.0016339875000000001 0.9080882359375 0.013888889062500001 0.9436274515624999 0.060457515625 0.9522058828125 0.08823529375 0.9252450984375 0.0931372546875 0.8664215687500001 0.0678104578125 0.8235294124999999 0.0498366015625 0.8161764703125
1 0.1315359484375 0.8725490203125 0.10375817031250001 0.8823529406249999 0.08823529375 0.9252450984375 0.098039215625 0.964460784375 0.11928104531249999 0.9767156859374999 0.1633986921875 0.9546568625 0.1568627453125 0.9399509796875 0.1552287578125 0.8982843140625001 0.1315359484375 0.8725490203125
1 0.1797385625 1 0.16584967343749998 0.973039215625 0.1495098046875 0.96323529375 0.1315359484375 0.9681372546875 0.1111111109375 0.9938725484375001 0.1119281046875 1 0.1797385625 1
1 0.0588235296875 1 0.044934640625 0.9583333328125001 0.0155228765625 0.9436274515624999 0 0.9497549015625 0.0008169937500000001 1 0.0588235296875 1
1 0.1102941171875 0.7524509796875 0.09150326875 0.7610294125 0.0735294125 0.8149509796875 0.08986928125 0.859068628125 0.1045751640625 0.8688725484375001 0.134803921875 0.8431372546875 0.14379085 0.8174019609375 0.1372549015625 0.778186275 0.1102941171875 0.7524509796875
1 0.044934640625 0.703431371875 0.0245098046875 0.7291666671875 0.0245098046875 0.77573529375 0.0383986921875 0.8014705875000001 0.0686274515625 0.8051470593750001 0.0866013078125 0.785539215625 0.08823529375 0.7463235296875 0.07107843124999999 0.7083333328125 0.044934640625 0.703431371875
1 0.0008169937500000001 0.5735294125 0.0016339875000000001 0.66789215625 0.0204248359375 0.686274509375 0.052287581250000006 0.6924019609375 0.063725490625 0.677696078125 0.0588235296875 0.609068628125 0.03349673125 0.578431371875 0.0008169937500000001 0.5735294125
1 0.0228758171875 0.7365196078125 0.0008169937500000001 0.7328431375 0 0.8296568625 0.013071895312500002 0.8296568625 0.0400326796875 0.8161764703125 0.044117646875 0.8051470593750001 0.0245098046875 0.77573529375 0.0228758171875 0.7365196078125
1 0.08823529375 0.5404411765625 0.062908496875 0.5147058828125 0.03513071875 0.5245098046875001 0.026143790625000003 0.572303921875 0.048202614062499996 0.590686275 0.064542484375 0.6200980390625 0.09640522812499999 0.626225490625 0.1045751640625 0.6188725484375001 0.09477124218750001 0.6017156859375 0.09477124218750001 0.5625 0.08823529375 0.5404411765625
1 0.09068627500000001 0.49509803906250005 0.078431371875 0.5232843140625 0.097222221875 0.5661764703125 0.117647059375 0.5649509796875 0.12581699375 0.5551470593750001 0.1372549015625 0.49387254843750006 0.10375817031250001 0.48774509843749997 0.09068627500000001 0.49509803906250005
1 0.1642156859375 0.4264705875 0.1380718953125 0.3921568625 0.10866013125 0.3970588234375 0.08823529375 0.42524509843749997 0.0866013078125 0.4546568625 0.1102941171875 0.48774509843749997 0.1405228765625 0.4889705875 0.1642156859375 0.455882353125 0.20016339843750003 0.46323529375000005 0.20424836562499998 0.4522058828125 0.1642156859375 0.4264705875
1 0.098856209375 0.2671568625 0.09150326875 0.2708333328125 0.0866013078125 0.2977941171875 0.060457515625 0.34926470625 0.0686274515625 0.393382353125 0.080882353125 0.4142156859375 0.0931372546875 0.4154411765625 0.116830065625 0.3921568625 0.1290849671875 0.3639705875 0.1290849671875 0.3443627453125 0.098856209375 0.2671568625
1 0 0.3075980390625 0.0245098046875 0.3272058828125 0.042483659374999996 0.3174019609375 0.062091503125 0.27573529375 0.062091503125 0.251225490625 0.0302287578125 0.20833333281250002 0.007352940625 0.20098039218750002 0 0.20465686249999998 0 0.3075980390625
1 0.0008169937500000001 0.30882352968750004 0.0032679734374999997 0.4129901953125 0.01797385625 0.393382353125 0.0228758171875 0.3541666671875 0.01797385625 0.32475490156250003 0.0008169937500000001 0.30882352968750004
1 0.032679739062500004 0.0625 0.0057189546875 0.0416666671875 0 0.04289215625 0.0016339875000000001 0.177696078125 0.026960784375 0.16176470625 0.0506535953125 0.11642156875000001 0.0490196078125 0.09681372499999999 0.032679739062500004 0.0625
1 0.1013071890625 0.1041666671875 0.1045751640625 0.1311274515625 0.12009803906250001 0.15931372500000002 0.14379085 0.160539215625 0.15359477187499998 0.1360294125 0.15359477187499998 0.1139705875 0.14133986875 0.08823529375 0.1013071890625 0.1041666671875
1 0.03676470625 0 0.01633986875 0.035539215624999995 0.01879085 0.0490196078125 0.052287581250000006 0.0870098046875 0.0678104578125 0.078431371875 0.0751633984375 0.0625 0.07107843124999999 0 0.03676470625 0
1 0.18545751562499999 0.20833333281250002 0.17320261406249998 0.221813725 0.17075163437500002 0.24019607812500002 0.20179738593750002 0.25245097968749997 0.22875817031249998 0.2953431375 0.23366013125 0.2634803921875 0.2173202609375 0.24632352968750001 0.2099673203125 0.2181372546875 0.18545751562499999 0.20833333281250002
1 0.20179738593750002 0.4166666671875 0.1830065359375 0.43504902031250003 0.20424836562499998 0.4522058828125 0.2026143796875 0.4669117640625 0.2124183 0.481617646875 0.2107843140625 0.5208333328125 0.215686275 0.5208333328125 0.23039215624999998 0.5061274515624999 0.23692810468749997 0.4595588234375 0.223039215625 0.421568628125 0.20179738593750002 0.4166666671875
1 0.2107843140625 0.528186275 0.20098039218750002 0.589460784375 0.241830065625 0.609068628125 0.25326797343749996 0.5477941171875 0.2467320265625 0.5232843140625 0.22957516406249998 0.5073529406249999 0.2107843140625 0.528186275
1 0.9681372546875 0.6323529406249999 0.9436274515624999 0.64460784375 0.8954248359375001 0.714460784375 0.8962418296875001 0.7573529406249999 0.9444444437499999 0.7634803921875 0.971405228125 0.7549019609375 1 0.72426470625 0.99918300625 0.634803921875 0.9681372546875 0.6323529406249999
1 1 0.4767156859375 0.9697712421875 0.4681372546875 0.9468954249999999 0.48039215625000004 0.9477124187499999 0.5379901953124999 0.96650326875 0.5588235296875 0.9950980390625 0.5649509796875 1 0.5625 1 0.4767156859375
1 0.9305555562500001 0.4264705875 0.89297385625 0.453431371875 0.8774509796875 0.4865196078125 0.8823529406249999 0.5502450984375 0.8970588234375001 0.5625 0.9321895421875 0.5392156859375 0.9428104578125 0.5208333328125 0.9444444437499999 0.4791666671875 0.9305555562500001 0.4264705875
1 0.87418300625 0.49142156875 0.8619281046875 0.4705882359375 0.8357843140625001 0.4583333328125 0.8218954249999999 0.484068628125 0.8169934640625 0.5306372546875 0.830065359375 0.5698529406249999 0.846405228125 0.589460784375 0.83986928125 0.6115196078125 0.83986928125 0.626225490625 0.8447712421875 0.626225490625 0.8529411765624999 0.596813725 0.87418300625 0.5649509796875 0.8790849671875 0.5208333328125 0.87418300625 0.49142156875
1 0.8676470593750001 0.4080882359375 0.8602941171875 0.37254902031250003 0.8276143796875 0.3602941171875 0.8088235296875 0.3884803921875 0.8071895421875 0.41789215625000004 0.8202614374999999 0.4620098046875 0.831699346875 0.47181372499999996 0.828431371875 0.4595588234375 0.8521241828124999 0.4485294125 0.8643790843750001 0.43014705937500003 0.8676470593750001 0.4080882359375
1 0.8423202609375 0.2671568625 0.814542484375 0.26960784375 0.8071895421875 0.31004902031250003 0.8186274515624999 0.34681372499999996 0.87581699375 0.38357843125 0.8627450984375 0.3517156859375 0.8660130718750001 0.305147059375 0.8594771234374999 0.2830882359375 0.8423202609375 0.2671568625
1 0.89133986875 0.1568627453125 0.8504901953124999 0.15931372500000002 0.846405228125 0.20465686249999998 0.8545751640624999 0.2438725484375 0.8799019609375 0.27450980468749997 0.9240196078125 0.28676470625 0.937908496875 0.3174019609375 0.9428104578125 0.29289215625 0.9264705875000001 0.25857843125 0.9133986921874999 0.177696078125 0.89133986875 0.1568627453125
1 0.8962418296875001 0.28431372499999996 0.8660130718750001 0.3296568625 0.8643790843750001 0.3541666671875 0.8774509796875 0.376225490625 0.8774509796875 0.40318627500000004 0.8921568625 0.41053921562499995 0.9330065359375 0.3517156859375 0.9297385625000001 0.2977941171875 0.917483659375 0.28431372499999996 0.8962418296875001 0.28431372499999996
1 1 0.2708333328125 0.971405228125 0.2671568625 0.9493464046875 0.2953431375 0.9460784312499999 0.339460784375 0.9616013078125001 0.365196078125 0.9901960781250001 0.3688725484375 1 0.359068628125 1 0.2708333328125
1 0.9223856203125 0.2181372546875 0.9297385625000001 0.2561274515625 0.9403594765625 0.2720588234375 0.957516340625 0.27818627500000004 0.9901960781250001 0.2610294125 0.98366013125 0.23161764687500003 0.9583333328125001 0.20588235312499997 0.9223856203125 0.2181372546875
1 0.96486928125 0.0661764703125 0.9256535953125 0.1078431375 0.9068627453125 0.11642156875000001 0.90849673125 0.1360294125 0.9272875812500001 0.169117646875 0.9526143796875 0.1825980390625 0.96323529375 0.1642156859375 1 0.15808823593750002 0.99918300625 0.0661764703125 0.96486928125 0.0661764703125
1 0.8169934640625 0.001225490625 0.8496732031249999 0.04289215625 0.8684640515625001 0.08823529375 0.8897058828125 0.1078431375 0.9133986921874999 0.1115196078125 0.965686275 0.0600490203125 0.965686275 0.04289215625 0.9468954249999999 0 0.8169934640625 0.001225490625
1 0.8799019609375 0.151960784375 0.8905228765625001 0.1115196078125 0.85539215625 0.07107843124999999 0.8276143796875 0.0735294125 0.7990196078125 0.106617646875 0.7712418296875 0.177696078125 0.776143790625 0.1825980390625 0.794934640625 0.169117646875 0.8439542484375 0.17892156875 0.8521241828124999 0.1568627453125 0.8799019609375 0.151960784375
1 0.8390522875 0.1813725484375 0.8243464046875 0.17892156875 0.7998366015625 0.1936274515625 0.7549019609375 0.2561274515625 0.7622549015625 0.2818627453125 0.8088235296875 0.2806372546875 0.8210784312499999 0.2647058828125 0.8545751640624999 0.25857843125 0.846405228125 0.194852940625 0.8390522875 0.1813725484375
1 0.96486928125 0.367647059375 0.9403594765625 0.3431372546875 0.91013071875 0.393382353125 0.91013071875 0.4227941171875 0.9142156859374999 0.438725490625 0.9305555562500001 0.4264705875 0.9411764703125 0.4620098046875 0.9526143796875 0.4620098046875 0.9787581703124999 0.43504902031250003 0.9934640515625001 0.3958333328125 0.9934640515625001 0.376225490625 0.96486928125 0.367647059375
1 0.9616013078125001 0.5857843140625 0.9673202609375 0.5625 0.9419934640625 0.5245098046875001 0.903594771875 0.5600490203125 0.9060457515625 0.6299019609375 0.9158496734374999 0.634803921875 0.9403594765625 0.625 0.9640522875 0.63357843125 1 0.6311274515624999 0.99918300625 0.5661764703125 0.98120915 0.5661764703125 0.9616013078125001 0.5857843140625
1 0.9003267968750001 0.5943627453125 0.89379085 0.5698529406249999 0.8782679734375 0.5563725484375001 0.84150326875 0.6311274515624999 0.85539215625 0.66176470625 0.8823529406249999 0.660539215625 0.89379085 0.643382353125 0.8905228765625001 0.623774509375 0.9003267968750001 0.6188725484375001 0.9003267968750001 0.5943627453125
1 0.8995098046875001 0.6764705875 0.8635620921875 0.66176470625 0.8349673203125001 0.6875 0.8349673203125001 0.7438725484375001 0.85539215625 0.76960784375 0.8790849671875 0.7708333328125 0.89379085 0.75857843125 0.8921568625 0.721813725 0.9052287578125 0.697303921875 0.8995098046875001 0.6764705875
1 0.8700980390625 0.7720588234375 0.7859477125 0.77573529375 0.7883986921874999 0.78676470625 0.8047385625000001 0.7916666671875 0.8202614374999999 0.8125 0.8455882359375 0.8700980390625 0.8700980390625 0.8725490203125 0.8970588234375001 0.890931371875 0.91013071875 0.8811274515624999 0.9297385625000001 0.83210784375 0.9060457515625 0.78676470625 0.8700980390625 0.7720588234375
1 0.955065359375 0.7990196078125 0.9281045750000001 0.8345588234375001 0.9060457515625 0.8872549015625 0.8774509796875 0.9056372546875 0.89133986875 0.9240196078125 0.9109477125 0.919117646875 0.955065359375 0.938725490625 0.98366013125 0.9399509796875 1 0.9325980390625 0.99918300625 0.78676470625 0.9746732031249999 0.78676470625 0.955065359375 0.7990196078125
1 0.4052287578125 0.001225490625 0.3374183 0 0.33169934687499997 0.055147059374999995 0.34150326875000003 0.0600490203125 0.35702614375 0.03676470625 0.37826797343749996 0.0416666671875 0.3864379078125 0.034313725 0.4052287578125 0.001225490625