16 0.8258469921874999 0.47946916875 0.8736623140625 0.46801696093749995 0.895246934375 0.44818824062499996 0.9074674203124999 0.41776231406250003 0.901810328125 0.39333023125 0.8811843640625 0.3716273296875 0.8459265328125 0.3513958953125 0.8083096734374999 0.33996847343750003 0.76799678125 0.33860277656250004 0.7255375359375 0.35283815937499996 0.711331015625 0.367903753125 0.6997845375 0.39581425000000003 0.704554946875 0.41596469999999997 0.7226092109375 0.43967454687499996 0.7637727953125 0.46822850312500003 0.79759426875 0.4786389546875 0.8258469921874999 0.47946916875
16 0.78850166875 0.224123634375 0.8168787234374999 0.21689906875 0.8410350453125 0.1950634015625 0.8493358140625 0.1716752859375 0.8396706625 0.13942916562500002 0.8197187078124999 0.11521083437499999 0.7860215640625 0.0967456 0.7480677015625 0.08657589375 0.7055201125 0.085959428125 0.6774800609375 0.09192627812500001 0.6516387203125 0.12005052499999999 0.644898640625 0.14520484375 0.6550251265625 0.1681384640625 0.677211778125 0.191607565625 0.716264996875 0.212855971875 0.7542188609375 0.2230256796875 0.78850166875 0.224123634375
16 0.6040328171875 0.282536621875 0.629412825 0.2637248734375 0.637163915625 0.2347974078125 0.6287224499999999 0.2055752078125 0.6087704953124999 0.181356875 0.573849665625 0.1598677234375 0.5302027234375 0.1481725609375 0.4971436015625 0.15009852343750002 0.45982775781249996 0.16032001093749998 0.4435992125 0.1829319015625 0.43728447968750006 0.22168035000000003 0.45141902656250005 0.25242800781249997 0.51210921875 0.291606165625 0.5409116203125001 0.29797572968749997 0.569838353125 0.2962905125 0.6040328171875 0.282536621875
16 0.830116825 0.67607556875 0.8591678890625 0.6663355703125 0.8869069234375001 0.6387198109375001 0.89242331875 0.6105415734374999 0.88141015 0.58332631875 0.8639055656249999 0.565155821875 0.8194962718750001 0.54112424375 0.7701562484375 0.527903625 0.7370971265625 0.5298295875 0.701341971875 0.5418172765625 0.6770613203125 0.5717077234375 0.6760143203125 0.5983874984375 0.69048586875 0.6278774390625 0.7195892875000001 0.6558959140625 0.7429112828125 0.6675370875 0.777069759375 0.6766898234375 0.830116825 0.67607556875
16 0.7763565109375 0.8463487078125 0.7879913296875001 0.8332900578125001 0.7953170765625 0.7907684609375 0.7708073828125 0.7531967453124999 0.7481593953125001 0.739040140625 0.681066125 0.7237585828124999 0.6473329953125 0.7281999781249999 0.6117905140625 0.74698473125 0.6020533875 0.7605518671875 0.597636346875 0.7998088 0.617588303125 0.8240271312499999 0.6464790484375 0.84524854375 0.714796003125 0.863554015625 0.748192128125 0.8603703390625 0.7763565109375 0.8463487078125
16 0.5397436421874999 0.9703226859375 0.5593062390625 0.9580402609374999 0.574523771875 0.9392015171875 0.575145425 0.8989276125 0.5624472390624999 0.8780009375000001 0.5290870984375 0.8582779890625 0.48767485468749994 0.8458335937499999 0.455963746875 0.84272869375 0.4205455953125 0.853458665625 0.3929308921875 0.8730196453125 0.384967128125 0.895150046875 0.38906353125000004 0.917815928125 0.43166347343749994 0.9561908656250001 0.47999248437500003 0.9731846328125 0.511703590625 0.976289534375 0.5397436421874999 0.9703226859375
16 0.5782536890625 0.6975580906250001 0.6148955265625 0.689852034375 0.6366928203125 0.67682038125 0.6512723328125001 0.637590440625 0.6487366203125 0.6166907609375001 0.628571990625 0.5856753640625 0.5905297843749999 0.5606538109375 0.545322153125 0.547192446875 0.5189671203125 0.546870715625 0.48869237343750005 0.553586796875 0.46074066562500005 0.5744054921874999 0.4467468171875 0.596268153125 0.4448131359375 0.61866629375 0.457723996875 0.646390034375 0.49597887656250006 0.6782086515625 0.548440278125 0.694961675 0.5782536890625 0.6975580906250001
16 0.30893171875 0.2452530140625 0.35708404531250004 0.23254308906249999 0.3805663578125 0.2132228546875 0.39088915156250004 0.1822884421875 0.3855690625 0.15659864375000002 0.3662911140625 0.129864878125 0.3279119046875 0.10610104218750001 0.2921927375 0.0951821046875 0.24930814531249998 0.09582335625 0.202716509375 0.11029948125 0.182816909375 0.123839621875 0.17160743437499998 0.1504924 0.1793748921875 0.18223003437500002 0.2071302953125 0.215279371875 0.22977828281249998 0.229435978125 0.2787813015625 0.2439143125 0.30893171875 0.2452530140625
16 0.385845025 0 0.3719514609375 0.0100601359375 0.3568222703125 0.043750726562499995 0.360706 0.0596195421875 0.383105325 0.089885709375 0.4176891484375 0.1126325765625 0.4572037015625 0.12456848437500001 0.49182351406249997 0.124408725 0.52277226875 0.1151772109375 0.5484892796875 0.095107746875 0.561596446875 0.0689634515625 0.556276359375 0.043273653125 0.54223015625 0.0273778421875 0.5003925640625 0.00133931875 0.4960112453125 0 0.385845025 0
16 0.5520557234375 0.810511778125 0.5792090937500001 0.8002632953125 0.6095558171875 0.7477339625 0.6020010328125001 0.72279339375 0.5794773765625 0.7005820078125 0.5586027515625 0.69498866875 0.4903741390625 0.6915350421875 0.46836417187499996 0.6977696328125 0.46444445468750006 0.7048074421875 0.48081369843750005 0.73480586875 0.4749602984375 0.7642418203125 0.455273371875 0.784579025 0.4573837375 0.791884575 0.5189966015625 0.812437740625 0.5520557234375 0.810511778125
16 0.497562440625 0.45216630156250004 0.47491445312499997 0.438009696875 0.4353998984375 0.42607378906250004 0.4014540953125 0.42371811875 0.35519946406249997 0.43693652812500006 0.3319298234375 0.4630538265625 0.3873882734375 0.49139403125000003 0.4714888046875 0.5570652093749999 0.5100283328125 0.5498676390624999 0.535319996875 0.51620404375 0.5263288546875 0.48144249375000003 0.497562440625 0.45216630156250004
16 0.6874724546875 0.55562515625 0.7198935578125 0.533308 0.693823175 0.49397008124999997 0.65042489375 0.46616535625 0.6064409453125 0.455727909375 0.56891243125 0.45915233125 0.5429827453125 0.47242473125 0.5315605984375 0.492280446875 0.535195665625 0.524258825 0.5456591578125 0.5459347296875 0.5958858609375 0.5634369828125 0.6432922015625 0.5990557437499999 0.6751276390625 0.594105865625 0.6874724546875 0.55562515625
16 0.1845412671875 0.7322568140625 0.2161640328125 0.7205098703124999 0.22779885156250002 0.7074512203125 0.233439578125 0.6712182046875 0.2082558765625 0.6361619187499999 0.185270884375 0.6232630296874999 0.111934859375 0.6009166703125 0.0893752140625 0.6016119093750001 0.0641195375 0.6123688781250001 0.0475539875 0.6362384859375 0.04405961875 0.6568704265624999 0.0562964703125 0.6871095984375 0.070679678125 0.7017476921875 0.13473991093749998 0.7283486921875 0.1597469265625 0.7337012859375001 0.1845412671875 0.7322568140625