16 0.56008855625 0.8209160984375 0.5772826234374999 0.8669793390624999 0.599594046875 0.8859865578124999 0.631282484375 0.8944079671875 0.6548430296875 0.8858155203125 0.6738704875 0.8626983796875001 0.6896542718750001 0.8252377640624999 0.6964121734375001 0.7865086421874999 0.6928547843749999 0.7463298 0.6735510312499999 0.705921896875 0.6568663921875 0.693657303125 0.6277567765625001 0.6855983250000001 0.608337890625 0.6927888984374999 0.5870050359375 0.7135980921875 0.5636804953125 0.7579347000000001 0.5574694421874999 0.7927727890625 0.56008855625 0.8209160984375
16 0.8089795343749999 0.7527303484375001 0.8196085421875001 0.7800154328125 0.8442253640624999 0.8013306 0.8684507578125 0.8067192000000001 0.899278634375 0.793196278125 0.9208849140625001 0.7704415703125 0.9351058625 0.734745253125 0.9405743531249999 0.6958349187499999 0.9360009765624999 0.65352934375 0.92666138125 0.626425475 0.8955975015625001 0.604204234375 0.8698092703125001 0.6005799359374999 0.8482806999999999 0.6134258453125 0.82769040625 0.6383072859375 0.8113597734375 0.6796589375 0.8058912828125001 0.7185692734375 0.8089795343749999 0.7527303484375001
16 0.72852085 0.5767552546875 0.7502854234375 0.5996535062499999 0.7799418890625 0.6038214515625 0.807917515625 0.591881615625 0.829523796875 0.5691269078125 0.8465969921875001 0.5318475046875 0.8528857562500001 0.4871006171875 0.8469452562500001 0.454522628125 0.8322523015625001 0.41873061875 0.80783119375 0.405378734375 0.7686019984375 0.40383331875 0.739806096875 0.42160970468750003 0.708316240625 0.4866221390625 0.705504284375 0.51598610625 0.710702221875 0.544491846875 0.72852085 0.5767552546875
16 0.36546799375 0.8491143984375 0.378675825 0.8767619124999999 0.409466278125 0.9009286703124999 0.4381067578125 0.9029698843749999 0.4637769875 0.8887221015625 0.479678771875 0.8691335656250001 0.49811909062500004 0.8221265796875 0.505228128125 0.7715431421875001 0.499287628125 0.738965153125 0.4830318375 0.70493744375 0.450405121875 0.6844805046875 0.42379661718749995 0.68669275625 0.39629012812500003 0.7046503562499999 0.3720273125 0.736951434375 0.3633151484375 0.76151829375 0.35839350625 0.796537596875 0.36546799375 0.8491143984375
16 0.1899123109375 0.81650588125 0.20429155 0.8264625265625 0.24738898125 0.8285515890624999 0.2816936625 0.799645746875 0.2929846515625 0.7754413171875 0.2999756890625 0.706985796875 0.291456365625 0.674045378125 0.268480090625 0.6410571109375 0.2538274265625 0.63304598125 0.21432480625 0.6334460828124999 0.1927185265625 0.6562007921874999 0.1751761921875 0.687462428125 0.1653329078125 0.7575010343749999 0.17256281874999999 0.7902602390625 0.1899123109375 0.81650588125
16 0.038026559375000005 0.596765315625 0.0526015140625 0.6146852453125 0.0731543875 0.6274934828125 0.11320385625 0.6232023484375 0.132427028125 0.6080484921875 0.1479373859375 0.5725333906250001 0.1552421390625 0.5299132375 0.1544592859375 0.4980601078125 0.1394929046875 0.46421361250000004 0.11671234531250001 0.439188628125 0.0937763625 0.4339812421875 0.07177865312500001 0.4408093875 0.038881384375 0.487768525 0.027904110937499997 0.5378083171875 0.028686964062499997 0.569661446875 0.038026559375000005 0.596765315625
16 0.31345120312499997 0.6017466734375 0.32556533593750003 0.6371762546874999 0.341156275 0.6572229171874999 0.38187059687499997 0.666912828125 0.40230546875 0.6618489859375 0.43063223125 0.638054834375 0.4508310984375 0.5972468296875 0.4586826984375 0.5507356406249999 0.45579016250000004 0.5245378453125 0.445434578125 0.49530724687500005 0.42136460624999994 0.470101046875 0.3979594859375 0.45887589375 0.3754926390625 0.45968627343749996 0.3495489859375 0.4758795734375 0.3226296359375 0.5177270203125001 0.312394925 0.5718390624999999 0.31345120312499997 0.6017466734375
16 0.729562775 0.27931006406250003 0.7480462546875 0.3255545203125 0.7700842531250001 0.34650725625 0.8020461156250001 0.352983146875 0.826896071875 0.344571915625 0.8510811765625 0.3221796359375 0.86999063125 0.28119041562499997 0.8764751093750001 0.2444068109375 0.8706123218749999 0.201920021875 0.8505660078125 0.15743986875 0.8347016406250001 0.139338725 0.8068814375000001 0.1314609625 0.7763269859374999 0.14303836718750002 0.746906525 0.1746145859375 0.7356155359375001 0.1988190140625 0.7272170859375 0.24922123749999997 0.729562775 0.27931006406250003
16 1 0.38390074375 0.9986612328125 0.366727990625 0.9855311125 0.329171678125 0.970682734375 0.313197265625 0.935399484375 0.30228669531249996 0.920122259375 0.3080753984375 0.892811484375 0.33399628125 0.8744488765625 0.3710944671875 0.8674175500000001 0.41176910624999996 0.8717952125 0.44611139843750003 0.8847296203124999 0.47570442812499997 0.907783603125 0.4987838953125 0.9353303859375 0.5086071750000001 0.9601803406249999 0.50019594375 0.9742458656249999 0.48431722656250004 0.9949915812500001 0.4396181875 1 0.41120762187500004 1 0.38390074375
16 0.19814672656250001 0.589509575 0.21162798125 0.615211571875 0.26746410468750004 0.6389303796875 0.2912980734375 0.6283924171875 0.31059895625 0.6033297609375 0.3136066265625 0.5819290765625 0.308719534375 0.5137881375 0.299849075 0.49270203593749995 0.29238603125 0.489669228125 0.2646061171875 0.509572346875 0.23467622656249998 0.50734991875 0.2120913796875 0.49028821562499997 0.205097471875 0.493273175 0.1922062265625 0.5569315859375 0.19814672656250001 0.589509575
16 0.5471800890625 0.4917511484375 0.558471078125 0.4675467203125 0.5655024046875 0.42687207968749996 0.5637035640625 0.39289221875 0.5449466609375 0.34859328125 0.5161881796875 0.3286799875 0.49481790312499996 0.38717885937499996 0.4398855046875 0.478655821875 0.4517262125 0.5160309187500001 0.4882211625 0.5370315031249999 0.5216278609375 0.5238710125 0.5471800890625 0.4917511484375
16 0.46763661093750003 0.692854065625 0.49373855625 0.7223137281249999 0.529606075 0.6916435843750001 0.551914628125 0.6451802421874999 0.5569139812499999 0.600252140625 0.5489415078125 0.5634206890625 0.53260800625 0.539301778125 0.5115082828124999 0.5303845734375 0.48021126875000003 0.5378897296875 0.45997211250000003 0.55091685625 0.44872141406250005 0.602902165625 0.41914552968749996 0.6542959828125 0.4279382765625 0.685290884375 0.46763661093750003 0.692854065625
16 0.23102964531249998 0.215197634375 0.2465428734375 0.24515309531249999 0.2609221140625 0.25510974218750004 0.2975724859375 0.256292728125 0.32929834687500004 0.22702445624999998 0.3392999234375 0.2026388125 0.352542303125 0.12712608593750002 0.34910291718750003 0.1048193265625 0.3353482359375 0.08106284531249999 0.3096377171875 0.06752974687499999 0.28873370781249996 0.066575825 0.2602112296875 0.08240669375000001 0.24743511875 0.098466625 0.2288393765625 0.165291209375 0.2265742703125 0.19076414375 0.23102964531249998 0.215197634375