17 0.5498046875 0.7792968734375 0.58984375 0.7412109375 0.61328125 0.6201171875 0.5878906265625 0.5419921875 0.5292968734375 0.5107421875 0.5634765625 0.5097656265625 0.58203125 0.4912109375 0.5996093734375 0.4306640625 0.5917968734375 0.4169921875 0.6269531265625 0.3427734375 0.6230468734375 0.3115234375 0.6083984375 0.3105468734375 0.5859375 0.2763671875 0.5498046875 0.14453125 0.5292968734375 0.1689453125 0.5019531265625 0.2666015625 0.4931640625 0.2714843734375 0.4619140625 0.2519531265625 0.46484375 0.3115234375 0.4472656265625 0.3173828125 0.44921875 0.3837890625 0.4316406265625 0.4013671875 0.4277343734375 0.4443359375 0.4453125 0.4658203125 0.44921875 0.4970703125 0.4785156265625 0.5068359375 0.4267578125 0.5292968734375 0.38671875 0.5732421875 0.37109375 0.6103515625 0.3613281265625 0.6904296875 0.3798828125 0.7421875 0.4980468734375 0.7802734375 0.5498046875 0.7792968734375
17 1 0.2119140625 0.9404296875 0.2363281265625 0.9394531265625 0.1904296875 0.9296875 0.1865234375 0.9365234375 0.1777343734375 0.94921875 0.1826171875 0.94140625 0.1884765625 0.9462890625 0.22265625 0.96875 0.1845703125 0.9824218734375 0.1845703125 0.9863281265625 0.1572265625 0.9892578125 0.1699218734375 1 0.1591796875 0.9990234375 0.10742187343750001 0.9814453125 0.1015625 0.9511718734375 0.1240234375 0.96875 0.0576171875 0.9658203125 0.00390625 0.8955078125 0.09179687343750001 0.8857421875 0.0703125 0.8623046875 0.06835937343750001 0.7890625 0.0908203125 0.7480468734375 0.1513671875 0.7714843734375 0.1962890625 0.76171875 0.2431640625 0.73828125 0.2529296875 0.703125 0.3583984375 0.6464843734375 0.3896484375 0.6640625 0.4248046875 0.6416015625 0.4355468734375 0.6171875 0.4677734375 0.59765625 0.5458984375 0.6191406265625 0.6259765625 0.6376953125 0.6484375 0.6806640625 0.6660156265625 0.6953125 0.7001953125 0.77734375 0.5966796875 0.796875 0.5458984375 0.796875 0.5068359375 0.8183593734375 0.5048828125 0.8652343734375 0.4345703125 0.859375 0.3935546875 0.828125 0.3837890625 0.9042968734375 0.3662109375 0.859375 0.3408203125 0.890625 0.3193359375 0.8847656265625 0.3076171875 0.9150390625 0.2753906265625 0.9560546875 0.28125 1 0.2587890625 1 0.2119140625
17 0.8427734375 0.8925781265625 0.8808593734375 0.8544921875 0.890625 0.7587890625 0.8730468734375 0.6416015625 0.8964843734375 0.6005859375 0.8964843734375 0.5732421875 0.94921875 0.5302734375 0.91015625 0.5087890625 0.953125 0.4111328125 0.9501953125 0.37890625 0.9208984375 0.40625 0.9013671875 0.40625 0.8535156265625 0.4580078125 0.84765625 0.4833984375 0.80078125 0.5205078125 0.78515625 0.6123046875 0.8203125 0.6318359375 0.7568359375 0.6328125 0.7109375 0.6962890625 0.69140625 0.7744140625 0.7011718734375 0.8466796875 0.7470703125 0.8886718734375 0.7734375 0.8955078125 0.8427734375 0.8925781265625
17 1 0.6650390625 0.9990234375 0.40625 0.92578125 0.4775390625 0.92578125 0.5068359375 0.9667968734375 0.5283203125 0.90625 0.5751953125 0.9160156265625 0.6357421875 0.9628906265625 0.6689453125 1 0.6650390625
17 0.6796875 0.8486328125 0.69140625 0.7451171875 0.6894531265625 0.7099609375 0.6699218734375 0.6689453125 0.6181640625 0.640625 0.5859375 0.7763671875 0.58984375 0.8466796875 0.6015625 0.8564453125 0.6796875 0.8486328125
17 0.3691406265625 0.7373046875 0.359375 0.6865234375 0.3828125 0.5693359375 0.3642578125 0.5546875 0.31640625 0.6103515625 0.2949218734375 0.6728515625 0.296875 0.7294921875 0.3261718734375 0.7412109375 0.3691406265625 0.7373046875
17 0.2451171875 0.69921875 0.2861328125 0.6738281265625 0.32421875 0.5888671875 0.30859375 0.5380859375 0.2607421875 0.4824218734375 0.2080078125 0.48046875 0.1630859375 0.4980468734375 0.1015625 0.5888671875 0.09179687343750001 0.6220703125 0.1005859375 0.640625 0.1279296875 0.6425781265625 0.1669921875 0.68359375 0.20703125 0.7001953125 0.2451171875 0.69921875
17 0.3808593734375 0.5478515625 0.3671875 0.4736328125 0.3876953125 0.4589843734375 0.42578125 0.4658203125 0.44140625 0.3369140625 0.4013671875 0.30078125 0.3447265625 0.296875 0.3427734375 0.30859375 0.3154296875 0.3105468734375 0.28125 0.3388671875 0.2734375 0.3623046875 0.2734375 0.4619140625 0.33203125 0.5634765625 0.3808593734375 0.5478515625
17 0.3876953125 0.2910156265625 0.4042968734375 0.2705078125 0.4140625 0.2021484375 0.3984375 0.1787109375 0.4042968734375 0.1298828125 0.3857421875 0.1347656265625 0.3828125 0.1123046875 0.3652343734375 0.1025390625 0.3535156265625 0.0361328125 0.359375 0.0009765625 0.3017578125 0 0.29296875 0.0380859375 0.2714843734375 0.0498046875 0.2480468734375 0.1083984375 0.25390625 0.1396484375 0.2441406265625 0.1494140625 0.2441406265625 0.1962890625 0.2724609375 0.2421875 0.2939453125 0.2578125 0.3046875 0.2529296875 0.3095703125 0.28125 0.36328125 0.2958984375 0.3876953125 0.2910156265625
17 0.3720703125 0 0.3574218734375 0.0283203125 0.3691406265625 0.0556640625 0.3671875 0.0947265625 0.3857421875 0.09375 0.3925781265625 0.1220703125 0.4082031265625 0.1240234375 0.4121093734375 0.1767578125 0.4375 0.1806640625 0.4814453125 0.16796875 0.49609375 0.1494140625 0.5 0.0478515625 0.4599609375 0 0.3720703125 0
17 0.4609375 0.3017578125 0.4628906265625 0.2822265625 0.4560546875 0.2480468734375 0.4912109375 0.2714843734375 0.5097656265625 0.2490234375 0.5253906265625 0.1884765625 0.5087890625 0.17578125 0.4521484375 0.1796875 0.4238281265625 0.2099609375 0.4140625 0.2705078125 0.4511718734375 0.3037109375 0.4609375 0.3017578125
17 0.7021484375 0.3300781265625 0.73828125 0.2373046875 0.7597656265625 0.2412109375 0.76171875 0.2001953125 0.7216796875 0.1425781265625 0.6787109375 0.140625 0.6494140625 0.20703125 0.65234375 0.1533203125 0.6337890625 0.1503906265625 0.578125 0.2177734375 0.58984375 0.2705078125 0.65234375 0.3330078125 0.7021484375 0.3300781265625
17 0.7646484375 0.1015625 0.7792968734375 0.0908203125 0.79296875 0.0576171875 0.7939453125 0 0.62109375 0.0009765625 0.6074218734375 0.0478515625 0.6142578125 0.09179687343750001 0.6611328125 0.08007812656249999 0.6806640625 0.0566406265625 0.7089843734375 0.0732421875 0.7109375 0.0908203125 0.7265625 0.1025390625 0.7646484375 0.1015625