17 0.5073272296875 0.8952469531249999 0.49891865625 0.9304013234375 0.5372910906249999 0.9305730656250001 0.6172407359375 0.8812246781249999 0.633073440625 0.897599178125 0.6498179984375 0.887931703125 0.6760945828125 0.9030605890625001 0.6976233015625 0.890630975 0.7261069390625 0.9012961796875001 0.7540452156249999 0.789482815625 0.80225686875 0.768026684375 0.8058317046875001 0.7245000359375 0.8458561031249999 0.7109602546875 0.8981480984375001 0.6440909015625 0.8967537453125001 0.6002437765625 0.863201765625 0.5669892640625 0.8318205437499999 0.5595917015625 0.76760444375 0.6030457640625 0.7504535359375 0.63686864375 0.74839521875 0.6747355703125 0.743055975 0.6682498640625 0.70459766875 0.6872643390625 0.6503695234375 0.742493771875 0.5997162109375 0.7541965546875 0.597423290625 0.7778464546875 0.5470541640625 0.8149006812499999 0.5237380265625 0.8490936171874999 0.52673476875 0.86809480625 0.493110203125 0.8954815593750001 0.49127320625 0.90611046875 0.5073272296875 0.8952469531249999
17 0.1595005390625 0 0.1752228515625 0.021714621875 0.17389136249999998 0.03045695625 0.147479328125 0.0233798734375 0.1399826109375 0.032492265625 0.1922285859375 0.1091742703125 0.15343651875 0.091702884375 0.144053225 0.10030976875 0.1840050421875 0.1474112546875 0.1528088484375 0.14309630625 0.14872850625 0.1885095296875 0.1274706859375 0.18483553749999998 0.10802685468749999 0.24230831562500002 0.048928678125 0.3194861015625 0.082074309375 0.3768960171875 0.0705964046875 0.4536904625 0.094381753125 0.447931584375 0.1015217 0.47410901250000004 0.12930151875 0.4421231296875 0.14232250625 0.4425790546875 0.17422251875 0.48954509062499996 0.21046048750000002 0.4335392515625 0.19631604687499998 0.3731325953125 0.2217896546875 0.3233415609375 0.20289734843749999 0.23537640781250002 0.23241500624999997 0.17049278437499998 0.29487998125 0.11848141406249998 0.3065429109375 0.0447695828125 0.29195887656249997 0 0.1595005390625 0
17 0.7285573671875001 0.22053075312499998 0.6998258421875 0.154193475 0.5929223593749999 0.22867198593750002 0.57876819375 0.2814960546875 0.5951922734374999 0.27679776875 0.6078069125 0.3014090984375 0.6023817984375001 0.3141096109375 0.6172893609375001 0.31507104531249996 0.6459713078125 0.3702739078125 0.6681808375 0.47227106250000006 0.7119420937500001 0.49006292656249995 0.731336346875 0.421455734375 0.7484509609375001 0.4179534859375 0.7692395671875001 0.39319341875 0.7419882656250001 0.35151705 0.7285573671875001 0.22053075312499998
17 0 0.8835674015625001 0.0036518578125 0.88464200625 0.038102409375 0.8503994921875 0.03805283125 0.839265078125 0.017991053125 0.8349005515625001 0.0704813609375 0.812568859375 0.1055232859375 0.757253553125 0 0.6887590875 0 0.8835674015625001
17 0.1557738078125 0.9243919484375 0.19822658437500001 0.87915046875 0.202221053125 0.8529234625000001 0.15344103125 0.8236767046875 0.08345277031250001 0.8018903703125 0.052725787499999996 0.8260094812500001 0.048916346875 0.8553191015625 0.0641080921875 0.8816319796875 0.0508162046875 0.8972796546874999 0.1557738078125 0.9243919484375
17 0.29045710625 0.8179275531249999 0.24411874375 0.7984341421875001 0.1704963453125 0.92227076875 0.2904110875 0.9614789109374999 0.33537810625 0.8653495140624999 0.29045710625 0.8179275531249999
17 0.4104612828125 0.9926352515625 0.4186352484375 0.9432638515624999 0.33800479375000003 0.8781854750000001 0.30173053125 0.9645119453125 0.4104612828125 0.9926352515625
17 0.47418008437500003 1 0.42535555937499997 0.9521416374999999 0.41303838906249996 0.994336796875 0.43529695625000003 1 0.47418008437500003 1
17 0.668486509375 1 0.6829769125 0.9867966656249999 0.6569712296875 0.9555641796875 0.6331495859375 0.9916436890625 0.638494196875 1 0.668486509375 1
17 0.6229302265625 1 0.6213246390625 0.990497228125 0.658487746875 0.9499044578125 0.6207925624999999 0.90947370625 0.5935545453125 0.909252384375 0.5664156828125 0.93129989375 0.5774279328125 0.9807571640624999 0.571528128125 1 0.6229302265625 1
17 0.5803812640625 0.7207074375 0.5853141546875 0.7513485484375 0.6520710671875001 0.7399166625 0.6707384937499999 0.7004340609375 0.6540302312499999 0.67978090625 0.5926125609375 0.6976984953125 0.5803812640625 0.7207074375
17 0.242528684375 0.28744708124999996 0.290148959375 0.2870637390625 0.2645894765625 0.3560409890625 0.37452599375 0.2702430328125 0.3555876671875 0.3258292390625 0.4040206390625 0.2771350890625 0.41427949531249997 0.27280685625 0.42495798125000006 0.28577826875 0.44574658749999996 0.261018203125 0.45693058124999997 0.272103040625 0.477669609375 0.23620855624999998 0.50012346875 0.2391920125 0.532872475 0.20752660625 0.5449320281250001 0.2228901 0.5699629953125 0.227575103125 0.5676700718750001 0.2512250015625 0.5810974109375 0.22752552499999998 0.6810592578125 0.1714072453125 0.7091958453125 0.104131540625 0.7010811828125 0.051406628125 0.6586514171875 0.0248724296875 0.6065178828125 0.011914303125000001 0.53042725625 0.0430874875 0.49988530156250005 0.0702892109375 0.489910634375 0.0999688875 0.5038567609375 0.115837884375 0.49723560781250004 0.12922893124999998 0.44427608906250005 0.12312656562499999 0.40388163125 0.1305011171875 0.3922912890625 0.143571684375 0.336569634375 0.132685159375 0.2538082734375 0.16611497343749998 0.24103517343749997 0.22133112187499998 0.21320577968749999 0.242182590625 0.23589424375 0.259383078125 0.242528684375 0.28744708124999996
17 0.3650701140625 0.3394911828125 0.3278078484375 0.357815121875 0.31810408125 0.37139119531250003 0.3311746484375 0.3829815390625 0.3167725890625 0.3801335328125 0.3192142484375 0.389886878125 0.298696540625 0.39854334062499996 0.2874399609375 0.44809976875 0.27083085156250003 0.4497154421875 0.2628782046875 0.4718488234375 0.24953674062500003 0.47636208281250003 0.238921115625 0.515980134375 0.21890891406250002 0.522750025 0.2164309625 0.5433173078125 0.25581440781250003 0.5397159046875 0.2594158125 0.5790993484375 0.2919930734375 0.585806378125 0.3078620703125 0.5718602500000001 0.317123196875 0.6127602109375 0.3334976984375 0.5969275078125 0.3451871984375 0.6061257734375001 0.35061231406250004 0.5934252609375 0.3836587890625 0.62856634375 0.43098159375 0.5613765140625 0.469859534375 0.559661684375 0.4453703671875 0.5227694734375 0.4667636359375 0.5183916640625 0.467169984375 0.49423625937500004 0.48189252031249996 0.49211507968749996 0.4637040296875 0.44680101250000004 0.46634044062499996 0.346406246875 0.5076600390625 0.3544447625 0.5358099109375 0.3286241078125 0.57856988125 0.23695839375 0.57198501875 0.22002880625 0.5349440750000001 0.211114728125 0.4941069734375 0.272965315625 0.474144353125 0.290869621875 0.4612588140625 0.2823618921875 0.4525297640625 0.32248545 0.46320825 0.3354568609375 0.44019930625 0.3232255609375 0.45192509999999997 0.30210319218750004 0.4473622625 0.2776273125 0.4369316671875 0.3203279765625 0.40656145468749993 0.3091572671875 0.3987938375 0.33437326093749997 0.3710503140625 0.3360385125 0.3655260421875 0.32647019374999997 0.3650701140625 0.3394911828125