17 0.3798828125 0 0.3974609375 0.0390625 0.3212890625 0.017578126562499997 0.3613281265625 0.0947265625 0.27734375 0.1025390625 0.34375 0.1474609375 0.3183593734375 0.1767578125 0.3466796875 0.2441406265625 0.4052734375 0.2792968734375 0.4189453125 0.2792968734375 0.4462890625 0.2480468734375 0.4892578125 0.2519531265625 0.5048828125 0.2734375 0.5869140625 0.2910156265625 0.6240234375 0.35546875 0.6552734375 0.34765625 0.6630859375 0.32421875 0.6738281265625 0.3642578125 0.7001953125 0.3847656265625 0.7490234375 0.3828125 0.8212890625 0.34765625 0.8740234375 0.3378906265625 0.8974609375 0.2890625 0.890625 0.2392578125 0.8623046875 0.2167968734375 0.7763671875 0.18359375 0.7119140625 0.1933593734375 0.73046875 0.1728515625 0.7216796875 0.1582031265625 0.6533203125 0.12304687343750001 0.6416015625 0.1308593734375 0.6201171875 0.12304687343750001 0.6269531265625 0.1123046875 0.6181640625 0.10351562656249999 0.5908203125 0.09570312656249999 0.5791015625 0.10546875 0.56640625 0.0888671875 0.5732421875 0.07421875 0.5458984375 0.10546875 0.5341796875 0.08984375 0.515625 0.0947265625 0.5185546875 0.10546875 0.5292968734375 0.1025390625 0.5302734375 0.1269531265625 0.5048828125 0.10546875 0.4873046875 0.109375 0.4833984375 0.09570312656249999 0.4560546875 0.08203125 0.44921875 0.0986328125 0.4736328125 0.10351562656249999 0.4814453125 0.1269531265625 0.4365234375 0.11328125 0.4287109375 0.09375 0.4208984375 0.10546875 0.3994140625 0.1015625 0.3994140625 0.07421875 0.4189453125 0.07226562656249999 0.4228515625 0.08789062656249999 0.453125 0.0751953125 0.41796875 0.0498046875 0.4169921875 0.03515625 0.4404296875 0.05078125 0.4482421875 0.033203126562500004 0.4619140625 0.06445312656249999 0.4755859375 0.0546875 0.4892578125 0.06445312656249999 0.4970703125 0.0546875 0.5 0.0732421875 0.5234375 0.0830078125 0.5234375 0.0615234375 0.4755859375 0 0.3798828125 0
17 0.5615234375 0.5917968734375 0.5400390625 0.5761718734375 0.4755859375 0.5703125 0.3994140625 0.6035156265625 0.3876953125 0.6230468734375 0.3544921875 0.6269531265625 0.34765625 0.6435546875 0.3652343734375 0.6552734375 0.37109375 0.6767578125 0.3496093734375 0.6962890625 0.3876953125 0.71875 0.4208984375 0.71484375 0.4482421875 0.70703125 0.43359375 0.7001953125 0.4521484375 0.69921875 0.4541015625 0.68359375 0.4892578125 0.6777343734375 0.5078125 0.7021484375 0.4589843734375 0.7119140625 0.4794921875 0.7285156265625 0.4814453125 0.71484375 0.4990234375 0.71484375 0.5029296875 0.7246093734375 0.5146484375 0.7109375 0.5615234375 0.71484375 0.5605468734375 0.6865234375 0.5761718734375 0.6748046875 0.5625 0.6728515625 0.5732421875 0.64453125 0.6181640625 0.6875 0.7119140625 0.69140625 0.7724609375 0.6699218734375 0.8193359375 0.6230468734375 0.7978515625 0.5859375 0.7353515625 0.59765625 0.7207031265625 0.5869140625 0.7080078125 0.546875 0.6259765625 0.5332031265625 0.5810546875 0.5488281265625 0.5615234375 0.5917968734375
17 0.7587890625 0.46484375 0.7470703125 0.4140625 0.5966796875 0.3691406265625 0.5654296875 0.37109375 0.5634765625 0.38671875 0.4970703125 0.4296875 0.41796875 0.4541015625 0.5244140625 0.48046875 0.53515625 0.4892578125 0.5341796875 0.5136718734375 0.5791015625 0.51171875 0.5830078125 0.5332031265625 0.6416015625 0.5234375 0.6611328125 0.5390625 0.7041015625 0.5371093734375 0.7216796875 0.51171875 0.75 0.5068359375 0.7568359375 0.46875 0.7714843734375 0.5166015625 0.8232421875 0.56640625 0.9580078125 0.5839843734375 0.9873046875 0.5722656265625 0.9990234375 0.5546875 1 0.3603515625 0.9775390625 0.3496093734375 0.8623046875 0.34375 0.8076171875 0.359375 0.77734375 0.3837890625 0.7578125 0.4189453125 0.7587890625 0.46484375
17 0.8115234375 0.8203125 0.8720703125 0.85546875 0.9052734375 0.859375 0.9160156265625 0.8505859375 0.9736328125 0.74609375 0.96875 0.7060546875 0.9365234375 0.6640625 0.8525390625 0.6347656265625 0.7998046875 0.65234375 0.75 0.6982421875 0.7636718734375 0.7705078125 0.8115234375 0.8203125
17 0.9658203125 0.6972656265625 0.9921875 0.6865234375 0.9990234375 0.6640625 0.9990234375 0.5722656265625 0.9541015625 0.5859375 0.8349609375 0.57421875 0.8125 0.5966796875 0.8779296875 0.6425781265625 0.9443359375 0.66015625 0.9658203125 0.6972656265625
17 1 0.2529296875 0.9892578125 0.25 0.9462890625 0.2597656265625 0.9033203125 0.28515625 0.8808593734375 0.3369140625 0.9990234375 0.3515625 1 0.2529296875
17 0.6162109375 0.0546875 0.6074218734375 0.0615234375 0.6318359375 0.10351562656249999 0.6806640625 0.13671875 0.7060546875 0.140625 0.7451171875 0.1796875 0.8408203125 0.1816406265625 0.8701171875 0.2167968734375 0.9169921875 0.2421875 0.9990234375 0.2441406265625 0.9951171875 0.0527343734375 0.8427734375 0.08789062656249999 0.8173828125 0.07421875 0.7783203125 0.07226562656249999 0.7412109375 0.03515625 0.7197265625 0.06835937343750001 0.6162109375 0.0546875
17 0.8330078125 0.05859375 0.859375 0.0419921875 0.8681640625 0.009765626562500001 0.8681640625 0 0.6113281265625 0.0009765625 0.6923828125 0.06640625 0.7265625 0.0576171875 0.7392578125 0.017578126562499997 0.7841796875 0.06640625 0.8330078125 0.05859375
17 0.453125 0.3544921875 0.4169921875 0.3613281265625 0.41796875 0.3798828125 0.4814453125 0.4238281265625 0.5263671875 0.4042968734375 0.55078125 0.3681640625 0.5771484375 0.3515625 0.5761718734375 0.2998046875 0.4912109375 0.2714843734375 0.4892578125 0.25390625 0.4423828125 0.25390625 0.40234375 0.3037109375 0.4052734375 0.33984375 0.453125 0.3544921875
17 0.4853515625 0.56640625 0.5341796875 0.5703125 0.5693359375 0.53125 0.5595703125 0.5175781265625 0.5234375 0.5224609375 0.5263671875 0.4824218734375 0.4658203125 0.46875 0.4511718734375 0.4814453125 0.4511718734375 0.5322265625 0.4853515625 0.56640625
17 0.1904296875 0.5449218734375 0.1875 0.5986328125 0.2529296875 0.6308593734375 0.3017578125 0.62109375 0.3427734375 0.6386718734375 0.3505859375 0.6230468734375 0.3798828125 0.6230468734375 0.3916015625 0.5996093734375 0.4580078125 0.5722656265625 0.4384765625 0.5136718734375 0.3583984375 0.5019531265625 0.3056640625 0.5332031265625 0.2841796875 0.5136718734375 0.2255859375 0.52734375 0.2177734375 0.55078125 0.1904296875 0.5449218734375
17 0.2099609375 0.5449218734375 0.22265625 0.5419921875 0.2294921875 0.5234375 0.2802734375 0.5078125 0.2998046875 0.4765625 0.2871093734375 0.4326171875 0.2529296875 0.4121093734375 0.2333984375 0.41796875 0.2041015625 0.45703125 0.1640625 0.4658203125 0.19140625 0.5341796875 0.2099609375 0.5449218734375
17 0.1123046875 0.2949218734375 0.1015625 0.3193359375 0.10546875 0.2744140625 0.1220703125 0.2890625 0.125 0.2744140625 0.1005859375 0.25390625 0.0390625 0.2958984375 0.0253906265625 0.3564453125 0.046875 0.3310546875 0.0419921875 0.3222656265625 0.07617187343750001 0.3408203125 0.07226562656249999 0.4072265625 0.1201171875 0.4550781265625 0.2021484375 0.45703125 0.22265625 0.4365234375 0.2314453125 0.4003906265625 0.2285156265625 0.3720703125 0.2001953125 0.33203125 0.1513671875 0.3046875 0.1240234375 0.3105468734375 0.140625 0.2998046875 0.1279296875 0.2949218734375 0.1123046875 0.2949218734375
17 0.0595703125 0.07617187343750001 0.0205078125 0.0625 0.01953125 0.0791015625 0.0019531265625 0.0849609375 0.0058593734375 0.1005859375 0.046875 0.1357421875 0.0253906265625 0.1611328125 0.0986328125 0.2089843734375 0.1123046875 0.1953125 0.1308593734375 0.2431640625 0.1884765625 0.2792968734375 0.2197265625 0.28125 0.2958984375 0.22265625 0.2890625 0.1806640625 0.2490234375 0.1328125 0.1845703125 0.11132812656249999 0.1669921875 0.11523437343750001 0.1083984375 0.044921873437499996 0.0654296875 0.04296875 0.0595703125 0.07617187343750001
17 0.2402343734375 0.1083984375 0.2490234375 0.1308593734375 0.2861328125 0.1542968734375 0.3173828125 0.13671875 0.2861328125 0.11523437343750001 0.2402343734375 0.1083984375
17 0.2880859375 0.0078125 0.2519531265625 0.0498046875 0.2363281265625 0.0947265625 0.3525390625 0.09179687343750001 0.3378906265625 0.0498046875 0.2880859375 0.0078125
17 0.2138671875 0.33203125 0.2607421875 0.39453125 0.3076171875 0.41015625 0.3847656265625 0.3974609375 0.38671875 0.3642578125 0.3408203125 0.3535156265625 0.3359375 0.3369140625 0.3505859375 0.31640625 0.3916015625 0.3183593734375 0.38671875 0.2802734375 0.3232421875 0.2441406265625 0.2744140625 0.25 0.2216796875 0.2890625 0.1328125 0.2626953125 0.1542968734375 0.2998046875 0.2138671875 0.33203125