17 0.635607853125 0.8713278234375 0.639102534375 0.907304496875 0.675440296875 0.894974040625 0.734967909375 0.8222851640625001 0.755269040625 0.8326129343750001 0.767953909375 0.8180206625 0.7977243921875 0.823770484375 0.814033509375 0.8050089890625 0.8444375687499999 0.8058197734375 0.8344508562499999 0.6910023468750001 0.8730504375000001 0.6550189984375 0.8622596203124999 0.612699890625 0.8956953109375 0.5868671062499999 0.92336783125 0.5066162828125 0.9077742171875001 0.46561196718750003 0.8652235875000001 0.445092665625 0.8331436484375001 0.44831485937500004 0.7865733921875 0.5103081984375 0.7813685421875001 0.54787215 0.7917506296875 0.5843461546875 0.7845907375000001 0.5799520859375 0.7544182015625001 0.610451425 0.7211254265625 0.6803268375 0.6770418328125001 0.707883140625 0.6825734890625 0.7309910625 0.6470122203125 0.7824251062500001 0.6360985109375 0.8223461546875 0.6451181671875 0.8393364875 0.6222417703125 0.876178259375 0.6239652890625 0.8868261578125001 0.635607853125 0.8713278234375
17 0 0.127368859375 0.0372026859375 0.1535093875 0.038789962500000004 0.1622089171875 0.011512821874999999 0.1641163203125 0.007391240625000001 0.17517295 0.0817559984375 0.23066758437499998 0.0393892515625 0.226777525 0.0333193015625 0.237970396875 0.0864292296875 0.26949868593750004 0.055527839062499994 0.2755753109375 0.0664549 0.31984278593750004 0.0451591015625 0.32328982812499996 0.045485903125 0.3839617 0.0147341109375 0.4761752140625 0.06476475937500001 0.51966619375 0.07891401406250001 0.5960136078125 0.0995285953125 0.5828247296875 0.11480208437499999 0.6052514359375001 0.130654834375 0.5659639640624999 0.14311485468750001 0.56215583125 0.1885675546875 0.5961774625 0.20459750937500001 0.5314249734375001 0.1715571953125 0.4789143359375 0.1794325875 0.42354259375 0.13293090937500002 0.346520640625 0.1397163609375 0.275561959375 0.181844909375 0.2060476359375 0.168874203125 0.1325546515625 0.096587378125 0.0367778828125 0.0034268359375 0.0344817765625 0 0.042308370312499996 0 0.127368859375
17 0.6251189484374999 0.1613456359375 0.5763554531249999 0.1079765765625 0.49952405625 0.2132017609375 0.5033388640625 0.26775604531249997 0.517338525 0.2579665703125 0.537278565625 0.27713011718749997 0.5362839015625 0.29090492968750004 0.550692290625 0.28696055781249996 0.5957839 0.3298179609375 0.649990446875 0.41902745 0.697159990625 0.421602715625 0.6931613015625 0.350419190625 0.7082032671875 0.3415357765625 0.719798190625 0.311356565625 0.6804630796875 0.280822940625 0.6251189484374999 0.1613456359375
17 0.1683462375 1 0.17734616406249998 0.9816883750000001 0.1736742765625 0.9711767218749999 0.15328454062500002 0.97358145625 0.1956446140625 0.935377253125 0.2107685046875 0.8716670687500001 0.057338146874999996 0.83344860625 0.029883796875 0.860821028125 0.0368188453125 0.8759992375 0.025401128125 0.8807134296875001 0.029352178125 0.9372160812500001 0.06270594375 0.96621006875 0.0643408609375 0.989590475 0.049162653125 0.996525521875 0.053159582812499995 1 0.1683462375 1
17 0.3186852890625 1 0.3381069484375 0.956741625 0.3333451140625 0.93064303125 0.277700884375 0.9188709015625 0.20443274687500002 0.9210574671874999 0.1832322296875 0.9538662609375 0.18917261093749999 0.9828192843749999 0.20893676249999998 1 0.3186852890625 1
17 0.45255877343749995 1 0.4632931078125 0.8990403984374999 0.4053803875 0.8688269015625 0.3552201734375 0.8654818125 0.32728442343749997 1 0.45255877343749995 1
17 0.5114923874999999 1 0.5757258296875001 0.9949467359374999 0.5673807109375 0.9456039781250001 0.4699556703125 0.910321871875 0.46401170937499997 1 0.5114923874999999 1
17 0.6556088875 0.9893607687499999 0.5766252125 0.9518101703124999 0.5787165015625 0.9957165546875 0.6556088875 0.9893607687499999
17 0.8097957125 0.9404000359375001 0.8314935609375 0.900703834375 0.7967364015625 0.8796395609375001 0.785958934375 0.9215089750000001 0.8097957125 0.9404000359375001
17 0.7744049765625001 0.9242748015625001 0.7963276718750001 0.8737944578124999 0.7475232109375 0.8478387843749999 0.721697103125 0.8564973515625001 0.703214771875 0.8861792296875001 0.729728771875 0.929356759375 0.7315952125 0.9840472874999999 0.80472710625 0.9799123546875 0.7744049765625001 0.9242748015625001
17 0.647857290625 0.682513403125 0.6624972015624999 0.70987915 0.7218952453124999 0.6773361640625 0.726691365625 0.6339271125 0.7041693812500001 0.6198388484375 0.6519312312500001 0.6567758984375 0.647857290625 0.682513403125
17 0.48519013125 0 0.44180947656249997 0.0038270765625 0.380013371875 0.0580745859375 0.3599914015625 0.09373780937500001 0.360222925 0.1250479296875 0.3785756890625 0.1355119453125 0.3766749625 0.15032906562499998 0.32461401875 0.16180109843749998 0.288821228125 0.18192502187499998 0.282117703125 0.1980569328125 0.2258875390625 0.2059047171875 0.15851881875 0.264457690625 0.164418234375 0.3208241 0.1448935984375 0.349599915625 0.17194589531249999 0.358476653125 0.1873556265625 0.382851728125 0.2322566765625 0.3669856265625 0.23054650781250002 0.44052625 0.30656044374999997 0.323610859375 0.306751003125 0.3823343671875 0.3366920140625 0.320524909375 0.3449828171875 0.313092528125 0.35930260468749997 0.3218806640625 0.370897528125 0.2917014546875 0.385081071875 0.298541221875 0.3930041078125 0.2578503546875 0.41520596718749997 0.25336100625 0.4358615125 0.2127587421875 0.452265909375 0.22335900468749997 0.477458440625 0.219639475 0.4829900921875 0.24274739687500002 0.487970096875 0.2159675875 0.5642155546875001 0.13036231874999998 0.56891639375 0.0575915125 0.544078278125 0.0103810046875 0.499186584375 0 0.48519013125 0
17 0.320164728125 0.39216480625 0.29089825468749997 0.42162183750000004 0.2861430984375 0.4376175046875 0.302275009375 0.4443210296875 0.287730375 0.44631703749999996 0.2932143875 0.45474408125 0.27663278125 0.469608840625 0.282123471875 0.5201301468749999 0.2669452625 0.52706519375 0.2666318109375 0.5505818437500001 0.25548658281250003 0.559192771875 0.2583476890625 0.600108484375 0.241629840625 0.6130248765624999 0.24598294375 0.6332783671875 0.2820482203125 0.617051178125 0.2982754109375 0.653116453125 0.3312614109375 0.6488519546875 0.3417254265625 0.6304991921875 0.36379771875 0.6661557375 0.3741254921875 0.64585460625 0.3881727921875 0.6507460078125 0.3891674578125 0.6369711921875 0.43185433125 0.659438859375 0.45472405312499997 0.580502828125 0.490925575 0.5662240062499999 0.4557596828125 0.5393146296875 0.47456214062499996 0.5282103625000001 0.46708211874999994 0.505238684375 0.48031196249999997 0.49843987968750003 0.4483615890625 0.46151618125000005 0.4181690265625 0.365732734375 0.45985455937499997 0.35988095468750003 0.478064403125 0.32630234375 0.48865131249999993 0.22570942343749997 0.47691346875 0.21184600625 0.4389884265625 0.21547693125 0.4205127703125 0.28725307031249997 0.40746681406249996 0.3106811171875 0.3925134515625 0.30683202187499997 0.397322925 0.3476114921875 0.41164271093749993 0.3563996265625 0.3859052046875 0.3523256859375 0.390115390625 0.3285365484375 0.377832575 0.3068796640625 0.3818722296875 0.3506498046875 0.34951980312500003 0.34997526562500003 0.3503849015625 0.3763463453125 0.3246950375 0.38695327968750004 0.316356596875 0.37970478281250003 0.320164728125 0.39216480625