17 0.8681640625 0.5292968734375 0.9091796875 0.5058593734375 0.921875 0.4638671875 0.8886718734375 0.3857421875 0.8535156265625 0.3623046875 0.8613281265625 0.3193359375 0.8203125 0.2861328125 0.8222656265625 0.1708984375 0.7919921875 0.1738281265625 0.7744140625 0.15625 0.7451171875 0.1640625 0.7314453125 0.1503906265625 0.7119140625 0.1621093734375 0.6474609375 0.09375 0.6103515625 0.08398437343750001 0.609375 0.1201171875 0.5966796875 0.10546875 0.5957031265625 0.1162109375 0.62109375 0.1513671875 0.61328125 0.1689453125 0.6269531265625 0.2080078125 0.6660156265625 0.2568359375 0.6621093734375 0.2802734375 0.7080078125 0.3046875 0.74609375 0.3720703125 0.7783203125 0.4003906265625 0.78515625 0.3955078125 0.77734375 0.4326171875 0.78515625 0.4697265625 0.8359375 0.5283203125 0.8681640625 0.5292968734375
17 0 0.9677734375 0.0263671875 0.9785156265625 0.037109373437499996 0.9990234375 0.1298828125 0.9902343734375 0.1953125 0.8896484375 0.203125 0.8154296875 0.15625 0.7490234375 0.14453125 0.6787109375 0.1855468734375 0.5986328125 0.1738281265625 0.5439453125 0.203125 0.4892578125 0.1826171875 0.42578125 0.1396484375 0.4628906265625 0.1269531265625 0.4599609375 0.1083984375 0.421875 0.0947265625 0.4453125 0.0732421875 0.43359375 0.06445312656249999 0.5107421875 0.017578126562499997 0.5576171875 0.0546875 0.6474609375 0.05859375 0.7080078125 0.08007812656249999 0.7099609375 0.07226562656249999 0.7548828125 0.10351562656249999 0.7587890625 0.0527343734375 0.7939453125 0.0595703125 0.8046875 0.1015625 0.7978515625 0.03125 0.8583984375 0.0361328125 0.8691406265625 0.0634765625 0.8691406265625 0.0625 0.8779296875 0 0.9287109375 0.017578126562499997 0.9423828125 0 0.9501953125 0 0.9677734375
17 0.6484375 0.8291015625 0.6953125 0.7060546875 0.7324218734375 0.6728515625 0.71875 0.6435546875 0.703125 0.6357421875 0.7021484375 0.5644531265625 0.6552734375 0.5703125 0.6074218734375 0.6630859375 0.5654296875 0.7089843734375 0.55078125 0.7060546875 0.5527343734375 0.7197265625 0.5341796875 0.7402343734375 0.51953125 0.7314453125 0.51953125 0.7861328125 0.6035156265625 0.8857421875 0.6484375 0.8291015625
17 0 0.1533203125 0.01171875 0.1572265625 0.0058593734375 0.1728515625 0.03515625 0.1982421875 0.1855468734375 0.1494140625 0.1660156265625 0.0869140625 0.12109375 0.0517578125 0.1416015625 0.0527343734375 0.14453125 0.0419921875 0.1201171875 0 0 0.0029296875 0.0234375 0.0283203125 0.015625 0.0361328125 0.03125 0.0419921875 0.03125 0.0654296875 0 0.0966796875 0 0.1533203125
17 0.2490234375 0.09765625 0.3037109375 0.08203125 0.3066406265625 0.0556640625 0.27734375 0.0009765625 0.1689453125 0 0.1777343734375 0.0185546875 0.15625 0.0400390625 0.15234375 0.0693359375 0.17578125 0.1005859375 0.2490234375 0.09765625
17 0.3798828125 0.1386718734375 0.4355468734375 0.1044921875 0.4169921875 0 0.2910156265625 0.0068359375 0.3300781265625 0.1455078125 0.3798828125 0.1386718734375
17 0.5361328125 0.05078125 0.5410156265625 0.0009765625 0.4287109375 0 0.44140625 0.0927734375 0.5361328125 0.05078125
17 0.62109375 0.0009765625 0.5439453125 0 0.5449218734375 0.0439453125 0.62109375 0.0009765625
17 0.8027343734375 0.0771484375 0.7783203125 0.0390625 0.7558593734375 0.0595703125 0.76953125 0.1005859375 0.8027343734375 0.0771484375
17 0.76953125 0.1064453125 0.7441406265625 0.0576171875 0.7705078125 0 0.6972656265625 0.0009765625 0.69921875 0.0556640625 0.67578125 0.1005859375 0.6962890625 0.12890625 0.72265625 0.1357421875 0.76953125 0.1064453125
17 0.7167968734375 0.3505859375 0.7089843734375 0.3076171875 0.6474609375 0.2792968734375 0.6347656265625 0.3076171875 0.640625 0.3330078125 0.6953125 0.3662109375 0.7167968734375 0.3505859375
17 0.5302734375 1 0.578125 0.9853515625 0.5996093734375 0.9365234375 0.58984375 0.8642578125 0.5078125 0.7841796875 0.5009765625 0.7578125 0.4970703125 0.78125 0.4716796875 0.7792968734375 0.4560546875 0.7910156265625 0.4326171875 0.7519531265625 0.41015625 0.7490234375 0.3994140625 0.7089843734375 0.3857421875 0.7167968734375 0.3720703125 0.6875 0.3583984375 0.6972656265625 0.3496093734375 0.6904296875 0.3154296875 0.6308593734375 0.3193359375 0.6894531265625 0.2353515625 0.578125 0.2421875 0.6513671875 0.1962890625 0.6386718734375 0.1826171875 0.6640625 0.15625 0.6748046875 0.1777343734375 0.7021484375 0.17578125 0.7587890625 0.2470703125 0.8125 0.3037109375 0.81640625 0.3115234375 0.83203125 0.3486328125 0.8496093734375 0.4013671875 0.8574218734375 0.4042968734375 0.8720703125 0.38671875 0.8837890625 0.3886718734375 0.9150390625 0.4111328125 0.94921875 0.4765625 0.9990234375 0.5302734375 1
17 0.4970703125 0.7890625 0.5078125 0.7744140625 0.4902343734375 0.6748046875 0.4697265625 0.6425781265625 0.4277343734375 0.6396484375 0.4511718734375 0.5419921875 0.48046875 0.5029296875 0.4667968734375 0.4970703125 0.47265625 0.4736328125 0.453125 0.4638671875 0.4863281265625 0.4345703125 0.44921875 0.4228515625 0.4208984375 0.3457031265625 0.3798828125 0.37109375 0.3779296875 0.3574218734375 0.3642578125 0.36328125 0.3525390625 0.34375 0.3330078125 0.3808593734375 0.3212890625 0.36328125 0.2880859375 0.3613281265625 0.2744140625 0.3984375 0.2373046875 0.3847656265625 0.234375 0.4052734375 0.2519531265625 0.4169921875 0.2519531265625 0.4580078125 0.2636718734375 0.4658203125 0.265625 0.4892578125 0.28125 0.4951171875 0.2792968734375 0.5458984375 0.296875 0.5595703125 0.2919921875 0.5683593734375 0.3066406265625 0.5693359375 0.2910156265625 0.5771484375 0.296875 0.5927734375 0.328125 0.6201171875 0.3251953125 0.6328125 0.3330078125 0.625 0.359375 0.6337890625 0.3603515625 0.66015625 0.3925781265625 0.6572265625 0.3916015625 0.7011718734375 0.40234375 0.6787109375 0.3964843734375 0.6552734375 0.421875 0.6494140625 0.4082031265625 0.6591796875 0.40625 0.7001953125 0.4208984375 0.6953125 0.4355468734375 0.7177734375 0.4589843734375 0.7880859375 0.4970703125 0.7890625