17 0.85258388125 0.3450036171875 0.8745175734374999 0.23185906875 0.8441953218749999 0.22948732187499998 0.8299366578124999 0.20912383750000002 0.799728240625 0.21173029843750002 0.78863816875 0.1958920359375 0.767368703125 0.2040411828125 0.715765246875 0.1255281734375 0.6809154296875 0.1094669328125 0.67367930625 0.1448812296875 0.6637205390625 0.1282508171875 0.6608934515625 0.1386602296875 0.6797935171875 0.1776914125 0.669047296875 0.193645859375 0.675728334375 0.234489009375 0.705718471875 0.28935845625 0.697801684375 0.311761575 0.738763365625 0.3437749140625 0.764569790625 0.4167475828125 0.7913889875 0.45023373125 0.7989689640625001 0.446612146875 0.7848311781249999 0.4818011203125 0.7860810125000001 0.519703346875 0.825916084375 0.5862249984375 0.8574834750000001 0.59278280625 0.901945859375 0.5768236640625 0.9217401671875001 0.5376739515625 0.9026077359375 0.4549701828125 0.8720554703125 0.4257839328125 0.8872107249999999 0.3848246015625 0.85258388125 0.3450036171875
17 0 0.91447366875 0.05037741875 0.9185164359375 0.132279646875 0.8308203734375 0.1528614078125 0.7590857984375 0.11822986875 0.6855486515625 0.118898790625 0.614269415625 0.173196715625 0.5425301453125 0.1711523875 0.4866385328125 0.20950055937499998 0.4378692078125 0.200326896875 0.37179585312499996 0.15156696249999999 0.40088000937499996 0.13957325781250002 0.3957903109375 0.127914009375 0.355060996875 0.1103799609375 0.3757683328125 0.091256921875 0.36049689375 0.0692047015625 0.43494706875 0.0149020796875 0.47297017343750003 0.035846475 0.5678929703125 0.029179525 0.628198315625 0.0499983484375 0.633852490625 0.0345039375 0.676735275 0.064600865625 0.6860086859375001 0.008486275 0.7118127624999999 0.013353 0.7235788000000001 0.055894279687500006 0.7241385828125 0 0.7573685546875 0 0.7866717249999999 0.006007737500000001 0.7877310515625 0.00351980625 0.7962170093750001 0 0.7981756140625 0 0.91447366875
17 0.6407048468750001 0.5962072453125 0.5774703171875 0.6792619078125 0.5281459078124999 0.7171711765625 0.5142287484375 0.711742325 0.513778103125 0.72554565 0.491944159375 0.7425199140625 0.47904447031249997 0.7313207046875 0.46954808437500006 0.785177378125 0.5349595640625 0.897857196875 0.5890345140625 0.849877671875 0.65656424375 0.7368399140624999 0.6988755046875 0.71058519375 0.6904986859375 0.6793593078125 0.676467690625 0.6689522453125 0.68788518125 0.598576646875 0.6407048468750001 0.5962072453125
17 0.100457965625 0 0.0776319609375 0.015982940625 0.06779641875 0.0717630671875 0.07865882187499999 0.0776449125 0.070175209375 0.0920150625 0.094617965625 0.122107296875 0.2512027328125 0.1001360375 0.24282122031250003 0.0351939875 0.21118469375 0 0.100457965625 0
17 0.23732755156250002 0 0.232409459375 0.01550881875 0.2500643859375 0.0503539390625 0.32270259375 0.0601871328125 0.379272521875 0.054295896875000006 0.386736315625 0.0288380203125 0.3772667953125 0 0.23732755156250002 0
17 0.382032053125 0 0.39421654375 0.12138672187499999 0.4444516328125 0.123303128125 0.505205271875 0.099308671875 0.5050855703125 0 0.382032053125 0
17 0.5164336578125 0 0.513010571875 0.0887854265625 0.6135898906249999 0.0638802890625 0.6270470171875 0.0156801390625 0.54242981875 0 0.5164336578125 0
17 0.705908575 0.029585559374999997 0.6301017734375 0.015227146875 0.623432475 0.058674409375 0.705908575 0.029585559374999997
17 0.8284521078125 0.11069094374999999 0.8347939890625 0.1534575453125 0.8715625609375 0.136141775 0.8541329578125 0.0943949921875 0.8284521078125 0.11069094374999999
17 0.7577467437500001 0.1686292359375 0.7825263062500001 0.179939934375 0.83377651875 0.159227903125 0.8172505515624999 0.10673255156250001 0.8532222796875001 0.0545693125 0.7809232296874999 0.042812665625 0.7733502953125 0.097008496875 0.7424682625 0.137178028125 0.7577467437500001 0.1686292359375
17 0.739448721875 0.3905022546875 0.73921635625 0.3468296703125 0.6835453703125001 0.3082561734375 0.666125159375 0.3339417203125 0.6674864796875 0.3599640734375 0.715577490625 0.40215915312500006 0.739448721875 0.3905022546875
17 0.4482762703125 0.7764684453124999 0.42361054375 0.7701359562500001 0.4061879828125 0.778963421875 0.38988968281249997 0.7364244890625 0.3682787125 0.7296390078125 0.3646524328125 0.6883428671875 0.3498316390625 0.69366258125 0.34145481875 0.6624366968750001 0.3262948671875 0.669679865625 0.3188263765625 0.661421575 0.2955102328125 0.5968210265625 0.289182440625 0.6552029218750001 0.225805903125 0.5309823875 0.219819615625 0.604298909375 0.1768229953125 0.5838262859375 0.1589497921875 0.606457075 0.13111781875 0.61245745 0.14752760468749998 0.643116509375 0.1357686125 0.6985574796875 0.1966478265625 0.76383164375 0.251749640625 0.777514090625 0.2567301984375 0.7942583375 0.2902233890625 0.8180133859375 0.340799984375 0.8348644234375 0.3411414875 0.8497990546875 0.321795475 0.8582873609374999 0.3182924203125 0.8894017609375 0.33447688750000004 0.9269624828125 0.3902640578125 0.9873722703125001 0.4429894265625 0.997660803125 0.49265769062500003 0.9915442453125 0.522294584375 0.9471886515625 0.525226115625 0.874325121875 0.45834652499999995 0.7812189859374999 0.45619305624999995 0.7540653265625 0.4482762703125 0.7764684453124999
17 0.4802567390625 0.49949361249999996 0.46781003906249996 0.491349159375 0.4776502765625 0.46928519687500003 0.460111534375 0.45627636718750003 0.4978975796875 0.433190240625 0.4633869171875 0.4152055484375 0.44889353906249996 0.3343114 0.4040919984375 0.3521939953125 0.40454264218749997 0.33839066875 0.39006100312499997 0.34178693125000004 0.381911853125 0.320517465625 0.35623335156249997 0.3536714984375 0.3477450453125 0.3343254859375 0.31538550625 0.3266363734375 0.2954773625 0.360807875 0.2613058578125 0.34089973281249997 0.2548595359375 0.36058724999999997 0.270135671875 0.375180375 0.2630133828125 0.41557288124999997 0.27319746875 0.42530162968749996 0.27105104375 0.44872221874999996 0.2854211953125 0.4572058296875 0.27467967031249996 0.5068764406249999 0.2896166484375 0.52339301875 0.2832818125 0.5312006640625 0.29753813125 0.534706065625 0.2807938828125 0.5396866234375 0.28385098750000004 0.5560917140625 0.3098780375 0.58844655625 0.304788340625 0.6004402640625 0.31383877656250003 0.5941030796875 0.33827918281249997 0.60733723125 0.33466229531249997 0.6334734203125 0.366908 0.636184325 0.35831524843749996 0.6792924296875 0.3727945390625 0.6590380875 0.371094059375 0.6349391859375 0.3971164140625 0.6335778624999999 0.3819564640625 0.64082103125 0.37291072187499996 0.6808743796875001 0.3881845078125 0.678609421875 0.3987101 0.7032728015624999 0.4095818953125 0.7765869765625 0.4469196453125 0.7841622562499999 0.460042309375 0.7716017234375 0.4600282203125 0.670453228125 0.44542805156250004 0.6351551171875001 0.40458255468750004 0.6249780703125001 0.44462181562499997 0.5328753171875 0.4802567390625 0.49949361249999996