6 0.096709203125 0.1225068828125 0.0429050171875 0.1163225546875 0.040048703125 0.0930597546875 0.05371198125 0.051042365624999995 0.035526209375 0.056226987500000006 0.008238709375 0.112707871875 0.0010802453125 0.1519587765625 0.0775926984375 0.1897912515625 0.2270472140625 0.23637770156250001 0.2896369890625 0.244434984375 0.3539320015625 0.2385083421875 0.48670701093749996 0.246803028125 0.458922084375 0.229552765625 0.33881919374999997 0.199040315625 0.26278279375 0.165084975 0.1717934984375 0.14870795781249999 0.096709203125 0.1225068828125
6 0.12784786718750002 0.23675109375 0.12181910468749998 0.2433947109375 0.1815135109375 0.2557430859375 0.239264653125 0.28013681875 0.3983964328125 0.2940503671875 0.5457087140625 0.3231897171875 0.5794229171875 0.3190501328125 0.6094281890625 0.2986397125 0.6072859546875 0.2811926109375 0.583110475 0.2654669578125 0.4815308671875 0.2464546828125 0.12784786718750002 0.23675109375
6 0.050742196875 0.27770316093749997 0.0296610546875 0.287178875 0.0326559078125 0.2976340125 0.0464791015625 0.312662975 0.0985780484375 0.3328312296875 0.2952324484375 0.3736222609375 0.5508458015625 0.3510919546875 0.5340277546875 0.3256078546875 0.4893857265625 0.310427384375 0.26695009375 0.28264085156249996 0.19496013750000002 0.28164114375 0.1460940703125 0.27386659375 0.050742196875 0.27770316093749997
6 0.7549571203125 0.3968707703125 0.745119940625 0.3724973203125 0.710116121875 0.35219784062500004 0.6239264046875 0.34703826718749997 0.356394065625 0.37004814375 0.2357370125 0.3907663453125 0.097032725 0.4038615046875 0.07547553125 0.40946008437500003 0.07819330468749999 0.44553054843749995 0.057289759375000006 0.41464470625 0.0438040765625 0.4163005390625 0.020303621875 0.43394447812500003 0.023774526562500002 0.4482767484375 0.0637164640625 0.46698600625 0.082278803125 0.45093228906249994 0.093444653125 0.4721909109375 0.1513343375 0.48377698125 0.31264740625 0.48758373906249997 0.4034377296875 0.4744682953125 0.57704635 0.4669263859375 0.68179840625 0.45603224375 0.74095633125 0.4222033625 0.7549571203125 0.3968707703125
6 0.2061901109375 0.5124618062499999 0.13055165 0.5374913828125 0.12138949375000001 0.5464875250000001 0.20468384374999998 0.5559381906249999 0.3019789828125 0.5400562640625 0.5707014499999999 0.5267392203125 0.715672525 0.5089390109374999 0.732192115625 0.4901844234375 0.7269164875 0.4750898484375 0.6892553265625 0.4610200265625 0.49204676249999996 0.4714596453125 0.356951921875 0.4860794140625 0.2061901109375 0.5124618062499999
6 0.185883478125 0.570053340625 0.1837021875 0.5801601328125 0.2564062234375 0.586975540625 0.5816897046875 0.5883593968749999 0.747365353125 0.5719525703125 0.7868702937500001 0.559230803125 0.8069993296875 0.5420008234375 0.7966860984374999 0.5137502390625001 0.759739015625 0.50549611875 0.5302444046875 0.531706721875 0.2550171234375 0.5477902484375 0.185883478125 0.570053340625
6 0.2653340484375 0.7433027515624999 0.26267670625 0.7495324109375 0.281160934375 0.7885864781249999 0.3996366984375 0.77797506875 0.5473041703125 0.7263913078125 0.739077190625 0.6438107640624999 0.7681303578125 0.615646075 0.7686454656249999 0.591969315625 0.7476033796875 0.5738911375 0.6057656984374999 0.589338821875 0.327962878125 0.72380614375 0.2653340484375 0.7433027515624999
6 0.153363096875 0.7511476781249999 0.1774390921875 0.7521271031250001 0.232611003125 0.7276427109375 0.257578671875 0.69407628125 0.28421252343750003 0.6740798171875 0.4192859890625 0.5896060359375 0.2703679578125 0.589196840625 0.1598465375 0.67852718125 0.1451921 0.7403441953125001 0.153363096875 0.7511476781249999
6 0.2762687234375 0.8343528015624999 0.2918150015625 0.8474849140625 0.3953769265625 0.8268979375000001 0.538720875 0.7679738687500001 0.6341118046875 0.736583409375 0.7127841734375 0.6944550796875 0.7099278609375 0.671192278125 0.6869425109375 0.6651594578125 0.544074615625 0.727960659375 0.4062833765625 0.776363978125 0.2762687234375 0.8343528015624999
6 0.3959206046875 1 0.5349128265624999 0.890255665625 0.601506296875 0.7915605546875 0.6005932484375001 0.7562523953125 0.5619409265625 0.7619822 0.398844509375 0.827267153125 0.3129141921875 0.893900159375 0.25671206562500004 0.96573806875 0.2583782484375 0.9793080359375 0.23668251406250002 0.997714278125 0.23733725468750003 1 0.3959206046875 1
6 0.5212839687499999 1 0.5398332640625 0.9860733515625 0.6054355734375 0.907177865625 0.7197049796874999 0.8065644703125001 0.81037444375 0.708848784375 0.8181084437499999 0.6882212421875 0.7864760453125 0.6675078046875 0.7303520296875 0.68423793125 0.7068515734374999 0.7018818687499999 0.501873646875 0.9277648421875 0.45211590625 0.954536146875 0.3995476765625 1 0.5212839687499999 1
6 0.764723575 0.8108758453125 0.7492342 0.782276915625 0.6117023625 0.9024728156249999 0.555024184375 0.9704335921875 0.5464375640625 0.9980530968749999 0.6929753359374999 0.979076625 0.7559984140625 0.8513030125000001 0.764723575 0.8108758453125
6 0.256086184375 0.731902425 0.2750480859375 0.734343728125 0.2830437671875 0.7342409984375 0.3180866421875 0.726986584375 0.5279459484375 0.6244751890625 0.5736181921875 0.5923021421875 0.43120497343749997 0.5891264640625 0.3305988453125 0.6477224703125 0.2519683296875 0.720881825 0.256086184375 0.731902425
6 0.7660345640624999 0.9051689218750001 0.7722622968749999 0.9280177640625 0.735237103125 0.974871428125 0.79255125 0.9678341359375 0.8143855249999999 0.93662023125 0.8112911859375 0.9114188640625001 0.7801348390625 0.894582559375 0.7660345640624999 0.9051689218750001
6 0.7111006796875 0.9315918812499999 0.694780059375 0.979838928125 0.7284942625 0.9756993453125 0.7693669296875 0.93230885625 0.76266314375 0.90558288125 0.73920174375 0.8956729265625001 0.7111006796875 0.9315918812499999