6 0.2712218078125 0.44008266406249996 0.3036823515625 0.2558446734375 0.310022953125 0.188178240625 0.3420850578125 0.2075150890625 0.3813359625 0.200356625 0.381401575 0.19180906250000002 0.3456794578125 0.1942674328125 0.320740540625 0.1569828390625 0.30793287812500003 0.1571213796875 0.28765368125 0.17003152500000002 0.27347291875 0.1973794546875 0.217204390625 0.39922767812500004 0.2061790234375 0.5210748625 0.2152610609375 0.55127910625 0.23410154374999997 0.5741259140625 0.251962603125 0.572896728125 0.270717190625 0.5563771375 0.2648812078125 0.507749096875 0.2712218078125 0.44008266406249996
6 0.40279142187500006 0.185879784375 0.36528224531250003 0.218918965625 0.287820709375 0.401053775 0.26612308281249997 0.497634834375 0.2677992 0.5320631171875 0.2831108953125 0.5596100171875 0.3110787453125 0.5561995421875 0.33066125 0.5329371109375 0.41239359531249997 0.29999296875 0.4135949046875 0.19405078125 0.40279142187500006 0.185879784375
6 0.46747577500000004 0.4539126484375 0.4983210515625 0.3789882671875 0.5247382734375 0.3253426359375 0.553802228125 0.2797108109375 0.5506395390625001 0.269771925 0.509583821875 0.3273263171875 0.46943938906250005 0.349775184375 0.41408943593750003 0.431957515625 0.342468646875 0.5104309125000001 0.3053937125 0.5880126359375 0.2997295203125 0.61811739375 0.3083976 0.65169305625 0.3308324828125 0.6612922109375 0.3609357375 0.63247706875 0.39247770625 0.5679049734375 0.46747577500000004 0.4539126484375
6 0.5063538453125 0.49633123125 0.5319488890625 0.44814018593749994 0.57662658125 0.3406917328125 0.5775857234374999 0.3168537640625 0.5552820656249999 0.2901594828125 0.5093422140625 0.359808234375 0.46825892031249994 0.4540090359375 0.40225699375 0.558839203125 0.3642229171875 0.66025889375 0.36354650781250003 0.6978205703125 0.3769196375 0.7251294453125 0.39630530468749997 0.72750970625 0.4150598921875 0.710990115625 0.47731591093750003 0.5885887671875001 0.5063538453125 0.49633123125
6 0.5113917234375001 0.2950371703125 0.551495590625 0.17676037656250002 0.582492375 0.1326548296875 0.5825579875 0.12410726718750001 0.5716888921875001 0.1244838328125 0.5428275124999999 0.1431847140625 0.5012443656250001 0.20139053437499999 0.4369185546875 0.3406489828125 0.42321736249999997 0.356077928125 0.40108549531250004 0.408116446875 0.3993640484375 0.4301496921875 0.412934015625 0.431815875 0.468697925 0.34626212500000003 0.5084940140625 0.3186371125 0.5113917234375001 0.2950371703125
6 0.6064125296875 0.70710728125 0.629917496875 0.627859375 0.6527257734374999 0.5382591796875 0.6720505921875 0.39689755312499997 0.6664317296875 0.37054078281249997 0.651816725 0.35334616875 0.636242578125 0.359989525 0.6134796328125 0.39312819062500004 0.60145455625 0.4429854171875 0.5877533640625 0.4584143625 0.574900371875 0.51501443125 0.532443978125 0.63642461875 0.5281731703125 0.68723395 0.5483414234375 0.7393328984374999 0.5754813578125 0.7426652625 0.6064125296875 0.70710728125
6 0.5166729953125 0.668710665625 0.5644928593749999 0.5279045984375 0.5830483140625 0.464681153125 0.632778259375 0.31165204375 0.6726137375000001 0.207335109375 0.6638811609374999 0.191056684375 0.6125597328125 0.2497271328125 0.590714775 0.30786964375000003 0.515763946875 0.48379765468749997 0.4579505265625 0.6341224703125 0.45616346874999997 0.664703278125 0.46372089843750003 0.691298075 0.49003291562499995 0.7013732796875 0.5166729953125 0.668710665625
6 0.9766857906249999 0.22531714374999998 0.92534766875 0.2452788234375 0.8014597531250001 0.27247482968750003 0.7018711140625 0.354358703125 0.674817075 0.3903927375 0.652246203125 0.550178165625 0.7034565703125 0.5017100390625 0.7381133671875 0.4358092734375 0.7690445390625 0.4002512921875 0.7869055984375 0.39902210625 0.8658666953124999 0.32487223125 0.9941426546875001 0.23851950781250003 0.9766857906249999 0.22531714374999998
6 0.68103720625 0.6923143015625 0.7633350171875 0.48681757656249997 0.79875411875 0.42272153437500004 0.7968811640625 0.41393594375 0.7863604140625 0.419488653125 0.7670403593749999 0.40856082968749996 0.7251088671875 0.46159050625000003 0.6576026140625 0.610725190625 0.615539896875 0.6808499953125 0.6059985718750001 0.7104787015625 0.5824733203125 0.74181264375 0.567267803125 0.80154610625 0.5756531484375 0.8213980609375 0.590333765625 0.8300451109375 0.6094367 0.8187016625 0.68103720625 0.6923143015625
6 0.9893782906249999 0.2900862515625 0.9770502000000001 0.278305809375 0.9159298765624999 0.30331253281250004 0.8967613312499999 0.32320354375 0.8381450421875 0.375895709375 0.76708971875 0.4818165234375 0.715223225 0.6157602890625 0.81426668125 0.5543429625 0.973299528125 0.41302408125 0.9866523734375001 0.3924189921875 0.9927305234375 0.35894281562499997 0.9893782906249999 0.2900862515625
6 1 0.41807837187499997 0.9562575921875001 0.430082659375 0.8214466890625 0.550419884375 0.7165219203125 0.619670696875 0.6554421640625 0.740505346875 0.6717130015625 0.7442142781250001 0.7868757875 0.6556870484374999 0.9259777828125 0.53245445625 1 0.4854880296875 1 0.41807837187499997
6 1 0.487737759375 0.92791635 0.53269248125 0.7778796453125 0.6648492046875 0.7045171265625 0.7174418859375 0.682582096875 0.7438377109375 0.6780285562499999 0.780923334375 0.6955615515625 0.8224319687499999 0.7343328859375 0.8271924890625 0.9319855578125 0.659815296875 0.9914297624999999 0.600380290625 1 0.51926376875 1 0.487737759375
6 0.9608016078125001 0.6975759421875 0.9713223578125 0.69202323125 0.9758961828125001 0.7028515703125 0.9858967953125 0.61338991875 0.75343581875 0.8158490437499999 0.7442428390625 0.8506538921875 0.7479887484375001 0.868225071875 0.7567880515625001 0.88470560625 0.7828173359374999 0.8810571046875 0.8661351375 0.7954643 0.882885546875 0.787254246875 0.8907710390625001 0.771111221875 0.9008778312500001 0.7689299328125 0.9608016078125001 0.6975759421875
6 0.8297568953125 0.883398309375 0.8545443031250001 0.88986406875 0.8938608218749999 0.8741580421874999 0.9605797234375 0.8275941250000001 0.973892003125 0.711161109375 0.8297366125 0.835484346875 0.8140312406250001 0.8592228296875 0.8297568953125 0.883398309375
6 0.5970016625000001 0.25472873281249997 0.6029932734375001 0.222110571875 0.593916925 0.10505279062499999 0.560215384375 0.16588669375 0.548528534375 0.23840914687499998 0.5716684265625 0.3089539390625 0.5970016625000001 0.25472873281249997