6 0.6651617828124999 0.8206031140625001 0.6277522484375 0.81995516875 0.492606259375 0.7943826796875 0.5567368328125 0.83025234375 0.6343097609374999 0.8617439593749999 0.6987129859375 0.9054213640625 0.7812756734375 0.9338072593750001 0.888487171875 0.9867385015625001 0.9461965593749999 0.9847232453125001 0.959025446875 0.9627777796875 0.8563265687499999 0.893077271875 0.7439889843749999 0.839347878125 0.6651617828124999 0.8206031140625001
6 0.4702341703125 0.7863695109375 0.590138228125 0.8134514171875 0.6685564515625 0.8204845703125001 0.726879309375 0.8360367312499999 0.8430478796875001 0.85347750625 0.8462380609375 0.84750315625 0.8357132359375001 0.8380991124999999 0.8015620468750001 0.8334287515625001 0.756272565625 0.80178693125 0.5848349921875 0.7589157765625 0.4505342984375 0.7088848249999999 0.4061991015625 0.7045700984375001 0.37099812656250003 0.7185023937499999 0.368216925 0.7361883546875 0.3858719046875 0.755114984375 0.4702341703125 0.7863695109375
6 0.9205118203125 0.833183565625 0.9390802609375 0.8296036687499999 0.940334534375 0.8168568171875 0.927737478125 0.796776403125 0.870532571875 0.7645735203124999 0.701671709375 0.6981605984375 0.437664590625 0.6809966703125 0.452197553125 0.7078495859375 0.4884891359375 0.725148253125 0.7118010406249999 0.793568334375 0.7562044015625 0.799834996875 0.8146635859375 0.8192910281250001 0.9205118203125 0.833183565625
6 0.2657772140625 0.5765802828125 0.23784272031249998 0.6039390359375 0.2387970046875 0.6312661296875001 0.2599148171875 0.65202615 0.3165744203125 0.66861355 0.374624625 0.6763579703125 0.640295 0.6924866578125 0.76596595 0.690052446875 0.9022980515624999 0.70092615 0.9106824828125 0.6977018859374999 0.9081331078125 0.6733619671875 0.9327819171874999 0.6979073140625001 0.9679828921875 0.6839750171875 0.9693053296875 0.6731801015625 0.953313603125 0.6532182328125 0.92741051875 0.6414197374999999 0.918957925 0.642692065625 0.9195713937500001 0.6602594828125 0.9059927140624999 0.6607336609375001 0.901575596875 0.6315731765625 0.8688150109375 0.6180598359375 0.687466078125 0.5833520546875001 0.31282545 0.5612571140625 0.2657772140625 0.5765802828125
6 0.795891028125 0.573702825 0.8702329515624999 0.5613351703125 0.8767496390625 0.553290340625 0.7909967703125 0.5308787953125 0.689224834375 0.5363870640624999 0.412961471875 0.5089023984375001 0.28715419531249997 0.5074327390625 0.2720485875 0.512846028125 0.2657363890625 0.5267466625 0.2799967015625 0.5457918375 0.32633596875 0.558831 0.6023266781250001 0.578507925 0.795891028125 0.573702825
6 0.20326907031250002 0.48984175937499996 0.2496765 0.5048328578125 0.4606231765625 0.511146646875 0.6926195046875 0.5362685203125 0.7639075734375 0.5337790859375 0.82813365 0.523719 0.8313238296875 0.51774465 0.783184984375 0.50183685625 0.6737375890624999 0.48220705625000004 0.5919246953124999 0.47529244843749996 0.5575690171875001 0.46476628125 0.43121643593750003 0.44768114062500003 0.3119258484375 0.43816665156249995 0.23398476562499998 0.44479704531250003 0.20224662499999999 0.46056273125 0.1958662625 0.47251143124999995 0.20326907031250002 0.48984175937499996
6 0.8792038796874999 0.3802477125 0.8770634859375 0.36761940625 0.8751275796875 0.36084690625000004 0.8493608203124999 0.35295228125 0.8057754171875 0.370108840625 0.7888020671875 0.37070156249999997 0.739040790625 0.4056626296875 0.5798047796875 0.46887558125 0.7182091140625 0.4904256546875 0.7350461375 0.4859290609375 0.8568044515625 0.42011622812500005 0.8792038796874999 0.3802477125
6 0.3834184046875 0.44153302187500004 0.491093559375 0.41041250625 0.5148562484375 0.4095826953125 0.5449993 0.3968041828125 0.5855990125 0.391477778125 0.6392321015625 0.370061715625 0.750574578125 0.3466303953125 0.7589590078125 0.34340613124999997 0.7565459609375 0.3229700828125 0.7541329140624999 0.3025340359375 0.7113246421875 0.29328019843750003 0.6229950625 0.29441042031250003 0.4945429078125 0.3145305921875 0.2755252765625 0.369082428125 0.24731813125 0.388633440625 0.245150396875 0.42388681874999995 0.2677951375 0.43970772968749994 0.311857684375 0.43621471562499997 0.3834184046875 0.44153302187500004
6 0.5745423671875 0.464173559375 0.66996128125 0.4227323046875 0.6763416421875 0.41078360468749997 0.7360824375 0.3696111 0.7628989828125 0.3589030671875 0.7607585875 0.3462747609375 0.6965325109375 0.356334846875 0.6291844171875 0.37432121875 0.5991095296875 0.389051665625 0.5450674640625001 0.39875611875 0.5115979046875 0.413605109375 0.4979510625 0.4121273515625 0.48471319843750005 0.42236120625 0.4475081546875 0.427569065625 0.4396008671875 0.4444568765625 0.5745423671875 0.464173559375
6 0.788325296875 0.113725721875 0.8149373515624999 0.097161884375 0.816327953125 0.088318903125 0.7470712921875 0.0516510890625 0.686171721875 0.059640695312500006 0.4944204375 0.16502973125 0.432171090625 0.23169593906250002 0.426949503125 0.2768275375 0.472811628125 0.2762031546875 0.6278758359375 0.2395191453125 0.7261441125 0.1823438640625 0.7757009 0.1415269921875 0.788325296875 0.113725721875
6 0.761999378125 0.23581260468749998 0.779654359375 0.254739234375 0.7824763859375 0.28688689375 0.8643166171875001 0.24591981718749997 0.865298240625 0.225365225 0.8583044125000001 0.2197465078125 0.820894878125 0.2190985625 0.761999378125 0.23581260468749998
6 0.7488705 0.29783201406250004 0.75456923125 0.2663639625 0.7468256078125 0.2392739578125 0.6246174921875001 0.24354155937500002 0.3377746234375 0.302416221875 0.3093629890625 0.31611142812500004 0.30325528125 0.33586786874999996 0.325900021875 0.3516887796875 0.346268040625 0.3509775125 0.5012640859374999 0.3123415671875 0.6398320843749999 0.2899138265625 0.7488705 0.29783201406250004
6 0.491272475 0 0.39530723437500004 0.0033511796874999998 0.3870591296875 0.0104793140625 0.2802154171875 0.16273835781249998 0.2682726515625 0.21005898125 0.284332540625 0.23197278593749998 0.42543643124999997 0.13616965781249998 0.49135309843749997 0.077192646875 0.53366155625 0 0.491272475 0
6 0.599573559375 0.0616876125 0.6156607875 0.0357197328125 0.6129069265625 0.005524009375 0.5013326203124999 0.0709812078125 0.42550459375000005 0.13812159375 0.22978599375000003 0.27589537656249996 0.20365108125 0.3061227609375 0.20765921875 0.3235716328125 0.223310128125 0.3337738265625 0.2573249921875 0.3345403171875 0.300978559375 0.3193356921875 0.46149618437499995 0.1954942046875 0.599573559375 0.0616876125
6 0.6549458703125 0 0.6117889765625 0.0221747296875 0.606226571875 0.057546653125 0.5307393609375 0.1344467140625 0.6095257390625 0.1033578578125 0.686103559375 0.05768876093750001 0.7231041140625 0.046625095312499996 0.782799775 0 0.6549458703125 0
6 0.3041417734375 0.1179307328125 0.391912565625 0.003469725 0.3647552046875 0.0044180796875 0.35311243124999997 0.011664759375 0.273889734375 0.0789236890625 0.278170525 0.1041803015625 0.3041417734375 0.1179307328125
6 0.23356267343749998 0.09205783437500001 0.2561392515625 0.10592680937500001 0.271381184375 0.104417390625 0.280406421875 0.070878859375 0.35796586406249997 0.00465516875 0.2681093578125 0.010724501562499999 0.22921372031249998 0.0648492859375 0.23356267343749998 0.09205783437500001