6 0.5611544078125 0.7525803609375 0.5746272546875 0.729765175 0.5946398562499999 0.5518435265625 0.6024789078125 0.43617772343750005 0.6057991687500001 0.3563140078125 0.6146337187500001 0.2686045515625 0.62833920625 0.18338774687499998 0.6411203140625 0.14836884687500002 0.60917514375 0.15691288125 0.59409925 0.17075558125 0.5717237328125 0.23375644062499998 0.5360961718749999 0.330419228125 0.5082767375 0.47133460937500005 0.489859040625 0.6423698718749999 0.490930709375 0.70013751875 0.49802645468750006 0.72357545 0.516116325 0.75153930625 0.5342036734375 0.760795590625 0.5611544078125 0.7525803609375
6 0.8008036703125001 0.1566806671875 0.7738579765625 0.20231103749999998 0.765004671875 0.2946128390625 0.6864886984374999 0.5504313328125 0.6462630468749999 0.7345144046875001 0.663994853125 0.7369865203125 0.6833190453125 0.713864678125 0.7513767296875 0.48240408281249997 0.8064873218749999 0.2278122125 0.8066550156250001 0.1563740109375 0.8008036703125001 0.1566806671875
6 0.574982796875 0.7365493421875 0.5767605140625001 0.7704701828125 0.5889990375 0.79874069375 0.614710409375 0.8041960203125 0.6301337046875 0.781278615625 0.688083603125 0.543544946875 0.7518898875 0.3429197625 0.76943384375 0.267169509375 0.771023709375 0.22286798124999999 0.77743196875 0.17145212031249998 0.7469072437500001 0.21052626874999997 0.7281188859375 0.2625319328125 0.7169520296874999 0.29202906875 0.7001116015625 0.3252249453125 0.6767163 0.4012818546875 0.6467585671875 0.46407708437500006 0.631693334375 0.512486228125 0.631165059375 0.5397251203125 0.6168058734375 0.56428745625 0.5854360468750001 0.6747762984375 0.574982796875 0.7365493421875
6 0.839334753125 0.5560266125 0.9057924921874999 0.2940372625 0.9508154578125 0.18283288749999999 0.965525146875 0.1276395765625 0.9593883828124999 0.0554343796875 0.9331022499999999 0.06642968906249999 0.8887465765625 0.11805776718750001 0.835030440625 0.194003025 0.792666490625 0.2999659453125 0.7549220828125 0.47541547812499996 0.6836745875 0.7206488453125 0.698219103125 0.75560130625 0.7186124453125 0.7715395390625 0.7459187203125001 0.7701084781249999 0.7682574718749999 0.74852935 0.7866928046874999 0.7084470890625 0.839334753125 0.5560266125
6 0.9802499546875 0.18469169218749998 0.9079207125 0.297327128125 0.8598907484374999 0.4631115015625 0.845539121875 0.543796553125 0.9916172578125 0.3269547828125 0.9802499546875 0.18469169218749998
6 0.8421715390625 0.55417724375 0.8207241671875 0.6114243625 0.82817545625 0.6416464625 0.8354464546875 0.6497689078125 0.8682485328125 0.641247021875 0.9136320796874999 0.574241959375 0.9815245906250001 0.4329271390625 0.994639375 0.3846202125 0.9880719046875001 0.3339433890625 0.8421715390625 0.55417724375
6 0.546193878125 0.2618620171875 0.5465443828125001 0.23123104374999998 0.53289124375 0.2319465734375 0.5242031125 0.23410259843749998 0.5002719765625 0.28127568593749996 0.46978596875 0.37130980468749997 0.4302789609375 0.625083928125 0.434540440625 0.6690788000000001 0.44855164218750004 0.693855009375 0.4700065734375 0.6927306046874999 0.4831238765625 0.66313125 0.5150018234375 0.37574294531249997 0.546193878125 0.2618620171875
6 0.4802417375 0.328244334375 0.529874165625 0.2116962875 0.5241905140625 0.14056474375 0.514435753125 0.12236826406250001 0.4998962765625 0.12483094531250001 0.48128569062500004 0.18022869531250002 0.47633832187499997 0.30974120156249996 0.4802417375 0.328244334375
6 0.44053428281249996 0.41025822968750003 0.4382182125 0.32874599375 0.41763702187499996 0.234585390625 0.38003763125 0.170228578125 0.3651426109375 0.16590709374999998 0.3405003890625 0.19951184375 0.32437104687499996 0.24627605468749997 0.336454475 0.43952262500000006 0.3439057640625 0.469744725 0.38594188749999997 0.5627809234375001 0.4206969328125 0.5728643890625 0.440021125 0.5497425484375 0.45047437500000004 0.48796950624999996 0.44709671406249996 0.42351990937500006 0.44053428281249996 0.41025822968750003
6 0.2726103984375 0.3595342359375 0.25381448125 0.3554171875 0.24938530937499997 0.3828605140625 0.26907764218749997 0.460060696875 0.3237053125 0.5694440046875 0.36982514218749996 0.7030829921875 0.4104416125 0.7876900890625 0.44359923281249997 0.785952371875 0.451220734375 0.763443840625 0.44465326406249994 0.7127670187499999 0.37033326093749996 0.526183528125 0.2726103984375 0.3595342359375
6 0 0.4252179296875 0.02225200625 0.4338801734375 0.09460644375 0.508320453125 0.1634104890625 0.5523341953124999 0.2159049 0.62101249375 0.30883045 0.7147830890625 0.35032317968750004 0.7228127484375 0.367696921875 0.6997931265624999 0.317320653125 0.5595744093749999 0.29071790468750003 0.5184510921875 0.125620728125 0.3910474421875 0.071714221875 0.370062759375 0.0435216078125 0.37324097031250003 0.0114280953125 0.376623621875 0 0.38645406875 0 0.4252179296875
6 0.0862335421875 0.21793950468749998 0.0928060515625 0.3060314703125 0.13023019062500002 0.38570376875 0.23148832968750002 0.47053417187499996 0.22009229375 0.44385211562500004 0.2004245609375 0.400229109375 0.174022796875 0.34871530625 0.1440024703125 0.2884603953125 0.13264673124999998 0.26775913125 0.1086844625 0.247718625 0.0862335421875 0.21793950468749998
6 0.1621786859375 0.6221274640625001 0.20669605156249998 0.7065301234375 0.2306347453125 0.7154797515625 0.253504290625 0.6853693046875 0.2542103375 0.6615224984375 0.242505128125 0.6434282375 0.21395445156249998 0.6211147125 0.163588259375 0.5557262796875 0.1259939078125 0.5287846093749999 0.1621786859375 0.6221274640625001
6 0 0.48141369375 0.0047055296875 0.4909228578125 0.06677944999999999 0.5931131203125 0.0889505078125 0.64297219375 0.1409141234375 0.7201818109375 0.176205003125 0.7591491015625 0.19961038281250001 0.757922478125 0.21503367812500002 0.7350050734375 0.21609526875 0.717942434375 0.1974746046875 0.698509896875 0.11695023281250001 0.52415646875 0.0885773265625 0.505235025 0.020301557812500003 0.4339823921875 0 0.4308438328125 0 0.48141369375
6 0 0.5130929562500001 0.004720648437500001 0.6031682859374999 0.054733815625 0.680480121875 0.0898469234375 0.7160553281250001 0.12459944999999999 0.7074312234375 0.1228242546875 0.6922179546875 0.0955129390625 0.6562338734375001 0.0625230109375 0.5865333890625 0 0.48683928749999994 0 0.5130929562500001
6 0.027892825 0.18698300625 0.027181739062499998 0.1734146703125 0.042605034375 0.15049726562500002 0.0310775953125 0.13579508906249999 0.0197304484375 0.14319256875 0.0117559234375 0.177624503125 0.0128275921875 0.23539215000000002 0.042983253124999996 0.3256495765625 0.061784209374999996 0.36718176874999997 0.121542059375 0.3878597953125 0.11941132031249999 0.365862359375 0.09121114687500001 0.31291785625 0.090500059375 0.2993495203125 0.027892825 0.18698300625
6 0.2508185515625 0.42712824843749997 0.24525847500000003 0.35872164687499997 0.261408484375 0.3427616890625 0.2769891390625 0.3536238203125 0.31746719687499997 0.41596920937500004 0.2945354875 0.33415579218749997 0.278368459375 0.22165132656250003 0.289713303125 0.159228559375 0.30554026093750003 0.13710271093749998 0.2884914578125 0.1283784875 0.25780311562499997 0.16090089999999999 0.234494078125 0.2060891109375 0.221176503125 0.24594502187499998 0.2315060140625 0.36012934531249996 0.2508185515625 0.42712824843749997
6 0.6740308046875 0.3994527015625 0.699873359375 0.31676828281249997 0.69761115625 0.238837640625 0.6951656703125 0.1620240234375 0.6808347593749999 0.1222432546875 0.66343001875 0.12933821875 0.6484268953125001 0.15210785468750002 0.6408070625 0.21777029531249997 0.6332611359375 0.299916359375 0.6365314640624999 0.38493053593750004 0.6400162109374999 0.46649850937500004 0.6740308046875 0.3994527015625
6 0 0.3444793765625 0.011958890625 0.3680923015625 0.0211803375 0.376112528125 0.0559328640625 0.3674884234375 0.029147304687499997 0.2855578796875 0.013185654687500001 0.2608838890625 0 0.2525421765625 0 0.3444793765625