6 0.804047459375 0.7778683890625 0.82890019375 0.74126084375 0.81924296875 0.505493884375 0.7945229078125 0.3993586 0.763767334375 0.3612413046875 0.7370952078124999 0.35514851406250003 0.7202937671874999 0.380163621875 0.73824464375 0.41858944062500003 0.7613706046875001 0.514659965625 0.797503565625 0.7427945015625 0.804047459375 0.7778683890625
6 0.6674119265625 0.670543834375 0.6901451078124999 0.7391639296875 0.7051041734375 0.771185446875 0.7133518546875 0.773318221875 0.7397697890625 0.7278650734375 0.737782909375 0.6903498859375 0.75111305625 0.574748959375 0.750131109375 0.5061228859375 0.7387760109375 0.421944359375 0.7292692062499999 0.39937653125 0.707489071875 0.3804721453125 0.6848714921875 0.3874934984375 0.668266440625 0.42623381875 0.6674119265625 0.670543834375
6 0.5663372578125 0.5317938921875001 0.5643273921875 0.5940156625 0.5501502015625 0.6852119890624999 0.56427550625 0.674842259375 0.592818909375 0.6428087890625 0.6165511078125 0.5616706796875001 0.662871984375 0.4546008578125 0.676594909375 0.3664503609375 0.67321031875 0.332595628125 0.657552396875 0.3024043390625 0.6328093515625001 0.2960060140625 0.6121497515625001 0.3216321921875 0.5980918484375 0.4201529828125 0.5663372578125 0.5317938921875001
6 0.5566807093749999 0.8703531718749999 0.5595050328125 0.8819426218749999 0.565991125 0.8791957874999999 0.588579803125 0.8532640718750001 0.6105793125 0.7861567140625 0.6372974078125 0.5927755875 0.6384120281250001 0.51865883125 0.61794881875 0.5580102250000001 0.5947479875 0.6425032515625 0.5674348078125 0.6760614140625 0.572020721875 0.6925304765625 0.5715241703125 0.8267332390625001 0.5566807093749999 0.8703531718749999
6 0.469507609375 0.3012359890625 0.4551666140625 0.3293004796875 0.4468959453125 0.4269046625 0.4513202859375 0.5672061921875 0.44757773125 0.6434587125 0.44442434531249997 0.7608868765625 0.4543239296875 0.8109051359375 0.461370290625 0.83042358125 0.46908660468749996 0.8292014359375001 0.490387259375 0.7639243062500001 0.49765299374999994 0.6974310078125 0.503601803125 0.5726819328125 0.5007774796875 0.56109248125 0.5121266624999999 0.5266236890625 0.5151992609375 0.471111759375 0.5188840156250001 0.3570385140625 0.5067203734375 0.3176960859375 0.49125884218750004 0.3012300125 0.469507609375 0.3012359890625
6 0.36081515625 0.45773391874999997 0.3925007921875 0.6453038828125 0.4076273453125 0.67214025 0.414477315625 0.67793348125 0.4181390828125 0.6635971953124999 0.42921109062499996 0.6773194218749999 0.44531367499999996 0.65413454375 0.45051174375 0.612042290625 0.449922575 0.5708666484375 0.44683814374999997 0.38908393750000003 0.43939900625000006 0.3421150625 0.4263690203125 0.3097880109375 0.39527846875 0.2820410109375 0.3707318109375 0.2893678984375 0.3546581265625 0.33146313906249997 0.36081515625 0.45773391874999997
6 0.30178744218750003 0.28481175625 0.28406776875 0.3976688328125 0.270518246875 0.5992815015625 0.2513430625 0.6779783109374999 0.2571302984375 0.6770617031249999 0.2692072375 0.65967304375 0.2948166296875 0.65905599375 0.31508344843749997 0.6059793859375 0.3362106984375 0.427240084375 0.3679074875 0.27777845 0.36292879375 0.23385895781250002 0.3464045296875 0.21068304375000002 0.3265823734375 0.2103834859375 0.31853108125 0.22197592500000002 0.30178744218750003 0.28481175625
6 0.110538678125 0.8979252859375 0.145052953125 0.9014883656249999 0.21257699843750003 0.8512019437499999 0.305006465625 0.7995031109374999 0.3629307140625 0.7095104328125 0.386524325 0.652467834375 0.3617175625 0.48960146406250005 0.343685896875 0.513091878125 0.32341907812500004 0.5661684859375 0.2976192125 0.671707640625 0.2816552140625 0.670797009375 0.226722778125 0.767193990625 0.161658371875 0.8474586109375 0.110538678125 0.8979252859375
6 0.0955382609375 0.7679978843749999 0.0929392265625 0.7890440109375 0.10278100937500001 0.8012415453124999 0.1179364640625 0.8469882765625 0.126184146875 0.8491210515625 0.178043984375 0.8082360015625 0.1987723578125 0.76656459375 0.21424590000000002 0.7371596625 0.24714992656249998 0.688959678125 0.27085322500000003 0.5889112062499999 0.2787022125 0.44494623281249995 0.198859240625 0.540130034375 0.0938863578125 0.7201124015625 0.0884919 0.7484794390625 0.0955382609375 0.7679978843749999
6 0.11242048906249999 0.6810665453125 0.20025695156249998 0.536469578125 0.27624176718750004 0.4418968484375 0.2977906953125 0.3095183375 0.288312790625 0.3058608703125 0.26642296875000004 0.3299623578125 0.096675865625 0.5941441703125 0.0229551078125 0.6780410703124999 0.036210384375 0.7430036984374999 0.11242048906249999 0.6810665453125
6 0.26030075468749997 0.341249259375 0.26798816875 0.321116753125 0.26161176406250003 0.28085771875 0.2289271125 0.243045959375 0.1980618515625 0.2479345375 0.163396234375 0.291254909375 0.09744959375 0.4117503875 0.025519325 0.5194372625 0.0052525062499999995 0.57251386875 0.0211935171875 0.6731614578125 0.026980754687500004 0.67224485 0.0947467875 0.59444970625 0.2000835484375 0.42300740625 0.26030075468749997 0.341249259375
6 0 0.526009090625 0.0075165625 0.5618380390625 0.02166116875 0.520048334375 0.094122803125 0.41571638125000004 0.12506885 0.3489115703125 0.1794988203125 0.26807003125 0.1824617328125 0.255563971875 0.1727585375 0.2192709296875 0.15729700625 0.2028048546875 0.139935296875 0.2055546796875 0.0591226203125 0.3665107609375 0 0.46983156875 0 0.526009090625
6 0 0.4306758171875 0.10353699062499999 0.2629058046875 0.1029767234375 0.24064052187499999 0.0792675109375 0.2220416734375 0.0561185640625 0.22570810625 0.0046226062499999995 0.2751332234375 0 0.281681759375 0 0.4306758171875
6 0.5142995781249999 0.482960640625 0.5168178265625001 0.5238307468750001 0.507397721875 0.5579940046874999 0.5018357765625 0.5915461890625 0.5018127906250001 0.691283146875 0.5188684234375 0.7178139796874999 0.5369289875 0.7132339265625001 0.5571669078125 0.6412469578125 0.565241184375 0.5299175609375 0.591404928125 0.43291847343749995 0.598139296875 0.36307025625 0.59363416875 0.284684959375 0.5672681203125001 0.2493115125 0.5446505421875 0.256332865625 0.5336363375000001 0.2804313640625 0.5161130546875 0.40701365625 0.5142995781249999 0.482960640625