6 0.3381679125 0.8078854124999999 0.19407252656250001 0.7961134046875 0.1554557515625 0.796549746875 0.1469740546875 0.8024866921875 0.138504040625 0.794336128125 0.099881425 0.8018162249999999 0.09987558125 0.808859978125 0.1168156078125 0.8251611046875 0.146005678125 0.8344519234375 0.361192065625 0.8699876609375 0.47704238749999994 0.8686786328125 0.5180275234375 0.851722990625 0.5284109203125 0.8241181046875001 0.510059225 0.80645855 0.472848278125 0.8152970749999999 0.40174559218750006 0.805620853125 0.3381679125 0.8078854124999999
6 0.25443615625 0.694414546875 0.20875519374999998 0.6951025078125 0.13432745625 0.7198233093749999 0.1343216140625 0.7268670625 0.1780891921875 0.7619345531249999 0.2298893328125 0.7647851921875 0.338179596875 0.7937979046875 0.43188066875000003 0.8111214546875001 0.483680809375 0.81397209375 0.5044067078125 0.8080685953125 0.5176134421875 0.7831805625 0.49785592031250003 0.7571188281250001 0.4441891328125 0.733673609375 0.25443615625 0.694414546875
6 0.43860088125 0.6578023625 0.4014133015625 0.638465871875 0.3519756796875 0.6261396890625 0.246992940625 0.5838612140625 0.238983746875 0.58790305 0.28511384375 0.6134949953125 0.3180488875 0.649887465625 0.4696108578125 0.744037790625 0.5105667828125 0.7623009187500001 0.5764836109375 0.77873583125 0.6193470765625 0.7682872625 0.6188979421874999 0.74200735625 0.592076234375 0.7161972390625 0.516744384375 0.6954019812500001 0.43860088125 0.6578023625
6 0.526702015625 0.6133421734375 0.443665609375 0.5980494203125 0.34980501249999996 0.5774934484375 0.3231023984375 0.548474284375 0.283826028125 0.541527596875 0.265268528125 0.5535700328125001 0.2990000421875 0.59409941875 0.43672255 0.651295290625 0.5450011296875 0.6943955109375 0.6504680578125 0.7206913687500001 0.6853223296875 0.7142846359374999 0.6978308 0.6874404171874999 0.6773051625 0.6648402531250001 0.6481115609375 0.657154909375 0.526702015625 0.6133421734375
6 0.12125509375000001 0.58270500625 0.192334409375 0.6205562421875 0.3524072875 0.67355085625 0.31192970937500003 0.646348865625 0.28793718125 0.61621185 0.2323920640625 0.5862595578125 0.11515928125 0.550991390625 0.0953842328125 0.5460609171875 0.093966721875 0.55174624375 0.12125509375000001 0.58270500625
6 0.6698816046875 0.59368563125 0.6383465421875 0.5727390953125 0.47497198125000006 0.525966490625 0.388795915625 0.520583721875 0.35775022968750003 0.5172691328125001 0.3243933734375 0.48374486875 0.1811929375 0.4342175734375 0.15162960625 0.41383640312500003 0.160254403125 0.45013869531250006 0.25655794374999996 0.50626895 0.51870450625 0.6032965015625 0.626522265625 0.6342043234375 0.668913228125 0.6256508640625 0.6698816046875 0.59368563125
6 0.67233175625 0.47855378125000003 0.49434463281249996 0.44826702812499997 0.3671892734375 0.4527961453125 0.333740828125 0.46760506093750004 0.3276041234375 0.485197721875 0.3586608375 0.5150831203124999 0.3718442046875 0.518370103125 0.37655755625 0.513506521875 0.44012355156250005 0.5253294687500001 0.48203616718750003 0.525714871875 0.6416540687500001 0.5594733328125 0.70853343125 0.550986765625 0.72645351875 0.5212351515625 0.7038726609375 0.4924565625 0.67233175625 0.47855378125000003
6 0.40918368125000004 0.354568996875 0.39177699375 0.333119225 0.391788678125 0.3190317171875 0.33155941875 0.2587242390625 0.2910469375 0.211973015625 0.2393785296875 0.1242817109375 0.220797190625 0.164778153125 0.24615654999999997 0.20769229218750002 0.2521830671875 0.27993809999999997 0.27594419531250003 0.3132969921875 0.3314601015625 0.378468053125 0.3945243828125 0.42740487812500005 0.44207198906249995 0.447311496875 0.4665720734375 0.43329088125000004 0.48492961250000005 0.44390668125 0.5000029921875 0.439613228125 0.5371964140625 0.45190596562499996 0.541448946875 0.4348499859375 0.524042259375 0.413400215625 0.40918368125000004 0.354568996875
6 0.4690047 0.33929029375 0.4092187328125 0.3123064734375 0.400270375 0.3130947734375 0.397429509375 0.3315091796875 0.42471788125 0.3624679421875 0.4680246390625 0.3853430328125 0.605020784375 0.43962918125000006 0.7354135625 0.5063593453124999 0.7848511859375 0.518685528125 0.8102904359374999 0.50791845 0.8168938046875001 0.495474434375 0.793840440625 0.468590953125 0.70393108125 0.422019025 0.4690047 0.33929029375
6 0.4609208921875 0.33526185625 0.618170434375 0.385539615625 0.607833775 0.356794471875 0.5495003734374999 0.28186280468749997 0.4182268515625 0.1414415671875 0.385280121875 0.11913660468750001 0.3716242515625 0.11774472968750001 0.351849203125 0.11281425781250001 0.32971163593749997 0.11735932812500001 0.2958082140625 0.1129320890625 0.27931732187499997 0.12291086874999999 0.2920223421875 0.1351367140625 0.28776980937499996 0.15219269375 0.30092980625 0.183654690625 0.3286848375 0.2197620984375 0.344691540625 0.22576593437499998 0.3489148640625 0.2439287234375 0.3559732078125 0.250720859375 0.36490988281250003 0.26402006718750004 0.39925659687500004 0.301770965625 0.4609208921875 0.33526185625
6 0.390311934375 0 0.4033390859375 0.019973971875 0.43527070312499994 0.130594196875 0.6046242296875 0.34995549062500003 0.62108006875 0.38223923437499996 0.6370809296875 0.395286825 0.728880303125 0.43427831718750004 0.7406636828125001 0.42211936406249995 0.7260861765625 0.39634269375 0.638586075 0.2839451921875 0.531783428125 0.16472210781250002 0.450425875 0.0276881921875 0.4217199921875 0.00241475625 0.42078405625000004 0 0.390311934375 0
6 0.42771055625 0 0.53507926875 0.165543853125 0.636235240625 0.2793332296875 0.7096186531249999 0.3781464578125 0.74444955625 0.399914740625 0.7821213218749999 0.4032686140625 0.8226339546875 0.38820808281249997 0.82642566875 0.3589597046875 0.807618996875 0.3220639984375 0.6937521624999999 0.2030925328125 0.6325954234375 0.1254440109375 0.528126084375 0.031964150000000004 0.4994233203125 0 0.42771055625 0
6 0.5290955859375 0 0.54744615625 0.017658471875 0.5982428671875 0.094736865625 0.6335404312499999 0.12165379218750001 0.6970480046875001 0.203914278125 0.7591614343749999 0.263685075 0.8127931687500001 0.329392815625 0.8292665343750001 0.34054529843750003 0.8702341421875 0.3447209171875 0.888136703125 0.336100565625 0.8923892359375 0.3190445859375 0.8796900578125 0.2997749875 0.69241644375 0.11016530625000001 0.6180880234374999 0.015142295312500002 0.5547315375 0 0.5290955859375 0
6 0.84487668125 0.2568754453125 0.8622950546875 0.264237709375 0.8915026515625 0.2523972671875 0.9037760625000001 0.21721194375000002 0.84264269375 0.11138840781249999 0.7913559515624999 0.057336382812499996 0.6585772859375 0.028256778125 0.7879607921875 0.17625845 0.84487668125 0.2568754453125
6 0.6741056421875 0.0431994765625 0.6529306109374999 0.02282306875 0.6190271875 0.01839583125 0.69523978125 0.1128821609375 0.842992509375 0.2574121265625 0.8143041546875001 0.21100742968750003 0.6741056421875 0.0431994765625
6 0.2965766484375 0 0.29900212812500004 0.026934070312500002 0.31533096718750003 0.063530953125 0.3699840734375 0.1080568609375 0.4404295109375 0.1487954125 0.41443564843749997 0.0687251734375 0.3606245828125 0.040672031250000004 0.34019913281249997 0.011998303125 0.316960940625 0 0.2965766484375 0
6 0.2330333734375 0.4304735078125 0.2644935140625 0.4574261921875 0.3200224171875 0.4785894609375 0.32488737031250003 0.46191323124999994 0.359076490625 0.44909852499999997 0.25911115156250003 0.41095492812499995 0.23200514062500002 0.4090754578125 0.2330333734375 0.4304735078125
6 0.44830603125 0.5962560921875 0.5073187703125 0.6091803609374999 0.526156603125 0.6085093796875001 0.524906978125 0.601040775 0.5177928875 0.5983724031250001 0.48494207031250003 0.5866032546875 0.44706679375 0.5762652593750001 0.40270743124999997 0.560732078125 0.3606477 0.54845615 0.34599951562500003 0.544803946875 0.3106338734375 0.53688093125 0.2756882296875 0.527273375 0.2327884921875 0.518366528125 0.18841874375 0.5153555765625 0.1413189734375 0.5232941421875 0.0791458234375 0.5355261609374999 0.081020259375 0.54672906875 0.1268496328125 0.5563663546875001 0.163265284375 0.5600780171874999 0.246345125 0.576319 0.2798311390625 0.5793002203125 0.325040896875 0.578942090625 0.3610417375 0.5780771796875 0.40708111562499993 0.5868721953125 0.44830603125 0.5962560921875