6 0.2520967046875 0 0.275976415625 0.028485490625 0.3486225859375 0.0750332125 0.3796623453125 0.0904926453125 0.40376424999999994 0.10730568124999999 0.535031365625 0.1658441203125 0.69115605 0.252044928125 0.7620252 0.2994174734375 0.786052346875 0.29759840625 0.80221575 0.2882293 0.8176234906250001 0.268010859375 0.8161121640625 0.24631219375 0.8010655828125 0.223429346875 0.7628429875 0.1926371046875 0.612730265625 0.0961790546875 0.488571228125 0.0343413203125 0.439342090625 0 0.2520967046875 0
6 0.677172240625 0.1390681234375 0.70356184375 0.1492192578125 0.7160009828125 0.143445490625 0.7121271984375 0.10977662343750001 0.621316328125 0.0175265203125 0.606855184375 0.0074386984375 0.5253032078125 0.0042249968749999995 0.5950555343749999 0.0838494953125 0.677172240625 0.1390681234375
6 0.43999606562500004 0 0.51462038125 0.0483838390625 0.5916717203124999 0.08355345 0.5191005375 0 0.43999606562500004 0
6 0.359263996875 0.1092941703125 0.26354964375 0.0770225484375 0.2760406984375 0.1074193890625 0.31948865625 0.1352230640625 0.479827578125 0.251201353125 0.654893334375 0.354743975 0.75317344375 0.40059349843750003 0.7800737265625 0.404907553125 0.812985971875 0.39896436562500004 0.8290746171875 0.37096315625 0.8151241515625 0.35503825624999996 0.5764468421875 0.23808800156249998 0.4018917625 0.1287083015625 0.359263996875 0.1092941703125
6 0.5001097515625 0.2921875265625 0.38050540312500003 0.2562358890625 0.288312015625 0.21876122812499998 0.2231683109375 0.18436980625 0.2004775359375 0.1839685828125 0.24149662031250002 0.22676133437499998 0.27773159999999997 0.26913553125 0.3474769828125 0.3219667734375 0.45793053749999996 0.38456601875 0.553677965625 0.42039103125 0.6649826515624999 0.4732618140625 0.702034375 0.47846400468750006 0.7329993734375 0.47529133437500004 0.7708274671875001 0.4521329578125 0.7732106328125 0.424893259375 0.7399786421875 0.39551793125 0.5001097515625 0.2921875265625
6 0.39551056875 0.35753853750000003 0.30874370624999997 0.29701160781249997 0.2720324375 0.28791803125 0.26998972499999996 0.3112663453125 0.2832592859375 0.334974015625 0.3118411203125 0.35904104375 0.429817965625 0.4330817140625 0.482597175 0.45338398125 0.5964345437499999 0.516279271875 0.6566622828125 0.5293908593750001 0.689574528125 0.523447671875 0.6982146421875 0.5026371421875 0.6776667749999999 0.484174459375 0.39551056875 0.35753853750000003
6 0.375166271875 0.4341820671875 0.26418133125 0.41662980000000005 0.245144790625 0.41986578281250003 0.2227244375 0.4228057203125 0.177202828125 0.436468365625 0.1658598046875 0.4492000796875 0.21608562031249998 0.49868773749999995 0.41181541875 0.5609053453125 0.4942185265625 0.554390584375 0.5600430171874999 0.542504209375 0.572822609375 0.532839059375 0.56809769375 0.5088986546875 0.5409524265625001 0.4878981875 0.5049220609375 0.471021840625 0.43454288124999996 0.45702211718749997 0.375166271875 0.4341820671875
6 0.359949465625 0.4132449125 0.385242953125 0.41643809843749996 0.350574396875 0.3839962078125 0.30845730625 0.3587449984375 0.269479046875 0.3171034234375 0.1554507421875 0.29536372499999997 0.1501944421875 0.3164703015625 0.195014440625 0.3498003265625 0.359949465625 0.4132449125
6 0.3243262390625 0.5865809890625 0.3200912953125 0.5960134078125 0.36305951406250003 0.6115361546875 0.43073578437500004 0.6174570609375001 0.562044315625 0.5975756984375 0.7126343703125 0.5911447640625 0.7839601468749999 0.5748382265624999 0.7895568984375 0.549840265625 0.762071178125 0.5327311859375 0.6566622828125 0.5293908593750001 0.4596994875 0.5592129015625 0.3243262390625 0.5865809890625
6 0.5642365453125 0.6114915937500001 0.513724328125 0.623737325 0.42029794374999996 0.6783023140625 0.332447603125 0.7470792453125 0.308399746875 0.7881082140625 0.3086447328125 0.8047946250000001 0.3203822609375 0.84601353125 0.3473573015625 0.8689596906249999 0.3696281359375 0.8287555453125 0.45171149843749997 0.7869222687499999 0.49233796874999997 0.7512649109375 0.6842561046875 0.6621839484375001 0.7077932812500001 0.6269920578125 0.685053184375 0.59461348125 0.585901234375 0.5977023234375001 0.5642365453125 0.6114915937500001
6 0.22085651562500003 0.7559418531250001 0.289213690625 0.7540799890625001 0.339896134375 0.7398885640625 0.41318986406249997 0.681601609375 0.2978745125 0.6940595578125001 0.2213879015625 0.7108948749999999 0.18584750625 0.7273913484375 0.174089271875 0.72538234375 0.168247534375 0.73369389375 0.22085651562500003 0.7559418531250001
6 0.08743051406249999 0.780539425 0.134538209375 0.8072075484375001 0.1851251859375 0.813593921875 0.2534823609375 0.81173205625 0.3070379390625 0.80367375625 0.324999071875 0.754269925 0.12625925625 0.7849167921875 0.09911398906249999 0.7639163250000001 0.0799072234375 0.7690980015625 0.08743051406249999 0.780539425
6 0.6536649 0.7585171390625 0.6772768359375 0.741957353125 0.6662949734375 0.7115877796875 0.6384688015625 0.698370084375 0.61122806875 0.6979474140625 0.499446046875 0.747965615625 0.45670210625 0.7883391828125 0.5668566234375 0.7764100125 0.6536649 0.7585171390625
6 0.71424409375 0.8028406203125 0.706986496875 0.7688757078124999 0.6757765109375 0.7553619671875 0.5542789703125 0.78002285 0.46002216249999994 0.805106403125 0.3663507921875 0.8429849828125 0.2904238078125 0.8531565125 0.265201515625 0.8580778562500001 0.2586339171875 0.870175234375 0.27407345156249996 0.8826141078124999 0.3094604671875 0.89196975625 0.3465126234375 0.8968717046875 0.4082021875 0.8907596812499999 0.516504928125 0.8610232312500001 0.5750511140625 0.8543818453125 0.7032415234375 0.8116809484375 0.71424409375 0.8028406203125
6 0.1740271484375 0.8430120453125 0.1477870640625 0.8701251203125 0.134837246875 0.8817359640625 0.09708391093749999 0.9235264453124999 0.106724675 0.9302516593749999 0.1612061421875 0.9310969984374999 0.245066525 0.8884388984375 0.2510784875 0.87818165625 0.2613253953125 0.8584919953125001 0.28442665312500004 0.8477692875 0.3171686734375 0.8437717921875001 0.30509069375000003 0.806444271875 0.23605261562500002 0.8160889078125001 0.1740271484375 0.8430120453125
6 0.3562138984375 0.9040564828125 0.27862161093750004 0.9408280703124999 0.34901470625000003 0.9469866687499999 0.42667563125 0.9366772984375 0.5542598953125 0.9203912765625001 0.6550393453125001 0.8792134031250001 0.6513357875 0.8435988421875 0.629766565625 0.836810315625 0.577136875 0.8537722562500001 0.5324663953125001 0.8577064390625001 0.4243338828125 0.8854971968750001 0.3562138984375 0.9040564828125
6 0.5564946640625 1 0.5824058125 0.9689274875 0.58461875 0.94363348125 0.573711646875 0.9318960125 0.5456945421875 0.9598339109375 0.46555842500000005 0.998896671875 0.4800493875 1 0.5564946640625 1
6 0.2517632640625 0.9801920187500001 0.4437175125 0.9952135656250001 0.4588595609375 0.997518615625 0.542209265625 0.96069759375 0.5643846328125 0.9410712453125001 0.5625328546875 0.9232639640625001 0.4438336875 0.93542586875 0.431564775 0.939253940625 0.3030446359375 0.9607848296875 0.2517632640625 0.9801920187500001
6 0.43049679531249996 0.6201887187499999 0.38295318125 0.6179897765625 0.346241909375 0.6088962 0.32306589375 0.6009868046875 0.3121587890625 0.589249334375 0.36588459375000004 0.5792453421875 0.3628412328125 0.5750579109375 0.224956009375 0.5531915890625 0.1824984671875 0.5318317640625 0.1333687671875 0.489302053125 0.0908364671875 0.44931012499999995 0.11693967031250001 0.5211946484375 0.17240107968750001 0.588785634375 0.20319546875 0.61101646875 0.2484594109375 0.6273309593749999 0.3186862890625 0.6369606734375 0.431156990625 0.6516158484375 0.47616792343750003 0.6437902796875 0.5031636734375 0.6275265390625 0.5030889125 0.608894434375 0.43049679531249996 0.6201887187499999
6 0.308240953125 0.0591503796875 0.24536545625 0.0536494875 0.287347246875 0.0854384609375 0.3829113109375 0.1187472640625 0.58625783125 0.2428675234375 0.7330822046875001 0.31845173125000004 0.77140026875 0.328666178125 0.7665051296875001 0.3066714671875 0.7006265859374999 0.26071583593750003 0.5316475515625 0.165548075 0.380758459375 0.09745059218749999 0.308240953125 0.0591503796875
6 0.4639696015625 0.24701508906249997 0.3886213 0.19043704374999998 0.2677691125 0.143917678125 0.20442504218750002 0.120159778125 0.1740405171875 0.128985471875 0.1938774828125 0.1620050375 0.2502455234375 0.1946566109375 0.3290290515625 0.23085333593750001 0.3775096765625 0.2513308984375 0.47700668593750006 0.279043709375 0.5340020796875 0.28878218125 0.4639696015625 0.24701508906249997