6 0.6871676546875001 0.5857745390625 0.6307474390625 0.7482830984375 0.6168732968749999 0.8044720796875 0.6080767796875 0.8149930046874999 0.5804816359375 0.8084026671875 0.59566426875 0.8403974578125 0.6103850828125 0.841268565625 0.6326457671875 0.8331217375 0.654008734375 0.8075709203124999 0.74058843125 0.6089906203125001 0.765823428125 0.499618634375 0.7549235984375 0.4545824578125 0.7418953265625 0.438488665625 0.7220709624999999 0.43844223437499996 0.7044009625000001 0.454296803125 0.704426884375 0.499140184375 0.6871676546875001 0.5857745390625
6 0.6268989406250001 0.48891905468749997 0.568683290625 0.6166196375 0.5194691437500001 0.70451775625 0.5048771453125 0.7985206953125 0.51198111875 0.80322245625 0.5564255171875 0.78174151875 0.5675813828125 0.757840053125 0.6197706390625 0.6980596421875 0.6397230203125 0.663637253125 0.6800636812499999 0.581072778125 0.69660505625 0.532252378125 0.70427294375 0.488765621875 0.69545050625 0.454443165625 0.6627518109375 0.448677503125 0.6268989406250001 0.48891905468749997
6 0.44322297187500004 0.60829415625 0.40744707187499996 0.6537229890625 0.41085807812499997 0.6681209984375001 0.4718697734375 0.64266304375 0.534702028125 0.5675135828125 0.618102425 0.49943997968750004 0.6607513890625001 0.44315106562500006 0.6786263781249999 0.39801495781249996 0.68024195 0.3776049921875 0.6650593171875 0.3456102 0.631924725 0.353564234375 0.4806144453125 0.54245535625 0.44322297187500004 0.60829415625
6 0.3883405625 0.615862603125 0.370003753125 0.6298750265625 0.3615920875 0.6663323531249999 0.379211040625 0.6901338875 0.4356831 0.6173120921875 0.488744153125 0.5300922859375 0.5879421453125 0.40616885781249995 0.6226663890624999 0.332961475 0.623538184375 0.3055220796875 0.6148696859375 0.28157418437500004 0.5815811531249999 0.2791536578125 0.5013867765625 0.3909068109375 0.430168778125 0.5473569828125 0.3883405625 0.615862603125
6 0.3304846375 0.8539990734374999 0.3395120625 0.8590399906249999 0.3864697515625 0.834553075 0.4693313578125 0.73016850625 0.5587581484374999 0.5941747312500001 0.56806753125 0.5751213921875 0.5696061343750001 0.54952414375 0.539138771875 0.5648467609375001 0.47571667812499996 0.6433413578125 0.4370426390625 0.6658397640625 0.3670043140625 0.815599665625 0.3304846375 0.8539990734374999
6 0.377644125 0.282859159375 0.317069125 0.42394028125 0.270112234375 0.5777700625 0.2750877671875 0.61141420625 0.28996252031249997 0.622659875 0.31473649375 0.61150706875 0.34792213437499997 0.5638969328125001 0.358847090625 0.5244336265625 0.3789534125 0.5003857984375 0.3997775890625 0.438524015625 0.44588860781250006 0.356977009375 0.4584291359375 0.2971037359375 0.44309256250000006 0.2547343828125 0.41483061093750007 0.2463018984375 0.377644125 0.282859159375
6 0.4520948640625 0.3442747828125 0.40170104218749997 0.438863171875 0.36979796875000004 0.5298137015625 0.3578213546875 0.5414984578125 0.33861275156250004 0.5829502734374999 0.3270979578125 0.625758715625 0.2610345578125 0.741728109375 0.25454634375 0.7785245953125 0.25729054375 0.791080459375 0.264317546875 0.7905949390625 0.3053509375 0.7547159921875 0.3466662859375 0.6947427875 0.370593590625 0.626529890625 0.390110075 0.605827196875 0.496360196875 0.39691876718749997 0.51764619375 0.36618066875 0.525468021875 0.3330684765625 0.52256988125 0.31013805 0.4941539890625 0.2913310046875 0.4520948640625 0.3442747828125
6 0.30688669687500003 0.8843295124999999 0.31206721718749997 0.8886921171875001 0.3337891109375 0.8442343234375 0.3546392109375 0.8272159218749999 0.36866729375 0.7814015015625 0.41980489218750006 0.6938425406250001 0.41883020625 0.6712512703125 0.3716622078125 0.7010453421875 0.3604161703125 0.6830400671875 0.33569778437500003 0.723265334375 0.3257614984375 0.7772851921874999 0.30688669687500003 0.8843295124999999
6 0.40841857031249995 0.1589428 0.3837215671875 0.1752828890625 0.28047168125 0.32780954218749997 0.2345146015625 0.41973110937499997 0.157064425 0.5440401265625 0.1835568640625 0.562508015625 0.204483934375 0.550676896875 0.23648989843749998 0.50975703125 0.3044767515625 0.3941267921875 0.36464177656249996 0.31160874843749997 0.3782339625 0.2795140234375 0.4122403515625 0.24412059687499998 0.4246528625 0.21871614374999998 0.4299614 0.1886099265625 0.4226265171875 0.1683463234375 0.40841857031249995 0.1589428
6 0 0.718628759375 0.006877121875 0.7161387593749999 0.099950965625 0.703988778125 0.1420624515625 0.6966061421874999 0.260366953125 0.6105431 0.306503096875 0.4444966109375 0.2458762515625 0.4958909703125 0.20389409687499999 0.5540220312499999 0.0722023953125 0.642898259375 0 0.6823471453125001 0 0.718628759375
6 0 0.6721282859375 0.054614770312500005 0.643051434375 0.11128591562500001 0.58876715625 0.1722716875 0.51846581875 0.2303593203125 0.42523405781249995 0.255107371875 0.36923786875000003 0.1440348609375 0.425533853125 0 0.5320985859375 0 0.6721282859375
6 0 0.5252895015625 0.1640136609375 0.4090244625 0.26236578125 0.3573838078125 0.335456184375 0.24092889374999998 0.3074251421875 0.24805825312500002 0.07450910468750001 0.4104880890625 0.00411105625 0.4498121046875 0 0.474840996875 0 0.5252895015625
6 0.311784915625 0.24020415 0.3175293515625 0.1963782375 0.30678346093750003 0.161716625 0.2689042453125 0.1515883578125 0.05624846875 0.3003449296875 0.0221651109375 0.3305510765625 0.0034442500000000003 0.44796995781250004 0.28908833437500003 0.26207067500000003 0.311784915625 0.24020415
6 0.25359359375 0.154062384375 0.2568247390625 0.113242453125 0.24371949843750002 0.091961378125 0.223305296875 0.09526008281250001 0.081791346875 0.211722065625 0.034551700000000005 0.260303240625 0.025268239062499996 0.3241999625 0.244797078125 0.1645833109375 0.25359359375 0.154062384375
6 0.17521898125 0.0867811671875 0.1579079078125 0.0837287578125 0.1012559859375 0.101332609375 0.058812009374999995 0.1283399859375 0.042527468750000005 0.237565609375 0.18160510000000002 0.1292968828125 0.188914059375 0.10471710625 0.17521898125 0.0867811671875