6 0.6643934328125 0.7661336249999999 0.67285945 0.646264890625 0.653284815625 0.40386928125 0.652035490625 0.341627596875 0.6573503828125 0.3196621359375 0.652823271875 0.317151778125 0.6447876031249999 0.3310139984375 0.6237727140625 0.33548085 0.612332596875 0.370902453125 0.6076423671875 0.42398875625 0.61678679375 0.5609500203125 0.60985988125 0.7256357234374999 0.617628321875 0.762183359375 0.6410742078125 0.7832444640625 0.6563577640625 0.77999584375 0.6643934328125 0.7661336249999999
6 1 0.46571242343749997 0.9991654796875 0.4623098 0.9010577828124999 0.6724212609375 0.8780508890625001 0.7050925203125 0.8750403328124999 0.7144139953125 0.8823923296875 0.7302144015625001 0.9192113281250001 0.7484329640625 0.9395199968749999 0.7406435984375 1 0.650153390625 1 0.46571242343749997
6 0.9464018062499999 0.5099876203125 0.993203375 0.42016928125 0.97162283125 0.33273182343749996 0.9338529328125 0.3945857390625 0.9184062578125 0.4534310203125 0.862966909375 0.5589758734375 0.8400866765625 0.6298190796875 0.8007186656249999 0.7076394953125 0.7979163296875 0.727334584375 0.8061827703125 0.756831115625 0.8277182109375 0.7782982984375 0.8480268796875 0.770508934375 0.9464018062499999 0.5099876203125
6 0.764203353125 0.5452424734375 0.7123766734375 0.6396015578124999 0.7071658921874999 0.6667538265624999 0.714228109375 0.6999789468750001 0.728723884375 0.7212061453125 0.7476426593750001 0.73975689375 0.7731846609375 0.7378003984375 0.806948 0.6993701609375 0.8610564640625 0.5593819515625 0.9145853687500001 0.45424317500000005 0.9662628375000001 0.288727009375 0.9493135140625 0.2089867171875 0.94358218125 0.2102049484375 0.929027396875 0.24976121875 0.8302724859374999 0.395766696875 0.764203353125 0.5452424734375
6 0.7010320234375 0.5204710859375 0.6742042406250001 0.553954503125 0.6708674453125 0.6744692984375 0.6774091109375 0.681760384375 0.693896890625 0.674783175 0.7709306890625001 0.5299220375 0.8283620421875 0.39617277500000003 0.932640065625 0.2385754484375 0.9471948484375 0.1990191796875 0.940838853125 0.16911656875 0.933197075 0.1707408796875 0.91461318125 0.20073569062500002 0.8167276109375001 0.2944670203125 0.7010320234375 0.5204710859375
6 0.5536519203125 0.44241002968750004 0.506425265625 0.35174225937500003 0.49012315624999997 0.336107946875 0.46518326718749997 0.336200146875 0.4538472609375 0.37680855625 0.46240348124999997 0.38888037343750004 0.520603446875 0.643901659375 0.5367198859375 0.6821474953125 0.55705110625 0.7073432687500001 0.5973786609375 0.7091892546875 0.6083207765624999 0.6808187546875 0.60748789375 0.639324296875 0.5732994687499999 0.49726842656250003 0.5536519203125 0.44241002968750004
6 0.4282323453125 0.5663022640625 0.399277253125 0.43007926249999995 0.396325703125 0.3786172671875 0.40546148437499996 0.3558396515625 0.401015934375 0.325530965625 0.3813909359375 0.30365770468750003 0.3674157125 0.308364540625 0.34715214687499996 0.38212418125 0.35808035625 0.48050742343749997 0.3647261328125 0.49298531875 0.35559035156249996 0.515762934375 0.364236775 0.6597753015625 0.3830965421875 0.7391095171875001 0.41106954062499995 0.7626809796875 0.43378665312500003 0.747434434375 0.4402016578125 0.7165535765625 0.4282323453125 0.5663022640625
6 0.3474956734375 0.590408621875 0.35367990625 0.5161690109375 0.3451236859375 0.5040971953125 0.3556719109375 0.4879646046875 0.3564596921875 0.46348878437499996 0.34544992343750003 0.3929038734375 0.3442821578125 0.30286385781249997 0.339048825 0.2970309875 0.334856596875 0.343066190625 0.31276414531249996 0.3894335765625 0.3007670203125 0.4926897484375 0.2843243421875 0.565637234375 0.2841612234375 0.6212338953125001 0.2930523265625 0.6818512703125 0.3226459890625 0.722441371875 0.3448651015625 0.7142459296875 0.35821566250000003 0.67841825 0.3474956734375 0.590408621875
6 0.245273925 0.3725254484375 0.2270388203125 0.3243120734375 0.1694721609375 0.2601505109375 0.15331926406250002 0.31567327968750003 0.17550191875 0.40124644218750005 0.1805721328125 0.4626759734375 0.2022567875 0.5553002375 0.22925633437499998 0.6259590421875 0.24937933124999997 0.6407811999999999 0.2684837765625 0.636720425 0.282042559375 0.611266359375 0.2836181203125 0.562314721875 0.245273925 0.3725254484375
6 0.42297646093749997 0.52748425625 0.4270645796875 0.4762622484375 0.41418946874999996 0.47205368906249995 0.40987057968749996 0.47991694531249995 0.42297646093749997 0.52748425625
6 0.49788295 0.2129167 0.47616183906250004 0.214061040625 0.45757794531249996 0.24405585156249998 0.46698959999999995 0.3306072625 0.5044107109375 0.34696153125 0.5081274890625 0.3409625671875 0.5026408328125 0.258785809375 0.514972840625 0.2040751953125 0.5008935078125 0.203595225 0.49788295 0.2129167
6 0.29020150624999996 0.18934458125 0.283021271875 0.27768639375 0.30145069062499996 0.463027125 0.311559921875 0.39316216718749997 0.3346483765625 0.3326925765625 0.3182786140625 0.21810285000000001 0.3184417328125 0.1625061890625 0.3149106234375 0.145893628125 0.3091792890625 0.1471118609375 0.29020150624999996 0.18934458125
6 0.6677993625 0.5587885265625 0.6790588203125 0.5533084765625 0.6846885484375 0.55056845 0.690225734375 0.5432179328125 0.69950939375 0.5242673546875001 0.7168774953125 0.49742482343749994 0.7291510796875 0.4716651640625 0.7401691578125 0.4399988171875 0.75578279375 0.39655193125 0.7700121328125 0.3549426765625 0.8027362890624999 0.3001418984375 0.813883159375 0.2607312328125 0.81148089375 0.2118534140625 0.79800425625 0.1776766375 0.783143321875 0.1453374875 0.7699080640625 0.137347009375 0.7674533484375 0.142498940625 0.742536009375 0.1755762796875 0.7159204984375 0.2090145765625 0.6918884937499999 0.22955661875 0.6700173781250001 0.272790184375 0.6602548046875001 0.310363221875 0.648238803125 0.3206342453125 0.6464681328124999 0.3457048296875 0.6468020531249999 0.376501625 0.6486128156250001 0.41007128281250005 0.6517153296875 0.4371928171875 0.6549103875 0.4689248484375 0.6582342359375 0.492912559375 0.6620570453125 0.52759793125 0.6677993625 0.5587885265625
6 0.087906553125 0.27305057499999996 0.0785666015625 0.2750358421875 0.069504278125 0.29085259531249996 0.0707235359375 0.309114096875 0.0775000234375 0.3493452 0.088449446875 0.4133835375 0.10462218125 0.4685946828125 0.117120940625 0.5106962609375 0.125096640625 0.5398687437499999 0.13785298125 0.56648168125 0.1517722859375 0.5943908140625 0.1650638390625 0.6193466015625 0.17826285 0.6396918968749999 0.1881017625 0.648404290625 0.214572278125 0.664385246875 0.23048358750000003 0.664089971875 0.23472901875000002 0.6631875765624999 0.2383467 0.6593318375 0.24177929374999999 0.646255109375 0.2442340109375 0.6411031781250001 0.24606097343750002 0.6329979 0.2261618171875 0.6187069359375 0.21877762031249998 0.6048426078125 0.2192202875 0.5985749625000001 0.20718424062500002 0.5795258624999999 0.189055753125 0.5401643140625 0.1728467703125 0.49730798125 0.1585210453125 0.46331168125 0.14441665625 0.42618155937499996 0.1333021921875 0.382242353125 0.1137331125 0.327753121875 0.1047795359375 0.3065054359375 0.0950131203125 0.2730834125 0.087906553125 0.27305057499999996
6 0.6134100546875 0.3697088140625 0.6202389937499999 0.35591016875000003 0.629743984375 0.3338257703125 0.6362590484374999 0.31855045312499997 0.6402268546875 0.303816571875 0.6484400906250001 0.28818029843750004 0.6528143140625 0.27953358437500003 0.6603072562500001 0.256333471875 0.66650844375 0.23958148281249997 0.6727096312499999 0.22282949218749998 0.681458078125 0.2055360671875 0.6962789218750001 0.17923497187499998 0.7281177421875 0.1369694859375 0.7619686140625 0.0958197125 0.7842661953125 0.0879934359375 0.8121009625 0.0728166421875 0.8024833843750001 0.060970424999999995 0.7903748390625001 0.066630953125 0.7720088140625 0.0720781609375 0.7422907890625 0.078394921875 0.7215625890624999 0.0936045578125 0.7064641171875 0.1060741671875 0.6908304359375 0.12020092812500001 0.673719915625 0.1315548265625 0.6461990234375 0.1482082921875 0.6266337875 0.1647141203125 0.613861240625 0.179776115625 0.6056480046875 0.195412390625 0.598283853125 0.21086818593749998 0.58685935625 0.23644736875 0.5764127375 0.2541017484375 0.5534149046875 0.2836843078125 0.544759 0.305588228125 0.5340910453125 0.326376434375 0.53326200625 0.3558770375 0.533503384375 0.382063334375 0.5292217031249999 0.3953205453125 0.5778286046875001 0.4945694171875 0.584585046875 0.5054803984375 0.5887379375 0.49996751093749997 0.5942751234375 0.49261699062500003 0.6031161125 0.4799340609375 0.60259710625 0.439916275 0.6007500968749999 0.418701428125 0.603868815625 0.40414802656250004 0.6134100546875 0.3697088140625
6 0.46385440781250004 0.29654742500000003 0.45475199218749995 0.253723934375 0.447198915625 0.1889636828125 0.4501325484375 0.1651892921875 0.4590097875 0.14015154531250001 0.48366954375000004 0.12256284531249999 0.5102488046875 0.10147936093750001 0.4767280140625 0.1024308703125 0.4517543828125 0.1185429015625 0.43095368437500003 0.1584621640625 0.4198993578125 0.202483325 0.41327554843750003 0.25482308124999997 0.4130017640625 0.3119866546875 0.4185427921875 0.3756311921875 0.42314219062499997 0.434845715625 0.42535937031250004 0.47450254062499997 0.43080785625000007 0.5335365859375 0.4343167890625 0.5667452859375001 0.44020794375000005 0.6195116828125 0.4486826046875 0.6593818296875 0.459426896875 0.684879053125 0.47209069687499994 0.7068814984375 0.48598995624999997 0.7054705078125 0.4930039828125 0.7008928546875001 0.5014385531250001 0.68212275625 0.508525075 0.6528354765625 0.50715698125 0.61299816875 0.5091127375 0.5971485750000001 0.50305654375 0.5644813078124999 0.49046524218750004 0.5177692390625 0.4816767046875 0.47642241875 0.47565675937499996 0.4314003390625 0.469508025 0.3941225828125 0.46832501562499995 0.36350626406250003 0.46776976093749995 0.3358432921875 0.46385440781250004 0.29654742500000003