6 0.8477404015625 0.49227572343750003 0.9073032015625 0.6240115703125 0.92640661875 0.65757501875 0.935711196875 0.662114990625 0.932688896875 0.673474503125 0.957955753125 0.70362818125 0.9641191906250001 0.7002184125 0.9701637906249999 0.6774993890625 0.964138096875 0.6474649 0.8908939218749999 0.44203057812499996 0.83358366875 0.34134023281250003 0.7988839421875 0.3137140828125 0.76970619375 0.31801567343750003 0.763157878125 0.34262795 0.7889284515625 0.3708883765625 0.814936703125 0.4377673125 0.8477404015625 0.49227572343750003
6 0.7890905078125 0.620520934375 0.81183878125 0.6601408734375 0.869543365625 0.7132519578125 0.875706803125 0.7098421890625 0.885158578125 0.6545611453125 0.8625385968750001 0.6078737046875 0.8354135250000001 0.49909526406250004 0.8051378625 0.40874383593749997 0.78251788125 0.3620563953125 0.76730645 0.3467911875 0.739136134375 0.347306275 0.7259206640625 0.3772215734375 0.7314331890625 0.4355260703125 0.7890905078125 0.620520934375
6 0.667783940625 0.4771967765625 0.6689007609375001 0.5190962828125001 0.6820878718750001 0.568311253125 0.6960069265625 0.6806282375 0.7034249296875 0.685673715625 0.7034438359374999 0.6329202015625001 0.71930618125 0.58647114375 0.7281732109375 0.40826707500000003 0.724290675 0.363592075 0.706707859375 0.2979721140625 0.676788715625 0.26554844843750003 0.6540215359375 0.278682021875 0.6444509218750001 0.3146538109375 0.6627845859375 0.390622271875 0.667783940625 0.4771967765625
6 0.5861859046875 0.421696515625 0.6130674093749999 0.5017358656249999 0.640593271875 0.5937939265625001 0.6281582234374999 0.631217328125 0.6411240765625 0.6689370359375 0.66065348125 0.679329503125 0.67974791875 0.6301782203124999 0.663003359375 0.48199429218749995 0.6482051640625001 0.3663963109375 0.620072659375 0.261404371875 0.5975715171875 0.2340261859375 0.568028809375 0.2361003671875 0.5582132859375 0.2650092703125 0.565644871875 0.2942684984375 0.5861859046875 0.421696515625
6 0.755954603125 0.7911615765625 0.754600103125 0.7106435624999999 0.723345365625 0.5449483703125 0.7191778875 0.5935386453125 0.70445126875 0.6291336984375 0.7051832109375 0.6922357109374999 0.7311725578125 0.8118681593750001 0.736447403125 0.8315541468750001 0.742107125 0.8300376296875 0.755954603125 0.7911615765625
6 0.49957906249999995 0.30599850625 0.4965473109375 0.3437347734375 0.534844628125 0.50930119375 0.5719157390625 0.5872820984375 0.58406798125 0.6160422109375 0.5709187234375 0.6614696609374999 0.5970261234375001 0.8107268921875 0.5935329390625 0.8464645531249999 0.621102253125 0.8213214343749999 0.623505996875 0.7098799734375 0.5812770328125 0.4335615328125 0.5560385343750001 0.3242775859375 0.5280059640625 0.2913484140625 0.49957906249999995 0.30599850625
6 0.39769462031249997 0.3596725828125 0.45749509843749997 0.5300269375 0.523102496875 0.6390437609374999 0.55227079375 0.6611189265624999 0.570632815625 0.65795711875 0.5817145796875 0.6163055749999999 0.5781980156250001 0.60318158125 0.5716591531249999 0.6014171015625001 0.5511823312499999 0.5400891515625 0.5311997734375 0.5032447046875 0.48334129375 0.34727331562499997 0.44349501562500004 0.2928936765625 0.40878583749999997 0.291644284375 0.394562934375 0.325346084375 0.39769462031249997 0.3596725828125
6 0.416831803125 0.649936090625 0.406510340625 0.6755593796875 0.39418346406250004 0.68237891875 0.370637078125 0.7642942625 0.349388378125 0.82239271875 0.2977411765625 0.910096515625 0.3421685734375 0.9067150546875 0.36740766406250003 0.8637300734375 0.42767355937499996 0.8234337 0.44533027968749994 0.7864790359375 0.475415528125 0.706328175 0.4876424703125 0.6274458671875001 0.4820016546875 0.5762088734375 0.4578610703125 0.5615779453124999 0.458245946875 0.5403754375 0.44718308906250004 0.5292734703125 0.43990283124999996 0.4907837328125 0.42292366562500006 0.4953332875 0.41260220312499996 0.520956575 0.416831803125 0.649936090625
6 0.37446694375 0.6050227125000001 0.379851175 0.6703947109375 0.3848788875 0.677838946875 0.40236176874999996 0.6713961421875 0.416209246875 0.6325200890625 0.4152207203125 0.58355308125 0.3962834046875 0.43741510625 0.3914312484375 0.2910195859375 0.3782441359375 0.241804615625 0.35649384375 0.22477492968749999 0.3424086859375 0.225032471875 0.33007235625 0.2582287671875 0.332928553125 0.359443784375 0.37446694375 0.6050227125000001
6 0.3748627 0.61404599375 0.342600528125 0.4521373046875 0.322470771875 0.475113871875 0.285214653125 0.5624610078125001 0.2260421375 0.745352984375 0.22250666875 0.7849825046875 0.22790980625 0.7976009921875 0.23318465000000002 0.8172869796875 0.2478923640625 0.8344454375 0.2604569203125 0.8662444078125 0.2771795 0.8758298578125 0.28171295 0.8587905890625 0.29869211406249996 0.8542410359374999 0.319829303125 0.8274779640625001 0.337953646875 0.7856976484375 0.3354445171875 0.768787153125 0.3492825421875 0.75628785625 0.351801125 0.7468215953125 0.3591002890625 0.7325578203124999 0.37546635156249997 0.684215509375 0.3748627 0.61404599375
6 0.1913504375 0.634747534375 0.110940796875 0.772339815625 0.10275304062499999 0.80969935 0.0744449796875 0.8436586953124999 0.089784703125 0.8518564 0.11292730625 0.8438970765624999 0.127021915625 0.8172627765625 0.208291790625 0.73570500625 0.3180452828125 0.4812366078125 0.33830333125 0.4511925375 0.3419576390625 0.4308722734375 0.3315551484375 0.33167928125 0.3152079921875 0.32726808125 0.2997305234375 0.35251463437499997 0.2438463453125 0.48353533750000005 0.1913504375 0.634747534375
6 0.29179935156250003 0.37573916406249996 0.2939519625 0.3347218984375 0.2786216921875 0.3001474375 0.245808540625 0.2720157828125 0.21838907343749997 0.2828793703125 0.1952370171875 0.3172154484375 0.146385965625 0.4744841375 0.10812241250000001 0.5656177765625 0.0770108265625 0.7023086546874999 0.054224742187499994 0.768195740625 0.0700492765625 0.8272537062499999 0.08891501406249999 0.822198646875 0.190471296875 0.6314665374999999 0.2409523375 0.48782734687499996 0.29179935156250003 0.37573916406249996
6 0.151498753125 0.2445375671875 0.140801865625 0.2649866046875 0.0657575515625 0.520704396875 0.0186836859375 0.6317815671875 0.0455616265625 0.7283182578125 0.055132240624999995 0.69234646875 0.0979197890625 0.6105503171875 0.10434926562499999 0.5666287875 0.145506825 0.47120313906250005 0.167670353125 0.38790005 0.1991384578125 0.309136934375 0.2009061921875 0.289322175 0.18469678125 0.2514667171875 0.1684779171875 0.2399880140625 0.151498753125 0.2445375671875
6 0 0.5548128484375 0.0105242875 0.5900108328125 0.0772430984375 0.405096834375 0.1201589390625 0.31623318125 0.1181535265625 0.2974294328125 0.09363751875000001 0.277624253125 0.056913473437499994 0.28394786875 0 0.3787227390625 0 0.5548128484375
6 0.016065170312499998 0.5691850625 0.008509421875000001 0.597583840625 0.0210739765625 0.6293828109375 0.066764984375 0.5169178921875 0.121541796875 0.31762092656249996 0.094863725 0.3652097703125 0.016065170312499998 0.5691850625
6 0.1836929171875 0.9051436140625 0.20778489375000003 0.87311956875 0.220231778125 0.8037322953125001 0.22170989218749998 0.7223688859374999 0.16428095781250002 0.783922453125 0.16583325 0.8445871046875 0.1506570953125 0.8763529046875 0.152139590625 0.92654358125 0.1836929171875 0.9051436140625
6 0.5686187484375 0.7672013859375 0.5769399187500001 0.7266188062500001 0.568528784375 0.6677919765625 0.5515848484375 0.6716217890625 0.5238016390625 0.6479320046875 0.53890465625 0.753856040625 0.5504020890625 0.778474678125 0.5686187484375 0.7672013859375
6 0.6092492093749999 0.49854668437500005 0.5919430859375 0.44066716875 0.5822234703125 0.424516528125 0.5762971109375 0.42923032499999997 0.577412278125 0.43674610156250004 0.5830451421875 0.471183871875 0.5923656265624999 0.50932229375 0.6002858453125001 0.5556505015625001 0.6099400390625 0.5983882609375 0.61384733125 0.612970475 0.624063309375 0.6477431171875 0.632602334375 0.6829651 0.6456104375 0.72480418125 0.6644878796875 0.765070575 0.6942655281250001 0.8024162703125001 0.735106034375 0.8508639328125 0.7439955734375 0.8437932359375001 0.7302060140625 0.7990377140625 0.715797646875 0.7653884171875001 0.689724425 0.6848513671875 0.6760975171875 0.654118515625 0.6538661640625001 0.6147507953125 0.6356561421875 0.5836830671875 0.621028103125 0.5391522125 0.6092492093749999 0.49854668437500005