6 0.25984545937500003 0.64284445 0.23564538750000003 0.6103702234374999 0.125111090625 0.312362034375 0.1576130046875 0.30950948437500003 0.1792140546875 0.283119384375 0.20797669062500002 0.2006824515625 0.20146961874999997 0.19880412187500002 0.1751053265625 0.26664017812499996 0.154326021875 0.29632611875000003 0.129941225 0.29540448124999996 0.105489534375 0.2699944421875 0.089858875 0.30014704375 0.142517484375 0.5355692984375 0.189407921875 0.642902871875 0.2328441453125 0.675832075 0.251795234375 0.6711070390625 0.25984545937500003 0.64284445
6 1 0.4704436375 0.9139080843749999 0.67055786875 0.8942021421874999 0.6964754656250001 0.8958790796875 0.71531135 0.9303429953125001 0.7364746984375 0.95118919375 0.7312771578125 1 0.6573181078125 1 0.4704436375
6 0.9759115375 0.4590580375 0.9958690953125 0.426076253125 0.9715017921875001 0.33238102187499996 0.9424206453125 0.397393740625 0.9362989765625 0.4374280265625 0.8848284796874999 0.537779203125 0.8584976328125 0.617859459375 0.8199743875 0.6974788953125 0.8159659984375001 0.717732290625 0.83340738125 0.7553923734375 0.8494234437499999 0.7671523859375 0.8675527859375001 0.7591315078124999 0.9759115375 0.4590580375
6 0.9649947203125 0.3305026921875 0.9684664281250001 0.3121334703125 0.9460276796875 0.23020993750000002 0.8491749093750001 0.37863380625 0.7333535578125 0.624556303125 0.72315660625 0.6603555812499999 0.7349126609375001 0.699433175 0.77076845 0.7342523921875 0.8002684468749999 0.7233964921875 0.8280580593750001 0.6814605078125 0.878891534375 0.5462608999999999 0.9346554843750001 0.43083634374999996 0.9649947203125 0.3305026921875
6 0.714638134375 0.517199359375 0.6919637203125 0.54735780625 0.6917615015624999 0.6716839859375 0.7131443796875 0.664602271875 0.8513216359375001 0.371097115625 0.9465643625 0.228325765625 0.9318063875 0.18124481875 0.8240193078125 0.293886934375 0.714638134375 0.517199359375
6 0.6862768531250001 0.7465667015624999 0.6919462265625 0.640131396875 0.6723262140624999 0.3999724203125 0.6715554078125 0.3161471890625 0.6631866734375 0.3269855640625 0.6482774203125 0.32370140625 0.6364035328125001 0.3406648015625 0.627665346875 0.41460835156250003 0.6363350984375 0.513967784375 0.62739469375 0.7122375125 0.6397208765625 0.761675134375 0.656558684375 0.7767309890625 0.67633151875 0.77530179375 0.6862768531250001 0.7465667015624999
6 0.5926807015625 0.5003469671875 0.5618397734375 0.4170176078125 0.5242401546875 0.3388741046875 0.5063289828124999 0.3275865953125 0.49252653906250005 0.33277829375 0.4820445234375 0.36339755937499996 0.4896918515625 0.385995946875 0.48843376406249994 0.42131687968750003 0.5397004984375 0.6430832640624999 0.56068048125 0.6868625265625 0.578340034375 0.705214221875 0.6168123390625 0.7061241765624999 0.6278310359375 0.6736207390625 0.6258021421875 0.6251164390625 0.5926807015625 0.5003469671875
6 0.5184514046875 0.6991417796875 0.5297217187500001 0.6595741562499999 0.5202302234375 0.5569188828125 0.480467925 0.381294278125 0.4819107390625 0.3144207578125 0.4736932828125 0.2814623421875 0.4679920046875 0.1778620609375 0.480084065625 0.141590278125 0.5019701796875 0.1203801921875 0.49542966093749996 0.1062576609375 0.48731254375 0.1100318484375 0.44250039843750005 0.1684645671875 0.429535653125 0.2819698984375 0.44206251406249997 0.404872725 0.45521044218749995 0.4576061875 0.44737838906249994 0.46656039062500004 0.44643881093750004 0.5193055375 0.462504271875 0.64832754375 0.47887229062500003 0.6897559703125 0.49571009843749997 0.704811825 0.5184514046875 0.6991417796875
6 0.36887313437499997 0.5876549921875001 0.37858434375 0.4732104953125 0.3700993171875 0.342298475 0.3600536453125 0.334300965625 0.36198220000000003 0.3460726625 0.335551015625 0.389420315625 0.32602453124999997 0.47231222500000003 0.3038024125 0.5688716875 0.306216709375 0.659288603125 0.3152559109375 0.6955428593749999 0.33455895468749997 0.7204862390625 0.3559752796875 0.725648725 0.37646952031250003 0.69078276875 0.36887313437499997 0.5876549921875001
6 0.247605203125 0.3273302546875 0.20546051406250002 0.27132431874999996 0.189729515625 0.2647443203125 0.17634592031250002 0.3240928359375 0.191388959375 0.3763537953125 0.20909791093750002 0.5119674828125 0.2391839875 0.616489403125 0.255770178125 0.63860944375 0.2780082484375 0.647067771875 0.297462571875 0.6282143625 0.3035507953125 0.575935875 0.265365096875 0.38241455156250004 0.247605203125 0.3273302546875
6 0.3377996234375 0.2208248453125 0.33899081875000003 0.161015509375 0.33488209062499996 0.14453630312500002 0.3291967640625 0.14595381406250002 0.3087359703125 0.193063971875 0.302999703125 0.27501087343749997 0.31577818125 0.3908495125 0.31098149375 0.42005126718749997 0.3184775421875 0.486446440625 0.3249511671875 0.47608057031250006 0.3358026328125 0.3823561296875 0.353076784375 0.358795209375 0.3581585375 0.3347734703125 0.3377996234375 0.2208248453125
6 0.7325792890625 0.14826169218750002 0.7497304609375 0.1237590109375 0.7730011875 0.0915070375 0.7920081921875 0.08521218124999999 0.8256990156249999 0.076812115625 0.8499535734375 0.052094239062500006 0.8100540046875 0.0355923921875 0.7737542687500001 0.0586458359375 0.7495818125 0.0693403390625 0.726899965625 0.09677785156249999 0.7236724437500001 0.105361953125 0.7142135359374999 0.124834984375 0.6760877 0.1405643328125 0.6401234546875 0.15419886249999998 0.63352685 0.1636229703125 0.6025935875 0.211788328125 0.5787637109375 0.2597384921875 0.56413935 0.28361116875 0.5497457390625 0.34787914375 0.555283503125 0.3916188875 0.5735968859375 0.439952703125 0.585366034375 0.47280352187499997 0.60218880625 0.504394328125 0.6043503968749999 0.5022995046875 0.6133322546875 0.484501296875 0.6250348531250001 0.44891007031249996 0.6204582796875 0.448495259375 0.6235668828125001 0.3963762234375 0.632601109375 0.353670909375 0.6507587499999999 0.300911478125 0.6630799609375 0.271389528125 0.669423175 0.2573609625 0.692075290625 0.21903971875 0.719527640625 0.174854003125 0.7325792890625 0.14826169218750002
6 0.6779931609375 0.48549417968749997 0.6815632625 0.5141657359375 0.6890389578125 0.562089934375 0.7034099281249999 0.5336128 0.7292598359375 0.47582371874999996 0.7424530453125 0.4569755 0.770494275 0.40797532812500004 0.782815484375 0.3784533796875 0.7972685546875 0.3359528734375 0.8179530093749999 0.282563440625 0.8279710671875 0.24739221718749999 0.8364461421874999 0.22038509374999998 0.83447848125 0.20531690781249998 0.811364865625 0.1628475578125 0.7995136171875 0.14402011406249998 0.78825125 0.12037821093750001 0.77578848125 0.142156065625 0.7734032281250001 0.150530165625 0.75324819375 0.177337671875 0.7299477375000001 0.1987059109375 0.711253584375 0.231372690625 0.7009821374999999 0.2619394546875 0.6927307203125 0.282667303125 0.67894863125 0.306329978125 0.6739544671875 0.3293574546875 0.6730074562499999 0.3793816671875 0.676495459375 0.4220765984375 0.6779931609375 0.48549417968749997
6 0.394641940625 0.2963099375 0.39116102812500003 0.3002895828125 0.38338666250000003 0.3193426078125 0.373338875 0.3436300953125 0.3726678953125 0.362467928125 0.3788766390625 0.387369840625 0.3819399609375 0.40683248125000004 0.380769290625 0.46313597343749996 0.3807169203125 0.48804307968750005 0.3772133671875 0.527813565625 0.3786516078125 0.5694636796875 0.379724628125 0.6096489734375 0.38068581875 0.652973909375 0.3872895140625 0.690224375 0.39459391875 0.71952074375 0.40549106718749994 0.741697828125 0.41551621250000004 0.75320118125 0.42371525937500004 0.757380440625 0.441402940625 0.75297040625 0.44872998593749996 0.746475934375 0.45701113437499996 0.736631825 0.45765238437500005 0.7069102578125 0.45599048125 0.6715394203125 0.45472353125 0.6485171359375 0.45255485 0.6039373859375 0.44895501718749997 0.56438209375 0.45218254062499996 0.5557979937499999 0.45094531875 0.5436594421875001 0.4393701 0.4936456140625 0.43130552499999997 0.45053587500000003 0.4291368453125 0.4059561234375 0.430620365625 0.3760245578125 0.42570121250000004 0.338354090625 0.41791975625 0.310732540625 0.394641940625 0.2963099375