6 0.5890280015625 0.3143578234375 0.750527140625 0.3736056109375 0.8064654265625 0.38845827499999996 0.8168312296875 0.39743706562500003 0.8097602937499999 0.42491299062500004 0.8420151859375 0.41029105625 0.8431430750000001 0.3955876875 0.8353859890625 0.3731882109375 0.8102118984375 0.35138257500000003 0.61317286875 0.26135036093749997 0.5042579500000001 0.2342104015625 0.45903840625000003 0.24432258281250002 0.4427196890625 0.25706799375 0.44232728281249994 0.27688852812500003 0.457871053125 0.2948325390625 0.50270805625 0.2955892453125 0.5890280015625 0.3143578234375
6 0.491135434375 0.372926996875 0.617800565625 0.4333624625 0.704826390625 0.48410314843749996 0.798560346875 0.5003335015625 0.8033853734375 0.49331266874999996 0.78268336875 0.44850014531250004 0.7589802406249999 0.4369288390625 0.7001197625 0.3837042203125 0.6660508328125 0.36315412343750003 0.584202975 0.3213786578125 0.5356786984374999 0.3039877703125 0.4923323875 0.2955621 0.4578611859375 0.3037841859375 0.45152572968750004 0.336377275 0.491135434375 0.372926996875
6 0.607286765625 0.558658375 0.6520843046875 0.59522166875 0.6665396515625 0.5920624609375 0.642150375 0.53061575625 0.568108934375 0.46648153125 0.5015012375000001 0.3819057890625 0.44596522343749995 0.33828094375 0.4011479515625 0.31962094375 0.38076928906249996 0.3176494140625 0.348514396875 0.3322713484375 0.355888940625 0.3655397125 0.5421105640625 0.5201235515625 0.607286765625 0.558658375
6 0.61389623125 0.6136645125 0.6275864984374999 0.6322430796875 0.6638914687499999 0.64128973125 0.687996871875 0.62408885625 0.616171740625 0.56635448125 0.5298912609374999 0.511779315625 0.40771795 0.41043366875 0.3351277390625 0.3744370703125 0.3077077390625 0.3730865234375 0.2836122046875 0.381335753125 0.28061108125 0.41457697187500003 0.390947628125 0.49670949531249997 0.546131046875 0.5706470796875001 0.61389623125 0.6136645125
6 0.85098670625 0.67566768125 0.85618440625 0.66672960625 0.8325207453125 0.6193517140625 0.7295982078125001 0.534680965625 0.595185859375 0.4428943765625 0.5762978921874999 0.4332538859375 0.5507313953125 0.43126878281250003 0.5655199515625 0.46199892187499997 0.6428957234375 0.526781275 0.6647157484374999 0.5658420765625001 0.813230503125 0.638483403125 0.85098670625 0.67566768125
6 0.2807568265625 0.618547609375 0.42075928124999995 0.6815755875 0.573746121875 0.731210028125 0.607471978125 0.726822425 0.618975534375 0.7121462000000001 0.608256790625 0.68718135625 0.5612330765625 0.6531698578125 0.5219664468749999 0.6415578375 0.498273184375 0.621034884375 0.43678425625 0.5991342421875 0.35605441875 0.5516070546875 0.2964091265625 0.538023503125 0.253778565625 0.5526182937499999 0.2448541265625 0.5807287750000001 0.2807568265625 0.618547609375
6 0.34346244062500003 0.5451800609374999 0.43715692968750003 0.5972170015625 0.527536821875 0.630702521875 0.539010778125 0.6428812374999999 0.58012104375 0.66281035 0.6227220046874999 0.6750705 0.7375207703125 0.743147784375 0.7741984171875 0.750277196875 0.7868002625 0.7477525453125 0.7864374546875 0.7407181375 0.751280103125 0.6990648234375 0.692037084375 0.6567090906249999 0.6242521671875 0.6315949515625 0.6038932359375 0.611720128125 0.39687094375 0.501840234375 0.36650901875 0.480021025 0.3335383796875 0.47162249999999994 0.31056086562499996 0.47412000781249997 0.29126075937499996 0.50220334375 0.34346244062500003 0.5451800609374999
6 0.880900684375 0.6997913671875 0.8853530375 0.6946877734375 0.8412811140625 0.6721932921875 0.8246291890625 0.6510493562499999 0.7790665703124999 0.6362238375 0.69241341875 0.5835659125 0.6698085796875 0.5841461781249999 0.6987749187500001 0.6318269703125 0.680576115625 0.6427570609375 0.7203638609375 0.6681737078125 0.774202078125 0.6790512578125 0.880900684375 0.6997913671875
6 0.15739642812500002 0.5856152125 0.17330300625 0.610593628125 0.3240044703125 0.716489746875 0.415109975 0.764044078125 0.5380483671875 0.8436519499999999 0.5569758 0.8174858546875001 0.5455117109375001 0.7963554921875 0.505156659375 0.7636402515625 0.390730565625 0.6936457265625 0.30927511406249997 0.6320497265625 0.27742249375 0.6178994796875 0.2426279515625 0.583280571875 0.21744399531249997 0.5704265828125 0.18743501093749998 0.5645934265625 0.16704648125 0.57157354375 0.15739642812500002 0.5856152125
6 0.7085886828125 1 0.707499659375 0.9968199140625 0.696975890625 0.9035482 0.6903293265625 0.8613142843749999 0.606344090625 0.7415257937499999 0.44112807812500004 0.6924987640625 0.491456525 0.75401333125 0.5488460421875 0.7970036203124999 0.635410396875 0.9302263671875 0.671965765625 1 0.7085886828125 1
6 0.66188204375 1 0.635256603125 0.9478139875 0.581969640625 0.89020408125 0.512743359375 0.8280006703125 0.42053956562500006 0.7682947671875 0.36498381874999997 0.742573215625 0.419332746875 0.854611309375 0.523022278125 1 0.66188204375 1
6 0.51631001875 1 0.403174546875 0.8343474234375 0.353258240625 0.7351090296875 0.2380966671875 0.6599973390625 0.24473573124999998 0.6881485374999999 0.4030758828125 0.9238638921875 0.44116529375 0.9949375171874999 0.46894603281249997 1 0.51631001875 1
6 0.2369589125 0.6836523546875 0.193239928125 0.6771439265625 0.158396053125 0.687283253125 0.1476082453125 0.7249799359375 0.2926308046875 0.940199484375 0.322237515625 0.9748048203125 0.43931178906249996 0.9955720734375 0.258425996875 0.706727103125 0.2369589125 0.6836523546875
6 0.1498146890625 0.7403314328125 0.1090573640625 0.7363883734375001 0.08755081249999999 0.7491202125 0.0904927375 0.769588875 0.204467225 0.9131138156249999 0.25221655468750004 0.9611941249999999 0.31594152656249996 0.9715913234375 0.160180490625 0.749310225 0.1498146890625 0.7403314328125
6 0.0811758921875 0.817519890625 0.077821828125 0.8347750546875 0.0944342859375 0.8917255781250001 0.1206967984375 0.9346344328124999 0.22962158281249997 0.9528227453125 0.12379658593750001 0.8118767468750001 0.0993481109375 0.8041399234375 0.0811758921875 0.817519890625