6 0.7587890625 0.7961956515625 0.7802734375 0.7927989125 0.8017578125 0.7758152171875 0.8291015625 0.7350543484375 0.912109375 0.577105978125 0.962890625 0.448029890625 1 0.3834918484375 0.99609375 0.1898777171875 0.9501953125 0.2357336953125 0.91015625 0.31216032656250003 0.8974609375 0.3444293484375 0.8828125 0.369904890625 0.8359375 0.50577445625 0.763671875 0.668817934375 0.72265625 0.7435461953125 0.7265625 0.7673233703125 0.7373046875 0.7826086953125 0.7587890625 0.7961956515625
6 0.875 0.6450407609375 0.8671875 0.6722146734375001 0.8740234375 0.6841032609375 0.9072265625 0.6773097828125 0.9912109375 0.5788043484375 1 0.563519021875 0.99609375 0.4819972828125 0.9228515625 0.5584239125 0.875 0.6450407609375
6 0.9228515625 0.5550271734375001 1 0.47520380468749995 0.998046875 0.3868885875 0.951171875 0.47520380468749995 0.9228515625 0.5550271734375001
6 0.876953125 0.3257472828125 0.9007598890624999 0.2275844953125 0.871567384375 0.2426772765625 0.84765625 0.2883831515625 0.74609375 0.458220109375 0.658203125 0.641644021875 0.62109375 0.7435461953125 0.619140625 0.770720109375 0.6279296875 0.8029891296875 0.6572265625 0.8165760875 0.671875 0.8012907609375001 0.767578125 0.5533288046875 0.861328125 0.369904890625 0.876953125 0.3257472828125
6 0.70703125 0.4819972828125 0.732421875 0.35971467343749997 0.76171875 0.264605978125 0.7903016546875 0.1967127546875 0.78872371875 0.17407335625 0.74966885625 0.218665984375 0.7106139921875 0.258456234375 0.6640625 0.3325407609375 0.611328125 0.448029890625 0.583984375 0.5465353265624999 0.541015625 0.66202445625 0.5390625 0.6993885875 0.544921875 0.7299592390625 0.5712890625 0.765625 0.5986328125 0.765625 0.625 0.7299592390625 0.70703125 0.4819972828125
6 0.6328125 0.3834918484375 0.685546875 0.291779890625 0.69140625 0.2544157609375 0.66796875 0.2544157609375 0.6455078125 0.2697010875 0.6240234375 0.3002717390625 0.560546875 0.4242527171875 0.544921875 0.47860054375 0.4921875 0.5974864125 0.484375 0.6586277171875 0.4931640625 0.6908967390625 0.5146484375 0.6976902171875 0.53125 0.6756114125 0.6328125 0.3834918484375
6 0.5546875 0.369904890625 0.5625 0.2578125 0.5576171875 0.23913043437499998 0.552734375 0.21705162968749997 0.53515625 0.172894021875 0.521484375 0.1627038046875 0.4765625 0.21705162968749997 0.431640625 0.41745923906250004 0.4453125 0.498980978125 0.462890625 0.563519021875 0.4736328125 0.575407609375 0.4970703125 0.5686141296875 0.515625 0.5397418484375 0.529296875 0.5023777171875 0.537109375 0.43104619531250005 0.5546875 0.369904890625
6 0.57421875 0.3529211953125 0.5732421875 0.3783967390625 0.6025390625 0.341032609375 0.6240234375 0.296875 0.662109375 0.2544157609375 0.673828125 0.1389266296875 0.65234375 0.135529890625 0.623046875 0.1830842390625 0.57421875 0.3529211953125
6 0.3984375 0.3325407609375 0.388671875 0.329144021875 0.376953125 0.37330162968749997 0.376953125 0.4412364125 0.408203125 0.5703125 0.427734375 0.719769021875 0.4501953125 0.7894021734375001 0.4755859375 0.7927989125 0.490234375 0.7639266296875 0.484375 0.6586277171875 0.4375 0.4650135875 0.3984375 0.3325407609375
6 0.39453125 0.5737092390625 0.3779296875 0.524456521875 0.3154296875 0.43614130468749995 0.2392578125 0.354619565625 0.1962890625 0.33423912968749997 0.1796875 0.3359375 0.1396484375 0.35122282656250003 0.119140625 0.380095109375 0.1611328125 0.39877717343749997 0.2099609375 0.4769021734375 0.2490234375 0.5142663046875 0.3544921875 0.6976902171875 0.3916015625 0.7180706515625 0.421875 0.692595109375 0.41015625 0.5940896734375001 0.39453125 0.5737092390625
6 0.220703125 0.24422554375 0.228515625 0.31216032656250003 0.2470703125 0.36141304375 0.3115234375 0.4293478265625 0.2890625 0.315557065625 0.265625 0.2408288046875 0.24609375 0.20686141249999998 0.2470703125 0.19497282656249998 0.23828125 0.1898777171875 0.220703125 0.24422554375
6 0.1845703125 0.11345108749999999 0.162109375 0.1627038046875 0.16015625 0.21365489062499998 0.16796875 0.28158967343749997 0.1806640625 0.33423912968749997 0.2314453125 0.3478260875 0.18359375 0.1525135875 0.2021484375 0.12364130468750001 0.1953125 0.1049592390625 0.1845703125 0.11345108749999999
6 0.255859375 0.6756114125 0.2744140625 0.6976902171875 0.3037109375 0.6841032609375 0.314453125 0.655230978125 0.3125 0.628057065625 0.2529296875 0.5210597828125 0.208984375 0.4819972828125 0.23046875 0.590692934375 0.255859375 0.6756114125
6 0.2169843828125 0.7398231296875 0.2501875078125 0.7296329125 0.2609296953125 0.6973638906249999 0.2257734453125 0.578478021875 0.19257032031250002 0.486766065625 0.14667188281250002 0.396752478125 0.1299215859375 0.3220009265625 0.1228207015625 0.2973035359375 0.11019695468749999 0.2918152859375 0.0991510578125 0.30828018749999997 0.0929151921875 0.3443479421875 0.09126120625 0.38168633750000003 0.10272657031250002 0.44260845625 0.14178907031250002 0.5479073703124999 0.15350782031250002 0.605651934375 0.2072187578125 0.7296329125 0.2169843828125 0.7398231296875
6 0.1298828125 0.20516304375 0.1005859375 0.1813858703125 0.087890625 0.1694972828125 0.04296875 0.135529890625 0.037109375 0.145720109375 0.041015625 0.20006793437499998 0.0908203125 0.2798913046875 0.1015625 0.2849864125 0.1220703125 0.2934782609375 0.134765625 0.315557065625 0.1416015625 0.3478260875 0.177734375 0.3325407609375 0.162109375 0.264605978125 0.1298828125 0.20516304375
6 0.0849492890625 0.39197689062499996 0.041555015625000004 0.31788472031250004 0.041555015625000004 0.38854670625 0.05859375 0.4650135875 0.0859375 0.590692934375 0.1357421875 0.6875 0.1708984375 0.680706521875 0.17578125 0.6586277171875 0.154296875 0.6076766296875 0.146484375 0.563519021875 0.109375 0.458220109375 0.0849492890625 0.39197689062499996
6 0.076171875 0.6110733703125 0.0458984375 0.5855978265624999 0 0.5091711953125 0.0009765625 0.59578804375 0.0400390625 0.62296195625 0.0654296875 0.62296195625 0.076171875 0.6110733703125
6 0 0.29455937187500003 0.0017655296875000001 0.487092390625 0.0007889671875 0.5023777171875 0.0447342796875 0.5822010875 0.0662186546875 0.602581521875 0.0837967796875 0.5991847828125 0.0613358421875 0.4819972828125 0.0564530296875 0.47010869531250005 0.0238028046875 0.3439541546875 0 0.29455937187500003
6 0.3742110328125 0.4412364125 0.3722579078125 0.393682065625 0.3781172828125 0.356317934375 0.3839766578125 0.3325407609375 0.3947188453125 0.32065217343749997 0.4093672828125 0.37330162968749997 0.4132735328125 0.369904890625 0.4230391578125 0.23063858750000002 0.4406172828125 0.186480978125 0.4787032203125 0.133831521875 0.5148360328125 0.08797554375 0.4455000953125 0.12024456562500001 0.3830000953125 0.1813858703125 0.3635377625 0.214000621875 0.3512303671875 0.2605142234375 0.347757971875 0.33131315156249996 0.3429610328125 0.44463315156250005 0.3546797828125 0.48879076093749996 0.3732344703125 0.5142663046875 0.3917891578125 0.512567934375 0.3742110328125 0.4412364125
6 0.9224591515625 0.270548078125 0.9224591515625 0.2074324078125 0.8944500984375001 0.2520250359375 0.8695970031250001 0.350128503125 0.763671875 0.563519021875 0.701171875 0.7163722828125 0.6943359375 0.7554347828125 0.7158203125 0.7486413046875 0.755859375 0.6790081515625 0.8359375 0.5023777171875 0.890625 0.3461277171875 0.9224591515625 0.270548078125
6 0.7488819703125 0.4420576203125 0.7986776828125 0.362064940625 0.8344870656250001 0.2376182015625 0.8526337609375 0.1724445375 0.8411934656250001 0.1429448453125 0.8100284546875001 0.16558416874999998 0.782413928125 0.224583484375 0.7532213796875 0.3062219703125 0.7370471046875 0.35630284843750004 0.7181114859375 0.45783657343749995 0.7133775484375 0.5154638453125 0.7488819703125 0.4420576203125