16 0 0.27309428750000003 0.0075608359375000005 0.277614871875 0.027411759375 0.275177484375 0.0540015671875 0.30027220312499997 0.0902899921875 0.30178697187500003 0.11404968281250001 0.27648054218749996 0.138426628125 0.2630391796875 0.151824146875 0.2285568140625 0.1577775703125 0.19498846875 0.1579704609375 0.1486939625 0.1525540453125 0.1045808015625 0.1436192765625 0.0728404953125 0.1297217765625 0.0417095359375 0 0.057637368749999994 0 0.27309428750000003
16 0.6956860625 0.54836421875 0.687532121875 0.495631540625 0.661030271875 0.4302256296875 0.633176634375 0.3948378390625 0.6010531375 0.37937821562499996 0.5695175765625 0.389220725 0.5324190046874999 0.42213539375 0.51744285625 0.4642746265625 0.505972715625 0.541805946875 0.5143072046875 0.5960090640625 0.5245351234375 0.6246053781249999 0.5395452234375 0.651121903125 0.5516372515625 0.667548475 0.5922588109375 0.704353775 0.612546440625 0.7123110171875 0.65253376875 0.7029233703125 0.6765789390625 0.673104065625 0.6938852234375 0.61575265625 0.6956860625 0.54836421875
16 0.6836060359375 0 0.6746777625 0.028531210937500003 0.6670114578125 0.08917680156249999 0.6696903468750001 0.1246704484375 0.68143825625 0.172484021875 0.69735109375 0.2063527421875 0.7168578984375 0.23530235781250003 0.7495230375 0.25517329843750003 0.8006996546874999 0.2548600265625 0.8140385374999999 0.24725179062499997 0.8285949546875001 0.2290458078125 0.849390275 0.17275860625 0.8578837015625 0.11201145937500001 0.8527064718749999 0.0424946078125 0.8377256890625 0.002541015625 0.83595933125 0 0.6836060359375 0
16 1 0.6457136609374999 0.9797715421875001 0.6328914812499999 0.95056611875 0.6275218125 0.9275872546875 0.63183586875 0.8991503140624999 0.653238771875 0.8839473234374999 0.6730167515625001 0.8699032296875 0.7090711125 0.86402541875 0.7500932109375 0.8638618484375 0.782950653125 0.8698955187499999 0.83892888125 0.8791620625000001 0.8870471296875 0.893240109375 0.9196485265625001 0.9164164953125 0.9511327890624999 1 0.941756140625 1 0.6457136609374999
16 0.394693165625 1 0.39424185 0.9241987375 0.376896978125 0.8308015624999999 0.346876775 0.777768509375 0.316151359375 0.7531815796875 0.2822686859375 0.743908384375 0.25745503125 0.74695511875 0.237033146875 0.7584182515625 0.20784470000000002 0.787376465625 0.1951230734375 0.8068497703125 0.17913925625 0.8476201218750001 0.17447898125 0.8780444749999999 0.178241153125 0.922360753125 0.20174931406250002 0.97022295625 0.2105763109375 1 0.394693165625 1
16 0.2595876453125 0.6959446234375 0.26146409843749996 0.6360099375 0.24848167656250003 0.5644662265625 0.226627759375 0.5164009078125 0.19618782343750002 0.4873011046875 0.158274475 0.47255238593750004 0.11929481718749999 0.483308915625 0.089669659375 0.5018724984375 0.0741055734375 0.5187096 0.06497791562500001 0.5332637984375 0.0558209375 0.5612550640625 0.051387504687499995 0.6140406703125 0.056262278124999995 0.6537425171875 0.07374140312500001 0.7277193140625 0.094663265625 0.7818695046874999 0.11711746406250001 0.8074720125000001 0.141150290625 0.8254176515625 0.1725516 0.8349955187500001 0.1841313046875 0.8335737109375 0.2130929109375 0.7822542453125 0.24853723906249997 0.7495426921874999 0.2595876453125 0.6959446234375
16 0.4944562828125 0.5984464515625 0.4834892 0.5296405046875 0.46386048593749996 0.4723463203125 0.4530616078125 0.45277575625 0.43143453125000003 0.42707169218749996 0.40812389375 0.41500780625000006 0.3584965859375 0.42110127343750003 0.3149152921875 0.4354080265625 0.3016227046875 0.4639070796875 0.28948901562499996 0.508682515625 0.28556790625 0.579316503125 0.2926092453125 0.6366636156250001 0.315517128125 0.70698863125 0.338769128125 0.7459266437500001 0.365644415625 0.7665084890625 0.3874350625 0.7593551125 0.4308064890625 0.7570149859375 0.4396023734375 0.72608284375 0.45436865624999995 0.6959102359375 0.48715107187499995 0.66203291875 0.4944562828125 0.5984464515625
16 0.8427470953125 0.7750949671875 0.8278419250000001 0.742595128125 0.8051315671875001 0.7080684296875 0.777172996875 0.6786639531249999 0.745696075 0.661632334375 0.716927359375 0.6666572953125 0.7007166984375 0.68506639375 0.663605784375 0.7657460046875 0.658223321875 0.790288603125 0.6563005734375 0.8293324734375 0.6624391765625 0.8793273906250001 0.67227668125 0.9184198890624999 0.69056595 0.9579672499999999 0.7048538640625 0.9786020203125 0.846291690625 0.9612356390624999 0.8609067453125 0.9161555296874999 0.8638078421875001 0.8919176046875 0.8556076062500001 0.8182941093749999 0.8427470953125 0.7750949671875
16 0.5305813125000001 1 0.6229688062500001 0.9886562421875 0.6343509875 0.9514361140625001 0.6387551015625 0.912087571875 0.638272096875 0.880802125 0.6282663890625 0.7924742453125 0.6140371140625 0.74496534375 0.602516046875 0.7195130234375 0.5833703375 0.6935042859375 0.541816725 0.66278385625 0.4954222890625 0.6610173406250001 0.47712067812500003 0.669234925 0.453180440625 0.6930709171875 0.430911421875 0.7510316718750001 0.42513854531249995 0.7860704562499999 0.4233963453125 0.8265847640624999 0.4277757734375 0.8827661109375 0.441329153125 0.945284071875 0.4549411734375 0.9809279046875 0.46766819687499994 1 0.5305813125000001 1
16 0.41756171875000003 0.30041084375 0.4203115875 0.261265415625 0.410893815625 0.198239665625 0.3933560546875 0.15113699687499998 0.3686303578125 0.1138725375 0.34772546875 0.094050228125 0.327903865625 0.08305055156249999 0.2840664109375 0.0884331140625 0.25946262343750004 0.0795132203125 0.225806790625 0.09260127968750001 0.211145440625 0.11679057500000001 0.20432323437500002 0.2116624875 0.21771304218749998 0.30703788906249996 0.23323546718750002 0.351402796875 0.260698690625 0.39728677343749996 0.291604653125 0.4233441421875 0.30739558125 0.4288682953125 0.3358788171875 0.42835620781249995 0.3543609765625 0.42160906249999996 0.3863162703125 0.3878333015625 0.40920254375000004 0.34173761406250003 0.41756171875000003 0.30041084375
16 0.48621068437500004 0 0.4770836125 0.012492329687500001 0.4682121140625 0.035970721875 0.4638373203125 0.0618821984375 0.4639592296875 0.0902267671875 0.46836797499999994 0.132971046875 0.479393696875 0.174902865625 0.508918553125 0.24441542031250002 0.5365916421875 0.2783327703125 0.572204175 0.294856603125 0.600326315625 0.2914036375 0.6313495546875 0.26371274843750003 0.6567465125 0.2038753234375 0.6646982968749999 0.1387168578125 0.660394484375 0.08998926406249999 0.64836109375 0.0466885640625 0.6278759390624999 0.002933003125 0.6254566515625 0 0.48621068437500004 0
16 0.871484934375 0.48946365312499995 0.8474351312499999 0.4371901328125 0.8073845343749999 0.3913590859375 0.781411984375 0.378129434375 0.7572449046874999 0.379604171875 0.732763025 0.3990288484375 0.6966597796875 0.481077340625 0.6911723828125 0.5116032500000001 0.7006364515625 0.5955198171875 0.7198284562499999 0.642419371875 0.73210103125 0.66031638125 0.763502340625 0.66989425 0.8088011484375001 0.710603078125 0.833463575 0.692648840625 0.851643278125 0.6560866890625 0.8727533984375 0.58184955 0.879743809375 0.53621301875 0.871484934375 0.48946365312499995
16 0.916215859375 0.3272476359375 0.9109799921875 0.2846049125 0.8962846890625 0.240138446875 0.8695436546875 0.20013622656250002 0.8515568421875 0.19040387187500002 0.8457669875 0.1911147765625 0.831542346875 0.2256987 0.8127453875 0.25039578281249997 0.801707325 0.2562289078125 0.7508918 0.25948305625 0.7467268734375 0.273427909375 0.7454507 0.31089978125 0.7506572484375 0.3669795703125 0.7547635390625 0.3799088453125 0.7875629296875 0.3803594078125 0.806376865625 0.3899902046875 0.8518269015625 0.445606534375 0.8648046890625001 0.43505742031250005 0.8934684718750001 0.4360157703125 0.90000983125 0.4277495578125 0.9131511906249999 0.3843430015625 0.916215859375 0.3272476359375
16 0.7424276937500001 0.3067931390625 0.7280471890625 0.244376734375 0.713834890625 0.23119571562500002 0.6873793375 0.1866806203125 0.6693925234375 0.176948265625 0.659647609375 0.17963739843749998 0.6526865171875 0.2118368625 0.6282216140625 0.2655894171875 0.6039202828125 0.28648453125 0.5814830609375 0.29520990625 0.5786868953125001 0.313464515625 0.5811096234375001 0.340033971875 0.589578365625 0.3748167140625 0.6128133906250001 0.3794268453125 0.631161296875 0.39210007812500003 0.6568190484375 0.42327966562499997 0.67841680625 0.4624207953125 0.700568546875 0.458208296875 0.7421761640625 0.3799617734375 0.7457531546875 0.3407147875 0.7424276937500001 0.3067931390625
16 0.473110053125 0.4861366875 0.49691603906250004 0.48172107343750004 0.509893825 0.4711719578125 0.5282833953125 0.4226431828125 0.5441329609375 0.4012932078125 0.5474707671875 0.3874499109375 0.5488225546875001 0.3574317890625 0.53702835 0.2887274 0.5134908703125001 0.25430226093749997 0.48292902499999996 0.196857890625 0.434158159375 0.189412734375 0.4161420265625 0.1931174453125 0.41125490937500003 0.20118054375 0.41746912812500003 0.2586292125 0.41432884531249997 0.3082708265625 0.402736796875 0.3574575796875 0.3894442109375 0.38595663281250003 0.3840154515625 0.38960841562500004 0.38150476875 0.403350153125 0.384422840625 0.4134401078125 0.42319263281249997 0.41465020625 0.4444586140625 0.43741339218749997 0.473110053125 0.4861366875
16 0.2583562109375 0.46026389375 0.2531789796875 0.3907470421875 0.232769440625 0.3544452328125 0.2198039953125 0.317229403125 0.18626543906249998 0.27656920625 0.16148110468750002 0.266178875 0.1257343203125 0.269075421875 0.09010944531250001 0.300316534375 0.06841138906250001 0.3492515421875 0.06155522812500001 0.37546769375 0.059842346874999994 0.4025449390625 0.060896310937499996 0.42480463437499993 0.0686428640625 0.4537056203125 0.09016500625 0.485393 0.1070685375 0.4863027203125 0.15791337968750002 0.46961150937499996 0.2066549265625 0.49049372656249995 0.22187489375 0.5050436296874999 0.2375315703125 0.5299881609375 0.24759128437500003 0.509349090625 0.2583562109375 0.46026389375
16 0 0.5305813140625 0.020246990625 0.6954798171875 0.038472989062500004 0.67980848125 0.0531343390625 0.6556191859375 0.050333542187500004 0.591780975 0.0628576453125 0.53650935 0.071624209375 0.5190142734375 0.060627806250000006 0.46364538906249997 0.039134982812500003 0.418520946875 0.0111008 0.38166271875 0 0.3739951953125 0 0.5305813140625