6 0.3486328115234375 0.314453125 0.345703125 0.3095703115234375 0.3349609384765625 0.251953125 0.326171875 0.2548828115234375 0.318359375 0.2841796884765625 0.3125 0.3544921884765625 0.294921875 0.4150390615234375 0.28515625 0.4755859384765625 0.279296875 0.4833984384765625 0.279296875 0.4912109384765625 0.287109375 0.4931640615234375 0.330078125 0.4287109384765625 0.3515625 0.3603515615234375 0.35546875 0.3115234384765625 0.3486328115234375 0.314453125
6 0.3955078115234375 0.337890625 0.390625 0.3212890615234375 0.3764018134765625 0.3138716103515625 0.380859375 0.5283203115234375 0.390625 0.5322265615234375 0.400390625 0.5146484384765625 0.41015625 0.4072265615234375 0.4033646923828125 0.334363400390625 0.3955078115234375 0.337890625
6 0.55078125 0.4189453115234375 0.5322265615234375 0.380859375 0.515625 0.4384765615234375 0.515625 0.5107421884765625 0.53125 0.5517578115234375 0.5673828115234375 0.583984375 0.57421875 0.5830078115234375 0.576171875 0.5771484384765625 0.552734375 0.5380859384765625 0.544921875 0.4990234384765625 0.55078125 0.4189453115234375
6 0.591796875 0.5888671884765625 0.59375 0.6005859384765625 0.6025390615234375 0.609375 0.611328125 0.6083984384765625 0.62109375 0.6005859384765625 0.619140625 0.5830078115234375 0.6123046884765625 0.576171875 0.591796875 0.5888671884765625
6 0.59375 0.4306640615234375 0.59375 0.3525390615234375 0.5751953115234375 0.34765625 0.56640625 0.3525390615234375 0.56640625 0.4111328115234375 0.5615234384765625 0.421875 0.55078125 0.4228515615234375 0.55078125 0.4775390615234375 0.5703125 0.5458984384765625 0.5859375 0.5830078115234375 0.59375 0.5849609384765625 0.61328125 0.5556640615234375 0.59375 0.4560546884765625 0.580078125 0.4638671884765625 0.59375 0.4306640615234375
6 0.33984375 0.5517578115234375 0.3271484384765625 0.548828125 0.326171875 0.6494140615234375 0.33203125 0.7099609384765625 0.337890625 0.7373046884765625 0.345703125 0.7373046884765625 0.35546875 0.7001953115234375 0.349609375 0.6455078115234375 0.3515625 0.5771484384765625 0.33984375 0.5517578115234375
6 0.8193359384765625 0.322265625 0.80078125 0.3427734384765625 0.8046875 0.3701171884765625 0.818359375 0.4150390615234375 0.828125 0.4306640615234375 0.845703125 0.4423828115234375 0.837890625 0.3994140615234375 0.8203125 0.4013671884765625 0.83203125 0.3544921884765625 0.8193359384765625 0.322265625
6 0.783203125 0.1982421884765625 0.779296875 0.2744140615234375 0.7890625 0.3154296884765625 0.796875 0.3154296884765625 0.818359375 0.3095703115234375 0.81640625 0.2275390615234375 0.8310546884765625 0.15234375 0.783203125 0.1982421884765625
6 0.9072265615234375 0.341796875 0.9052734384765625 0.345703125 0.8916015615234375 0.341796875 0.8671875 0.3603515615234375 0.873046875 0.4033203115234375 0.892578125 0.4462890615234375 0.921875 0.4814453115234375 0.927734375 0.4619140615234375 0.912109375 0.4072265615234375 0.91015625 0.3466796884765625 0.9072265615234375 0.341796875
6 0.865234375 0.2177734384765625 0.86328125 0.3232421884765625 0.8671875 0.3251953115234375 0.91015625 0.3017578115234375 0.9091796884765625 0.1953125 0.8798828115234375 0.203125 0.865234375 0.2177734384765625
6 0.62890625 0.4052734384765625 0.634765625 0.4111328115234375 0.65625 0.3974609384765625 0.6494140615234375 0.390625 0.6376953115234375 0.390625 0.62890625 0.4052734384765625
6 0.6650390615234375 0.5625 0.6591796884765625 0.548828125 0.654296875 0.5498046884765625 0.6552734384765625 0.560546875 0.6513671884765625 0.55078125 0.64453125 0.5537109384765625 0.6611328115234375 0.57421875 0.6875 0.5849609384765625 0.703125 0.5791015615234375 0.7001953115234375 0.568359375 0.6650390615234375 0.546875 0.6650390615234375 0.5625
6 0.6220703115234375 0.423828125 0.611328125 0.4541015615234375 0.611328125 0.4931640615234375 0.623046875 0.5322265615234375 0.6328125 0.5380859384765625 0.650390625 0.5185546884765625 0.64453125 0.4970703115234375 0.646484375 0.4541015615234375 0.6220703115234375 0.423828125
6 0.6279296884765625 0.564453125 0.619140625 0.5751953115234375 0.623046875 0.5986328115234375 0.615234375 0.6083984384765625 0.619140625 0.6455078115234375 0.634765625 0.6982421884765625 0.6484375 0.7158203115234375 0.6328125 0.7197265615234375 0.65234375 0.7255859384765625 0.6640625 0.6826171884765625 0.65234375 0.6455078115234375 0.6484375 0.6064453115234375 0.6279296884765625 0.564453125
6 0.41796875 0.6826171884765625 0.3974609384765625 0.677734375 0.3984375 0.7841796884765625 0.40625 0.8115234384765625 0.4140625 0.7841796884765625 0.412109375 0.7685546884765625 0.419921875 0.7548828115234375 0.41796875 0.6826171884765625
6 0.5234375 0.8251953115234375 0.55859375 0.8291015615234375 0.572265625 0.8212890615234375 0.5693359384765625 0.80078125 0.5537109384765625 0.814453125 0.5234375 0.8251953115234375
6 0.595703125 0.7099609384765625 0.619140625 0.7158203115234375 0.619140625 0.6708984384765625 0.6025390615234375 0.66796875 0.595703125 0.6806640615234375 0.595703125 0.7099609384765625
6 0.619140625 0.7373046884765625 0.619140625 0.7236328115234375 0.6005859384765625 0.716796875 0.59375 0.7197265615234375 0.59375 0.7412109384765625 0.580078125 0.7783203115234375 0.58203125 0.8017578115234375 0.587890625 0.8037109384765625 0.599609375 0.7900390615234375 0.599609375 0.7783203115234375 0.611328125 0.7646484384765625 0.619140625 0.7373046884765625