0 0 0.5283203125 0.05078125 0.5517578125 0.1142578125 0.541015625 0.1787109375 0.51171875 0.203125 0.4775390625 0.205078125 0.4287109375 0.314453125 0.3056640625 0.310546875 0.1357421875 0.2890625 0.0927734375 0.259765625 0.0693359375 0.2333984375 0 0 0.0009765625 0 0.5283203125
0 0.3388671875 0.8203125 0.3203125 0.8173828125 0.3125 0.7861328125 0.2734375 0.7412109375 0.2685546875 0.71484375 0.1494140625 0.69921875 0 0.7880859375 0.0009765625 1 0.359375 0.9990234375 0.390625 0.9501953125 0.388671875 0.9091796875 0.357421875 0.8427734375 0.3388671875 0.8203125
0 0.6708984375 0.615234375 0.7109375 0.5380859375 0.71484375 0.4345703125 0.6953125 0.3603515625 0.6279296875 0.279296875 0.5576171875 0.248046875 0.5166015625 0.25390625 0.4638671875 0.29296875 0.4052734375 0.283203125 0.35546875 0.3193359375 0.3994140625 0.361328125 0.5908203125 0.361328125 0.61328125 0.3759765625 0.615234375 0.4052734375 0.6044921875 0.41796875 0.4736328125 0.427734375 0.455078125 0.4501953125 0.451171875 0.4755859375 0.470703125 0.5126953125 0.470703125 0.5712890625 0.4375 0.6103515625 0.435546875 0.6337890625 0.4580078125 0.654296875 0.515625 0.6572265625 0.5498046875 0.65625 0.5771484375 0.638671875 0.6181640625 0.638671875 0.6708984375 0.615234375
0 0.9140625 0.0888671875 0.90625 0.0712890625 0.8115234375 0.001953125 0.80078125 0.0048828125 0.798828125 0.0205078125 0.7861328125 0.029296875 0.7099609375 0.052734375 0.6669921875 0.076171875 0.6328125 0.1162109375 0.640625 0.1552734375 0.6611328125 0.169921875 0.6845703125 0.169921875 0.7294921875 0.14453125 0.7490234375 0.14453125 0.7685546875 0.16015625 0.8291015625 0.142578125 0.8505859375 0.146484375 0.861328125 0.1650390625 0.802734375 0.2021484375 0.79296875 0.2333984375 0.767578125 0.2685546875 0.7705078125 0.28125 0.80859375 0.2900390625 0.9013671875 0.244140625 0.92578125 0.2138671875 0.91015625 0.1220703125 0.9140625 0.0888671875
0 0.900390625 0.4287109375 0.8623046875 0.39453125 0.8193359375 0.41015625 0.7998046875 0.4296875 0.7568359375 0.43359375 0.7255859375 0.44921875 0.712890625 0.5029296875 0.7197265625 0.515625 0.8271484375 0.521484375 0.8505859375 0.525390625 0.865234375 0.5361328125 0.865234375 0.5478515625 0.8525390625 0.556640625 0.7373046875 0.5546875 0.720703125 0.5654296875 0.720703125 0.5810546875 0.7724609375 0.6328125 0.8505859375 0.6484375 0.869140625 0.6708984375 0.92578125 0.6142578125 0.931640625 0.5732421875 0.923828125 0.4775390625 0.900390625 0.4287109375
0 0.7734375 0.7333984375 0.7646484375 0.69140625 0.6669921875 0.693359375 0.658203125 0.7177734375 0.671875 0.7255859375 0.67578125 0.7509765625 0.63671875 0.7685546875 0.640625 0.7958984375 0.6240234375 0.806640625 0.4931640625 0.783203125 0.421875 0.8525390625 0.423828125 0.8857421875 0.46875 0.9306640625 0.478515625 0.9580078125 0.4755859375 1 0.78515625 0.9990234375 0.81640625 0.9365234375 0.8203125 0.8994140625 0.806640625 0.7998046875 0.7734375 0.7333984375
0 0 0.5283203125 0.046875 0.5537109375 0.1201171875 0.541015625 0.1826171875 0.509765625 0.205078125 0.4716796875 0.205078125 0.4326171875 0.236328125 0.3837890625 0.2646484375 0.369140625 0.314453125 0.3095703125 0.310546875 0.1357421875 0.2890625 0.0927734375 0.2578125 0.0673828125 0.24609375 0.0126953125 0.2314453125 0 0 0.0009765625 0 0.5283203125
0 0.6787109375 0.611328125 0.7109375 0.5400390625 0.71484375 0.4345703125 0.701171875 0.3701171875 0.6201171875 0.2734375 0.5576171875 0.248046875 0.5166015625 0.25390625 0.4638671875 0.29296875 0.4072265625 0.283203125 0.35546875 0.3173828125 0.35546875 0.3271484375 0.3994140625 0.361328125 0.4990234375 0.369140625 0.5908203125 0.361328125 0.61328125 0.3759765625 0.615234375 0.4052734375 0.6044921875 0.41796875 0.4736328125 0.427734375 0.453125 0.4521484375 0.44921875 0.4755859375 0.470703125 0.5146484375 0.462890625 0.5517578125 0.470703125 0.5712890625 0.431640625 0.6240234375 0.4501953125 0.65234375 0.505859375 0.6591796875 0.5595703125 0.654296875 0.5810546875 0.638671875 0.6142578125 0.640625 0.6787109375 0.611328125
0 0.900390625 0.4287109375 0.8623046875 0.39453125 0.8193359375 0.41015625 0.7939453125 0.431640625 0.7548828125 0.43359375 0.7236328125 0.44921875 0.712890625 0.5029296875 0.7197265625 0.515625 0.8271484375 0.521484375 0.8505859375 0.525390625 0.865234375 0.5361328125 0.865234375 0.5478515625 0.8525390625 0.556640625 0.7373046875 0.5546875 0.720703125 0.5654296875 0.720703125 0.5810546875 0.7724609375 0.6328125 0.8466796875 0.646484375 0.87109375 0.6689453125 0.92578125 0.6142578125 0.931640625 0.5908203125 0.9296875 0.5048828125 0.900390625 0.4287109375
0 0.9140625 0.0888671875 0.904296875 0.0673828125 0.8115234375 0.001953125 0.80078125 0.0048828125 0.798828125 0.0205078125 0.7861328125 0.029296875 0.7099609375 0.052734375 0.6669921875 0.076171875 0.6328125 0.1162109375 0.640625 0.1552734375 0.6708984375 0.169921875 0.7294921875 0.14453125 0.7490234375 0.14453125 0.7685546875 0.16015625 0.8291015625 0.142578125 0.8505859375 0.146484375 0.861328125 0.1650390625 0.802734375 0.2021484375 0.79296875 0.2333984375 0.76953125 0.2666015625 0.7705078125 0.28125 0.80859375 0.2900390625 0.9013671875 0.244140625 0.92578125 0.2138671875 0.91015625 0.1220703125 0.9140625 0.0888671875
0 0.3212890625 0.818359375 0.294921875 0.7822265625 0.2646484375 0.712890625 0.1513671875 0.701171875 0 0.7919921875 0.0009765625 1 0.35546875 0.9990234375 0.388671875 0.9501953125 0.384765625 0.8994140625 0.34375 0.8251953125 0.3212890625 0.818359375
0 0.775390625 0.7373046875 0.7646484375 0.69140625 0.6669921875 0.693359375 0.658203125 0.7177734375 0.671875 0.7255859375 0.67578125 0.7509765625 0.63671875 0.7685546875 0.640625 0.7958984375 0.6201171875 0.80859375 0.4931640625 0.783203125 0.421875 0.8544921875 0.423828125 0.8857421875 0.466796875 0.9267578125 0.478515625 0.9560546875 0.4755859375 1 0.78515625 0.9990234375 0.81640625 0.9365234375 0.8203125 0.8994140625 0.806640625 0.7998046875 0.775390625 0.7373046875