6 0.376953125 0.2246093740234375 0.3681640634765625 0.2080078125 0.3427734365234375 0.2060546875 0.3359375 0.2128906240234375 0.330078125 0.3007812509765625 0.306640625 0.3417968740234375 0.2734375 0.3750000009765625 0.2734375 0.3847656240234375 0.28515625 0.3867187509765625 0.3193359365234375 0.3662109375 0.35546875 0.3203125009765625 0.373046875 0.2675781240234375 0.376953125 0.2246093740234375
6 0.4013671865234375 0.2861328125 0.40625 0.3828125009765625 0.396484375 0.4550781240234375 0.412109375 0.4609375009765625 0.42578125 0.4531250009765625 0.44140625 0.4062500009765625 0.447265625 0.3378906240234375 0.4013671865234375 0.2861328125
6 0.62109375 0.2539062509765625 0.6328125 0.2382812509765625 0.6201171865234375 0.2353515625 0.6123046865234375 0.2587890625 0.6044921865234375 0.2470703125 0.59375 0.2578125009765625 0.599609375 0.3378906240234375 0.6328125 0.4140625009765625 0.6513671865234375 0.4345703125 0.671875 0.4394531240234375 0.634765625 0.3613281240234375 0.630859375 0.2910156240234375 0.619140625 0.2695312509765625 0.62109375 0.2539062509765625
6 0.283203125 0.6679687509765625 0.291015625 0.6718750009765625 0.306640625 0.6542968740234375 0.3056640634765625 0.6435546875 0.2890625 0.6503906240234375 0.283203125 0.6679687509765625
6 0.302734375 0.4707031240234375 0.2509765634765625 0.4638671875 0.24609375 0.4746093740234375 0.259765625 0.4980468740234375 0.27734375 0.5546875009765625 0.30078125 0.5722656240234375 0.31640625 0.6035156240234375 0.31640625 0.6132812509765625 0.30078125 0.6347656240234375 0.322265625 0.6347656240234375 0.33984375 0.6152343740234375 0.34375 0.5976562509765625 0.302734375 0.5039062509765625 0.302734375 0.4707031240234375
6 0.4208984365234375 0.6025390625 0.3935546865234375 0.6044921875 0.3828125 0.6132812509765625 0.40625 0.7402343740234375 0.404296875 0.7714843740234375 0.3828125 0.8105468740234375 0.404296875 0.8105468740234375 0.427734375 0.7832031240234375 0.43359375 0.7421875009765625 0.43359375 0.6894531240234375 0.4208984365234375 0.6025390625
6 0.6015625 0.6777343740234375 0.607421875 0.6601562509765625 0.5986328134765625 0.6455078125 0.556640625 0.6523437509765625 0.5703125 0.7128906240234375 0.564453125 0.7773437509765625 0.5341796865234375 0.7998046875 0.498046875 0.8027343740234375 0.5126953134765625 0.8173828125 0.54296875 0.8183593740234375 0.5703125 0.8027343740234375 0.59375 0.7734375009765625 0.603515625 0.7500000009765625 0.6015625 0.6777343740234375
6 0.380859375 0.8066406240234375 0.40234375 0.7773437509765625 0.404296875 0.7187500009765625 0.39453125 0.6816406240234375 0.3740234365234375 0.6806640625 0.357421875 0.6914062509765625 0.361328125 0.8261718740234375 0.3642578134765625 0.8330078125 0.388671875 0.8336588544921875 0.400390625 0.8320312509765625 0.400390625 0.8144531240234375 0.3857421865234375 0.8134765625 0.380859375 0.8066406240234375
6 0.455078125 0.6523437509765625 0.455078125 0.5996093740234375 0.466796875 0.5468750009765625 0.4384765634765625 0.5458984375 0.431640625 0.5507812509765625 0.439453125 0.6699218740234375 0.4375 0.7656250009765625 0.443359375 0.7812500009765625 0.453125 0.7812500009765625 0.4609375 0.7597656240234375 0.46484375 0.7011718740234375 0.46484375 0.6796875009765625 0.455078125 0.6523437509765625
6 0.173828125 0.6406250009765625 0.1494140634765625 0.6142578125 0.134765625 0.6171875009765625 0.1455078134765625 0.6416015625 0.173828125 0.6406250009765625
6 0.1591796865234375 0.6494140625 0.166015625 0.6621093740234375 0.142578125 0.6679687509765625 0.138671875 0.7226562509765625 0.126953125 0.7617187509765625 0.15234375 0.7812500009765625 0.16796875 0.7617187509765625 0.177734375 0.7343750009765625 0.1845703134765625 0.6474609375 0.1591796865234375 0.6494140625
6 0.1787109365234375 0.4267578125 0.173828125 0.4355468740234375 0.166015625 0.4921875009765625 0.17578125 0.5156250009765625 0.15625 0.5117187509765625 0.181640625 0.5546875009765625 0.189453125 0.5566406240234375 0.19921875 0.5039062509765625 0.201171875 0.4277343740234375 0.1962890634765625 0.4248046875 0.1787109365234375 0.4267578125
6 0.84765625 0.6660156240234375 0.8466796865234375 0.6591796875 0.8359375 0.6562500009765625 0.8291015634765625 0.6318359375 0.814453125 0.6367187509765625 0.814453125 0.6875000009765625 0.798828125 0.7167968740234375 0.798828125 0.7402343740234375 0.806640625 0.7460937509765625 0.818359375 0.7363281240234375 0.818359375 0.7207031240234375 0.8359375 0.6972656240234375 0.84765625 0.6660156240234375
6 0.662109375 0.6718750009765625 0.6875 0.6796875009765625 0.662109375 0.6152343740234375 0.6201171865234375 0.6044921875 0.619140625 0.6132812509765625 0.662109375 0.6718750009765625