0 0.833984375 0.4677734375 0.8671875 0.4560546875 0.9140625 0.3857421875 0.93359375 0.3388671875 0.93359375 0.1650390625 0.8154296875 0.005859375 0.5048828125 0 0.4384765625 0.017578125 0.3671875 0.0615234375 0.375 0.0947265625 0.337890625 0.1650390625 0.37890625 0.2197265625 0.28515625 0.2646484375 0.2734375 0.3623046875 0.310546875 0.4150390625 0.31640625 0.4619140625 0.3974609375 0.5078125 0.4267578125 0.5625 0.4892578125 0.57421875 0.5361328125 0.55859375 0.5810546875 0.607421875 0.666015625 0.6455078125 0.7216796875 0.6328125 0.79296875 0.5849609375 0.841796875 0.5009765625 0.833984375 0.4677734375
0 0.205078125 0.7490234375 0.263671875 0.6845703125 0.25390625 0.6240234375 0.2197265625 0.576171875 0.1201171875 0.568359375 0.0947265625 0.587890625 0.0283203125 0.54296875 0.0009765625 0.5390625 0 0.9501953125 0.0361328125 1 0.140625 0.9990234375 0.162109375 0.9482421875 0.14453125 0.7998046875 0.1884765625 0.783203125 0.205078125 0.7490234375
0 0.80859375 0.7470703125 0.7890625 0.7158203125 0.7607421875 0.6953125 0.6689453125 0.6796875 0.6611328125 0.65625 0.6201171875 0.66015625 0.599609375 0.6865234375 0.60546875 0.7275390625 0.58203125 0.7744140625 0.587890625 0.8212890625 0.6494140625 0.8515625 0.6748046875 0.8515625 0.7197265625 0.90234375 0.765625 0.9111328125 0.7734375 0.9033203125 0.783203125 0.8583984375 0.82421875 0.8017578125 0.80859375 0.7470703125
0 0.98828125 0.5732421875 0.91796875 0.4541015625 0.8935546875 0.435546875 0.87109375 0.4580078125 0.85546875 0.5224609375 0.83984375 0.5478515625 0.7763671875 0.611328125 0.7138671875 0.64453125 0.7177734375 0.65234375 0.6875 0.6591796875 0.7216796875 0.666015625 0.7802734375 0.705078125 0.810546875 0.7470703125 0.8291015625 0.794921875 0.9375 0.7978515625 0.95703125 0.7509765625 0.98046875 0.7353515625 0.990234375 0.7158203125 0.98828125 0.5732421875
0 0.5009765625 0.81640625 0.4775390625 0.80859375 0.3544921875 0.8125 0.3291015625 0.80859375 0.3134765625 0.79296875 0.287109375 0.8017578125 0.318359375 0.8369140625 0.3349609375 0.880859375 0.3984375 0.9072265625 0.314453125 0.9912109375 0.3154296875 1 0.712890625 0.9990234375 0.705078125 0.8955078125 0.6748046875 0.861328125 0.5302734375 0.84765625 0.5009765625 0.81640625
0 0.974609375 0.8583984375 0.958984375 0.8212890625 0.9404296875 0.8046875 0.8505859375 0.802734375 0.8330078125 0.80859375 0.78515625 0.8623046875 0.78515625 0.8857421875 0.7734375 0.9228515625 0.78125 0.9404296875 0.787109375 0.9853515625 0.8076171875 1 0.974609375 0.9990234375 0.978515625 0.9833984375 0.978515625 0.9482421875 0.970703125 0.9228515625 0.974609375 0.8583984375
0 0.8359375 0.4677734375 0.8671875 0.4560546875 0.9140625 0.3857421875 0.93359375 0.3388671875 0.931640625 0.1591796875 0.8134765625 0.005859375 0.5126953125 0 0.4423828125 0.017578125 0.36328125 0.0693359375 0.37109375 0.1044921875 0.3359375 0.1591796875 0.37890625 0.2197265625 0.28515625 0.2626953125 0.2734375 0.3623046875 0.310546875 0.4169921875 0.3203125 0.4677734375 0.3935546875 0.505859375 0.4267578125 0.5625 0.4892578125 0.57421875 0.5341796875 0.55859375 0.5791015625 0.60546875 0.6640625 0.6455078125 0.7216796875 0.6328125 0.79296875 0.5849609375 0.84765625 0.4970703125 0.8359375 0.4677734375
0 0.20703125 0.7470703125 0.263671875 0.6845703125 0.25390625 0.6240234375 0.2197265625 0.576171875 0.1181640625 0.568359375 0.0966796875 0.587890625 0.0283203125 0.54296875 0.0009765625 0.5390625 0 0.9501953125 0.0341796875 1 0.140625 0.9990234375 0.162109375 0.9482421875 0.14453125 0.7998046875 0.1884765625 0.783203125 0.20703125 0.7470703125
0 0.4833984375 0.80859375 0.3525390625 0.8125 0.3134765625 0.796875 0.287109375 0.8017578125 0.29296875 0.8173828125 0.314453125 0.8310546875 0.3349609375 0.880859375 0.3984375 0.9072265625 0.3203125 0.9853515625 0.3173828125 1 0.712890625 0.9990234375 0.705078125 0.8955078125 0.6748046875 0.861328125 0.5322265625 0.84765625 0.4833984375 0.80859375
0 0.8623046875 0.796875 0.9384765625 0.80078125 0.958984375 0.7470703125 0.990234375 0.7138671875 0.984375 0.5595703125 0.8994140625 0.4375 0.873046875 0.4580078125 0.84375 0.5400390625 0.7822265625 0.607421875 0.7177734375 0.640625 0.6220703125 0.658203125 0.599609375 0.6845703125 0.603515625 0.7294921875 0.58203125 0.7744140625 0.587890625 0.8251953125 0.6728515625 0.8515625 0.7197265625 0.90234375 0.763671875 0.9111328125 0.77734375 0.9013671875 0.78515625 0.8583984375 0.8232421875 0.80859375 0.8623046875 0.796875
0 0.974609375 0.8583984375 0.958984375 0.8212890625 0.9384765625 0.8046875 0.8564453125 0.80078125 0.8349609375 0.806640625 0.78515625 0.8623046875 0.783203125 0.8994140625 0.7734375 0.9248046875 0.78125 0.9404296875 0.787109375 0.9853515625 0.8076171875 1 0.974609375 0.9990234375 0.978515625 0.9833984375 0.978515625 0.9501953125 0.970703125 0.9228515625 0.974609375 0.8583984375