6 0.6171875 0.5400390625 0.59765625 0.5947265625 0.6005859375 0.603515625 0.609375 0.6025390625 0.65234375 0.5537109375 0.6591796875 0.53125 0.6240234375 0.533203125 0.6171875 0.5400390625
6 0.73828125 0.2197265625 0.7314453125 0.162109375 0.67578125 0.1650390625 0.6796875 0.2509765625 0.66796875 0.3759765625 0.65234375 0.4521484375 0.625 0.5185546875 0.66015625 0.5205078125 0.6708984375 0.51953125 0.6875 0.4951171875 0.7265625 0.3642578125 0.73828125 0.2197265625
6 0.7705078125 0.400390625 0.7490234375 0.40234375 0.740234375 0.4228515625 0.748046875 0.5048828125 0.7578125 0.5146484375 0.796875 0.5087890625 0.7890625 0.4755859375 0.7890625 0.4091796875 0.7705078125 0.400390625
6 0.833984375 0.6513671875 0.830078125 0.6162109375 0.798828125 0.5244140625 0.7587890625 0.5234375 0.755859375 0.5341796875 0.791015625 0.6552734375 0.806640625 0.6591796875 0.79296875 0.6650390625 0.8046875 0.7451171875 0.833984375 0.7099609375 0.8359375 0.6728515625 0.826171875 0.6572265625 0.833984375 0.6513671875
6 0.83203125 0.6103515625 0.83984375 0.5244140625 0.8056640625 0.521484375 0.806640625 0.5478515625 0.83203125 0.6103515625
6 0.82421875 0.4404296875 0.830078125 0.4052734375 0.8173828125 0.380859375 0.8017578125 0.380859375 0.791015625 0.3857421875 0.80078125 0.5087890625 0.83203125 0.5107421875 0.83984375 0.5087890625 0.83984375 0.4970703125 0.8359375 0.4462890625 0.82421875 0.4404296875
6 0.6416015625 0.16015625 0.60546875 0.1630859375 0.595703125 0.2255859375 0.599609375 0.3759765625 0.607421875 0.4052734375 0.603515625 0.4775390625 0.6171875 0.4873046875 0.63671875 0.4345703125 0.642578125 0.3935546875 0.6484375 0.2998046875 0.6416015625 0.16015625
6 0.408203125 0.3095703125 0.4013671875 0.294921875 0.3828125 0.2998046875 0.34375 0.4013671875 0.314453125 0.4521484375 0.31640625 0.4716796875 0.328125 0.4755859375 0.345703125 0.4560546875 0.392578125 0.3544921875 0.39453125 0.3310546875 0.408203125 0.3095703125
6 0.2783203125 0.28515625 0.26953125 0.3232421875 0.25 0.3408203125 0.224609375 0.4697265625 0.216796875 0.4931640625 0.208984375 0.4931640625 0.201171875 0.5458984375 0.216796875 0.5458984375 0.232421875 0.5341796875 0.265625 0.4541015625 0.28515625 0.3076171875 0.2783203125 0.28515625
6 0.3291015625 0.3125 0.328125 0.3251953125 0.345703125 0.3330078125 0.3291015625 0.3125
6 0.279296875 0.2861328125 0.302734375 0.3037109375 0.30078125 0.2724609375 0.2626953125 0.2265625 0.25390625 0.2509765625 0.279296875 0.2861328125
6 0.2080078125 0.16015625 0.234375 0.2294921875 0.24609375 0.2392578125 0.255859375 0.2099609375 0.240234375 0.1689453125 0.2353515625 0.16015625 0.2080078125 0.16015625
6 0.48828125 0.1671006953125 0.472005208984375 0.18988715234375 0.498046875 0.295138888671875 0.505859375 0.4814453125 0.517578125 0.4912109375 0.53125 0.4677734375 0.53515625 0.4169921875 0.515407986328125 0.163845486328125 0.48828125 0.1671006953125
6 0.34375 0.6865234375 0.3515625 0.6904296875 0.3671875 0.6748046875 0.3583984375 0.6640625 0.3515625 0.6650390625 0.34375 0.6865234375
6 0.3828125 0.5341796875 0.404296875 0.5341796875 0.3974609375 0.447265625 0.3828125 0.4658203125 0.392578125 0.4912109375 0.3828125 0.5341796875
6 0.357421875 0.5615234375 0.359375 0.6240234375 0.388671875 0.6357421875 0.40234375 0.5869140625 0.404296875 0.5458984375 0.3720703125 0.544921875 0.357421875 0.5615234375
6 0.09765625 0.6767578125 0.09375 0.7314453125 0.0732421875 0.705078125 0.068359375 0.7099609375 0.060546875 0.7998046875 0.064453125 0.8388671875 0.09765625 0.8388671875 0.103515625 0.7333984375 0.1513671875 0.5859375 0.126953125 0.6142578125 0.09765625 0.6767578125
6 0.4375 0.4599609375 0.443359375 0.5302734375 0.44921875 0.5322265625 0.46484375 0.5283203125 0.47265625 0.5048828125 0.4677734375 0.447265625 0.4375 0.4599609375