6 0.546875 0.3876953125 0.544921875 0.3857421875 0.544921875 0.3701171875 0.54296875 0.3681640625 0.541015625 0.3095703125 0.533203125 0.2880859375 0.5302734375 0.28515625 0.5126953125 0.287109375 0.509765625 0.2939453125 0.509765625 0.3212890625 0.51171875 0.3232421875 0.51171875 0.3544921875 0.513671875 0.3564453125 0.513671875 0.3740234375 0.515625 0.3759765625 0.517578125 0.3974609375 0.529296875 0.4287109375 0.537109375 0.4423828125 0.564453125 0.4755859375 0.5673828125 0.478515625 0.5703125 0.4775390625 0.5703125 0.4658203125 0.556640625 0.4404296875 0.546875 0.4052734375 0.546875 0.3876953125
6 0.48046875 0.5439453125 0.478515625 0.5419921875 0.478515625 0.5107421875 0.4765625 0.5087890625 0.474609375 0.4638671875 0.47265625 0.4619140625 0.47265625 0.4345703125 0.470703125 0.4326171875 0.470703125 0.4130859375 0.466796875 0.4111328125 0.470703125 0.4072265625 0.470703125 0.3974609375 0.46875 0.3955078125 0.46875 0.3876953125 0.4609375 0.3740234375 0.4609375 0.3544921875 0.458984375 0.3525390625 0.458984375 0.3388671875 0.45703125 0.3369140625 0.45703125 0.3115234375 0.4541015625 0.310546875 0.451171875 0.3193359375 0.453125 0.3642578125 0.451171875 0.3662109375 0.451171875 0.3740234375 0.4453125 0.3818359375 0.443359375 0.3994140625 0.44140625 0.4013671875 0.44140625 0.4091796875 0.44921875 0.4130859375 0.439453125 0.4208984375 0.44140625 0.4658203125 0.447265625 0.4873046875 0.451171875 0.5166015625 0.455078125 0.5244140625 0.4609375 0.5498046875 0.470703125 0.5712890625 0.4775390625 0.578125 0.48046875 0.5771484375 0.48046875 0.5654296875 0.478515625 0.5634765625 0.478515625 0.5478515625 0.48046875 0.5439453125
6 0.609375 0.6474609375 0.607421875 0.6455078125 0.607421875 0.6259765625 0.603515625 0.6181640625 0.6015625 0.6025390625 0.591796875 0.5771484375 0.591796875 0.5712890625 0.58203125 0.5498046875 0.578125 0.5458984375 0.568359375 0.5205078125 0.5576171875 0.5078125 0.5517578125 0.505859375 0.541015625 0.5146484375 0.5390625 0.5185546875 0.541015625 0.5263671875 0.552734375 0.5498046875 0.568359375 0.5732421875 0.5703125 0.5869140625 0.58203125 0.6162109375 0.591796875 0.6611328125 0.59765625 0.6748046875 0.6015625 0.7021484375 0.60546875 0.7021484375 0.611328125 0.6923828125 0.611328125 0.6650390625 0.609375 0.6630859375 0.609375 0.6474609375
6 0.54296875 0.5283203125 0.53515625 0.5048828125 0.53515625 0.4912109375 0.5322265625 0.48046875 0.5146484375 0.509765625 0.51171875 0.5087890625 0.51171875 0.5029296875 0.5078125 0.5029296875 0.5078125 0.5126953125 0.515625 0.5380859375 0.5341796875 0.56640625 0.5634765625 0.5859375 0.5703125 0.5849609375 0.56640625 0.5732421875 0.560546875 0.5673828125 0.54296875 0.5341796875 0.54296875 0.5283203125
6 0.37890625 0.5869140625 0.376953125 0.5849609375 0.376953125 0.5751953125 0.3671875 0.5517578125 0.36328125 0.5322265625 0.3583984375 0.525390625 0.3486328125 0.525390625 0.337890625 0.5302734375 0.337890625 0.5498046875 0.349609375 0.5966796875 0.349609375 0.6044921875 0.353515625 0.6142578125 0.353515625 0.6318359375 0.35546875 0.6337890625 0.353515625 0.6572265625 0.34765625 0.6826171875 0.34765625 0.7021484375 0.349609375 0.7099609375 0.353515625 0.7119140625 0.375 0.6572265625 0.376953125 0.6337890625 0.37890625 0.6318359375 0.37890625 0.5869140625
6 0.349609375 0.7412109375 0.349609375 0.7236328125 0.34765625 0.7216796875 0.34765625 0.6884765625 0.34375 0.6787109375 0.337890625 0.6376953125 0.3349609375 0.634765625 0.3271484375 0.634765625 0.3251953125 0.63671875 0.3193359375 0.634765625 0.314453125 0.6396484375 0.31640625 0.6630859375 0.318359375 0.6650390625 0.318359375 0.7080078125 0.3203125 0.7099609375 0.3203125 0.7236328125 0.32421875 0.7353515625 0.326171875 0.7626953125 0.330078125 0.7724609375 0.330078125 0.8056640625 0.328125 0.8076171875 0.326171875 0.8291015625 0.328125 0.8349609375 0.33203125 0.8349609375 0.341796875 0.8154296875 0.349609375 0.7919921875 0.3515625 0.7431640625 0.349609375 0.7412109375
6 0.263671875 0.5478515625 0.26171875 0.5458984375 0.259765625 0.5244140625 0.2548828125 0.517578125 0.2373046875 0.51953125 0.234375 0.5224609375 0.236328125 0.5283203125 0.236328125 0.5791015625 0.255859375 0.6044921875 0.263671875 0.6083984375 0.265625 0.6044921875 0.265625 0.5791015625 0.263671875 0.5771484375 0.263671875 0.5478515625
6 0.267578125 0.6455078125 0.265625 0.6416015625 0.265625 0.6259765625 0.251953125 0.6064453125 0.2412109375 0.595703125 0.23828125 0.5986328125 0.23828125 0.6298828125 0.244140625 0.6552734375 0.24609375 0.6884765625 0.248046875 0.6904296875 0.25 0.7060546875 0.255859375 0.7177734375 0.26171875 0.7216796875 0.26171875 0.6982421875 0.263671875 0.6962890625 0.265625 0.6474609375 0.267578125 0.6455078125
6 0.703125 0.5458984375 0.70703125 0.5380859375 0.70703125 0.5224609375 0.708984375 0.5205078125 0.708984375 0.5029296875 0.70703125 0.5009765625 0.70703125 0.4892578125 0.701171875 0.4736328125 0.69921875 0.4521484375 0.6962890625 0.44921875 0.6884765625 0.44921875 0.6865234375 0.447265625 0.6826171875 0.447265625 0.677734375 0.4541015625 0.677734375 0.4794921875 0.6796875 0.4814453125 0.6796875 0.4970703125 0.681640625 0.4990234375 0.681640625 0.5146484375 0.68359375 0.5166015625 0.68359375 0.5458984375 0.67578125 0.5693359375 0.67578125 0.5791015625 0.677734375 0.5869140625 0.681640625 0.5888671875 0.68359375 0.5791015625 0.6953125 0.5654296875 0.703125 0.5517578125 0.703125 0.5458984375
6 0.7890625 0.4560546875 0.787109375 0.4501953125 0.763671875 0.4169921875 0.763671875 0.4130859375 0.7587890625 0.41015625 0.755859375 0.4287109375 0.759765625 0.4423828125 0.759765625 0.4912109375 0.76171875 0.4931640625 0.76171875 0.5087890625 0.763671875 0.5107421875 0.763671875 0.5244140625 0.765625 0.5263671875 0.765625 0.5419921875 0.7685546875 0.544921875 0.771484375 0.5439453125 0.779296875 0.5244140625 0.78125 0.4912109375 0.78515625 0.4853515625 0.7890625 0.4560546875
6 0.755859375 0.5146484375 0.755859375 0.5048828125 0.75390625 0.5029296875 0.748046875 0.4658203125 0.744140625 0.4541015625 0.736328125 0.4462890625 0.736328125 0.4423828125 0.740234375 0.4404296875 0.740234375 0.4267578125 0.736328125 0.4189453125 0.7294921875 0.4140625 0.72265625 0.4189453125 0.720703125 0.4267578125 0.73046875 0.4423828125 0.7275390625 0.443359375 0.7197265625 0.4375 0.71484375 0.4384765625 0.71484375 0.4560546875 0.716796875 0.4580078125 0.720703125 0.4853515625 0.728515625 0.5048828125 0.7421875 0.5224609375 0.734375 0.5439453125 0.7265625 0.5556640625 0.724609375 0.5634765625 0.728515625 0.5634765625 0.7412109375 0.5546875 0.7578125 0.5380859375 0.7578125 0.5166015625 0.755859375 0.5146484375
6 0.5107421875 0.5234375 0.50390625 0.5361328125 0.50390625 0.5576171875 0.505859375 0.5595703125 0.5078125 0.5791015625 0.5107421875 0.583984375 0.5263671875 0.591796875 0.5390625 0.5908203125 0.53515625 0.5791015625 0.53515625 0.5673828125 0.517578125 0.5419921875 0.5107421875 0.5234375