0 0.6875 0.2470703125 0.6875 0.2392578125 0.69921875 0.2294921875 0.703125 0.2158203125 0.703125 0.1494140625 0.6962890625 0.14453125 0.6767578125 0.150390625 0.66015625 0.1689453125 0.6533203125 0.18359375 0.625 0.1982421875 0.623046875 0.2099609375 0.626953125 0.2294921875 0.62109375 0.2568359375 0.626953125 0.2763671875 0.6298828125 0.279296875 0.640625 0.2783203125 0.6591796875 0.265625 0.6689453125 0.263671875 0.6767578125 0.251953125 0.6875 0.2470703125
0 1 0.1103515625 0.8798828125 0.068359375 0.7587890625 0.080078125 0.732421875 0.1005859375 0.72265625 0.1318359375 0.78125 0.2255859375 0.76953125 0.2705078125 0.779296875 0.3818359375 0.767578125 0.4287109375 0.716796875 0.4541015625 0.728515625 0.4794921875 0.716796875 0.5263671875 0.734375 0.5458984375 0.71484375 0.5771484375 0.7841796875 0.63671875 0.900390625 0.6435546875 0.9169921875 0.62890625 0.9736328125 0.623046875 1 0.6025390625 1 0.1103515625
0 0.94921875 0.8740234375 0.9267578125 0.84765625 0.8896484375 0.833984375 0.8193359375 0.81640625 0.7783203125 0.81640625 0.76953125 0.8232421875 0.7578125 0.8525390625 0.724609375 0.8798828125 0.71875 0.9033203125 0.69140625 0.9228515625 0.69140625 0.9345703125 0.720703125 0.9814453125 0.7431640625 0.98828125 0.7490234375 1 0.92578125 0.9990234375 0.92578125 0.9638671875 0.943359375 0.9521484375 0.94921875 0.9326171875 0.94921875 0.8740234375
0 0.4931640625 0.466796875 0.4931640625 0.462890625 0.4970703125 0.46484375 0.5009765625 0.455078125 0.513671875 0.4501953125 0.521484375 0.3076171875 0.5107421875 0.291015625 0.494140625 0.3095703125 0.490234375 0.3271484375 0.4765625 0.3486328125 0.46875 0.3740234375 0.4609375 0.3857421875 0.458984375 0.4033203125 0.453125 0.4111328125 0.447265625 0.4365234375 0.447265625 0.4658203125 0.451171875 0.4755859375 0.4619140625 0.482421875 0.46875 0.4814453125 0.4697265625 0.4765625 0.4814453125 0.474609375 0.4873046875 0.466796875 0.4931640625 0.466796875
0 0.458984375 0.0576171875 0.4423828125 0.048828125 0.3837890625 0.05078125 0.3505859375 0.0625 0.314453125 0.0966796875 0.35546875 0.2216796875 0.40625 0.2470703125 0.41015625 0.2666015625 0.388671875 0.3115234375 0.3603515625 0.330078125 0.2978515625 0.33203125 0.240234375 0.3701171875 0.240234375 0.3837890625 0.3330078125 0.466796875 0.37109375 0.4755859375 0.392578125 0.4599609375 0.400390625 0.3916015625 0.50390625 0.1318359375 0.458984375 0.0576171875
0 0.126953125 0.2763671875 0.103515625 0.1494140625 0.0703125 0.0712890625 0.0009765625 0.013671875 0.005859375 0.7216796875 0.05078125 0.6865234375 0.095703125 0.5615234375 0.103515625 0.3740234375 0.126953125 0.2763671875
0 0.126953125 0.2744140625 0.10546875 0.1552734375 0.0703125 0.0712890625 0.0458984375 0.0390625 0.0009765625 0.013671875 0.0078125 0.7216796875 0.05078125 0.6865234375 0.09765625 0.5556640625 0.103515625 0.3740234375 0.126953125 0.2744140625
0 0.5126953125 0.453125 0.515625 0.4462890625 0.521484375 0.3056640625 0.5107421875 0.2890625 0.49609375 0.3056640625 0.490234375 0.3271484375 0.474609375 0.3525390625 0.46875 0.3740234375 0.4609375 0.3857421875 0.44921875 0.4306640625 0.44921875 0.4677734375 0.4560546875 0.478515625 0.46875 0.4814453125 0.4853515625 0.46875 0.4951171875 0.466796875 0.501953125 0.4560546875 0.5126953125 0.453125
0 0.50390625 0.1318359375 0.458984375 0.0576171875 0.4423828125 0.048828125 0.3837890625 0.05078125 0.3505859375 0.0625 0.314453125 0.0966796875 0.35546875 0.2216796875 0.3955078125 0.236328125 0.408203125 0.2509765625 0.41015625 0.2666015625 0.388671875 0.3115234375 0.3505859375 0.33203125 0.3017578125 0.330078125 0.240234375 0.3701171875 0.23828125 0.3837890625 0.3330078125 0.466796875 0.37109375 0.4755859375 0.3837890625 0.474609375 0.392578125 0.4599609375 0.40234375 0.3876953125 0.50390625 0.1318359375
0 0.6748046875 0.25390625 0.6875 0.2470703125 0.6875 0.2373046875 0.6962890625 0.234375 0.69921875 0.2294921875 0.703125 0.2158203125 0.705078125 0.1767578125 0.703125 0.1494140625 0.6962890625 0.14453125 0.6767578125 0.150390625 0.66015625 0.1669921875 0.65625 0.1787109375 0.6474609375 0.1875 0.6279296875 0.193359375 0.623046875 0.2001953125 0.623046875 0.2666015625 0.6279296875 0.279296875 0.642578125 0.2783203125 0.6533203125 0.2734375 0.6591796875 0.265625 0.6689453125 0.263671875 0.6748046875 0.25390625
0 1 0.1103515625 0.8779296875 0.068359375 0.7607421875 0.080078125 0.734375 0.0986328125 0.72265625 0.1298828125 0.78125 0.2255859375 0.76953125 0.2724609375 0.779296875 0.3818359375 0.767578125 0.4287109375 0.71875 0.4482421875 0.728515625 0.4970703125 0.716796875 0.5263671875 0.736328125 0.5439453125 0.72265625 0.5478515625 0.71484375 0.5751953125 0.7431640625 0.611328125 0.7841796875 0.63671875 0.90234375 0.6435546875 1 0.6044921875 1 0.1103515625
0 0.9287109375 0.849609375 0.8896484375 0.833984375 0.8134765625 0.81640625 0.7744140625 0.818359375 0.7578125 0.8525390625 0.724609375 0.8798828125 0.71875 0.9033203125 0.7060546875 0.91796875 0.689453125 0.9248046875 0.720703125 0.9814453125 0.7451171875 0.98828125 0.7529296875 1 0.91796875 0.9990234375 0.919921875 0.9697265625 0.9453125 0.9462890625 0.94921875 0.8779296875 0.9287109375 0.849609375