0 1 0.1064453125 0.9287109375 0.080078125 0.6513671875 0.060546875 0.5888671875 0.119140625 0.5517578125 0.09765625 0.5107421875 0.099609375 0.400390625 0.1806640625 0.34765625 0.3388671875 0.328125 0.5986328125 0.376953125 0.7099609375 0.4423828125 0.767578125 0.6611328125 0.796875 0.7197265625 0.8515625 0.787109375 0.8759765625 0.927734375 0.8037109375 0.94921875 0.7236328125 1 0.6572265625 1 0.1064453125
0 1 0.7744140625 0.9619140625 0.7734375 0.94921875 0.7822265625 0.943359375 0.8017578125 0.9248046875 0.822265625 0.8818359375 0.8515625 0.8515625 0.8623046875 0.84375 0.8759765625 0.84375 0.9033203125 0.857421875 0.9267578125 0.85546875 0.9560546875 0.8642578125 0.953125 0.869140625 0.9599609375 0.86328125 0.9716796875 0.8720703125 1 1 0.9990234375 1 0.7744140625
0 0.6552734375 0.8125 0.4384765625 0.7734375 0.3671875 0.7080078125 0.3310546875 0.640625 0.2109375 0.7060546875 0.1796875 0.8603515625 0.1884765625 1 0.783203125 0.9990234375 0.796875 0.9619140625 0.7646484375 0.884765625 0.6982421875 0.853515625 0.6552734375 0.8125
0 0 0.9423828125 0.0078125 0.9423828125 0.0517578125 0.890625 0.0927734375 0.896484375 0.1328125 0.8759765625 0.162109375 0.8330078125 0.185546875 0.7607421875 0.1953125 0.6943359375 0.1767578125 0.69140625 0.16015625 0.7177734375 0.158203125 0.6552734375 0.16796875 0.6162109375 0.19921875 0.5830078125 0.208984375 0.5244140625 0.14453125 0.4423828125 0.154296875 0.3837890625 0.1357421875 0.365234375 0.1181640625 0.36328125 0.0732421875 0.419921875 0.0361328125 0.41796875 0 0.4326171875 0 0.9423828125
0 0 0.3251953125 0.0068359375 0.33203125 0.015625 0.3310546875 0.0263671875 0.322265625 0.029296875 0.3232421875 0.029296875 0.2509765625 0.0205078125 0.2421875 0.01953125 0.2529296875 0.0166015625 0.25390625 0.015625 0.2353515625 0.0048828125 0.234375 0 0.2412109375 0.00390625 0.2470703125 0 0.2548828125 0 0.2626953125 0.00390625 0.2666015625 0 0.2705078125 0 0.3251953125
0 0.0009765625 0 0 0.2236328125 0.0048828125 0.228515625 0.0126953125 0.22265625 0.01953125 0.2373046875 0.029296875 0.2392578125 0.029296875 0.2216796875 0.0751953125 0.1875 0.1005859375 0.189453125 0.1455078125 0.1640625 0.2158203125 0.150390625 0.2470703125 0.13671875 0.259765625 0.1142578125 0.26171875 0.0908203125 0.29296875 0.0380859375 0.28515625 0.0087890625 0.2744140625 0 0.0009765625 0
0 1 0.1064453125 0.9404296875 0.08203125 0.6630859375 0.05859375 0.5927734375 0.1171875 0.5107421875 0.099609375 0.400390625 0.1806640625 0.34765625 0.3369140625 0.328125 0.6005859375 0.376953125 0.7099609375 0.4404296875 0.767578125 0.6591796875 0.796875 0.7197265625 0.8515625 0.78515625 0.8759765625 0.8740234375 0.84375 0.9296875 0.8017578125 0.94921875 0.7236328125 1 0.6572265625 1 0.1064453125
0 1 0.7783203125 0.9814453125 0.77734375 0.96484375 0.7802734375 0.96484375 0.7998046875 0.9794921875 0.80078125 0.98046875 0.8115234375 0.9697265625 0.810546875 0.9716796875 0.8046875 0.9638671875 0.8125 0.951171875 0.8115234375 0.9521484375 0.818359375 0.966796875 0.8193359375 0.966796875 0.8447265625 0.982421875 0.8486328125 0.9794921875 0.859375 0.9384765625 0.859375 0.935546875 0.8623046875 0.94140625 0.8662109375 0.9306640625 0.876953125 0.9033203125 0.87109375 0.8916015625 0.875 0.8896484375 0.859375 0.8662109375 0.861328125 0.86328125 0.8662109375 0.869140625 0.8740234375 0.8583984375 0.87109375 0.853515625 0.8759765625 0.8515625 0.8935546875 0.861328125 0.9130859375 0.86328125 0.9326171875 0.892578125 0.9794921875 0.90234375 0.9853515625 0.9052734375 1 1 0.9990234375 1 0.7783203125
0 0.6552734375 0.814453125 0.4404296875 0.775390625 0.373046875 0.7158203125 0.3310546875 0.640625 0.2109375 0.7060546875 0.1796875 0.8603515625 0.1884765625 1 0.78125 0.9990234375 0.794921875 0.9638671875 0.7646484375 0.88671875 0.6982421875 0.85546875 0.6552734375 0.814453125
0 0.185546875 0.7607421875 0.193359375 0.6943359375 0.1767578125 0.69140625 0.158203125 0.7197265625 0.158203125 0.6533203125 0.16796875 0.6162109375 0.197265625 0.5849609375 0.208984375 0.5263671875 0.142578125 0.4365234375 0.154296875 0.3837890625 0.1279296875 0.36328125 0.099609375 0.3798828125 0.0771484375 0.41796875 0 0.4326171875 0.005859375 0.9423828125 0.0517578125 0.890625 0.0927734375 0.896484375 0.13671875 0.8701171875 0.185546875 0.7607421875
0 0.0009765625 0 0 0.2236328125 0.0166015625 0.224609375 0.0224609375 0.236328125 0.0244140625 0.22265625 0.029296875 0.2373046875 0.029296875 0.2216796875 0.0751953125 0.1875 0.1142578125 0.185546875 0.1455078125 0.1640625 0.2158203125 0.150390625 0.2470703125 0.13671875 0.259765625 0.1142578125 0.26171875 0.0908203125 0.29296875 0.0380859375 0.28515625 0.0087890625 0.2744140625 0 0.0009765625 0