18 0.4345703125 0.21484375 0.4189453125 0.205078125 0.40234375 0.2060546875 0.412109375 0.1787109375 0.4013671875 0.171875 0.3857421875 0.173828125 0.3603515625 0.19140625 0.341796875 0.2138671875 0.333984375 0.2333984375 0.333984375 0.2548828125 0.341796875 0.2685546875 0.3623046875 0.28515625 0.3828125 0.2880859375 0.4033203125 0.28125 0.4208984375 0.265625 0.4375 0.2373046875 0.4345703125 0.21484375
18 0.3447265625 0.27734375 0.3173828125 0.279296875 0.296875 0.3017578125 0.294921875 0.3310546875 0.3134765625 0.3515625 0.3330078125 0.359375 0.349609375 0.3583984375 0.37109375 0.3408203125 0.376953125 0.3056640625 0.3642578125 0.2890625 0.3447265625 0.27734375
18 0.34765625 0.3681640625 0.3017578125 0.349609375 0.2841796875 0.35546875 0.265625 0.3818359375 0.271484375 0.4169921875 0.2958984375 0.431640625 0.328125 0.4345703125 0.345703125 0.4228515625 0.353515625 0.4072265625 0.35546875 0.3896484375 0.34765625 0.3681640625
18 0.33984375 0.4482421875 0.3232421875 0.435546875 0.2744140625 0.4375 0.2578125 0.4599609375 0.26171875 0.4951171875 0.2763671875 0.509765625 0.314453125 0.5126953125 0.3330078125 0.5078125 0.345703125 0.4931640625 0.34765625 0.4677734375 0.33984375 0.4482421875
18 0.6875 0.4384765625 0.68359375 0.4267578125 0.6689453125 0.4140625 0.6552734375 0.408203125 0.6357421875 0.408203125 0.630859375 0.4111328125 0.626953125 0.4306640625 0.6181640625 0.44140625 0.60546875 0.4462890625 0.607421875 0.4619140625 0.6259765625 0.490234375 0.6435546875 0.498046875 0.65625 0.4970703125 0.66015625 0.4951171875 0.66015625 0.4794921875 0.6796875 0.4638671875 0.6875 0.4384765625
18 0.5986328125 0.373046875 0.5712890625 0.376953125 0.564453125 0.3896484375 0.57421875 0.3994140625 0.572265625 0.4365234375 0.5908203125 0.4453125 0.609375 0.4443359375 0.625 0.4326171875 0.630859375 0.4208984375 0.626953125 0.3916015625 0.5986328125 0.373046875
18 0.5439453125 0.376953125 0.5224609375 0.376953125 0.5087890625 0.3828125 0.494140625 0.3994140625 0.4921875 0.4267578125 0.4951171875 0.431640625 0.5068359375 0.431640625 0.5283203125 0.458984375 0.544921875 0.4580078125 0.5703125 0.4365234375 0.57421875 0.4052734375 0.5556640625 0.3828125 0.5439453125 0.376953125
18 0.5146484375 0.44140625 0.4951171875 0.431640625 0.4638671875 0.435546875 0.44921875 0.4541015625 0.447265625 0.4755859375 0.4619140625 0.482421875 0.482421875 0.4423828125 0.4873046875 0.44140625 0.4765625 0.4892578125 0.5029296875 0.505859375 0.509765625 0.5048828125 0.51953125 0.4970703125 0.52734375 0.4794921875 0.525390625 0.4541015625 0.5146484375 0.44140625
18 0.5302734375 0.62890625 0.5390625 0.6201171875 0.5390625 0.6103515625 0.55078125 0.6064453125 0.5390625 0.5576171875 0.5234375 0.5302734375 0.5068359375 0.509765625 0.4765625 0.4912109375 0.4833984375 0.447265625 0.4765625 0.4521484375 0.470703125 0.4736328125 0.4619140625 0.484375 0.4345703125 0.4765625 0.4306640625 0.45703125 0.423828125 0.4599609375 0.4169921875 0.4765625 0.3857421875 0.47265625 0.3525390625 0.482421875 0.3330078125 0.509765625 0.302734375 0.5302734375 0.29296875 0.5458984375 0.28125 0.5849609375 0.28515625 0.6318359375 0.3271484375 0.642578125 0.341796875 0.6572265625 0.35546875 0.6982421875 0.3642578125 0.70703125 0.3779296875 0.712890625 0.419921875 0.7138671875 0.4736328125 0.658203125 0.5107421875 0.654296875 0.51171875 0.6298828125 0.5302734375 0.62890625
18 0.1845703125 0.611328125 0.1591796875 0.609375 0.134765625 0.6259765625 0.12890625 0.6376953125 0.12890625 0.6630859375 0.1513671875 0.685546875 0.1796875 0.6845703125 0.1953125 0.6748046875 0.193359375 0.6494140625 0.203125 0.6279296875 0.1845703125 0.611328125
18 0.2548828125 0.615234375 0.2353515625 0.625 0.2158203125 0.625 0.201171875 0.6337890625 0.193359375 0.6533203125 0.197265625 0.6787109375 0.2138671875 0.69140625 0.22265625 0.6904296875 0.2431640625 0.658203125 0.283203125 0.6337890625 0.2744140625 0.6171875 0.2548828125 0.615234375
18 0.3271484375 0.64453125 0.3115234375 0.63671875 0.2802734375 0.63671875 0.2490234375 0.654296875 0.232421875 0.6708984375 0.22265625 0.6943359375 0.2236328125 0.70703125 0.2509765625 0.701171875 0.2763671875 0.708984375 0.3037109375 0.72265625 0.3232421875 0.744140625 0.328125 0.7431640625 0.349609375 0.7138671875 0.353515625 0.6884765625 0.34375 0.6630859375 0.3271484375 0.64453125
18 0.322265625 0.7431640625 0.3056640625 0.724609375 0.2802734375 0.7109375 0.2490234375 0.701171875 0.2333984375 0.703125 0.203125 0.7294921875 0.197265625 0.7431640625 0.19921875 0.7685546875 0.208984375 0.7861328125 0.2373046875 0.80859375 0.2548828125 0.814453125 0.283203125 0.8134765625 0.2998046875 0.80859375 0.318359375 0.7900390625 0.326171875 0.7685546875 0.322265625 0.7431640625
18 0.447265625 0.7548828125 0.4189453125 0.736328125 0.3740234375 0.728515625 0.3447265625 0.734375 0.3359375 0.7431640625 0.326171875 0.7685546875 0.326171875 0.8076171875 0.3525390625 0.822265625 0.408203125 0.8251953125 0.4306640625 0.8203125 0.443359375 0.8095703125 0.451171875 0.7861328125 0.447265625 0.7548828125
18 0.548828125 0.7412109375 0.548828125 0.7138671875 0.5419921875 0.70703125 0.5263671875 0.7109375 0.513671875 0.7021484375 0.509765625 0.6904296875 0.513671875 0.6630859375 0.5009765625 0.654296875 0.4853515625 0.654296875 0.4716796875 0.662109375 0.42578125 0.7119140625 0.419921875 0.7255859375 0.421875 0.7373046875 0.4404296875 0.74609375 0.44921875 0.7568359375 0.453125 0.7861328125 0.478515625 0.7919921875 0.5126953125 0.791015625 0.5244140625 0.78515625 0.541015625 0.7685546875 0.548828125 0.7412109375
18 0.591796875 0.6728515625 0.5947265625 0.6796875 0.625 0.6806640625 0.6484375 0.6689453125 0.6494140625 0.65234375 0.6162109375 0.650390625 0.591796875 0.6728515625
18 0.5712890625 0.591796875 0.552734375 0.6044921875 0.5556640625 0.611328125 0.5771484375 0.623046875 0.6142578125 0.611328125 0.65234375 0.6337890625 0.65625 0.6181640625 0.6396484375 0.603515625 0.6240234375 0.59765625 0.5712890625 0.591796875
18 0.759765625 0.6572265625 0.767578125 0.6416015625 0.763671875 0.6279296875 0.7529296875 0.615234375 0.7275390625 0.603515625 0.6865234375 0.6015625 0.6650390625 0.611328125 0.65234375 0.6357421875 0.650390625 0.6513671875 0.65625 0.6708984375 0.6708984375 0.685546875 0.6884765625 0.693359375 0.7265625 0.6962890625 0.732421875 0.6884765625 0.7216796875 0.68359375 0.720703125 0.6767578125 0.759765625 0.6572265625
18 0.8193359375 0.634765625 0.8076171875 0.6328125 0.7744140625 0.638671875 0.76171875 0.6572265625 0.8154296875 0.67578125 0.828125 0.6884765625 0.833984375 0.7138671875 0.83984375 0.7158203125 0.853515625 0.6962890625 0.853515625 0.6708984375 0.837890625 0.6474609375 0.8193359375 0.634765625
18 0.833984375 0.7060546875 0.828125 0.6904296875 0.8076171875 0.671875 0.7744140625 0.66015625 0.7509765625 0.66015625 0.72265625 0.6767578125 0.73828125 0.6923828125 0.736328125 0.7041015625 0.7314453125 0.712890625 0.708984375 0.7158203125 0.7109375 0.7314453125 0.7275390625 0.75390625 0.7431640625 0.76171875 0.78125 0.7646484375 0.7998046875 0.751953125 0.822265625 0.7451171875 0.83203125 0.7294921875 0.833984375 0.7060546875