18 0 0.1796874990234375 0.001953125 0.2109374990234375 0.021484375 0.20703125 0.01953125 0.1953124990234375 0.0029296884765625 0.1787109375 0 0.1796874990234375
18 0 0.259765625 0.029296875 0.26171875 0.0634765625 0.2548828125 0.072265625 0.236328125 0.0595703115234375 0.2158203125 0.037109375 0.2109374990234375 0.03515625 0.18359375 0.03125 0.173828125 0.0244140625 0.1708984375 0.03125 0.203125 0.0283203115234375 0.2099609375 0 0.212890625 0 0.259765625
18 0.1259765625 0.2119140625 0.0986328125 0.2060546884765625 0.0966796884765625 0.2119140625 0.0830078125 0.2158203125 0.076171875 0.22265625 0.072265625 0.23046875 0.07421875 0.25 0.0810546884765625 0.2587890625 0.12109375 0.26171875 0.1337890625 0.2587890625 0.140625 0.2480468759765625 0.138671875 0.224609375 0.1259765625 0.2119140625
18 0.1435546884765625 0.1787109375 0.1220703115234375 0.1748046884765625 0.111328125 0.18359375 0.109375 0.205078125 0.1142578125 0.2099609375 0.1416015625 0.2197265625 0.154296875 0.21875 0.171875 0.2109374990234375 0.171875 0.19921875 0.1494140625 0.1748046884765625 0.1435546884765625 0.1787109375
18 0.1689453115234375 0.2138671875 0.1552734375 0.2177734375 0.142578125 0.2324218759765625 0.142578125 0.24609375 0.1533203115234375 0.2626953125 0.1728515625 0.2529296865234375 0.1865234375 0.2529296865234375 0.2060546884765625 0.2646484375 0.2109374990234375 0.2636718759765625 0.22265625 0.25 0.22265625 0.236328125 0.2119140625 0.2236328125 0.1689453115234375 0.2138671875
18 0.2431640625 0.1787109375 0.2119140625 0.1767578125 0.19140625 0.197265625 0.1875 0.21484375 0.2119140625 0.2236328125 0.22265625 0.236328125 0.22265625 0.25 0.234375 0.251953125 0.248046875 0.24609375 0.251953125 0.2167968759765625 0.267578125 0.2011718759765625 0.2431640625 0.1787109375
18 0.3271484375 0.2041015625 0.2685546884765625 0.2041015625 0.251953125 0.2167968759765625 0.248046875 0.24609375 0.2607421875 0.2666015625 0.3125 0.267578125 0.3349609375 0.2607421875 0.34375 0.244140625 0.33984375 0.2167968759765625 0.3271484375 0.2041015625
18 0.3408203115234375 0.2158203125 0.34375 0.240234375 0.349609375 0.240234375 0.3662109375 0.2373046884765625 0.3671874990234375 0.2324218759765625 0.3525390625 0.2177734375 0.3408203115234375 0.2158203125
18 0.375 0.220703125 0.3701171875 0.2177734375 0.3671874990234375 0.23828125 0.3466796884765625 0.2412109375 0.337890625 0.2636718759765625 0.3466796884765625 0.2705078125 0.388671875 0.26953125 0.39453125 0.24609375 0.3857421875 0.2392578125 0.375 0.23828125 0.375 0.220703125
18 0.431640625 0.212890625 0.4169921875 0.2021484375 0.3935546884765625 0.2060546884765625 0.3837890625 0.1943359375 0.3779296884765625 0.1943359375 0.376953125 0.203125 0.38671875 0.2109374990234375 0.380859375 0.234375 0.396484375 0.2421874990234375 0.4091796884765625 0.2353515625 0.4287109375 0.2353515625 0.43359375 0.220703125 0.431640625 0.212890625
18 0.4482421875 0.2392578125 0.4091796884765625 0.2353515625 0.392578125 0.25 0.392578125 0.2636718759765625 0.3994140625 0.2705078125 0.4453125009765625 0.271484375 0.4521484375 0.2705078125 0.458984375 0.259765625 0.455078125 0.24609375 0.4482421875 0.2392578125
18 0.4697265625 0.2158203125 0.4482421875 0.2158203125 0.431640625 0.234375 0.455078125 0.24609375 0.458984375 0.2578124990234375 0.4560546884765625 0.2705078125 0.470703125 0.26953125 0.482421875 0.26171875 0.48046875 0.251953125 0.486328125 0.228515625 0.4697265625 0.2158203125
18 0.4873046884765625 0.2080078125 0.474609375 0.2167968759765625 0.4853515625 0.2275390625 0.49609375 0.228515625 0.5068359375 0.2216796865234375 0.5322265625 0.2177734375 0.533203125 0.208984375 0.4873046884765625 0.2080078125
18 0.5791015625 0.1806640625 0.5615234375 0.1787109375 0.5390625009765625 0.193359375 0.533203125 0.21484375 0.5498046884765625 0.2236328125 0.5595703115234375 0.2373046884765625 0.57421875 0.236328125 0.58984375 0.224609375 0.59375 0.205078125 0.587890625 0.189453125 0.5791015625 0.1806640625
18 0.5927734375 0.2236328125 0.568359375 0.25 0.568359375 0.26171875 0.5751953115234375 0.2724609375 0.626953125 0.2734374990234375 0.6328125009765625 0.265625 0.6328125009765625 0.244140625 0.6181640625 0.2294921875 0.5927734375 0.2236328125
18 0.666015625 0.220703125 0.6611328125 0.2099609375 0.638671875 0.220703125 0.638671875 0.240234375 0.6328125009765625 0.2480468759765625 0.6328125009765625 0.265625 0.62890625 0.271484375 0.66015625 0.2734374990234375 0.666015625 0.26953125 0.666015625 0.244140625 0.65234375 0.236328125 0.666015625 0.220703125
18 0.6982421875 0.2236328125 0.6904296884765625 0.2294921875 0.6806640625 0.2255859375 0.6796874990234375 0.2324218759765625 0.666015625 0.2480468759765625 0.6640625009765625 0.265625 0.6689453115234375 0.2744140625 0.677734375 0.2734374990234375 0.6826171875 0.2666015625 0.71484375 0.26953125 0.71484375 0.23828125 0.6982421875 0.2236328125
18 0.7216796884765625 0.1962890625 0.7119140625 0.2001953125 0.7021484375 0.2119140625 0.6845703115234375 0.1962890625 0.697265625 0.224609375 0.71484375 0.236328125 0.7255859375 0.2236328125 0.7578125009765625 0.208984375 0.7470703115234375 0.2001953125 0.7216796884765625 0.1962890625
18 0.7255859375 0.2236328125 0.71484375 0.236328125 0.712890625 0.24609375 0.7177734375 0.2666015625 0.7255859375 0.2626953125 0.7509765625 0.2744140625 0.7578125009765625 0.2734374990234375 0.771484375 0.259765625 0.787109375 0.228515625 0.7626953115234375 0.2080078125 0.7255859375 0.2236328125
18 0.8134765625 0.1767578125 0.7900390625 0.1826171875 0.7734374990234375 0.2011718759765625 0.771484375 0.21484375 0.7890625009765625 0.224609375 0.791015625 0.19921875 0.8017578125 0.1845703125 0.8095703115234375 0.1884765625 0.8134765625 0.1767578125
18 0.8408203115234375 0.1767578125 0.822265625 0.177734375 0.818359375 0.19140625 0.8232421875 0.1962890625 0.8349609375 0.1865234375 0.84375 0.1855468759765625 0.841796875 0.1953124990234375 0.826171875 0.2167968759765625 0.828125 0.2265624990234375 0.818359375 0.244140625 0.8212890625 0.2490234375 0.8359374990234375 0.25 0.857421875 0.234375 0.8671874990234375 0.212890625 0.86328125 0.1953124990234375 0.884765625 0.17578125 0.8837890625 0.1669921875 0.8720703115234375 0.1669921875 0.8505859375 0.1845703125 0.8408203115234375 0.1767578125
18 0.95703125 0.26171875 0.9638671875 0.2744140625 0.970703125 0.2734374990234375 0.970703125 0.267578125 0.9853515625 0.2490234375 0.9921874990234375 0.25390625 0.986328125 0.2734374990234375 1 0.2734374990234375 0.9970703115234375 0.2353515625 0.9736328125 0.2333984375 0.958984375 0.2421874990234375 0.95703125 0.26171875
18 0.955078125 0.2734374990234375 0.958984375 0.271484375 0.9580078125 0.2470703125 0.935546875 0.2734374990234375 0.955078125 0.2734374990234375
18 0.9921874990234375 0.255859375 0.9873046884765625 0.2509765625 0.982421875 0.251953125 0.9677734375 0.2763671875 0.9482421875 0.2763671875 0.935546875 0.287109375 0.935546875 0.298828125 0.9423828125 0.3017578125 0.9541015625 0.2978515625 0.95703125 0.31640625 0.9736328125 0.3310546884765625 0.978515625 0.330078125 0.990234375 0.31640625 0.990234375 0.296875 0.98046875 0.28515625 0.9921874990234375 0.255859375
18 1 0.3203124990234375 0.9931640625 0.3193359375 0.98046875 0.330078125 0.974609375 0.349609375 0.9892578125 0.3740234375 1 0.3730468759765625 1 0.3203124990234375
18 0.986328125 0.41015625 0.9765625009765625 0.39453125 0.98828125 0.384765625 0.984375 0.3671874990234375 0.974609375 0.349609375 0.9501953115234375 0.3310546884765625 0.935546875 0.33203125 0.916015625 0.3886718759765625 0.916015625 0.421875 0.92578125 0.443359375 0.93359375 0.447265625 0.9423828125 0.4365234375 0.9599609375 0.4267578125 0.986328125 0.421875 0.986328125 0.41015625
18 0.9423828125 0.2998046884765625 0.935546875 0.328125 0.9501953115234375 0.3310546884765625 0.974609375 0.345703125 0.96875 0.32421875 0.955078125 0.314453125 0.955078125 0.298828125 0.9423828125 0.2998046884765625
18 1 0.400390625 0.9853515625 0.3876953125 0.978515625 0.396484375 0.98828125 0.412109375 0.98828125 0.421875 0.9814453115234375 0.4267578125 0.9521484375 0.4306640625 0.935546875 0.4453124990234375 0.9296874990234375 0.45703125 0.921875 0.51953125 0.931640625 0.541015625 0.9443359375 0.5517578125 0.9658203115234375 0.5595703125 1 0.55859375 1 0.400390625
18 0.80859375 0.49609375 0.8017578125 0.4931640625 0.7958984375 0.4990234375 0.7890625009765625 0.494140625 0.791015625 0.458984375 0.75390625 0.44140625 0.765625 0.4199218759765625 0.7626953115234375 0.4150390625 0.75 0.41796875 0.7333984375 0.4462890625 0.7138671875 0.4501953125 0.6953125009765625 0.46875 0.68359375 0.5078124990234375 0.6875 0.533203125 0.6982421875 0.5498046884765625 0.7236328125 0.5615234375 0.755859375 0.5625 0.7919921875 0.5498046884765625 0.802734375 0.5390624990234375 0.810546875 0.515625 0.80859375 0.49609375
18 0.6865234375 0.4482421875 0.6748046884765625 0.4482421875 0.6650390625 0.4521484375 0.650390625 0.470703125 0.650390625 0.5078124990234375 0.646484375 0.51953125 0.6630859375 0.5419921875 0.69140625 0.54296875 0.68359375 0.501953125 0.689453125 0.478515625 0.703125 0.458984375 0.6865234375 0.4482421875
18 0.7685546884765625 0.4169921875 0.7763671875 0.4267578125 0.78125 0.41796875 0.78125 0.39453125 0.767578125 0.36328125 0.7470703115234375 0.3447265625 0.7275390625 0.3388671875 0.6982421875 0.3447265625 0.6845703115234375 0.3369140625 0.6708984375 0.3369140625 0.6640625009765625 0.345703125 0.6767578125 0.3466796865234375 0.685546875 0.353515625 0.6640625009765625 0.37890625 0.6640625009765625 0.41796875 0.671875 0.43359375 0.6865234375 0.4482421875 0.705078125 0.455078125 0.7197265625 0.4462890625 0.7333984375 0.4443359375 0.7548828125 0.4150390625 0.7685546884765625 0.4169921875
18 0.7763671875 0.4501953125 0.79296875 0.458984375 0.798828125 0.427734375 0.7958984375 0.4248046884765625 0.775390625 0.4453124990234375 0.7763671875 0.4501953125
18 0.828125 0.490234375 0.8271484375 0.4697265625 0.806640625 0.4824218759765625 0.810546875 0.51953125 0.8046874990234375 0.537109375 0.794921875 0.548828125 0.8017578125 0.5556640625 0.810546875 0.5546874990234375 0.814453125 0.5292968759765625 0.822265625 0.51171875 0.822265625 0.49609375 0.828125 0.490234375
18 0.783203125 0.365234375 0.7958984375 0.3798828125 0.80859375 0.37890625 0.81640625 0.35546875 0.8173828125 0.3349609375 0.7958984375 0.3388671875 0.783203125 0.365234375
18 0.7685546884765625 0.2646484375 0.7529296884765625 0.2763671875 0.72265625 0.2636718759765625 0.71875 0.271484375 0.7216796884765625 0.2744140625 0.751953125 0.287109375 0.7509765625 0.3037109375 0.7744140625 0.3076171875 0.7880859375 0.3212890625 0.794921875 0.3203124990234375 0.802734375 0.3125 0.802734375 0.306640625 0.771484375 0.27734375 0.7685546884765625 0.2646484375
18 0.796875 0.3203124990234375 0.80078125 0.333984375 0.8203125009765625 0.333984375 0.82421875 0.32421875 0.8095703115234375 0.3115234375 0.8037109375 0.3115234375 0.796875 0.3203124990234375
18 0.7744140625 0.3076171875 0.7509765625 0.3056640625 0.748046875 0.291015625 0.7392578125 0.2861328125 0.73828125 0.3105468759765625 0.7265625009765625 0.333984375 0.7294921875 0.3388671875 0.7509765625 0.3466796865234375 0.7705078125 0.3662109375 0.775390625 0.365234375 0.787109375 0.35546875 0.79296875 0.3417968759765625 0.7890625009765625 0.322265625 0.7744140625 0.3076171875
18 0.7314453115234375 0.2783203125 0.720703125 0.2890624990234375 0.720703125 0.30078125 0.701171875 0.3105468759765625 0.7138671875 0.3173828125 0.7265625009765625 0.333984375 0.73828125 0.3105468759765625 0.732421875 0.3046874990234375 0.73828125 0.283203125 0.7314453115234375 0.2783203125
18 0.666015625 0.36328125 0.673828125 0.365234375 0.681640625 0.349609375 0.6650390625 0.3486328125 0.662109375 0.3515624990234375 0.666015625 0.36328125
18 0.69921875 0.3105468759765625 0.701171875 0.283203125 0.6943359375 0.2802734375 0.685546875 0.2890624990234375 0.6875 0.3125 0.669921875 0.32421875 0.666015625 0.337890625 0.6884765625 0.3369140625 0.6982421875 0.3447265625 0.705078125 0.34375 0.7236328125 0.3388671875 0.7265625009765625 0.333984375 0.7119140625 0.3154296865234375 0.69921875 0.3105468759765625
18 0.6640625009765625 0.314453125 0.6640625009765625 0.296875 0.6552734375 0.2919921875 0.650390625 0.298828125 0.650390625 0.31640625 0.634765625 0.32421875 0.62890625 0.33984375 0.634765625 0.3671874990234375 0.6455078125 0.3740234375 0.662109375 0.3730468759765625 0.66796875 0.369140625 0.662109375 0.34375 0.67578125 0.318359375 0.6640625009765625 0.314453125
18 0.6162109375 0.3173828125 0.60546875 0.314453125 0.6015625009765625 0.28125 0.5888671875 0.2724609375 0.583984375 0.275390625 0.583984375 0.30859375 0.572265625 0.322265625 0.578125 0.333984375 0.56640625 0.345703125 0.564453125 0.359375 0.5791015625 0.3740234375 0.603515625 0.3730468759765625 0.6142578125 0.3720703125 0.625 0.36328125 0.62890625 0.333984375 0.6162109375 0.3173828125
18 0.572265625 0.328125 0.572265625 0.31640625 0.56640625 0.3125 0.564453125 0.296875 0.546875 0.267578125 0.5322265625 0.2626953125 0.5048828125 0.2666015625 0.4892578125 0.2333984375 0.486328125 0.251953125 0.490234375 0.271484375 0.4697265625 0.2744140625 0.45703125 0.2890624990234375 0.453125 0.302734375 0.4658203115234375 0.3095703125 0.4765625009765625 0.322265625 0.48046875 0.333984375 0.478515625 0.3671874990234375 0.4970703115234375 0.3779296865234375 0.505859375 0.376953125 0.5478515625 0.3681640625 0.5576171875 0.3623046884765625 0.576171875 0.330078125 0.572265625 0.328125
18 0.1181640625 0.3642578125 0.134765625 0.375 0.142578125 0.408203125 0.1455078125 0.4111328125 0.150390625 0.408203125 0.16015625 0.376953125 0.16015625 0.365234375 0.146484375 0.34765625 0.15625 0.328125 0.1533203115234375 0.3193359375 0.1416015625 0.3173828125 0.1298828125 0.3330078125 0.1064453115234375 0.3212890625 0.0771484375 0.3232421875 0.0517578125 0.3388671875 0.03515625 0.35546875 0.025390625 0.37890625 0.02734375 0.396484375 0.03515625 0.41015625 0.0556640625 0.4267578125 0.0654296884765625 0.4326171875 0.072265625 0.431640625 0.0927734375 0.4150390625 0.12109375 0.41015625 0.11328125 0.375 0.1181640625 0.3642578125
18 0.275390625 0.359375 0.2646484375 0.3466796865234375 0.2509765625 0.3427734375 0.248046875 0.337890625 0.259765625 0.318359375 0.2568359375 0.3037109375 0.2509765625 0.3037109375 0.2255859375 0.3330078125 0.2080078125 0.3310546884765625 0.1865234375 0.3427734375 0.162109375 0.37109375 0.15625 0.384765625 0.15625 0.40625 0.1611328125 0.4150390625 0.1865234375 0.4248046884765625 0.2099609375 0.4482421875 0.240234375 0.44921875 0.267578125 0.427734375 0.28125 0.400390625 0.28125 0.3730468759765625 0.275390625 0.359375
18 0.20703125 0.509765625 0.208984375 0.474609375 0.19921875 0.439453125 0.1728515625 0.4189453125 0.1455078125 0.4130859375 0.1328125009765625 0.3730468759765625 0.1181640625 0.3642578125 0.11328125 0.3730468759765625 0.123046875 0.41015625 0.1201171875 0.4150390625 0.0927734375 0.4150390625 0.0703125009765625 0.43359375 0.0546874990234375 0.48046875 0.0546874990234375 0.515625 0.0625 0.533203125 0.0849609375 0.5517578125 0.140625 0.5546874990234375 0.1552734375 0.5458984375 0.1748046884765625 0.5498046884765625 0.197265625 0.53125 0.20703125 0.509765625
18 0.650390625 0.46875 0.640625 0.443359375 0.6240234375 0.4267578125 0.6064453115234375 0.4228515625 0.59765625 0.416015625 0.599609375 0.400390625 0.607421875 0.3886718759765625 0.5908203115234375 0.3798828125 0.576171875 0.40625 0.56640625 0.412109375 0.5654296884765625 0.4189453125 0.5439453115234375 0.4228515625 0.521484375 0.44140625 0.513671875 0.453125 0.51171875 0.4667968759765625 0.51953125 0.48828125 0.517578125 0.5292968759765625 0.521484375 0.537109375 0.5439453115234375 0.5517578125 0.5810546884765625 0.5595703125 0.59765625 0.55859375 0.6220703115234375 0.5517578125 0.640625 0.53125 0.650390625 0.50390625 0.650390625 0.46875
18 0.51953125 0.509765625 0.517578125 0.48046875 0.509765625 0.46484375 0.4912109375 0.4501953125 0.46484375 0.447265625 0.46875 0.4375 0.48828125 0.421875 0.4912109375 0.4111328125 0.4658203115234375 0.4169921875 0.4443359375 0.4462890625 0.4208984375 0.4462890625 0.40234375 0.46484375 0.392578125 0.490234375 0.39453125 0.525390625 0.4130859375 0.5498046884765625 0.4267578125 0.5576171875 0.46484375 0.55859375 0.4833984375 0.5576171875 0.4990234375 0.5498046884765625 0.51171875 0.53515625 0.51953125 0.509765625
18 0.46875 0.4375 0.4697265625 0.4482421875 0.4931640625 0.4501953125 0.509765625 0.462890625 0.513671875 0.4511718759765625 0.4931640625 0.4306640625 0.4794921875 0.4267578125 0.46875 0.4375
18 0.4501953115234375 0.3955078125 0.4375 0.400390625 0.4296874990234375 0.4199218759765625 0.4296874990234375 0.4355468759765625 0.412109375 0.44921875 0.41015625 0.453125 0.4140625009765625 0.453125 0.44921875 0.44140625 0.453125 0.43359375 0.447265625 0.427734375 0.4501953115234375 0.3955078125
18 0.40234375 0.46484375 0.400390625 0.44921875 0.390625 0.43359375 0.3720703115234375 0.4169921875 0.3369140625 0.4091796865234375 0.3154296884765625 0.3837890625 0.3037109375 0.3837890625 0.296875 0.390625 0.302734375 0.412109375 0.2763671875 0.4228515625 0.25390625 0.44921875 0.248046875 0.470703125 0.25 0.509765625 0.2578125009765625 0.515625 0.263671875 0.53515625 0.2880859375 0.5517578125 0.357421875 0.552734375 0.3759765625 0.5478515625 0.392578125 0.53125 0.390625 0.5 0.40234375 0.46484375
18 0.2734374990234375 0.4199218759765625 0.27734375 0.421875 0.3017578125 0.4130859375 0.30078125 0.40234375 0.2822265625 0.4013671875 0.2734374990234375 0.4199218759765625
18 0.25390625 0.4511718759765625 0.2509765625 0.4462890625 0.2353515625 0.4521484375 0.2099609375 0.4482421875 0.205078125 0.4511718759765625 0.208984375 0.50390625 0.19140625 0.54296875 0.23046875 0.5449218759765625 0.244140625 0.5390624990234375 0.248046875 0.525390625 0.24609375 0.47265625 0.25390625 0.4511718759765625
18 0.060546875 0.447265625 0.0322265625 0.4072265625 0.0078125009765625 0.3984374990234375 0.0078125009765625 0.369140625 0.0009765625 0.3662109375 0 0.5449218759765625 0.015625 0.5449218759765625 0.0400390625 0.5380859375 0.0546874990234375 0.521484375 0.052734375 0.48828125 0.060546875 0.447265625
18 0.1572265625 0.5927734375 0.1337890625 0.5908203125 0.1201171875 0.5966796865234375 0.109375 0.609375 0.103515625 0.6230468759765625 0.1064453115234375 0.6513671875 0.1796874990234375 0.650390625 0.18359375 0.6386718759765625 0.181640625 0.619140625 0.1689453115234375 0.5986328125 0.1572265625 0.5927734375