0 0.427734375 0.6181640625 0.45703125 0.5810546875 0.462890625 0.5205078125 0.3173828125 0.27734375 0.1494140625 0.23046875 0.138671875 0.2978515625 0.0986328125 0.35546875 0 0.3447265625 0.00390625 0.8759765625 0.0849609375 0.90234375 0.248046875 0.9111328125 0.322265625 0.8525390625 0.33203125 0.7763671875 0.44140625 0.6728515625 0.427734375 0.6181640625
0 0.6396484375 0.5625 0.5859375 0.6611328125 0.6064453125 0.68359375 0.73046875 0.7138671875 0.76953125 0.6376953125 0.7060546875 0.61328125 0.6826171875 0.5625 0.6396484375 0.5625
0 0.4970703125 0.728515625 0.474609375 0.7880859375 0.50390625 0.8544921875 0.572265625 0.9150390625 0.6171875 0.8896484375 0.6796875 0.7783203125 0.6630859375 0.75390625 0.4970703125 0.728515625
0 1 0.7021484375 0.9677734375 0.693359375 0.97265625 0.7177734375 0.8349609375 0.826171875 0.828125 0.8583984375 0.837890625 0.9111328125 0.8759765625 0.921875 0.9345703125 0.919921875 0.912109375 0.8798828125 0.9384765625 0.859375 0.978515625 0.9306640625 0.97265625 0.9912109375 1 0.9990234375 1 0.7021484375
0 0.6650390625 0.052734375 0.5458984375 0.044921875 0.529296875 0.1357421875 0.611328125 0.1982421875 0.6884765625 0.1796875 0.732421875 0.1474609375 0.734375 0.1142578125 0.6650390625 0.052734375
0 0.8984375 0.2919921875 0.87109375 0.3408203125 0.880859375 0.3564453125 0.978515625 0.2705078125 0.990234375 0.2275390625 0.9775390625 0.208984375 0.8984375 0.2919921875
0 0.80859375 0.2509765625 0.818359375 0.3095703125 0.923828125 0.1923828125 0.9189453125 0.1640625 0.828125 0.1767578125 0.80859375 0.2509765625
0 0.427734375 0.6181640625 0.45703125 0.5791015625 0.462890625 0.5205078125 0.3173828125 0.27734375 0.1513671875 0.228515625 0.138671875 0.2978515625 0.0947265625 0.357421875 0 0.3447265625 0.00390625 0.8759765625 0.0849609375 0.90234375 0.248046875 0.9111328125 0.3203125 0.8544921875 0.337890625 0.7666015625 0.44140625 0.6728515625 0.427734375 0.6181640625
0 1 0.7021484375 0.9697265625 0.693359375 0.97265625 0.7177734375 0.8349609375 0.826171875 0.828125 0.8583984375 0.837890625 0.9111328125 0.8759765625 0.921875 0.9345703125 0.919921875 0.912109375 0.8798828125 0.9384765625 0.859375 0.978515625 0.9306640625 0.97265625 0.9912109375 1 0.9990234375 1 0.7021484375
0 0.6396484375 0.5625 0.5859375 0.6611328125 0.6064453125 0.68359375 0.73046875 0.7138671875 0.767578125 0.6357421875 0.7060546875 0.61328125 0.6826171875 0.5625 0.6396484375 0.5625
0 0.4990234375 0.728515625 0.474609375 0.7880859375 0.50390625 0.8525390625 0.572265625 0.9111328125 0.6171875 0.8876953125 0.6796875 0.7783203125 0.6650390625 0.75390625 0.4990234375 0.728515625
0 0.5400390625 0.046875 0.533203125 0.1455078125 0.5966796875 0.197265625 0.625 0.1962890625 0.7294921875 0.150390625 0.732421875 0.1103515625 0.6435546875 0.044921875 0.5400390625 0.046875
0 0.8984375 0.2919921875 0.87109375 0.3408203125 0.880859375 0.3525390625 0.974609375 0.2763671875 0.990234375 0.2353515625 0.9794921875 0.208984375 0.8984375 0.2919921875
0 0.80859375 0.2490234375 0.8203125 0.3076171875 0.923828125 0.1923828125 0.9189453125 0.1640625 0.828125 0.1767578125 0.80859375 0.2490234375
0 0.0703125 0.1513671875 0.017578125 0.0029296875 0.0009765625 0 0 0.2392578125 0.013671875 0.2392578125 0.04296875 0.2236328125 0.0390625 0.1884765625 0.0703125 0.1708984375 0.0703125 0.1513671875