6 0.643716578125 0.357954544921875 0.591911763671875 0.276905080078125 0.5426136357421875 0.2426470595703125 0.501671123046875 0.2426470595703125 0.5108622998046874 0.251838236328125 0.5492981279296875 0.2718917109375 0.57854278125 0.2952874326171875 0.5952540107421875 0.336229947265625 0.6077874326171875 0.36965240625 0.624498662109375 0.4523729951171875 0.628676470703125 0.5066844921875 0.642045455078125 0.5359291435546875 0.662098931640625 0.52590240625 0.670454544921875 0.487466578125 0.662098931640625 0.423128341796875 0.643716578125 0.357954544921875
6 0.713068181640625 0.3805147060546875 0.7673796796875 0.367981283203125 0.7949532080078126 0.357118984375 0.83840240625 0.342914439453125 0.8484291435546875 0.3337232626953125 0.8317179140625 0.3262032080078125 0.8058155078125 0.3345588232421875 0.746490642578125 0.342078876953125 0.6754679140625 0.356283421875 0.598596255859375 0.381350267578125 0.5492981279296875 0.396390375 0.531751337890625 0.4156082890625 0.537600267578125 0.4373328876953125 0.592747326171875 0.4239639033203125 0.655414439453125 0.403074865234375 0.713068181640625 0.3805147060546875
6 0.7515040107421875 0.4548796796875 0.7448195185546875 0.413937166015625 0.7113970595703125 0.352105615234375 0.6888368984375 0.3412433154296875 0.6537433154296876 0.322860962890625 0.629512033203125 0.3203542783203125 0.6261697861328125 0.3287098935546875 0.657085560546875 0.3546122998046875 0.6863302138671875 0.390541443359375 0.7047125673828125 0.4440173798828125 0.7172459892578125 0.5426136357421875 0.7372994658203125 0.592747326171875 0.771557486328125 0.6236631015625 0.7924465234375 0.628676470703125 0.804144384765625 0.598596255859375 0.7891042783203125 0.559324865234375 0.774064171875 0.531751337890625 0.7515040107421875 0.4548796796875
6 0.7974598935546875 0.384692513671875 0.8016377001953126 0.330381015625 0.7966243310546876 0.2961229951171875 0.7840909091796875 0.3069852939453125 0.781584224609375 0.3328877001953125 0.765708556640625 0.375501337890625 0.753175134765625 0.429812833984375 0.747326203125 0.479110962890625 0.7372994658203125 0.5041778076171874 0.726437166015625 0.52590240625 0.7314505341796875 0.5451203203125 0.7540106953125 0.5476270048828125 0.7824197861328125 0.5158756689453124 0.785762033203125 0.466577541015625 0.7974598935546875 0.384692513671875
6 0.3988970595703125 0.603609625 0.426470587890625 0.6537433154296876 0.460728609375 0.6921791435546875 0.5167112294921875 0.707219251953125 0.5543114970703125 0.7055481279296875 0.583556150390625 0.6854946533203125 0.6011029404296875 0.642881015625 0.598596255859375 0.6270053466796875 0.583556150390625 0.6370320859375 0.5559826201171875 0.6662767373046875 0.540106951171875 0.68215240625 0.513368984375 0.6721256689453124 0.4908088232421875 0.661263369140625 0.4715909091796875 0.643716578125 0.4573863642578125 0.617814171875 0.4481951875 0.5977606953125 0.436497326171875 0.570187166015625 0.4247994658203125 0.5325868984375 0.413937166015625 0.5041778076171874 0.393883689453125 0.501671123046875 0.3863636357421875 0.530915775390625 0.383021390625 0.5609959892578125 0.3988970595703125 0.603609625
6 0.4832887705078125 0.436497326171875 0.492479947265625 0.410594919921875 0.5025066845703124 0.3913770048828125 0.4841243310546875 0.393883689453125 0.446524064453125 0.4582219248046875 0.423128341796875 0.491644384765625 0.427306150390625 0.508355615234375 0.449866310546875 0.5217245986328125 0.462399732421875 0.4966577548828125 0.4674131015625 0.4707553466796875 0.4832887705078125 0.436497326171875
6 0.342914439453125 0.4573863642578125 0.338736630859375 0.4022393046875 0.335394384765625 0.367981283203125 0.337901068359375 0.318683154296875 0.3220254013671875 0.3019719248046875 0.311998662109375 0.322860962890625 0.306149732421875 0.375501337890625 0.3136697861328125 0.436497326171875 0.3136697861328125 0.4632352939453125 0.2986296796875 0.550969251953125 0.283589572265625 0.6019385029296875 0.296958556640625 0.6278409091796875 0.3203542783203125 0.6211564169921875 0.335394384765625 0.5885695185546875 0.3404077548828125 0.512533421875 0.342914439453125 0.4573863642578125
6 0.2593582890625 0.383021390625 0.306149732421875 0.3922125673828125 0.351270052734375 0.4114304814453125 0.3604612294921875 0.449030748046875 0.377172458984375 0.459893048828125 0.3871991982421875 0.4197860966796875 0.3612967919921875 0.3855280751953125 0.336229947265625 0.3671457216796875 0.284425134765625 0.3504344921875 0.2159090908203125 0.349598931640625 0.186664439453125 0.3546122998046875 0.179979947265625 0.3654745986328125 0.185828876953125 0.384692513671875 0.2033756689453125 0.3871991982421875 0.2359625673828125 0.381350267578125 0.2593582890625 0.383021390625
6 0.500835560546875 0.279411763671875 0.4440173798828125 0.246824865234375 0.4189505341796875 0.2359625673828125 0.390541443359375 0.2167446533203125 0.383021390625 0.225935828125 0.4047459892578125 0.2560160419921875 0.436497326171875 0.286096255859375 0.4774398388671875 0.316176470703125 0.511697861328125 0.355447861328125 0.533422458984375 0.3863636357421875 0.559324865234375 0.4381684482421875 0.566844919921875 0.4565508017578125 0.591911763671875 0.466577541015625 0.6102941171875 0.4456885029296875 0.598596255859375 0.420621658203125 0.573529412109375 0.3537767373046875 0.500835560546875 0.279411763671875
6 0.410594919921875 0.381350267578125 0.4523729951171875 0.420621658203125 0.5091911767578124 0.455715240234375 0.5217245986328125 0.4565508017578125 0.514204544921875 0.426470587890625 0.485795455078125 0.4022393046875 0.455715240234375 0.36965240625 0.3980614970703125 0.296958556640625 0.3671457216796875 0.257687166015625 0.3546122998046875 0.254344919921875 0.342914439453125 0.26604278125 0.342914439453125 0.2894385029296875 0.3721590908203125 0.3370655078125 0.410594919921875 0.381350267578125
6 0.494986630859375 0.352105615234375 0.5685160419921875 0.348763369140625 0.5944184482421875 0.3337232626953125 0.5877339580078125 0.31784759375 0.565173796875 0.318683154296875 0.540106951171875 0.318683154296875 0.4481951875 0.3153409091796875 0.401403744140625 0.312834224609375 0.3721590908203125 0.316176470703125 0.3738302138671875 0.335394384765625 0.403910427734375 0.349598931640625 0.4582219248046875 0.355447861328125 0.494986630859375 0.352105615234375
6 0.4548796796875 0.590240642578125 0.3796791435546875 0.6044451875 0.31784759375 0.635360962890625 0.291109625 0.663770052734375 0.290274064453125 0.6854946533203125 0.303643048828125 0.68215240625 0.3404077548828125 0.6537433154296876 0.3913770048828125 0.6403743310546876 0.4766042783203125 0.629512033203125 0.5359291435546875 0.629512033203125 0.57770721875 0.632018716796875 0.616143048828125 0.621991978515625 0.602774064453125 0.589405080078125 0.5618315517578125 0.5852272734375 0.4933155078125 0.5852272734375 0.4548796796875 0.590240642578125
6 0.4239639033203125 0.5108622998046874 0.3922125673828125 0.491644384765625 0.3596256689453125 0.4841243310546875 0.3278743310546875 0.4766042783203125 0.2977941171875 0.4674131015625 0.277740642578125 0.4774398388671875 0.2635360966796875 0.4966577548828125 0.2944518720703125 0.4958221923828125 0.312834224609375 0.4933155078125 0.3537767373046875 0.5167112294921875 0.381350267578125 0.5417780751953125 0.4540441171875 0.583556150390625 0.4807820859375 0.5877339580078125 0.5192179140625 0.5810494658203125 0.5167112294921875 0.5609959892578125 0.487466578125 0.5426136357421875 0.449030748046875 0.527573529296875 0.4239639033203125 0.5108622998046874