0 0.5390625 0.5322265625 0.544921875 0.3935546875 0.583984375 0.3583984375 0.583984375 0.3291015625 0.537109375 0.2451171875 0.4462890625 0.19140625 0.2490234375 0.173828125 0.21484375 0.1904296875 0.16015625 0.2744140625 0.1328125 0.4091796875 0.171875 0.4794921875 0.1796875 0.5419921875 0.208984375 0.6083984375 0.2275390625 0.623046875 0.2626953125 0.625 0.2939453125 0.66796875 0.3359375 0.6748046875 0.4150390625 0.615234375 0.4912109375 0.587890625 0.51953125 0.5615234375 0.5390625 0.5322265625
0 0 0.7998046875 0.009765625 0.8017578125 0.0537109375 0.791015625 0.1181640625 0.796875 0.1533203125 0.783203125 0.2158203125 0.77734375 0.240234375 0.7509765625 0.255859375 0.7138671875 0.25390625 0.6943359375 0.224609375 0.6552734375 0.224609375 0.6337890625 0.2021484375 0.607421875 0.1787109375 0.603515625 0.1552734375 0.615234375 0.1376953125 0.609375 0.1103515625 0.619140625 0.083984375 0.6103515625 0.08203125 0.5908203125 0.09375 0.5732421875 0.091796875 0.5439453125 0.1015625 0.5244140625 0.0576171875 0.48046875 0.0244140625 0.4921875 0 0.4912109375 0 0.7998046875
0 0.189453125 0.9521484375 0.1875 0.9326171875 0.208984375 0.9091796875 0.21484375 0.8701171875 0.228515625 0.8408203125 0.2158203125 0.8359375 0.1943359375 0.84375 0.1708984375 0.8203125 0.1455078125 0.814453125 0.1220703125 0.8203125 0.0869140625 0.8046875 0.0341796875 0.806640625 0.0009765625 0.81640625 0 0.9990234375 0.140625 0.9990234375 0.142578125 0.9892578125 0.1337890625 0.974609375 0.1611328125 0.97265625 0.189453125 0.9521484375
0 0.767578125 0.6513671875 0.775390625 0.6064453125 0.763671875 0.5771484375 0.75390625 0.5751953125 0.7314453125 0.619140625 0.685546875 0.5400390625 0.6455078125 0.509765625 0.5908203125 0.546875 0.5400390625 0.541015625 0.4970703125 0.58984375 0.443359375 0.6142578125 0.4375 0.6455078125 0.4765625 0.6650390625 0.4658203125 0.69921875 0.4306640625 0.701171875 0.3642578125 0.677734375 0.3203125 0.7099609375 0.314453125 0.7568359375 0.35546875 0.8115234375 0.3818359375 0.828125 0.42578125 0.8291015625 0.3974609375 0.837890625 0.39453125 0.8505859375 0.419921875 0.9189453125 0.4521484375 0.94140625 0.5078125 0.9462890625 0.6298828125 0.921875 0.7255859375 0.84765625 0.78125 0.7744140625 0.767578125 0.6513671875
0 1 0.0732421875 0.9677734375 0.064453125 0.9150390625 0.07421875 0.892578125 0.1201171875 0.8720703125 0.1328125 0.8427734375 0.126953125 0.8271484375 0.109375 0.7822265625 0.115234375 0.7734375 0.1494140625 0.748046875 0.1904296875 0.75390625 0.2255859375 0.806640625 0.2685546875 0.8154296875 0.29296875 0.8525390625 0.298828125 0.8564453125 0.330078125 0.8916015625 0.337890625 0.9287109375 0.3828125 0.94921875 0.3837890625 0.9794921875 0.359375 1 0.3544921875 1 0.0732421875
0 1 0.4052734375 0.9638671875 0.390625 0.9482421875 0.390625 0.9384765625 0.4140625 0.8525390625 0.421875 0.8251953125 0.451171875 0.7958984375 0.4609375 0.78515625 0.4853515625 0.796875 0.5537109375 0.82421875 0.5771484375 0.8359375 0.6279296875 0.8525390625 0.646484375 0.8896484375 0.646484375 0.896484375 0.6572265625 0.8876953125 0.66796875 0.8798828125 0.662109375 0.8828125 0.6748046875 0.865234375 0.6884765625 0.8935546875 0.685546875 0.9033203125 0.703125 0.927734375 0.7060546875 0.9599609375 0.69921875 1 0.6650390625 0.9951171875 0.658203125 0.9794921875 0.66015625 0.9765625 0.6513671875 0.978515625 0.6357421875 1 0.6083984375 1 0.4052734375
0 0.5361328125 0.94921875 0.4541015625 0.9453125 0.4140625 0.9189453125 0.3798828125 0.841796875 0.3603515625 0.84375 0.3271484375 0.880859375 0.3076171875 0.87890625 0.2919921875 0.865234375 0.259765625 0.9072265625 0.259765625 0.9619140625 0.2705078125 1 0.65234375 0.9990234375 0.66015625 0.9599609375 0.6435546875 0.921875 0.5966796875 0.939453125 0.5361328125 0.94921875
0 0.951171875 0.7451171875 0.943359375 0.7294921875 0.9228515625 0.716796875 0.8720703125 0.728515625 0.8642578125 0.7421875 0.8427734375 0.7421875 0.83203125 0.7529296875 0.8330078125 0.763671875 0.7919921875 0.755859375 0.787109375 0.7841796875 0.751953125 0.8232421875 0.736328125 0.8603515625 0.7216796875 0.859375 0.689453125 0.8837890625 0.716796875 0.9013671875 0.716796875 0.9169921875 0.6904296875 0.927734375 0.6650390625 0.92578125 0.66015625 0.9326171875 0.66796875 0.9521484375 0.7060546875 0.982421875 0.837890625 0.9892578125 0.90625 0.9443359375 0.9296875 0.9130859375 0.953125 0.8505859375 0.951171875 0.7451171875
0 0.583984375 0.3564453125 0.583984375 0.3291015625 0.537109375 0.2451171875 0.4462890625 0.19140625 0.2490234375 0.173828125 0.21484375 0.1904296875 0.162109375 0.2705078125 0.130859375 0.4091796875 0.171875 0.4814453125 0.1796875 0.5419921875 0.208984375 0.6083984375 0.2275390625 0.623046875 0.2587890625 0.623046875 0.2939453125 0.66796875 0.3359375 0.6748046875 0.51953125 0.5615234375 0.5390625 0.5322265625 0.544921875 0.3935546875 0.583984375 0.3564453125
0 0 0.7998046875 0.009765625 0.8017578125 0.0537109375 0.791015625 0.1162109375 0.796875 0.1533203125 0.783203125 0.2158203125 0.77734375 0.244140625 0.7451171875 0.2578125 0.7060546875 0.224609375 0.6572265625 0.224609375 0.6337890625 0.2021484375 0.607421875 0.1806640625 0.603515625 0.1552734375 0.615234375 0.1416015625 0.607421875 0.1103515625 0.619140625 0.083984375 0.6103515625 0.08203125 0.5888671875 0.09375 0.5712890625 0.091796875 0.5458984375 0.1015625 0.5244140625 0.0595703125 0.48046875 0 0.4912109375 0 0.7998046875
0 0.125 0.9677734375 0.1259765625 0.955078125 0.1318359375 0.96875 0.1337890625 0.953125 0.1376953125 0.96875 0.1416015625 0.953125 0.1455078125 0.9609375 0.1494140625 0.955078125 0.1533203125 0.9609375 0.1572265625 0.955078125 0.1689453125 0.955078125 0.173828125 0.9501953125 0.171875 0.9384765625 0.162109375 0.9326171875 0.1748046875 0.92578125 0.177734375 0.9404296875 0.185546875 0.9423828125 0.18359375 0.9248046875 0.1982421875 0.923828125 0.20703125 0.9111328125 0.2265625 0.8388671875 0.1943359375 0.84375 0.1728515625 0.822265625 0.1416015625 0.81640625 0.1220703125 0.8203125 0.1025390625 0.80859375 0.0771484375 0.8046875 0.0205078125 0.810546875 0.0009765625 0.818359375 0 0.9990234375 0.138671875 0.9990234375 0.142578125 0.9931640625 0.138671875 0.9833984375 0.115234375 0.9697265625 0.125 0.9677734375
0 0.78125 0.7744140625 0.771484375 0.5908203125 0.7548828125 0.57421875 0.7314453125 0.619140625 0.685546875 0.5400390625 0.6455078125 0.509765625 0.5908203125 0.546875 0.5400390625 0.541015625 0.4970703125 0.58984375 0.443359375 0.6123046875 0.4375 0.6455078125 0.474609375 0.6650390625 0.4658203125 0.69921875 0.4326171875 0.703125 0.3642578125 0.677734375 0.3203125 0.7099609375 0.314453125 0.7568359375 0.357421875 0.8154296875 0.3798828125 0.828125 0.427734375 0.8291015625 0.396484375 0.8505859375 0.419921875 0.9169921875 0.4501953125 0.939453125 0.5234375 0.9443359375 0.6005859375 0.935546875 0.6318359375 0.919921875 0.7255859375 0.84765625 0.78125 0.7744140625
0 0.5361328125 0.94921875 0.4521484375 0.9453125 0.4140625 0.9189453125 0.392578125 0.8857421875 0.3798828125 0.841796875 0.3603515625 0.84375 0.3271484375 0.880859375 0.3076171875 0.87890625 0.2919921875 0.865234375 0.259765625 0.9072265625 0.259765625 0.9619140625 0.2705078125 1 0.65234375 0.9990234375 0.66015625 0.9599609375 0.6435546875 0.921875 0.5966796875 0.939453125 0.5361328125 0.94921875
0 0.95703125 0.8349609375 0.955078125 0.8076171875 0.9033203125 0.76953125 0.8798828125 0.73828125 0.8603515625 0.744140625 0.857421875 0.7529296875 0.861328125 0.7724609375 0.8759765625 0.787109375 0.8505859375 0.771484375 0.7939453125 0.7578125 0.7890625 0.7841796875 0.7421875 0.8408203125 0.734375 0.8818359375 0.72265625 0.8837890625 0.7265625 0.8955078125 0.716796875 0.8974609375 0.7099609375 0.865234375 0.6982421875 0.8828125 0.6875 0.8837890625 0.716796875 0.9013671875 0.716796875 0.9189453125 0.662109375 0.9306640625 0.669921875 0.9541015625 0.7021484375 0.98046875 0.818359375 0.9892578125 0.8505859375 0.984375 0.904296875 0.9462890625 0.9375 0.8974609375 0.95703125 0.8349609375
0 1 0.4052734375 0.9619140625 0.390625 0.9453125 0.3955078125 0.9423828125 0.4140625 0.8466796875 0.42578125 0.8251953125 0.451171875 0.7939453125 0.462890625 0.78515625 0.4853515625 0.796875 0.5517578125 0.826171875 0.5791015625 0.828125 0.6005859375 0.845703125 0.6357421875 0.8583984375 0.646484375 0.9052734375 0.640625 0.8984375 0.6513671875 0.896484375 0.6943359375 0.9033203125 0.703125 0.9296875 0.7060546875 0.9580078125 0.701171875 1 0.6669921875 1 0.6533203125 0.9814453125 0.650390625 0.9765625 0.6376953125 1 0.6083984375 1 0.4052734375
0 1 0.0732421875 0.9677734375 0.064453125 0.9150390625 0.07421875 0.892578125 0.1201171875 0.8720703125 0.1328125 0.8427734375 0.126953125 0.8271484375 0.109375 0.7822265625 0.115234375 0.7734375 0.1494140625 0.748046875 0.1904296875 0.75390625 0.2255859375 0.806640625 0.2685546875 0.8154296875 0.29296875 0.8525390625 0.298828125 0.8564453125 0.330078125 0.8916015625 0.337890625 0.9287109375 0.3828125 0.94921875 0.3837890625 0.9794921875 0.359375 1 0.3544921875 1 0.0732421875