12 0.8046875 0.46875 0.796875 0.44140625 0.7636718759765625 0.412109375 0.7519531240234375 0.390625 0.7480468759765625 0.369140625 0.7597656240234375 0.349609375 0.7216796875 0.3271484375 0.6943359375 0.3251953115234375 0.6513671875 0.3427734375 0.61328125 0.3828125 0.59375 0.427734375 0.5917968759765625 0.482421875 0.6035156240234375 0.533203125 0.6396484375 0.5791015634765625 0.6767578125 0.5986328115234375 0.7207031240234375 0.6015625 0.7509765625 0.5908203115234375 0.7871093759765625 0.552734375 0.80078125 0.515625 0.8046875 0.46875
12 0.5302734375 0.6337890634765625 0.5576171875 0.6298828115234375 0.5693359375 0.6416015634765625 0.6083984375 0.6435546875 0.61328125 0.607421875 0.6015625 0.583984375 0.5615234375 0.5556640634765625 0.5263671875 0.5458984375 0.4755859375 0.5498046875 0.4472656240234375 0.576171875 0.44140625 0.60546875 0.4482421875 0.6279296875 0.4527584150390625 0.639119615234375 0.45493666796875 0.639119615234375 0.4550781240234375 0.63671875 0.4619140625 0.6513671875 0.4765625 0.654296875 0.5048828125 0.6416015634765625 0.5205078125 0.6435546875 0.5355333251953125 0.6412989208984375 0.5302734375 0.6337890634765625
12 0.2451171875 0.5107421875 0.2158203125 0.5126953115234375 0.1904296875 0.5263671875 0.1640625 0.564453125 0.1875 0.6015625 0.2099609375 0.6201171875 0.2197265625 0.6201171875 0.2236328125 0.6103515634765625 0.2666015625 0.6416015634765625 0.2832031240234375 0.642578125 0.29296875 0.626953125 0.29296875 0.58984375 0.27734375 0.53125 0.2451171875 0.5107421875
12 0.4228515625 0.4560546875 0.3935546875 0.4482421875 0.3525390625 0.4501953115234375 0.3232421875 0.4658203115234375 0.30078125 0.490234375 0.2871093759765625 0.521484375 0.2871093759765625 0.556640625 0.3134765625 0.5888671875 0.34765625 0.59375 0.4052734375 0.5693359375 0.4355468759765625 0.5390625 0.4433593759765625 0.48046875 0.4228515625 0.4560546875
12 0.5654296875 0.4521484375 0.5244140625 0.4423828115234375 0.4892578125 0.4462890634765625 0.4599609375 0.4658203115234375 0.4472656240234375 0.482421875 0.4453125 0.51953125 0.4677734375 0.5478515634765625 0.5205078125 0.5439453115234375 0.5839843759765625 0.5546875 0.59765625 0.544921875 0.6015625 0.529296875 0.58984375 0.470703125 0.5654296875 0.4521484375
12 0.2607421875 0.4111328115234375 0.2353515625 0.4072265634765625 0.2119140625 0.4150390634765625 0.1953125 0.431640625 0.1894531240234375 0.447265625 0.1933593759765625 0.486328125 0.2158203125 0.5107421875 0.2509765625 0.5087890634765625 0.2792968759765625 0.521484375 0.3144531240234375 0.47265625 0.30859375 0.451171875 0.2841796875 0.4248046875 0.2607421875 0.4111328115234375
12 0.37109375 0.37109375 0.35546875 0.34765625 0.3310546875 0.3310546875 0.3017578125 0.3232421875 0.2705078125 0.3271484375 0.25 0.34375 0.2421875 0.361328125 0.2441406240234375 0.37890625 0.2666015625 0.4111328115234375 0.3154296875 0.4482421875 0.3300781240234375 0.44921875 0.3466796875 0.4462890634765625 0.36328125 0.43359375 0.375 0.388671875 0.37109375 0.37109375
12 0.4208984375 0.2685546875 0.4013671875 0.2587890634765625 0.3505859375 0.2568359375 0.3144531240234375 0.28515625 0.30859375 0.310546875 0.3154296875 0.3251953115234375 0.3349609375 0.3310546875 0.3642578125 0.3525390634765625 0.3828125 0.353515625 0.4072265625 0.3291015634765625 0.4423828125 0.3232421875 0.4433593759765625 0.296875 0.4208984375 0.2685546875
12 0.4599609375 0.3330078115234375 0.4423828125 0.3251953115234375 0.4189453125 0.3251953115234375 0.3925781240234375 0.34375 0.3808593759765625 0.365234375 0.375 0.39453125 0.3769531240234375 0.43359375 0.3857421875 0.4443359375 0.44140625 0.45703125 0.4599609375 0.4482421875 0.4785156240234375 0.42578125 0.4902343759765625 0.369140625 0.4599609375 0.3330078115234375
12 0.5576171875 0.2412109375 0.5419921875 0.2353515634765625 0.5166015625 0.2353515634765625 0.4970703125 0.2431640634765625 0.4511718759765625 0.283203125 0.4453125 0.296875 0.4541015625 0.3251953115234375 0.4873046875 0.3525390634765625 0.5078125 0.353515625 0.5537109375 0.3330078115234375 0.578125 0.294921875 0.5703125 0.255859375 0.5576171875 0.2412109375
12 0.5634765625 0.3408203115234375 0.5341796875 0.3408203115234375 0.5097656240234375 0.359375 0.4941406240234375 0.384765625 0.4921875 0.43359375 0.5009765625 0.4423828115234375 0.57421875 0.447265625 0.5859375 0.4375 0.59765625 0.404296875 0.59375 0.3671875 0.5634765625 0.3408203115234375
12 0.6982421875 0.2822265634765625 0.6630859375 0.2666015634765625 0.6298828125 0.2666015634765625 0.5859375 0.291015625 0.578125 0.318359375 0.5878906240234375 0.345703125 0.6103515625 0.3623046875 0.6269531240234375 0.365234375 0.6748046875 0.3291015634765625 0.7167968759765625 0.322265625 0.71484375 0.306640625 0.6982421875 0.2822265634765625