8 0.36328125 0.5048828125 0.37109375 0.4755859375 0.3408203125 0.439453125 0.3212890625 0.4296875 0.3056640625 0.4296875 0.2666015625 0.44140625 0.22265625 0.4736328125 0.212890625 0.4931640625 0.21484375 0.5498046875 0.2333984375 0.572265625 0.2587890625 0.583984375 0.2802734375 0.591796875 0.310546875 0.5869140625 0.3046875 0.6611328125 0.32421875 0.6669921875 0.333984375 0.5654296875 0.3525390625 0.544921875 0.365234375 0.5400390625 0.36328125 0.5048828125
8 0.5009765625 0.45703125 0.5224609375 0.45703125 0.5341796875 0.470703125 0.53515625 0.4619140625 0.5205078125 0.44140625 0.4912109375 0.419921875 0.4658203125 0.41015625 0.4267578125 0.416015625 0.3828125 0.4462890625 0.365234375 0.4970703125 0.365234375 0.5185546875 0.375 0.5380859375 0.408203125 0.5673828125 0.4111328125 0.576171875 0.4365234375 0.580078125 0.4619140625 0.59765625 0.482421875 0.5966796875 0.5234375 0.5693359375 0.513671875 0.4931640625 0.494140625 0.4658203125 0.5009765625 0.45703125
8 0.462890625 0.4052734375 0.462890625 0.3701171875 0.4384765625 0.34765625 0.4072265625 0.341796875 0.396484375 0.3310546875 0.38671875 0.2841796875 0.384765625 0.2216796875 0.3603515625 0.21875 0.369140625 0.3525390625 0.3359375 0.3857421875 0.33203125 0.4306640625 0.3544921875 0.455078125 0.375 0.4599609375 0.3876953125 0.4375 0.4267578125 0.412109375 0.4501953125 0.412109375 0.462890625 0.4052734375
8 0.638671875 0.3994140625 0.638671875 0.3779296875 0.623046875 0.3427734375 0.5966796875 0.326171875 0.5693359375 0.33203125 0.541015625 0.3486328125 0.517578125 0.4111328125 0.50390625 0.4267578125 0.5302734375 0.4453125 0.583984375 0.4619140625 0.6259765625 0.43359375 0.6474609375 0.43359375 0.662109375 0.4130859375 0.638671875 0.3994140625
8 0.76953125 0.6630859375 0.767578125 0.6494140625 0.75 0.6162109375 0.7197265625 0.5859375 0.6884765625 0.58203125 0.6630859375 0.5703125 0.6396484375 0.5703125 0.6201171875 0.58203125 0.6044921875 0.58203125 0.5703125 0.6220703125 0.568359375 0.6435546875 0.5791015625 0.6953125 0.6279296875 0.697265625 0.6982421875 0.67578125 0.7861328125 0.724609375 0.796875 0.7236328125 0.810546875 0.7060546875 0.7939453125 0.689453125 0.75390625 0.6748046875 0.76953125 0.6630859375
8 0.791015625 0.4267578125 0.814453125 0.3935546875 0.830078125 0.3564453125 0.8408203125 0.345703125 0.8671875 0.3427734375 0.86328125 0.3271484375 0.853515625 0.3232421875 0.85546875 0.3076171875 0.8310546875 0.279296875 0.8095703125 0.287109375 0.802734375 0.2958984375 0.802734375 0.3154296875 0.791015625 0.3388671875 0.791015625 0.3662109375 0.7783203125 0.388671875 0.7666015625 0.396484375 0.7314453125 0.38671875 0.6865234375 0.390625 0.669921875 0.4013671875 0.650390625 0.4326171875 0.65234375 0.4658203125 0.6826171875 0.50390625 0.70703125 0.5126953125 0.7666015625 0.484375 0.7783203125 0.470703125 0.794921875 0.4697265625 0.791015625 0.4267578125
8 0.9130859375 0.583984375 0.8974609375 0.583984375 0.884765625 0.5517578125 0.8544921875 0.529296875 0.8173828125 0.51171875 0.7958984375 0.51171875 0.724609375 0.5458984375 0.728515625 0.5517578125 0.716796875 0.5693359375 0.7578125 0.6240234375 0.7744140625 0.658203125 0.8369140625 0.642578125 0.8681640625 0.6171875 0.8837890625 0.61328125 0.9365234375 0.6328125 0.94921875 0.6435546875 0.9697265625 0.6796875 0.994140625 0.6845703125 1 0.6708984375 0.974609375 0.6337890625 0.9306640625 0.59375 0.9130859375 0.583984375
8 0.6103515625 0.583984375 0.6298828125 0.578125 0.64453125 0.5634765625 0.666015625 0.5322265625 0.6669921875 0.515625 0.671875 0.5166015625 0.671875 0.5380859375 0.6611328125 0.560546875 0.669921875 0.5615234375 0.6875 0.5302734375 0.685546875 0.5146484375 0.66796875 0.4853515625 0.6435546875 0.45703125 0.6220703125 0.44921875 0.5927734375 0.455078125 0.546875 0.4951171875 0.5546875 0.5771484375 0.59375 0.5927734375 0.587890625 0.5771484375 0.5947265625 0.572265625 0.6005859375 0.58203125 0.6103515625 0.583984375
8 0.2607421875 0.5859375 0.2236328125 0.568359375 0.2158203125 0.55859375 0.2021484375 0.55859375 0.185546875 0.5732421875 0.1962890625 0.58984375 0.2412109375 0.6015625 0.2607421875 0.611328125 0.2607421875 0.6171875 0.2705078125 0.61328125 0.2890625 0.6240234375 0.2900390625 0.634765625 0.296875 0.6337890625 0.310546875 0.6279296875 0.310546875 0.6025390625 0.3056640625 0.59765625 0.2607421875 0.5859375
8 0.474609375 0.6201171875 0.4423828125 0.583984375 0.4072265625 0.580078125 0.3994140625 0.5625 0.3564453125 0.544921875 0.349609375 0.5517578125 0.3515625 0.5693359375 0.369140625 0.5947265625 0.33203125 0.6083984375 0.326171875 0.6572265625 0.3583984375 0.68359375 0.4013671875 0.69921875 0.419921875 0.6982421875 0.447265625 0.6962890625 0.45703125 0.6650390625 0.470703125 0.6455078125 0.474609375 0.6201171875
8 0.544921875 0.5029296875 0.53125 0.4677734375 0.5205078125 0.45703125 0.5029296875 0.45703125 0.49609375 0.4658203125 0.513671875 0.4912109375 0.517578125 0.5107421875 0.525390625 0.5693359375 0.5234375 0.6181640625 0.515625 0.6357421875 0.4697265625 0.6640625 0.453125 0.6884765625 0.4541015625 0.697265625 0.51171875 0.7080078125 0.576171875 0.6943359375 0.57421875 0.6611328125 0.556640625 0.6162109375 0.544921875 0.5029296875
8 0.337890625 0.3818359375 0.3671875 0.3525390625 0.3623046875 0.341796875 0.3056640625 0.330078125 0.29296875 0.3193359375 0.3408203125 0.21875 0.318359375 0.2216796875 0.271484375 0.3017578125 0.26953125 0.3447265625 0.248046875 0.3818359375 0.2421875 0.4091796875 0.244140625 0.4326171875 0.259765625 0.4462890625 0.2763671875 0.435546875 0.3232421875 0.423828125 0.33203125 0.4150390625 0.337890625 0.3818359375