12 0.1484375 0.2275390625 0.1259765625 0.19921875 0.1123046875 0.1933593740234375 0.0830078125 0.19140625 0.0419921875 0.19921875 0.0175781240234375 0.2255859375 0.015625 0.2529296875 0.0214843759765625 0.2744140625 0.0498046875 0.3144531259765625 0.09765625 0.3251953125 0.11328125 0.2763671875 0.1298828125 0.2636718740234375 0.1503906240234375 0.2587890625 0.1484375 0.2275390625
12 0.234375 0.3056640625 0.2158203125 0.2832031259765625 0.1904296875 0.26953125 0.1591796875 0.26171875 0.1279296875 0.265625 0.109375 0.2841796875 0.1035156240234375 0.3056640625 0.10546875 0.3349609375 0.1152343759765625 0.3603515625 0.1337890625 0.3808593740234375 0.1816406240234375 0.3837890625 0.2177734375 0.3613281259765625 0.234375 0.3427734375 0.2402343759765625 0.3291015625 0.234375 0.3056640625
12 0.359375 0.4091796875 0.3310546875 0.3730468740234375 0.3056640625 0.359375 0.2744140625 0.3515625 0.2333984375 0.3574218740234375 0.21484375 0.3720703125 0.2011718759765625 0.3935546875 0.1953125 0.4130859375 0.19921875 0.4462890625 0.2314453125 0.48828125 0.2783203125 0.5078125 0.30078125 0.5107421875 0.3349609375 0.5019531259765625 0.3613281240234375 0.4736328125 0.3652343759765625 0.4326171875 0.359375 0.4091796875
12 0.19921875 0.3955078125 0.1728515625 0.3847656259765625 0.1123046875 0.38671875 0.09375 0.3994140625 0.08203125 0.4423828125 0.1152343759765625 0.4697265625 0.1269531240234375 0.4951171875 0.1308593759765625 0.5322265625 0.1494140625 0.54296875 0.16796875 0.5439453125 0.1894531240234375 0.5048828125 0.22265625 0.4833984375 0.1953125 0.4384765625 0.19921875 0.3955078125
12 0 0.6025390625 0.0546875 0.6103515625 0.1044921875 0.58984375 0.12109375 0.5654296875 0.12890625 0.5361328125 0.1269531240234375 0.4990234375 0.11328125 0.4677734375 0.0771484375 0.4433593740234375 0.0302734375 0.4472656259765625 0 0.4716796875 0 0.6025390625
12 0.0761718759765625 0.3564453125 0.0527343759765625 0.3232421875 0.0185546875 0.29296875 0.0009765625 0.2890625 0 0.4443359375 0.0234375 0.4501953125 0.0771484375 0.4394531259765625 0.0878906240234375 0.4248046875 0.0917968759765625 0.3974609375 0.0761718759765625 0.3564453125
12 0.3193359375 0.5253906259765625 0.2353515625 0.4902343740234375 0.2060546875 0.4941406259765625 0.1855468759765625 0.5107421875 0.171875 0.5498046875 0.171875 0.5751953125 0.1826171875 0.5917968740234375 0.2041015625 0.5859375 0.2490234375 0.5878906259765625 0.2705078125 0.59375 0.3066406240234375 0.6162109375 0.3222656240234375 0.6064453125 0.33984375 0.5673828125 0.3378906240234375 0.5498046875 0.3193359375 0.5253906259765625
12 0.3066406240234375 0.6220703125 0.2802734375 0.5996093740234375 0.2568359375 0.58984375 0.2099609375 0.5859375 0.1806640625 0.59375 0.1542968759765625 0.6240234375 0.1503906240234375 0.6552734375 0.1621093759765625 0.6865234375 0.1806640625 0.70703125 0.1894531240234375 0.7080078125 0.2236328125 0.6542968740234375 0.2626953125 0.6386718740234375 0.2958984375 0.64453125 0.3066406240234375 0.6220703125
12 0.1425781240234375 0.6826171875 0.1347656240234375 0.6650390625 0.1064453125 0.6464843740234375 0.0361328125 0.6425781259765625 0.015625 0.6572265625 0.0019531240234375 0.6767578125 0 0.7353515625 0.0175781240234375 0.7841796875 0.0419921875 0.8046875 0.0644531240234375 0.8056640625 0.0986328125 0.7871093740234375 0.125 0.7548828125 0.140625 0.7177734375 0.1425781240234375 0.6826171875
12 0.1005859375 0.5957031259765625 0.0595703125 0.6113281259765625 0.0390625 0.6298828125 0.0380859375 0.6425781259765625 0.0869140625 0.6425781259765625 0.1240234375 0.6542968740234375 0.1347656240234375 0.6650390625 0.1425781240234375 0.6904296875 0.1484375 0.6904296875 0.1542968759765625 0.6845703125 0.15234375 0.6220703125 0.1357421875 0.60546875 0.1005859375 0.5957031259765625
12 0.3154296875 0.6621093740234375 0.2861328125 0.640625 0.2646484375 0.6386718740234375 0.2255859375 0.6542968740234375 0.2109375 0.6708984375 0.1875 0.7138671875 0.1875 0.7353515625 0.20703125 0.7783203125 0.2275390625 0.796875 0.2548828125 0.80859375 0.2949218759765625 0.8076171875 0.3212890625 0.79296875 0.3359375 0.7724609375 0.3339843759765625 0.7021484375 0.3154296875 0.6621093740234375
12 0.1357421875 0.74609375 0.109375 0.7763671875 0.0996093759765625 0.8134765625 0.140625 0.8134765625 0.2265625 0.8076171875 0.1845703125 0.73828125 0.1650390625 0.734375 0.1357421875 0.74609375
12 0.4355468759765625 0.6591796875 0.4238281240234375 0.6357421875 0.3974609375 0.6171875 0.3701171875 0.6113281259765625 0.3349609375 0.61328125 0.3095703125 0.6269531259765625 0.2988281240234375 0.6455078125 0.3300781240234375 0.6826171875 0.33984375 0.7392578125 0.3447265625 0.7441406259765625 0.3671875 0.7431640625 0.3916015625 0.7324218740234375 0.42578125 0.7041015625 0.4355468759765625 0.6865234375 0.4355468759765625 0.6591796875
12 0.4667968759765625 0.5654296875 0.4287109375 0.5390625 0.4072265625 0.5390625 0.3525390625 0.5566406259765625 0.3300781240234375 0.5830078125 0.3261718759765625 0.6142578125 0.3779296875 0.6113281259765625 0.3994140625 0.6171875 0.4238281240234375 0.6357421875 0.4355468759765625 0.6572265625 0.4355468759765625 0.6787109375 0.4472656240234375 0.6826171875 0.4658203125 0.6738281259765625 0.48046875 0.6494140625 0.4863281240234375 0.6103515625 0.4667968759765625 0.5654296875
12 0.4453125 0.4716796875 0.4326171875 0.4589843740234375 0.3994140625 0.4511718740234375 0.3798828125 0.45703125 0.3613281240234375 0.4736328125 0.33203125 0.5205078125 0.3359375 0.5458984375 0.3515625 0.5576171875 0.4052734375 0.5390625 0.4550781240234375 0.5439453125 0.4609375 0.5068359375 0.4453125 0.4716796875
12 0.4746093759765625 0.3251953125 0.4580078125 0.30859375 0.4267578125 0.296875 0.3974609375 0.2988281259765625 0.3613281240234375 0.3232421875 0.3515625 0.3427734375 0.3535156240234375 0.3623046875 0.3691406240234375 0.3935546875 0.3876953125 0.41015625 0.43359375 0.4169921875 0.4609375 0.4013671875 0.4824218759765625 0.3720703125 0.4863281240234375 0.3505859375 0.4746093759765625 0.3251953125
12 0.2646484375 0.3222656259765625 0.2470703125 0.33203125 0.22265625 0.3603515625 0.2490234375 0.3515625 0.3017578125 0.3574218740234375 0.3369140625 0.3769531259765625 0.36328125 0.4130859375 0.36328125 0.3896484375 0.3515625 0.3662109375 0.3076171875 0.3203125 0.2646484375 0.3222656259765625
12 0.4082031240234375 0.2841796875 0.3603515625 0.2265625 0.3271484375 0.22265625 0.3056640625 0.234375 0.2871093759765625 0.2587890625 0.27734375 0.2880859375 0.27734375 0.3154296875 0.3134765625 0.3222656259765625 0.34765625 0.3525390625 0.359375 0.3251953125 0.3818359375 0.3046875 0.4052734375 0.296875 0.4082031240234375 0.2841796875
12 0.1621093759765625 0.2080078125 0.1640625 0.2470703125 0.1787109375 0.265625 0.2119140625 0.2792968740234375 0.2392578125 0.30078125 0.25390625 0.2998046875 0.2734375 0.2900390625 0.2871093759765625 0.2548828125 0.3144531240234375 0.2255859375 0.3027343759765625 0.1845703125 0.2841796875 0.16796875 0.2138671875 0.16796875 0.1826171875 0.1796875 0.1621093759765625 0.2080078125
12 0.3652343759765625 0.2197265625 0.37890625 0.2490234375 0.4111328125 0.2734375 0.453125 0.2763671875 0.4658203125 0.2714843740234375 0.4921875 0.2373046875 0.4941406240234375 0.2041015625 0.4863281240234375 0.1826171875 0.4716796875 0.16796875 0.3798828125 0.16796875 0.3652343759765625 0.1923828125 0.3652343759765625 0.2197265625
12 0.6074218759765625 0.3056640625 0.6074218759765625 0.2861328125 0.5957031240234375 0.2587890625 0.5791015625 0.2421875 0.5556640625 0.23046875 0.5283203125 0.2285156259765625 0.4902343759765625 0.2451171875 0.4707031240234375 0.2744140625 0.4667968759765625 0.3017578125 0.4824218759765625 0.3369140625 0.5019531240234375 0.3525390625 0.5439453125 0.3359375 0.5791015625 0.34375 0.5957031240234375 0.3291015625 0.6074218759765625 0.3056640625
12 0.5849609375 0.44921875 0.58984375 0.4443359375 0.59765625 0.3857421875 0.5800781240234375 0.3505859375 0.5654296875 0.33984375 0.5361328125 0.3378906259765625 0.5126953125 0.34765625 0.46875 0.3896484375 0.45703125 0.4150390625 0.4589843759765625 0.4482421875 0.484375 0.4697265625 0.5126953125 0.4453125 0.5341796875 0.4375 0.5634765625 0.4375 0.5849609375 0.44921875
12 0.6113281240234375 0.4853515625 0.6035156240234375 0.4697265625 0.5849609375 0.44921875 0.5615234375 0.4375 0.5166015625 0.4433593740234375 0.4902343759765625 0.4638671875 0.4824218759765625 0.4814453125 0.4824218759765625 0.5126953125 0.49609375 0.5419921875 0.5146484375 0.5566406259765625 0.5390625 0.5634765625 0.5849609375 0.5566406259765625 0.6015625 0.5419921875 0.6113281240234375 0.5205078125 0.6113281240234375 0.4853515625
12 0.61328125 0.5888671875 0.5693359375 0.5625 0.5419921875 0.5644531259765625 0.5107421875 0.5800781259765625 0.49609375 0.5947265625 0.484375 0.6220703125 0.4824218759765625 0.6455078125 0.48828125 0.6591796875 0.5244140625 0.6484375 0.5478515625 0.6484375 0.5810546875 0.6621093740234375 0.59765625 0.6826171875 0.60546875 0.6748046875 0.6113281240234375 0.6416015625 0.625 0.6220703125 0.61328125 0.5888671875
12 0.5878906240234375 0.6708984375 0.5732421875 0.6582031259765625 0.5439453125 0.6484375 0.5107421875 0.65234375 0.4658203125 0.6796875 0.4433593759765625 0.7041015625 0.4316406240234375 0.7333984375 0.43359375 0.7587890625 0.4482421875 0.7832031259765625 0.4736328125 0.7988281259765625 0.51171875 0.7998046875 0.5654296875 0.79296875 0.59375 0.7431640625 0.59765625 0.7021484375 0.5878906240234375 0.6708984375
12 0.4091796875 0.7421875 0.3818359375 0.7402343740234375 0.3486328125 0.7578125 0.32421875 0.7939453125 0.3271484375 0.8046875 0.3574218759765625 0.8056640625 0.4521484375 0.8027343740234375 0.45703125 0.7939453125 0.4267578125 0.7519531259765625 0.4091796875 0.7421875
12 0.6884765625 0.7207031259765625 0.6689453125 0.7128906259765625 0.6494140625 0.7128906259765625 0.6240234375 0.72265625 0.5917968759765625 0.7509765625 0.5703125 0.7919921875 0.5732421875 0.7988281259765625 0.6152343759765625 0.7978515625 0.7119140625 0.7949218740234375 0.71484375 0.7626953125 0.703125 0.7353515625 0.6884765625 0.7207031259765625
12 0.9003906240234375 0.7041015625 0.890625 0.6748046875 0.8720703125 0.65234375 0.8486328125 0.6386718740234375 0.8154296875 0.6308593740234375 0.7783203125 0.6425781259765625 0.7558593759765625 0.6591796875 0.7421875 0.6884765625 0.7421875 0.7275390625 0.75 0.7529296875 0.7763671875 0.7832031259765625 0.8017578125 0.7949218740234375 0.8417968759765625 0.7939453125 0.8662109375 0.7832031259765625 0.8847656240234375 0.7607421875 0.89453125 0.7412109375 0.9003906240234375 0.7041015625
12 0.7675781240234375 0.6279296875 0.7578125 0.6064453125 0.7373046875 0.5917968740234375 0.7158203125 0.5859375 0.6748046875 0.58984375 0.6396484375 0.609375 0.62109375 0.6279296875 0.6074218759765625 0.6552734375 0.6074218759765625 0.6767578125 0.6337890625 0.7089843740234375 0.6708984375 0.7128906259765625 0.6943359375 0.72265625 0.71875 0.7216796875 0.7402343759765625 0.7099609375 0.74609375 0.6728515625 0.76953125 0.6455078125 0.7675781240234375 0.6279296875
12 0.9355468759765625 0.5244140625 0.9277343759765625 0.5048828125 0.8896484375 0.47265625 0.8603515625 0.4628906259765625 0.8330078125 0.46484375 0.8115234375 0.47265625 0.7871093759765625 0.4951171875 0.77734375 0.5224609375 0.78125 0.5498046875 0.7910156240234375 0.5751953125 0.8095703125 0.59765625 0.8349609375 0.609375 0.86328125 0.6083984375 0.8935546875 0.59765625 0.9160156240234375 0.5751953125 0.93359375 0.5498046875 0.9355468759765625 0.5244140625
12 0.7060546875 0.5136718740234375 0.6923828125 0.5078125 0.6611328125 0.5097656259765625 0.6357421875 0.51953125 0.61328125 0.5419921875 0.6074218759765625 0.5771484375 0.625 0.6083984375 0.63671875 0.6123046875 0.6806640625 0.5878906259765625 0.72265625 0.5849609375 0.7285156240234375 0.5439453125 0.7060546875 0.5136718740234375
12 0.8144531240234375 0.4267578125 0.80859375 0.4130859375 0.7978515625 0.3984375 0.7705078125 0.3828125 0.7353515625 0.3847656259765625 0.7080078125 0.4003906259765625 0.6855468759765625 0.4267578125 0.6777343759765625 0.4462890625 0.67578125 0.4716796875 0.6855468759765625 0.4970703125 0.7158203125 0.5175781259765625 0.7363281240234375 0.5185546875 0.7763671875 0.50390625 0.8066406240234375 0.4697265625 0.8125 0.4541015625 0.8144531240234375 0.4267578125
12 0.7246093759765625 0.3857421875 0.6865234375 0.359375 0.6513671875 0.3574218740234375 0.6259765625 0.3691406259765625 0.61328125 0.3857421875 0.609375 0.4326171875 0.6152343759765625 0.4541015625 0.6259765625 0.4667968740234375 0.6455078125 0.4785156259765625 0.66796875 0.4794921875 0.67578125 0.4775390625 0.6777343759765625 0.4462890625 0.69140625 0.4169921875 0.7246093759765625 0.3857421875
12 0.8300781240234375 0.2880859375 0.8222656240234375 0.2724609375 0.7900390625 0.2480468740234375 0.7353515625 0.2480468740234375 0.7041015625 0.2675781259765625 0.6816406240234375 0.3017578125 0.6777343759765625 0.3271484375 0.68359375 0.3544921875 0.7255859375 0.3847656259765625 0.73828125 0.3837890625 0.7841796875 0.3808593740234375 0.8183593759765625 0.3544921875 0.8300781240234375 0.3330078125 0.8300781240234375 0.2880859375
12 0.6816406240234375 0.3564453125 0.6777343759765625 0.3369140625 0.6650390625 0.32421875 0.6240234375 0.3144531259765625 0.6025390625 0.32421875 0.58203125 0.3447265625 0.59765625 0.3837890625 0.5996093759765625 0.4111328125 0.60546875 0.4150390625 0.61328125 0.3857421875 0.6259765625 0.3691406259765625 0.6494140625 0.3574218740234375 0.6816406240234375 0.3564453125
12 0.7060546875 0.1972656259765625 0.6884765625 0.1894531259765625 0.6650390625 0.1894531259765625 0.6396484375 0.2011718740234375 0.59375 0.2509765625 0.6123046875 0.3125 0.6435546875 0.3144531259765625 0.67578125 0.3251953125 0.69140625 0.2802734375 0.7246093759765625 0.2509765625 0.71875 0.2119140625 0.7060546875 0.1972656259765625
12 0.9082031240234375 0.4033203125 0.8818359375 0.36328125 0.8603515625 0.3535156259765625 0.8310546875 0.3535156259765625 0.7871093759765625 0.3798828125 0.78515625 0.3896484375 0.80078125 0.4013671875 0.8144531240234375 0.4248046875 0.8144531240234375 0.4482421875 0.8066406240234375 0.4677734375 0.8125 0.4716796875 0.8408203125 0.4628906259765625 0.8779296875 0.46484375 0.9042968759765625 0.4365234375 0.9082031240234375 0.4033203125
12 1 0.4091796875 0.9873046875 0.4042968740234375 0.9423828125 0.4121093740234375 0.9072265625 0.4375 0.8925781240234375 0.4599609375 0.8925781240234375 0.4716796875 0.9384765625 0.51953125 0.9609375 0.5244140625 1 0.5087890625 1 0.4091796875
12 0.9160156240234375 0.2724609375 0.8955078125 0.2558593740234375 0.8623046875 0.2480468740234375 0.8330078125 0.25 0.8173828125 0.2578125 0.8144531240234375 0.2646484375 0.8339843759765625 0.2978515625 0.8378906240234375 0.3427734375 0.89453125 0.3642578125 0.91796875 0.3486328125 0.9277343759765625 0.3271484375 0.9277343759765625 0.2939453125 0.9160156240234375 0.2724609375
12 1 0.3525390625 0.9521484375 0.3417968740234375 0.9033203125 0.3613281259765625 0.8925781240234375 0.3720703125 0.9082031240234375 0.4013671875 0.9121093759765625 0.4326171875 0.9482421875 0.4082031259765625 0.9853515625 0.4042968740234375 1 0.3857421875 1 0.3525390625
12 0.8027343759765625 0.2021484375 0.80859375 0.2021484375 0.8046875 0.2529296875 0.8125 0.2587890625 0.8388671875 0.2480468740234375 0.91796875 0.2529296875 0.9140625 0.2255859375 0.8876953125 0.16796875 0.8115234375 0.16796875 0.80078125 0.1787109375 0.8027343759765625 0.2021484375
12 1 0.5634765625 0.9794921875 0.5625 0.9345703125 0.5800781259765625 0.9140625 0.6005859375 0.90625 0.6220703125 0.90625 0.6533203125 0.9199218759765625 0.6865234375 0.9384765625 0.70703125 0.9677734375 0.72265625 1 0.7294921875 1 0.5634765625
12 1 0.7666015625 0.9902343759765625 0.7490234375 0.9716796875 0.7285156259765625 0.9345703125 0.7089843740234375 0.9003906240234375 0.7138671875 0.8925781240234375 0.7490234375 0.8671875 0.7841796875 0.8779296875 0.7949218740234375 1 0.7939453125 1 0.7666015625