12 0.2519531240234375 0.203125 0.25390625 0.17578125 0.2490234375 0.1708984375 0.24609375 0.205078125 0.2246093759765625 0.2265625 0.2207031240234375 0.255859375 0.2373046875 0.2880859375 0.2636718759765625 0.291015625 0.2910156240234375 0.263671875 0.296875 0.232421875 0.2822265625 0.2080078115234375 0.2519531240234375 0.203125
12 0.2646484375 0.3017578115234375 0.2275390625 0.2919921875 0.2138671875 0.2978515634765625 0.2011718759765625 0.314453125 0.2011718759765625 0.349609375 0.2333984375 0.3916015634765625 0.2578125 0.392578125 0.2685546875 0.3876953115234375 0.2832031240234375 0.3671875 0.2832031240234375 0.326171875 0.2646484375 0.3017578115234375
12 0.2080078125 0.2646484375 0.1845703125 0.2666015634765625 0.1699218759765625 0.283203125 0.17578125 0.31640625 0.19921875 0.330078125 0.2050781240234375 0.306640625 0.23046875 0.2890625 0.2265625 0.27734375 0.2080078125 0.2646484375
12 0.35546875 0.46875 0.3330078125 0.4580078115234375 0.3056640625 0.4658203115234375 0.29296875 0.48828125 0.3027343759765625 0.548828125 0.3115234375 0.5615234375 0.328125 0.564453125 0.3613281240234375 0.546875 0.3769531240234375 0.505859375 0.37109375 0.486328125 0.35546875 0.46875
12 0.2705078125 0.4814453115234375 0.2373046875 0.4892578115234375 0.2167968759765625 0.521484375 0.21875 0.55078125 0.2265625 0.564453125 0.2451171875 0.5791015634765625 0.26171875 0.578125 0.2832031240234375 0.564453125 0.296875 0.541015625 0.29296875 0.494140625 0.2705078125 0.4814453115234375
12 0.2021484375 0.6416015634765625 0.1630859375 0.6337890634765625 0.1455078125 0.6416015634765625 0.1328125 0.65625 0.1308593759765625 0.689453125 0.1386718759765625 0.70703125 0.1611328125 0.7294921875 0.19140625 0.73828125 0.2060546875 0.7333984375 0.22265625 0.7109375 0.2207031240234375 0.6640625 0.2021484375 0.6416015634765625
12 0.2646484375 0.6708984375 0.2548828125 0.6650390634765625 0.2421875 0.6796875 0.2421875 0.705078125 0.2568359375 0.7294921875 0.2734375 0.732421875 0.296875 0.716796875 0.3027343759765625 0.69921875 0.2744140625 0.6669921875 0.2646484375 0.6708984375
12 0.1748046875 0.6005859375 0.1503906240234375 0.625 0.1494140625 0.6396484375 0.1865234375 0.6357421875 0.2285156240234375 0.658203125 0.2363281240234375 0.62890625 0.2285156240234375 0.611328125 0.2158203125 0.6025390634765625 0.1748046875 0.6005859375
12 0.3496093759765625 0.732421875 0.3369140625 0.7119140634765625 0.3076171875 0.7080078115234375 0.2871093759765625 0.728515625 0.2871093759765625 0.755859375 0.3076171875 0.7841796875 0.3300781240234375 0.787109375 0.34765625 0.767578125 0.3496093759765625 0.748046875 0.3339843759765625 0.751953125 0.3496093759765625 0.732421875
12 0.3955078125 0.7197265634765625 0.3730468759765625 0.736328125 0.3671875 0.763671875 0.3730468759765625 0.78125 0.3857421875 0.7939453115234375 0.4033203125 0.8056640634765625 0.4199218759765625 0.8046875 0.44140625 0.787109375 0.4453125 0.75 0.4267578125 0.7255859375 0.3955078125 0.7197265634765625
12 0.4931640625 0.7255859375 0.4521484375 0.7255859375 0.44140625 0.73828125 0.4472656240234375 0.75390625 0.4433593759765625 0.78125 0.4677734375 0.8037109375 0.4863281240234375 0.806640625 0.5009765625 0.7998046875 0.5136718759765625 0.779296875 0.51171875 0.74609375 0.4931640625 0.7255859375
12 0.4814453125 0.6591796875 0.44949094921875 0.6957813447265625 0.4614715146484375 0.7252019013671875 0.4824218759765625 0.720703125 0.5078125 0.73046875 0.52734375 0.705078125 0.52734375 0.671875 0.5126953125 0.6591796875 0.4814453125 0.6591796875
12 0.7158203125 0.5947265634765625 0.6943359375 0.5966796875 0.66796875 0.62109375 0.6699218759765625 0.654296875 0.6777343759765625 0.66796875 0.6943359375 0.6787109375 0.72265625 0.681640625 0.74609375 0.66015625 0.7480468759765625 0.626953125 0.7275390625 0.6005859375 0.7158203125 0.5947265634765625
12 0.8212890625 0.6220703115234375 0.8105468759765625 0.626953125 0.7949218759765625 0.65234375 0.7949218759765625 0.67578125 0.8134765625 0.7021484375 0.8417968759765625 0.70703125 0.8691406240234375 0.6796875 0.87109375 0.646484375 0.8525390625 0.6240234375 0.8212890625 0.6220703115234375
12 0.7294921875 0.5849609375 0.7265625 0.595703125 0.7480468759765625 0.625 0.75 0.654296875 0.765625 0.642578125 0.7753906240234375 0.611328125 0.7431640625 0.5849609375 0.7294921875 0.5849609375
12 0.5712890625 0.3740234375 0.5419921875 0.3642578115234375 0.51171875 0.380859375 0.5058593759765625 0.416015625 0.515625 0.4375 0.5400390625 0.4599609375 0.5625 0.462890625 0.5751953125 0.4580078115234375 0.5839843759765625 0.44140625 0.5839843759765625 0.388671875 0.5712890625 0.3740234375
12 0.6240234375 0.3173828115234375 0.59375 0.3515625 0.59375 0.369140625 0.6074218759765625 0.40625 0.6201171875 0.4189453115234375 0.6386718759765625 0.41796875 0.6621093759765625 0.390625 0.66796875 0.353515625 0.6513671875 0.3232421875 0.6240234375 0.3173828115234375
12 0.6113281240234375 0.29296875 0.5947265625 0.2783203115234375 0.5693359375 0.2744140634765625 0.5449218759765625 0.294921875 0.5390625 0.330078125 0.5488281240234375 0.359375 0.5615234375 0.3701171875 0.578125 0.37109375 0.59375 0.359375 0.5859375 0.353515625 0.59375 0.318359375 0.6113281240234375 0.29296875