12 0.625 0.490234375 0.6191406240234375 0.42578125 0.5996093759765625 0.384765625 0.6005859375 0.3798828125 0.61328125 0.380859375 0.5576171875 0.3544921884765625 0.5478515625 0.3349609365234375 0.5224609375 0.3466796884765625 0.4853515625 0.3525390625 0.4541015625 0.3701171884765625 0.4199218759765625 0.40625 0.40234375 0.443359375 0.390625 0.490234375 0.3925781240234375 0.54296875 0.4140625 0.59765625 0.4482421875 0.6376953125 0.4775390625 0.6455078125 0.5078125 0.64453125 0.5400390625 0.6357421884765625 0.5722656240234375 0.609375 0.6113281240234375 0.546875 0.625 0.490234375
12 0.6904296875 0.3388671884765625 0.6181640625 0.3037109365234375 0.5849609375 0.2998046884765625 0.55078125 0.30859375 0.5712890625 0.3544921884765625 0.6376953125 0.3876953125 0.67578125 0.435546875 0.6875 0.44140625 0.7001953125 0.4365234365234375 0.70703125 0.421875 0.7050781240234375 0.37109375 0.6904296875 0.3388671884765625
12 0.8378906240234375 0.513671875 0.8144531240234375 0.478515625 0.7666015625 0.4404296884765625 0.7177734375 0.4345703125 0.6611328125 0.4560546884765625 0.6328125 0.490234375 0.6191406240234375 0.564453125 0.6230468759765625 0.625 0.6484375 0.697265625 0.6572265625 0.7060546884765625 0.6884765625 0.6982421884765625 0.7529296875 0.7021484365234375 0.7841796875 0.7177734365234375 0.8261718759765625 0.767578125 0.8359375 0.76953125 0.8496093759765625 0.7421875 0.8613281240234375 0.666015625 0.8574218759765625 0.5625 0.8378906240234375 0.513671875
12 0.7236328125 0.6982421884765625 0.6748046875 0.7021484365234375 0.6142578125 0.7294921884765625 0.5771484375 0.7587890625 0.51953125 0.82421875 0.5205078125 0.8307100185546875 0.83203125 0.830078125 0.83203125 0.787109375 0.80859375 0.744140625 0.7744140625 0.7138671884765625 0.7236328125 0.6982421884765625
12 0.4111328125 0.5986328125 0.3466796875 0.5595703125 0.2861328125 0.5556640625 0.2412109375 0.5732421884765625 0.2128906240234375 0.599609375 0.18359375 0.654296875 0.1699218759765625 0.72265625 0.171875 0.78125 0.1845703125 0.8291015625 0.47265625 0.828125 0.48046875 0.744140625 0.4707031240234375 0.69140625 0.453125 0.650390625 0.4111328125 0.5986328125
12 0.1533203125 0.5419921884765625 0.0986328125 0.5205078125 0.0419921875 0.5224609365234375 0.0009765625 0.5419921884765625 0 0.689453125 0.0869140625 0.6982421884765625 0.1298828125 0.7177734365234375 0.1640625 0.7421875 0.1855468759765625 0.63671875 0.2089843759765625 0.6015625 0.19921875 0.58203125 0.1533203125 0.5419921884765625
12 0.1435546875 0.7294921884765625 0.0771484375 0.6962890625 0 0.693359375 0.0009765625 0.8307100185546875 0.16015625 0.830078125 0.1738281240234375 0.828125 0.16796875 0.771484375 0.1582031240234375 0.744140625 0.1435546875 0.7294921884765625
12 0.2763671875 0.4541015625 0.28125 0.44140625 0.2578125 0.396484375 0.2392578125 0.3798828125 0.2197265625 0.3701171884765625 0.1767578125 0.3662109365234375 0.1357421875 0.3798828125 0.08203125 0.419921875 0.0546875 0.470703125 0.046875 0.513671875 0.0517578125 0.5205078125 0.0947265625 0.5185546884765625 0.1240234375 0.5263671884765625 0.1591796875 0.5439453125 0.1962890625 0.5751953125 0.203125 0.57421875 0.203125 0.52734375 0.2128906240234375 0.4921875 0.2392578125 0.4619140625 0.2763671875 0.4541015625
12 0.3935546875 0.5830078125 0.3984375 0.572265625 0.3847656240234375 0.529296875 0.3583984375 0.5009765625 0.3173828125 0.4677734365234375 0.2919921875 0.4560546884765625 0.2705078125 0.4541015625 0.2373046875 0.4638671884765625 0.2089843759765625 0.501953125 0.203125 0.546875 0.20703125 0.583984375 0.21484375 0.59375 0.2470703125 0.5673828125 0.2861328125 0.5537109365234375 0.3466796875 0.5576171884765625 0.3935546875 0.5830078125
12 0.4833984375 0.3525390625 0.5458984375 0.3369140625 0.5654296875 0.3544921884765625 0.56640625 0.341796875 0.5546875 0.318359375 0.5302734375 0.2978515625 0.4833984375 0.2783203125 0.3955078125 0.2666015625 0.3427734375 0.2744140625 0.2900390625 0.3056640625 0.2636718759765625 0.34765625 0.2636718759765625 0.40234375 0.28515625 0.44140625 0.3017578125 0.4580078125 0.3486328125 0.4853515625 0.375 0.48828125 0.390625 0.48046875 0.4199218759765625 0.404296875 0.4580078125 0.3662109365234375 0.4833984375 0.3525390625
12 0.9238281240234375 0.267578125 0.8984375 0.22265625 0.8681640625 0.2001953125 0.7236328125 0.1728515625 0.6904296875 0.1728515625 0.6279296875 0.1982421884765625 0.5839843759765625 0.25 0.578125 0.265625 0.5830078125 0.2958984365234375 0.6259765625 0.3037109365234375 0.6669921875 0.3173828125 0.6943359375 0.3349609365234375 0.7724609375 0.3603515625 0.7871093759765625 0.359375 0.8330078125 0.3388671884765625 0.8876953125 0.3388671884765625 0.921875 0.31640625 0.9238281240234375 0.267578125
12 0.9990234375 0.3154296884765625 0.9501953125 0.3154296884765625 0.8974609375 0.3349609365234375 0.86328125 0.36328125 0.83984375 0.396484375 0.82421875 0.453125 0.8261718759765625 0.48828125 0.8613281240234375 0.5625 0.87890625 0.5703125 0.9345703125 0.5146484365234375 0.9658203125 0.5009765625 1 0.49609375 0.9990234375 0.3154296884765625
12 1 0.5 0.9833984375 0.4990234365234375 0.9345703125 0.5166015625 0.8886718759765625 0.560546875 0.8671875 0.62109375 0.8652343759765625 0.669921875 0.8828125 0.74609375 0.9042968759765625 0.7734375 0.9501953125 0.8076171884765625 1 0.81640625 1 0.5