12 0 0.5390625 0.0292968759765625 0.552734375 0.1005859375 0.4951171875 0.125 0.462890625 0.1230468759765625 0.439453125 0.1035156240234375 0.3984375 0.0810546875 0.3759765634765625 0.0400390625 0.3642578115234375 0 0.373046875 0 0.5390625
12 0.2675781240234375 0.48828125 0.2675781240234375 0.4765625 0.2558593759765625 0.44921875 0.2412109375 0.4345703115234375 0.1923828125 0.4169921875 0.1572265625 0.4306640634765625 0.1269531240234375 0.466796875 0.10546875 0.541015625 0.10546875 0.576171875 0.1201171875 0.6162109375 0.1943359375 0.6650390634765625 0.2207031240234375 0.671875 0.2324218759765625 0.658203125 0.23046875 0.591796875 0.2363281240234375 0.552734375 0.2675781240234375 0.48828125
12 0.3261718759765625 0.572265625 0.3417968759765625 0.541015625 0.3574218759765625 0.529296875 0.3583984375 0.5068359375 0.3759765625 0.5146484375 0.4199218759765625 0.509765625 0.4003906240234375 0.46484375 0.3681640625 0.4443359375 0.3212890625 0.4501953115234375 0.2802734375 0.4775390634765625 0.25390625 0.51171875 0.2324218759765625 0.580078125 0.2324218759765625 0.63671875 0.24609375 0.697265625 0.3154296875 0.7431640634765625 0.3222656240234375 0.7421875 0.3261718759765625 0.73046875 0.3125 0.685546875 0.3125 0.62890625 0.3261718759765625 0.572265625
12 0.4902343759765625 0.564453125 0.4560546875 0.5322265634765625 0.4169921875 0.5146484375 0.3837890625 0.5146484375 0.3701171875 0.5322265634765625 0.3525390625 0.5341796875 0.33984375 0.544921875 0.3222656240234375 0.587890625 0.3125 0.673828125 0.328125 0.734375 0.3525390625 0.7685546875 0.4541015625 0.8310546875 0.52734375 0.83203125 0.5371093759765625 0.822265625 0.5390625 0.720703125 0.5097656240234375 0.595703125 0.4902343759765625 0.564453125
12 0.71484375 0.59375 0.7109375 0.541015625 0.6953125 0.494140625 0.6640625 0.44921875 0.6298828125 0.4228515634765625 0.5947265625 0.4267578115234375 0.5498046875 0.4560546875 0.5253906240234375 0.48828125 0.51171875 0.541015625 0.5136718759765625 0.591796875 0.546875 0.705078125 0.5712890625 0.7333984375 0.6035156240234375 0.740234375 0.6376953125 0.7333984375 0.6738281240234375 0.70703125 0.703125 0.654296875 0.71484375 0.59375
12 0.5800781240234375 0.43359375 0.5634765625 0.4169921875 0.5244140625 0.4072265634765625 0.5107421875 0.4111328115234375 0.49609375 0.42578125 0.4472656240234375 0.515625 0.4472656240234375 0.525390625 0.4697265625 0.5400390634765625 0.51171875 0.58984375 0.51171875 0.533203125 0.5253906240234375 0.486328125 0.5478515625 0.4560546875 0.5800781240234375 0.43359375
12 0.5185546875 0.3857421875 0.4931640625 0.3818359375 0.4638671875 0.3916015634765625 0.4169921875 0.4208984375 0.390625 0.447265625 0.421875 0.51171875 0.4453125 0.521484375 0.48828125 0.4375 0.5 0.419921875 0.5234375 0.40234375 0.5185546875 0.3857421875
12 0.5292968759765625 0.224609375 0.5185546875 0.2080078115234375 0.4677734375 0.1787109375 0.4482421875 0.1826171875 0.4228515625 0.1982421875 0.3769531240234375 0.244140625 0.359375 0.27734375 0.3515625 0.30859375 0.34765625 0.34375 0.3574218759765625 0.392578125 0.3857421875 0.4150390634765625 0.4121093759765625 0.41796875 0.4794921875 0.3779296875 0.5019531240234375 0.353515625 0.5234375 0.306640625 0.5292968759765625 0.224609375
12 0.34765625 0.38671875 0.34375 0.341796875 0.3173828125 0.3330078115234375 0.3115234375 0.3251953115234375 0.265625 0.3671875 0.2402343759765625 0.42578125 0.26171875 0.45703125 0.2675781240234375 0.4765625 0.2753906240234375 0.48046875 0.3232421875 0.4482421875 0.3691406240234375 0.439453125 0.359375 0.40234375 0.34765625 0.38671875
12 0.7050781240234375 0.326171875 0.7167968759765625 0.296875 0.7167968759765625 0.234375 0.69140625 0.193359375 0.6767578125 0.1826171875 0.6474609375 0.1826171875 0.5966796875 0.2080078115234375 0.55859375 0.25 0.53125 0.302734375 0.5214843759765625 0.373046875 0.52734375 0.40234375 0.58984375 0.427734375 0.625 0.41796875 0.6484375 0.37109375 0.6787109375 0.3408203115234375 0.7050781240234375 0.326171875
12 0.81640625 0.4609375 0.8144531240234375 0.412109375 0.80078125 0.373046875 0.77734375 0.341796875 0.7529296875 0.3251953115234375 0.7158203125 0.3251953115234375 0.6806640625 0.3408203115234375 0.6464843759765625 0.375 0.6269531240234375 0.416015625 0.6640625 0.447265625 0.69140625 0.484375 0.7128906240234375 0.546875 0.71484375 0.609375 0.7246093759765625 0.609375 0.7470703125 0.5966796875 0.7949218759765625 0.541015625 0.8105468759765625 0.5 0.81640625 0.4609375
12 0.9394531240234375 0.22265625 0.9277343759765625 0.19140625 0.8935546875 0.1689453115234375 0.8623046875 0.1708984375 0.8134765625 0.2060546875 0.7734375 0.251953125 0.7480468759765625 0.310546875 0.7480468759765625 0.322265625 0.7705078125 0.3330078115234375 0.8027343759765625 0.375 0.81640625 0.41796875 0.81640625 0.478515625 0.83203125 0.48046875 0.8652343759765625 0.44921875 0.9003906240234375 0.400390625 0.9355468759765625 0.3203125 0.9394531240234375 0.22265625
12 0.3027343759765625 0.212890625 0.3027343759765625 0.181640625 0.2958984375 0.1689453115234375 0.1513671875 0.1669921875 0.1230468759765625 0.197265625 0.08984375 0.267578125 0.0917968759765625 0.30078125 0.1259765625 0.3310546875 0.17578125 0.3359375 0.2216796875 0.3212890634765625 0.2451171875 0.3056640634765625 0.2832031240234375 0.263671875 0.3027343759765625 0.212890625
12 0.2734375 0.34765625 0.26953125 0.333984375 0.2509765625 0.3173828115234375 0.2373046875 0.3154296875 0.1494140625 0.3623046875 0.12890625 0.396484375 0.1230468759765625 0.419921875 0.125 0.44140625 0.1328125 0.453125 0.1630859375 0.4248046875 0.1943359375 0.4150390634765625 0.2607421875 0.3603515634765625 0.2734375 0.34765625
12 0.13671875 0.3515625 0.0917968759765625 0.310546875 0.0830078125 0.2763671875 0.0537109375 0.2763671875 0 0.31640625 0.0009765625 0.3701171875 0.0361328125 0.3623046875 0.0654296875 0.3662109375 0.12109375 0.412109375 0.1308593759765625 0.384765625 0.12890625 0.365234375 0.13671875 0.361328125 0.13671875 0.3515625
12 0.3447265625 0.1923828115234375 0.3154296875 0.1923828115234375 0.3046875 0.205078125 0.2988281240234375 0.23828125 0.26953125 0.291015625 0.2734375 0.3203125 0.28515625 0.333984375 0.3564453125 0.2763671875 0.37109375 0.25 0.3613281240234375 0.212890625 0.3447265625 0.1923828115234375