12 0.1503906240234375 0.251953125 0.14453125 0.287109375 0.1591796875 0.3076171875 0.1855468759765625 0.310546875 0.2109375 0.2890625 0.21484375 0.271484375 0.1787109375 0.2314453115234375 0.1503906240234375 0.251953125
12 0.1669921875 0.3662109375 0.1416015625 0.3740234375 0.1259765625 0.3642578115234375 0.109375 0.3828125 0.1074218759765625 0.408203125 0.1171875 0.42578125 0.1425781240234375 0.431640625 0.1650390625 0.4208984375 0.1777343759765625 0.40234375 0.1777343759765625 0.380859375 0.1669921875 0.3662109375
12 0.2236328125 0.3896484375 0.2011718759765625 0.40625 0.1972656240234375 0.4296875 0.2255859375 0.4697265634765625 0.24609375 0.46875 0.26171875 0.45703125 0.26953125 0.427734375 0.2529296875 0.3935546875 0.2236328125 0.3896484375
12 0.3076171875 0.3603515634765625 0.2802734375 0.3544921875 0.2578125 0.37109375 0.2558593759765625 0.396484375 0.265625 0.419921875 0.2783203125 0.4326171875 0.2949218759765625 0.435546875 0.31640625 0.42578125 0.32421875 0.41015625 0.32421875 0.38671875 0.3076171875 0.3603515634765625
12 0.2958984375 0.4775390634765625 0.2724609375 0.4853515634765625 0.2558593759765625 0.51171875 0.2558593759765625 0.53125 0.265625 0.548828125 0.2910156240234375 0.556640625 0.3066406240234375 0.55078125 0.328125 0.517578125 0.3222656240234375 0.4921875 0.2958984375 0.4775390634765625
12 0.2978515625 0.4404296875 0.29296875 0.474609375 0.3300781240234375 0.49609375 0.3417968759765625 0.48046875 0.3417968759765625 0.453125 0.3310546875 0.4404296875 0.2978515625 0.4404296875
12 0.2705078125 0.4423828115234375 0.2470703125 0.4697265634765625 0.2167968759765625 0.46875 0.2265625 0.4921875 0.2480468759765625 0.501953125 0.2626953125 0.4951171875 0.27734375 0.4765625 0.2792968759765625 0.45703125 0.2705078125 0.4423828115234375
12 0.2001953125 0.4599609375 0.1708984375 0.4658203115234375 0.1582031240234375 0.490234375 0.16796875 0.521484375 0.19140625 0.525390625 0.2128906240234375 0.5078125 0.21875 0.486328125 0.21484375 0.47265625 0.2001953125 0.4599609375
12 0.1513671875 0.5302734375 0.1259765625 0.5361328115234375 0.11328125 0.548828125 0.1035156240234375 0.57421875 0.1162109375 0.6064453115234375 0.1259765625 0.6123046875 0.14453125 0.611328125 0.1689453125 0.6005859375 0.18359375 0.578125 0.1796875 0.55078125 0.1513671875 0.5302734375
12 0.2431640625 0.5380859375 0.22265625 0.55078125 0.21875 0.580078125 0.2333984375 0.5986328115234375 0.25 0.599609375 0.2636718759765625 0.58984375 0.2714843759765625 0.556640625 0.2568359375 0.5400390634765625 0.2431640625 0.5380859375
12 0.2705078125 0.6298828115234375 0.2480468759765625 0.646484375 0.2421875 0.66796875 0.2568359375 0.6943359375 0.2832031240234375 0.6953125 0.3027343759765625 0.681640625 0.3066406240234375 0.654296875 0.2919921875 0.6337890634765625 0.2705078125 0.6298828115234375
12 0.21875 0.623046875 0.2265625 0.65625 0.2402343759765625 0.662109375 0.2636718759765625 0.611328125 0.2470703125 0.6005859375 0.2294921875 0.6064453115234375 0.21875 0.623046875
12 0.3955078125 0.5224609375 0.3779296875 0.5224609375 0.3642578125 0.5302734375 0.34765625 0.556640625 0.35546875 0.583984375 0.3720703125 0.5966796875 0.3847656240234375 0.59765625 0.4111328125 0.5830078115234375 0.421875 0.564453125 0.41796875 0.541015625 0.3955078125 0.5224609375
12 0.2978515625 0.4775390634765625 0.2861328125 0.4775390634765625 0.2685546875 0.4892578115234375 0.2558593759765625 0.513671875 0.2558593759765625 0.53125 0.265625 0.548828125 0.2910156240234375 0.556640625 0.3066406240234375 0.55078125 0.328125 0.517578125 0.3222656240234375 0.4921875 0.2978515625 0.4775390634765625
12 0.3662109375 0.5947265634765625 0.3515625 0.578125 0.3466796875 0.5556640634765625 0.3359375 0.576171875 0.3378906240234375 0.603515625 0.3505859375 0.6220703115234375 0.3691406240234375 0.626953125 0.39453125 0.609375 0.4003906240234375 0.591796875 0.3837890625 0.5986328115234375 0.3662109375 0.5947265634765625
12 0.4619140625 0.5458984375 0.44140625 0.56640625 0.44140625 0.587890625 0.4619140625 0.6201171875 0.48046875 0.62109375 0.5 0.60546875 0.50390625 0.578125 0.4873046875 0.5498046875 0.4619140625 0.5458984375
12 0.4609375 0.462890625 0.4404296875 0.4599609375 0.421875 0.474609375 0.4160156240234375 0.498046875 0.4326171875 0.5166015634765625 0.45703125 0.5234375 0.4667968759765625 0.517578125 0.4707031240234375 0.49609375 0.4609375 0.482421875 0.4609375 0.462890625
12 0.4951171875 0.4404296875 0.4716796875 0.4462890634765625 0.4609375 0.462890625 0.46484375 0.490234375 0.4824218759765625 0.498046875 0.5029296875 0.4873046875 0.5136718759765625 0.46875 0.51171875 0.453125 0.4951171875 0.4404296875
12 0.5791015625 0.4169921875 0.5576171875 0.4208984375 0.5410156240234375 0.44140625 0.5449218759765625 0.474609375 0.5556640625 0.4873046875 0.5703125 0.490234375 0.5888671875 0.4833984375 0.60546875 0.45703125 0.6015625 0.431640625 0.5791015625 0.4169921875
12 0.6064453125 0.3525390634765625 0.5859375 0.365234375 0.5800781240234375 0.392578125 0.5878906240234375 0.416015625 0.6025390625 0.4306640634765625 0.6191406240234375 0.4296875 0.6386718759765625 0.41015625 0.6425781240234375 0.380859375 0.6259765625 0.3564453115234375 0.6064453125 0.3525390634765625
12 0.66796875 0.462890625 0.6591796875 0.4443359375 0.66015625 0.486328125 0.66796875 0.462890625
12 0.6298828125 0.4326171875 0.609375 0.4453125 0.6035156240234375 0.484375 0.6181640625 0.5048828115234375 0.6386718759765625 0.5078125 0.6503906240234375 0.5 0.65234375 0.443359375 0.6455078125 0.4345703115234375 0.6298828125 0.4326171875
12 0.6591796875 0.5087890634765625 0.6396484375 0.5126953115234375 0.62109375 0.541015625 0.625 0.5703125 0.6416015625 0.5869140634765625 0.6484375 0.5859375 0.6708984375 0.5810546875 0.6894531240234375 0.556640625 0.68359375 0.5234375 0.6591796875 0.5087890634765625
12 0.7646484375 0.6279296875 0.7421875 0.642578125 0.734375 0.669921875 0.7509765625 0.6943359375 0.77734375 0.697265625 0.796875 0.685546875 0.8066406240234375 0.658203125 0.7919921875 0.6357421875 0.7646484375 0.6279296875
12 0.7822265625 0.7001953115234375 0.7470703125 0.6943359375 0.7324218759765625 0.708984375 0.7285156240234375 0.74609375 0.7392578125 0.7626953115234375 0.7519531240234375 0.763671875 0.7763671875 0.7607421875 0.7871093759765625 0.748046875 0.7910156240234375 0.72265625 0.7822265625 0.7001953115234375
12 0.8115234375 0.4697265634765625 0.7900390625 0.4755859375 0.7792968759765625 0.49609375 0.7832031240234375 0.517578125 0.7998046875 0.5322265634765625 0.8066406240234375 0.53125 0.8222656240234375 0.5234375 0.8339843759765625 0.501953125 0.83203125 0.482421875 0.8115234375 0.4697265634765625
12 0.05078125 0.681640625 0.046875 0.70703125 0.0517578125 0.7197265634765625 0.1015625 0.720703125 0.1074218759765625 0.69140625 0.0947265625 0.6728515634765625 0.0693359375 0.6689453115234375 0.05078125 0.681640625
12 0 0.720703125 0.00390625 0.744140625 0.0410156240234375 0.7265625 0.0263671875 0.7158203115234375 0.0107421875 0.7138671875 0 0.720703125
12 0.0292968759765625 0.779296875 0.0683593759765625 0.802734375 0.0839843759765625 0.798828125 0.0800781240234375 0.775390625 0.0712890625 0.7646484375 0.0292968759765625 0.779296875