12 0 0.47265625 0.015625 0.478515625 0.0458984375 0.4345703115234375 0.0810546875 0.4111328115234375 0.1103515625 0.4033203115234375 0.1152343759765625 0.39453125 0.1152343759765625 0.3515625 0.1035156240234375 0.322265625 0.0830078125 0.3017578115234375 0.0556640625 0.2919921875 0.0205078125 0.2919921875 0 0.30078125 0 0.47265625
12 0.2167968759765625 0.337890625 0.2167968759765625 0.287109375 0.20703125 0.25390625 0.19140625 0.228515625 0.1552734375 0.1982421875 0.1240234375 0.1943359375 0.1064453125 0.2021484375 0.0839843759765625 0.228515625 0.0703125 0.2578125 0.0644531240234375 0.291015625 0.0869140625 0.3037109375 0.1074218759765625 0.328125 0.1191406240234375 0.390625 0.1298828125 0.3974609375 0.14453125 0.396484375 0.1513671875 0.3876953115234375 0.1748046875 0.3876953115234375 0.2089843759765625 0.36328125 0.2167968759765625 0.337890625
12 0.3808593759765625 0.275390625 0.3525390625 0.2431640634765625 0.3271484375 0.2314453115234375 0.2841796875 0.2294921875 0.2568359375 0.2392578115234375 0.23046875 0.267578125 0.21875 0.296875 0.2207031240234375 0.330078125 0.2324218759765625 0.35546875 0.2373046875 0.3603515634765625 0.2998046875 0.3642578115234375 0.3496093759765625 0.384765625 0.3808593759765625 0.361328125 0.3925781240234375 0.3359375 0.3925781240234375 0.302734375 0.3808593759765625 0.275390625
12 0.2958984375 0.3642578115234375 0.2490234375 0.3603515634765625 0.2001953125 0.3720703115234375 0.16796875 0.396484375 0.1640625 0.408203125 0.1894531240234375 0.4296875 0.2119140625 0.4677734375 0.2587890625 0.4619140634765625 0.3300781240234375 0.48828125 0.3671875 0.44140625 0.359375 0.408203125 0.3310546875 0.3779296875 0.2958984375 0.3642578115234375
12 0.1699218759765625 0.501953125 0.2089843759765625 0.466796875 0.1894531240234375 0.431640625 0.1689453125 0.4130859375 0.1455078125 0.4033203115234375 0.0947265625 0.4072265634765625 0.0576171875 0.4267578115234375 0.0292968759765625 0.455078125 0.015625 0.484375 0.0371093759765625 0.533203125 0.0371093759765625 0.599609375 0.0556640625 0.6142578115234375 0.0986328125 0.6064453115234375 0.16015625 0.61328125 0.1621093759765625 0.6015625 0.15234375 0.572265625 0.1582031240234375 0.5234375 0.1699218759765625 0.501953125
12 0.3808593759765625 0.5546875 0.3447265625 0.5068359375 0.2978515625 0.4755859375 0.2646484375 0.4638671875 0.2119140625 0.4697265634765625 0.1806640625 0.4912109375 0.16015625 0.521484375 0.15234375 0.55078125 0.1582031240234375 0.591796875 0.18359375 0.634765625 0.2158203125 0.6630859375 0.2548828125 0.6806640634765625 0.2988281240234375 0.681640625 0.3369140625 0.6689453115234375 0.3730468759765625 0.6328125 0.38671875 0.591796875 0.3808593759765625 0.5546875
12 0 0.79296875 0.0107421875 0.8076171875 0.0478515625 0.8291015634765625 0.1328125 0.83203125 0.1708984375 0.8115234375 0.2089843759765625 0.771484375 0.2207031240234375 0.728515625 0.2167968759765625 0.6875 0.203125 0.658203125 0.1708984375 0.6259765634765625 0.1337890625 0.6103515634765625 0.0869140625 0.6103515634765625 0.0341796875 0.6298828115234375 0 0.66015625 0 0.79296875
12 0.6425781240234375 0.51171875 0.6425781240234375 0.482421875 0.6083984375 0.4228515634765625 0.5498046875 0.4013671875 0.4990234375 0.4013671875 0.4228515625 0.4326171875 0.375 0.474609375 0.3613281240234375 0.517578125 0.390625 0.568359375 0.4365234375 0.5908203115234375 0.4902343759765625 0.599609375 0.5634765625 0.5888671875 0.6005859375 0.5673828115234375 0.6328125 0.533203125 0.6425781240234375 0.51171875
12 0.51171875 0.72265625 0.50390625 0.701171875 0.4736328125 0.6708984375 0.4306640625 0.6455078115234375 0.3740234375 0.6416015634765625 0.3369140625 0.6708984375 0.3017578125 0.6845703115234375 0.28515625 0.69921875 0.2734375 0.71875 0.2714843759765625 0.748046875 0.2871093759765625 0.78515625 0.3193359375 0.8193359375 0.3466796875 0.8330078115234375 0.4433593759765625 0.83203125 0.4658203125 0.8193359375 0.4863281240234375 0.796875 0.5097656240234375 0.7421875 0.51171875 0.72265625
12 0.6025390625 0.3154296875 0.5712890625 0.2998046875 0.5244140625 0.2958984375 0.4873046875 0.3056640634765625 0.4589843759765625 0.33203125 0.4511718759765625 0.3515625 0.4511718759765625 0.375 0.4638671875 0.4111328115234375 0.5283203125 0.3994140634765625 0.5712890625 0.4052734375 0.6103515625 0.4228515634765625 0.6269531240234375 0.447265625 0.63671875 0.44921875 0.65234375 0.416015625 0.6503906240234375 0.3828125 0.6328125 0.34765625 0.6025390625 0.3154296875
12 0.8222656240234375 0.291015625 0.8105468759765625 0.263671875 0.7685546875 0.2314453115234375 0.7373046875 0.2236328115234375 0.6787109375 0.2275390634765625 0.6494140625 0.2431640634765625 0.625 0.267578125 0.6152343759765625 0.29296875 0.6152343759765625 0.314453125 0.6328125 0.34375 0.6572265625 0.3642578115234375 0.7021484375 0.3857421875 0.7324218759765625 0.390625 0.7783203125 0.3798828115234375 0.8046875 0.359375 0.8222656240234375 0.328125 0.8222656240234375 0.291015625
12 0.8505859375 0.3974609375 0.8134765625 0.3818359375 0.7783203125 0.3818359375 0.7275390625 0.4033203115234375 0.703125 0.43359375 0.69921875 0.466796875 0.7285156240234375 0.53125 0.7373046875 0.5380859375 0.7822265625 0.5361328115234375 0.8076171875 0.5439453115234375 0.8232421875 0.5576171875 0.8535156240234375 0.556640625 0.8964843759765625 0.501953125 0.8984375 0.458984375 0.8847656240234375 0.427734375 0.8505859375 0.3974609375
12 1 0.513671875 0.9580078125 0.4931640634765625 0.9169921875 0.4970703115234375 0.87890625 0.525390625 0.8613281240234375 0.55859375 0.8535156240234375 0.59375 0.8613281240234375 0.640625 0.87109375 0.658203125 0.9052734375 0.6845703115234375 0.9326171875 0.6923828115234375 0.9482421875 0.6865234375 0.9580078125 0.6923828115234375 0.9677734375 0.6826171875 0.9697265625 0.6982421875 0.9902343759765625 0.697265625 0.9931640625 0.6904296875 1 0.69140625 1 0.513671875
12 0.8515625 0.630859375 0.8359375 0.580078125 0.8095703125 0.5498046875 0.7900390625 0.5400390634765625 0.7548828125 0.5361328115234375 0.7138671875 0.5498046875 0.6777343759765625 0.580078125 0.6582031240234375 0.626953125 0.6582031240234375 0.66015625 0.6699218759765625 0.69921875 0.7021484375 0.7333984375 0.7568359375 0.7470703115234375 0.77734375 0.74609375 0.8115234375 0.7314453115234375 0.8378906240234375 0.703125 0.8496093759765625 0.669921875 0.8515625 0.630859375
12 0.9248046875 0.6943359375 0.9033203125 0.6884765634765625 0.8505859375 0.6943359375 0.7988281240234375 0.75390625 0.7988281240234375 0.76953125 0.828125 0.8046875 0.8408203125 0.8330078115234375 0.99609375 0.83203125 1 0.7578125 0.9921875 0.7421875 0.9697265625 0.7177734375 0.9248046875 0.6943359375
12 0.7275390625 0.7412109375 0.6865234375 0.7431640634765625 0.6591796875 0.7529296875 0.6386718759765625 0.76953125 0.6171875 0.8046875 0.6357421875 0.8330078115234375 0.8359375 0.83203125 0.8261718759765625 0.8046875 0.7998046875 0.7744140634765625 0.7626953125 0.7509765634765625 0.7275390625 0.7412109375
12 0.6123046875 0.6044921875 0.5810546875 0.5888671875 0.5244140625 0.5986328115234375 0.4980468759765625 0.62890625 0.484375 0.66796875 0.484375 0.67578125 0.5097656240234375 0.708984375 0.5097656240234375 0.763671875 0.5185546875 0.7705078115234375 0.5673828125 0.7744140634765625 0.6005859375 0.7939453115234375 0.6171875 0.79296875 0.6660156240234375 0.73828125 0.66796875 0.705078125 0.65234375 0.646484375 0.6123046875 0.6044921875
12 0.6962890625 0.4853515634765625 0.6767578125 0.4736328115234375 0.6416015625 0.4658203115234375 0.63671875 0.470703125 0.64453125 0.486328125 0.64453125 0.505859375 0.6347656240234375 0.53125 0.5800781240234375 0.5859375 0.6318359375 0.6201171875 0.6542968759765625 0.623046875 0.6777343759765625 0.578125 0.71875 0.54296875 0.7207031240234375 0.5234375 0.6962890625 0.4853515634765625
12 0.5986328125 0.1669921875 0.43359375 0.169921875 0.4316406240234375 0.216796875 0.4472656240234375 0.26171875 0.4833984375 0.2919921875 0.51171875 0.296875 0.5634765625 0.2900390634765625 0.5878906240234375 0.26953125 0.60546875 0.22265625 0.5986328125 0.1669921875
12 0.2480468759765625 0.169921875 0.26171875 0.2109375 0.2763671875 0.2255859375 0.3310546875 0.2314453115234375 0.3623046875 0.2509765634765625 0.37109375 0.25 0.4082031240234375 0.220703125 0.41796875 0.19140625 0.4169921875 0.1669921875 0.2480468759765625 0.169921875
12 0.6933593759765625 0.220703125 0.7548828125 0.2255859375 0.7783203125 0.2353515634765625 0.8105468759765625 0.263671875 0.82421875 0.294921875 0.8359375 0.2734375 0.8378906240234375 0.23828125 0.8300781240234375 0.205078125 0.8105468759765625 0.171875 0.8056640625 0.1669921875 0.7294921875 0.1669921875 0.7089843759765625 0.1875 0.6933593759765625 0.220703125
12 0.9941406240234375 0.306640625 0.98046875 0.283203125 0.9560546875 0.2607421875 0.9169921875 0.2470703115234375 0.8876953125 0.2509765634765625 0.8525390625 0.2685546875 0.8339843759765625 0.287109375 0.8261718759765625 0.30078125 0.82421875 0.328125 0.8720703125 0.3505859375 0.90625 0.380859375 0.9189453125 0.4033203115234375 0.9296875 0.40234375 0.9619140625 0.3857421875 0.9902343759765625 0.3515625 0.9980468759765625 0.328125 0.9941406240234375 0.306640625
12 0.8212890625 0.3330078115234375 0.7890625 0.37890625 0.8173828125 0.3818359375 0.8583984375 0.4013671875 0.88671875 0.4296875 0.8984375 0.462890625 0.9042968759765625 0.46484375 0.91796875 0.423828125 0.91015625 0.388671875 0.8740234375 0.3525390634765625 0.8212890625 0.3330078115234375