12 0.234375 0.3828125 0.2265625 0.3515625 0.203125 0.314453125 0.1728515625 0.2880859375 0.1318359375 0.2744140634765625 0.0869140625 0.2783203115234375 0.0419921875 0.3076171875 0.01953125 0.341796875 0.015625 0.388671875 0.0234375 0.416015625 0.046875 0.451171875 0.0986328125 0.4931640634765625 0.1416015625 0.4951171875 0.1396484375 0.5009765634765625 0.1230468759765625 0.501953125 0.1416015625 0.5087890634765625 0.1640625 0.5078125 0.1982421875 0.4951171875 0.2246093759765625 0.458984375 0.234375 0.41796875 0.234375 0.3828125
12 0.4853515625 0.4677734375 0.5048828125 0.4560546875 0.5332031240234375 0.416015625 0.53515625 0.359375 0.5214843759765625 0.326171875 0.4912109375 0.2958984375 0.4501953125 0.2763671875 0.4013671875 0.2783203115234375 0.3486328125 0.3037109375 0.3046875 0.353515625 0.2890625 0.396484375 0.2871093759765625 0.427734375 0.29296875 0.44921875 0.3173828125 0.4775390634765625 0.3603515625 0.4970703115234375 0.4121093759765625 0.5 0.4423828125 0.4970703115234375 0.44921875 0.490234375 0.4482421875 0.4716796875 0.4853515625 0.4677734375
12 0.76171875 0.56640625 0.76171875 0.5390625 0.7519531240234375 0.515625 0.7041015625 0.4619140634765625 0.6494140625 0.4267578115234375 0.5966796875 0.4150390634765625 0.5634765625 0.4208984375 0.5341796875 0.4345703115234375 0.5078125 0.458984375 0.4970703125 0.4794921875 0.44921875 0.474609375 0.4560546875 0.4912109375 0.4921875 0.505859375 0.48828125 0.521484375 0.49609375 0.556640625 0.515625 0.591796875 0.5341796875 0.6103515634765625 0.5810546875 0.6337890634765625 0.6503906240234375 0.63671875 0.6923828125 0.6298828115234375 0.7314453125 0.6123046875 0.7480468759765625 0.595703125 0.76171875 0.56640625
12 0.4160156240234375 0.73828125 0.4394531240234375 0.69921875 0.453125 0.64453125 0.44921875 0.6015625 0.4296875 0.560546875 0.3974609375 0.5361328115234375 0.3427734375 0.5283203115234375 0.3017578125 0.5400390634765625 0.2548828125 0.5712890634765625 0.2285156240234375 0.59765625 0.203125 0.640625 0.19140625 0.685546875 0.1933593759765625 0.724609375 0.2207031240234375 0.77734375 0.2519531240234375 0.80078125 0.2519531240234375 0.830078125 0.2597656240234375 0.830078125 0.2802734375 0.8056640634765625 0.3154296875 0.8056640634765625 0.3779296875 0.7783203115234375 0.4160156240234375 0.73828125
12 0.7314453125 0.7568359375 0.7363281240234375 0.748046875 0.7324218759765625 0.708984375 0.7128906240234375 0.677734375 0.6611328125 0.6376953115234375 0.6142578125 0.6396484375 0.5458984375 0.6279296875 0.5058593759765625 0.65625 0.4824218759765625 0.697265625 0.4863281240234375 0.765625 0.4980468759765625 0.787109375 0.5078125 0.791015625 0.5537109375 0.7529296875 0.6162109375 0.7333984375 0.6806640625 0.7333984375 0.7314453125 0.7568359375
12 0.6611328125 0.7314453115234375 0.6083984375 0.7353515634765625 0.5517578125 0.7548828115234375 0.51953125 0.779296875 0.4921875 0.826171875 0.4931640625 0.8330078115234375 0.80078125 0.83203125 0.78125 0.798828125 0.7412109375 0.7646484375 0.6962890625 0.7392578115234375 0.6611328125 0.7314453115234375
12 0.1552734375 0.7314453115234375 0.12109375 0.76171875 0.0996093759765625 0.798828125 0.0917968759765625 0.828125 0.0927734375 0.8330078115234375 0.24609375 0.8336588544921875 0.25 0.80078125 0.2128906240234375 0.76953125 0.1904296875 0.7236328115234375 0.1552734375 0.7314453115234375
12 0.0595703125 0.6494140634765625 0.0009765625 0.6494140634765625 0 0.83203125 0.08984375 0.83203125 0.0957031240234375 0.8046875 0.1328125 0.73046875 0.0878906240234375 0.69921875 0.0595703125 0.6494140634765625
12 0.2285156240234375 0.595703125 0.2636718759765625 0.560546875 0.2392578125 0.5341796875 0.1982421875 0.5205078115234375 0.1572265625 0.5205078115234375 0.1181640625 0.5361328115234375 0.0800781240234375 0.57421875 0.0625 0.623046875 0.0683593759765625 0.66796875 0.0966796875 0.7060546875 0.1279296875 0.7236328115234375 0.16796875 0.724609375 0.19140625 0.71484375 0.1894531240234375 0.693359375 0.19921875 0.646484375 0.2285156240234375 0.595703125
12 0.4042968759765625 0.51171875 0.3994140625 0.5029296875 0.3369140625 0.4912109375 0.3076171875 0.4716796875 0.2871093759765625 0.4375 0.2822265625 0.4072265634765625 0.2509765625 0.4189453115234375 0.234375 0.43359375 0.2246093759765625 0.46484375 0.2050781240234375 0.494140625 0.2119140625 0.5205078115234375 0.2451171875 0.5361328115234375 0.26953125 0.556640625 0.3212890625 0.5302734375 0.3642578125 0.5263671875 0.3935546875 0.5322265634765625 0.4042968759765625 0.51171875
12 0.48046875 0.232421875 0.4863281240234375 0.287109375 0.5517578125 0.3564453115234375 0.5791015625 0.3662109375 0.6191406240234375 0.365234375 0.6542968759765625 0.34765625 0.66796875 0.306640625 0.6972656240234375 0.275390625 0.69921875 0.23046875 0.6875 0.19921875 0.6572265625 0.1669921875 0.5185546875 0.1669921875 0.49609375 0.19140625 0.48046875 0.232421875
12 0.9160156240234375 0.34765625 0.9140625 0.29296875 0.90234375 0.26953125 0.8857421875 0.2529296875 0.8330078125 0.2275390634765625 0.7861328125 0.2275390634765625 0.7509765625 0.2373046875 0.7158203125 0.2607421875 0.6738281240234375 0.30078125 0.6582031240234375 0.333984375 0.6621093759765625 0.37890625 0.6884765625 0.4130859375 0.7568359375 0.4541015634765625 0.7988281240234375 0.45703125 0.8193359375 0.4541015634765625 0.8603515625 0.4326171875 0.9003906240234375 0.38671875 0.9160156240234375 0.34765625
12 0.9746093759765625 0.5234375 0.96484375 0.48828125 0.94921875 0.462890625 0.9267578125 0.4423828115234375 0.8779296875 0.4267578115234375 0.8037109375 0.4599609375 0.796875 0.48046875 0.7822265625 0.4814453115234375 0.7734375 0.49609375 0.76953125 0.53515625 0.7832031240234375 0.5703125 0.8134765625 0.5986328115234375 0.8779296875 0.6220703115234375 0.9082031240234375 0.62109375 0.9384765625 0.6123046875 0.96484375 0.587890625 0.9746093759765625 0.56640625 0.9746093759765625 0.5234375
12 0.9199218759765625 0.65625 0.8818359375 0.6259765634765625 0.8505859375 0.6142578115234375 0.7939453125 0.6181640634765625 0.7529296875 0.6376953115234375 0.7285156240234375 0.681640625 0.7402343759765625 0.76171875 0.7871093759765625 0.802734375 0.8095703125 0.8330078115234375 0.91015625 0.83203125 0.9501953125 0.8134765634765625 0.95703125 0.791015625 0.9472656240234375 0.70703125 0.9199218759765625 0.65625
12 0.7558593759765625 0.205078125 0.7607421875 0.2314453115234375 0.7880859375 0.2255859375 0.8427734375 0.2294921875 0.8857421875 0.2509765634765625 0.9003906240234375 0.263671875 0.9140625 0.291015625 0.9277343759765625 0.29296875 0.9521484375 0.2822265634765625 0.9707031240234375 0.25390625 0.9667968759765625 0.2109375 0.9443359375 0.1669921875 0.7802734375 0.1669921875 0.7675781240234375 0.177734375 0.7558593759765625 0.205078125