12 0.375 0.322265625 0.3447265625 0.3212890634765625 0.3017578125 0.3369140634765625 0.2792968759765625 0.357421875 0.2675781240234375 0.37890625 0.2675781240234375 0.400390625 0.2880859375 0.4267578115234375 0.3271484375 0.4267578115234375 0.3613281240234375 0.435546875 0.3798828125 0.4267578115234375 0.3984375 0.3984375 0.37109375 0.36328125 0.375 0.322265625
12 0.4912109375 0.2861328115234375 0.4677734375 0.2783203115234375 0.4345703125 0.2802734375 0.4111328125 0.2900390634765625 0.3828125 0.314453125 0.37109375 0.3359375 0.3730468759765625 0.3671875 0.3974609375 0.3974609375 0.4248046875 0.4072265634765625 0.45703125 0.40625 0.5068359375 0.3662109375 0.5175781240234375 0.34765625 0.51171875 0.306640625 0.4912109375 0.2861328115234375
12 0.4990234375 0.2099609375 0.4716796875 0.2119140634765625 0.4365234375 0.2314453115234375 0.4121093759765625 0.2578125 0.3964843759765625 0.29296875 0.4013671875 0.2978515634765625 0.4365234375 0.2783203115234375 0.4736328125 0.2783203115234375 0.4951171875 0.2880859375 0.5107421875 0.3056640634765625 0.5175781240234375 0.3046875 0.5292968759765625 0.267578125 0.5292968759765625 0.232421875 0.5205078125 0.2177734375 0.4990234375 0.2099609375
12 0.6660156240234375 0.279296875 0.6660156240234375 0.248046875 0.6582031240234375 0.232421875 0.6376953125 0.2158203115234375 0.6162109375 0.2099609375 0.5888671875 0.2119140634765625 0.5517578125 0.2353515634765625 0.5292968759765625 0.267578125 0.5234375 0.2890625 0.5292968759765625 0.322265625 0.5458984375 0.3408203115234375 0.578125 0.34765625 0.5839843759765625 0.32421875 0.6044921875 0.2998046875 0.6298828125 0.2861328115234375 0.6660156240234375 0.279296875
12 0.7363281240234375 0.33984375 0.7265625 0.3125 0.7080078125 0.2939453115234375 0.6806640625 0.2822265634765625 0.6494140625 0.2822265634765625 0.6142578125 0.2939453115234375 0.5917968759765625 0.3125 0.578125 0.34765625 0.5839843759765625 0.3828125 0.6005859375 0.4033203115234375 0.6240234375 0.4150390634765625 0.65625 0.41796875 0.7041015625 0.4013671875 0.72265625 0.384765625 0.734375 0.36328125 0.7363281240234375 0.33984375
12 0.5205078125 0.3623046875 0.4912109375 0.3759765634765625 0.4707031240234375 0.396484375 0.4589843759765625 0.423828125 0.4619140625 0.4345703115234375 0.4707031240234375 0.43359375 0.6005859375 0.4208984375 0.6015625 0.408203125 0.5712890625 0.3681640634765625 0.5205078125 0.3623046875
12 0.5800781240234375 0.642578125 0.5722656240234375 0.625 0.5556640625 0.6064453115234375 0.5283203125 0.5947265634765625 0.4951171875 0.5947265634765625 0.4697265625 0.6044921875 0.44140625 0.62890625 0.42578125 0.658203125 0.4238281240234375 0.68359375 0.43359375 0.71484375 0.4423828125 0.7236328115234375 0.50390625 0.744140625 0.5498046875 0.7236328115234375 0.56640625 0.705078125 0.5800781240234375 0.673828125 0.5800781240234375 0.642578125
12 0.7451171875 0.6123046875 0.7060546875 0.5908203115234375 0.6552734375 0.5849609375 0.6181640625 0.5947265634765625 0.5859375 0.619140625 0.5800781240234375 0.62890625 0.58203125 0.669921875 0.6103515625 0.7060546875 0.6337890625 0.7177734375 0.7050781240234375 0.7265625 0.7451171875 0.7138671875 0.7714843759765625 0.685546875 0.7714843759765625 0.650390625 0.7451171875 0.6123046875
12 0.92578125 0.61328125 0.8896484375 0.5693359375 0.8681640625 0.5615234375 0.8310546875 0.5634765634765625 0.8095703125 0.5751953115234375 0.7871093759765625 0.599609375 0.7792968759765625 0.6484375 0.8056640625 0.6923828115234375 0.8271484375 0.7041015634765625 0.8652343759765625 0.70703125 0.8916015625 0.6982421875 0.9160156240234375 0.673828125 0.9277343759765625 0.640625 0.92578125 0.61328125
12 0.5458984375 0.5341796875 0.4443359375 0.5458984375 0.43359375 0.59375 0.4384765625 0.6044921875 0.4472656240234375 0.603515625 0.5478515625 0.5888671875 0.5605468759765625 0.572265625 0.5546875 0.5390625 0.5458984375 0.5341796875
12 0.5839843759765625 0.533203125 0.5947265625 0.5498046875 0.6240234375 0.5615234375 0.6396484375 0.5615234375 0.6552734375 0.5498046875 0.6396484375 0.5693359375 0.6113281240234375 0.572265625 0.6162109375 0.5791015634765625 0.6425781240234375 0.578125 0.6953125 0.5703125 0.7011718759765625 0.55078125 0.6982421875 0.5185546875 0.5839843759765625 0.533203125
12 0.7724609375 0.5107421875 0.7041015625 0.5166015634765625 0.703125 0.564453125 0.734375 0.56640625 0.7958984375 0.5595703115234375 0.7988281240234375 0.54296875 0.79296875 0.529296875 0.7724609375 0.5107421875