12 0 0.4462890625 0.0341796875 0.4824218759765625 0.0488281240234375 0.4873046875 0.1064453125 0.41015625 0.1474609375 0.3769531240234375 0.1738281240234375 0.3681640625 0.1796875 0.3349609375 0.1777343759765625 0.2705078125 0.1621093759765625 0.2275390625 0.1201171875 0.1796875 0.0888671875 0.1621093759765625 0.0634765625 0.15625 0.0341796875 0.16015625 0 0.1826171875 0 0.4462890625
12 0.2597656240234375 0.1552734375 0.2373046875 0.12890625 0.1513671875 0.125 0.1328125 0.1435546875 0.12109375 0.1787109375 0.1699218759765625 0.2314453125 0.1894531240234375 0.2802734375 0.19921875 0.3466796875 0.1943359375 0.3535156240234375 0.1875 0.3505859375 0.1816406240234375 0.3681640625 0.22265625 0.3759765625 0.2519531240234375 0.3486328125 0.2734375 0.2958984375 0.2734375 0.1865234375 0.2597656240234375 0.1552734375
12 0.4238281240234375 0.2548828125 0.41796875 0.2177734375 0.40234375 0.1826171875 0.3896484375 0.1699218759765625 0.3544921875 0.1582031240234375 0.3173828125 0.1699218759765625 0.2890625 0.2021484375 0.28125 0.2255859375 0.2832031240234375 0.3193359375 0.296875 0.3759765625 0.3076171875 0.39453125 0.31640625 0.3935546875 0.3515625 0.3759765625 0.3535156240234375 0.3447265625 0.37109375 0.3056640625 0.4238281240234375 0.2548828125
12 0.5136718759765625 0.2978515625 0.5019531240234375 0.2763671875 0.4697265625 0.25390625 0.4306640625 0.2558593759765625 0.3974609375 0.27734375 0.375 0.3095703125 0.3652343759765625 0.3447265625 0.3652343759765625 0.3798828125 0.4169921875 0.4042968759765625 0.4394531240234375 0.4306640625 0.4433593759765625 0.4443359375 0.44921875 0.4443359375 0.4755859375 0.421875 0.5234375 0.4052734375 0.5234375 0.3408203125 0.5136718759765625 0.2978515625
12 0.4511718759765625 0.4814453125 0.44140625 0.4404296875 0.4130859375 0.4042968759765625 0.3720703125 0.3847656240234375 0.3466796875 0.3828125 0.3232421875 0.390625 0.2871093759765625 0.4267578125 0.2675781240234375 0.4716796875 0.2597656240234375 0.5322265625 0.2714843759765625 0.5986328125 0.3046875 0.6806640625 0.3349609375 0.7128906240234375 0.3525390625 0.7207031240234375 0.3691406240234375 0.7197265625 0.41015625 0.6884765625 0.4394531240234375 0.6318359375 0.4511718759765625 0.5869140625 0.4511718759765625 0.4814453125
12 0.2597656240234375 0.5009765625 0.26171875 0.4619140625 0.2519531240234375 0.4169921875 0.2236328125 0.3847656240234375 0.1904296875 0.3730468759765625 0.1611328125 0.3730468759765625 0.1455078125 0.3808593759765625 0.09765625 0.4208984375 0.05859375 0.4755859375 0.0371093759765625 0.5439453125 0.03125 0.6201171875 0.0410156240234375 0.6630859375 0.0771484375 0.7089843759765625 0.1005859375 0.71875 0.1328125 0.7177734375 0.1474609375 0.7128906240234375 0.1796875 0.6748046875 0.24609375 0.5439453125 0.2597656240234375 0.5009765625
12 0.3046875 0.6865234375 0.2412109375 0.55859375 0.2089843759765625 0.6103515625 0.1621093759765625 0.7080078125 0.1875 0.7666015625 0.2236328125 0.8066406240234375 0.2744140625 0.8378906240234375 0.3066406240234375 0.8369140625 0.3349609375 0.82421875 0.3515625 0.8037109375 0.3515625 0.7333984375 0.3046875 0.6865234375
12 0.1025390625 0.7207031240234375 0.0595703125 0.7011718759765625 0.0546875 0.7119140625 0.0380859375 0.72265625 0.0009765625 0.7246093759765625 0 0.8408203125 0.0478515625 0.8730468759765625 0.09765625 0.8720703125 0.1269531240234375 0.8525390625 0.1425781240234375 0.8251953125 0.1542968759765625 0.7158203125 0.1025390625 0.7207031240234375
12 0.6230468759765625 0.5654296875 0.62109375 0.4892578125 0.60546875 0.4521484375 0.5830078125 0.4277343759765625 0.5576171875 0.4140625 0.5166015625 0.41015625 0.4873046875 0.4238281240234375 0.4628906240234375 0.4580078125 0.453125 0.5068359375 0.4550781240234375 0.5791015625 0.4765625 0.6279296875 0.5087890625 0.6660156240234375 0.5302734375 0.6777343759765625 0.55859375 0.6806640625 0.5849609375 0.671875 0.59765625 0.6591796875 0.6113281240234375 0.6259765625 0.6230468759765625 0.5654296875
12 0.5175781240234375 0.6962890625 0.5136718759765625 0.6728515625 0.4482421875 0.6113281240234375 0.421875 0.6728515625 0.3955078125 0.7050781240234375 0.3671875 0.7236328125 0.3671875 0.7333984375 0.3828125 0.7744140625 0.4072265625 0.8066406240234375 0.4345703125 0.82421875 0.4628906240234375 0.8251953125 0.4775390625 0.8203125 0.5019531240234375 0.7978515625 0.5136718759765625 0.7509765625 0.5175781240234375 0.6962890625
12 0.6875 0.6748046875 0.6552734375 0.640625 0.6416015625 0.6328125 0.6123046875 0.6308593759765625 0.59765625 0.6611328125 0.5849609375 0.6738281240234375 0.5556640625 0.68359375 0.546875 0.6962890625 0.53515625 0.7392578125 0.5371093759765625 0.8193359375 0.5488281240234375 0.8525390625 0.5654296875 0.8730468759765625 0.6328125 0.8720703125 0.68359375 0.7705078125 0.6933593759765625 0.7353515625 0.6933593759765625 0.6962890625 0.6875 0.6748046875
12 0.8359375 0.6904296875 0.8183593759765625 0.6650390625 0.8017578125 0.6171875 0.7822265625 0.6269531240234375 0.7392578125 0.6699218759765625 0.7099609375 0.6777343759765625 0.7011718759765625 0.7001953125 0.7011718759765625 0.7705078125 0.7128906240234375 0.8134765625 0.7392578125 0.83984375 0.765625 0.8427734375 0.7744140625 0.83984375 0.8066406240234375 0.8017578125 0.8339843759765625 0.7294921875 0.8359375 0.6904296875
12 0.828125 0.5107421875 0.8183593759765625 0.4697265625 0.8017578125 0.4453125 0.7705078125 0.4316406240234375 0.7392578125 0.4355468759765625 0.7119140625 0.4511718759765625 0.67578125 0.4970703125 0.66015625 0.5380859375 0.65625 0.5869140625 0.6640625 0.6416015625 0.6884765625 0.671875 0.7207031240234375 0.6748046875 0.7509765625 0.66015625 0.796875 0.6103515625 0.82421875 0.5498046875 0.828125 0.5107421875
12 0.9941406240234375 0.5498046875 0.9941406240234375 0.4853515625 0.9863281240234375 0.4638671875 0.9638671875 0.44140625 0.9267578125 0.4355468759765625 0.8798828125 0.453125 0.84765625 0.4853515625 0.8339843759765625 0.5087890625 0.8203125 0.5849609375 0.8203125 0.6533203125 0.8388671875 0.6894531240234375 0.87109375 0.6943359375 0.9169921875 0.6699218759765625 0.9599609375 0.6308593759765625 0.984375 0.5888671875 0.9941406240234375 0.5498046875
12 0.984375 0.6748046875 0.9638671875 0.62890625 0.8974609375 0.6855468759765625 0.8759765625 0.6953125 0.8378906240234375 0.6943359375 0.828125 0.7744140625 0.8457031240234375 0.8154296875 0.8720703125 0.84375 0.91796875 0.8505859375 0.9365234375 0.84375 0.9472656240234375 0.8310546875 0.9824218759765625 0.7431640625 0.984375 0.6748046875
12 0.6894531240234375 0.3369140625 0.671875 0.2900390625 0.6474609375 0.265625 0.6162109375 0.26171875 0.5732421875 0.2753906240234375 0.5488281240234375 0.2978515625 0.52734375 0.3486328125 0.5253906240234375 0.3974609375 0.5341796875 0.41015625 0.5712890625 0.41796875 0.60546875 0.4501953125 0.6230468759765625 0.4931640625 0.625 0.5419921875 0.6328125 0.5439453125 0.66015625 0.5244140625 0.6894531240234375 0.4697265625 0.69921875 0.3974609375 0.6894531240234375 0.3369140625
12 0.7998046875 0.4433593759765625 0.8330078125 0.4296875 0.8671875 0.3974609375 0.890625 0.3623046875 0.8925781240234375 0.3251953125 0.87890625 0.3017578125 0.8505859375 0.2832031240234375 0.8076171875 0.28125 0.7626953125 0.296875 0.7294921875 0.3222656240234375 0.6972656240234375 0.3642578125 0.69921875 0.4423828125 0.7089843759765625 0.4462890625 0.7607421875 0.4316406240234375 0.7685546875 0.421875 0.7763671875 0.43359375 0.7998046875 0.4433593759765625
12 1 0.1435546875 0.9775390625 0.125 0.9169921875 0.125 0.8974609375 0.1328125 0.8740234375 0.1269531240234375 0.8535156240234375 0.1513671875 0.84375 0.1806640625 0.8515625 0.2412109375 0.890625 0.3017578125 0.9150390625 0.3222656240234375 0.9462890625 0.3378906240234375 0.9824218759765625 0.3388671875 1 0.3349609375 1 0.1435546875
12 0.9892578125 0.4609375 0.9980468759765625 0.4365234375 0.9980468759765625 0.3857421875 0.9824218759765625 0.3447265625 0.9443359375 0.33984375 0.8974609375 0.32421875 0.8847656240234375 0.3759765625 0.8300781240234375 0.4365234375 0.83203125 0.4619140625 0.8388671875 0.4746093759765625 0.84765625 0.4755859375 0.8759765625 0.453125 0.9228515625 0.4355468759765625 0.9677734375 0.44140625 0.9892578125 0.4609375
12 0.6933593759765625 0.2041015625 0.6728515625 0.18359375 0.6572265625 0.1738281240234375 0.6376953125 0.1738281240234375 0.6181640625 0.18359375 0.58203125 0.2255859375 0.57421875 0.2705078125 0.6162109375 0.2597656240234375 0.6533203125 0.2675781240234375 0.6699218759765625 0.2841796875 0.6972656240234375 0.3525390625 0.7089843759765625 0.3271484375 0.71484375 0.2880859375 0.70703125 0.2314453125 0.6933593759765625 0.2041015625
12 0.54296875 0.2119140625 0.5244140625 0.1894531240234375 0.5009765625 0.1796875 0.4775390625 0.1816406240234375 0.4433593759765625 0.2060546875 0.4277343759765625 0.2509765625 0.4697265625 0.2519531240234375 0.4912109375 0.2636718759765625 0.5136718759765625 0.2939453125 0.52734375 0.3427734375 0.5410156240234375 0.3076171875 0.5644531240234375 0.2802734375 0.55859375 0.2509765625 0.54296875 0.2119140625
12 0.4980468759765625 0.1787109375 0.5166015625 0.18359375 0.5371093759765625 0.2021484375 0.5566406240234375 0.2412109375 0.5625 0.2685546875 0.5703125 0.2724609375 0.58203125 0.2236328125 0.6162109375 0.18359375 0.63671875 0.1728515625 0.6318359375 0.125 0.5146484375 0.125 0.5058593759765625 0.1357421875 0.4980468759765625 0.1787109375
12 0.6630859375 0.17578125 0.6933593759765625 0.2021484375 0.7109375 0.2431640625 0.71484375 0.2958984375 0.7265625 0.2978515625 0.74609375 0.2373046875 0.7675781240234375 0.2021484375 0.765625 0.1689453125 0.7519531240234375 0.1298828125 0.7470703125 0.125 0.6396484375 0.125 0.6386718759765625 0.1708984375 0.6630859375 0.17578125
12 0.8310546875 0.1953125 0.7939453125 0.19140625 0.76171875 0.2158203125 0.7402343759765625 0.2626953125 0.7363281240234375 0.3056640625 0.7441406240234375 0.3095703125 0.7939453125 0.2832031240234375 0.8515625 0.2802734375 0.84765625 0.2431640625 0.8310546875 0.1953125