12 0.2509765625 0.3212890634765625 0.2314453125 0.3134765634765625 0.2041015625 0.3154296875 0.1865234375 0.3271484375 0.1738281240234375 0.341796875 0.16015625 0.37890625 0.16015625 0.416015625 0.1699218759765625 0.443359375 0.1826171875 0.4560546875 0.2109375 0.458984375 0.2480468759765625 0.4296875 0.265625 0.3984375 0.265625 0.34375 0.2509765625 0.3212890634765625
12 0.3525390625 0.3271484375 0.3408203125 0.3212890634765625 0.3056640625 0.3232421875 0.2900390625 0.3310546875 0.26953125 0.35546875 0.2675781240234375 0.3984375 0.27734375 0.419921875 0.2978515625 0.4404296875 0.3232421875 0.4521484375 0.3457031240234375 0.451171875 0.3828125 0.416015625 0.3808593759765625 0.365234375 0.3691406240234375 0.341796875 0.3525390625 0.3271484375
12 0.4599609375 0.2939453115234375 0.4287109375 0.2900390634765625 0.3886718759765625 0.30859375 0.375 0.34765625 0.3886718759765625 0.390625 0.4042968759765625 0.41015625 0.4267578125 0.4248046875 0.4472656240234375 0.427734375 0.4580078125 0.4267578115234375 0.4824218759765625 0.40234375 0.484375 0.3203125 0.4599609375 0.2939453115234375
12 0.5878906240234375 0.298828125 0.5693359375 0.2822265634765625 0.5302734375 0.2763671875 0.5068359375 0.2880859375 0.4902343759765625 0.306640625 0.484375 0.35546875 0.4902343759765625 0.376953125 0.5068359375 0.4013671875 0.5380859375 0.4169921875 0.5546875 0.416015625 0.578125 0.3984375 0.5957031240234375 0.37109375 0.5996093759765625 0.322265625 0.5878906240234375 0.298828125
12 0.7050781240234375 0.30859375 0.6972656240234375 0.29296875 0.6689453125 0.2763671875 0.6279296875 0.2822265634765625 0.60546875 0.3046875 0.5996093759765625 0.3203125 0.5996093759765625 0.359375 0.6074218759765625 0.37890625 0.6220703125 0.3935546875 0.6464843759765625 0.400390625 0.6591796875 0.3994140634765625 0.6816406240234375 0.384765625 0.7050781240234375 0.333984375 0.7050781240234375 0.30859375
12 0.7910156240234375 0.3203125 0.7744140625 0.3076171875 0.7353515625 0.3017578115234375 0.7197265625 0.3095703115234375 0.70703125 0.326171875 0.6972656240234375 0.38671875 0.70703125 0.4140625 0.7236328125 0.4306640634765625 0.75 0.431640625 0.7646484375 0.4248046875 0.7910156240234375 0.392578125 0.7988281240234375 0.33984375 0.7910156240234375 0.3203125
12 0.31640625 0.462890625 0.2978515625 0.4462890634765625 0.2568359375 0.4404296875 0.2167968759765625 0.4609375 0.20703125 0.482421875 0.20703125 0.513671875 0.2167968759765625 0.537109375 0.2373046875 0.5595703115234375 0.2626953125 0.5751953115234375 0.28515625 0.576171875 0.3076171875 0.5673828115234375 0.3203125 0.552734375 0.3261718759765625 0.482421875 0.31640625 0.462890625
12 0.4326171875 0.4345703115234375 0.4091796875 0.4228515634765625 0.3857421875 0.4248046875 0.3642578125 0.4365234375 0.34765625 0.45703125 0.3359375 0.490234375 0.3378906240234375 0.517578125 0.3457031240234375 0.533203125 0.3662109375 0.5458984375 0.3886718759765625 0.544921875 0.4316406240234375 0.513671875 0.4453125 0.486328125 0.4433593759765625 0.44921875 0.4326171875 0.4345703115234375
12 0.5322265625 0.4130859375 0.4951171875 0.4052734375 0.4697265625 0.4169921875 0.4550781240234375 0.431640625 0.4472656240234375 0.470703125 0.4667968759765625 0.521484375 0.4892578125 0.5400390634765625 0.51953125 0.54296875 0.5410156240234375 0.52734375 0.5488281240234375 0.509765625 0.5566406240234375 0.4453125 0.5322265625 0.4130859375
12 0.6894531240234375 0.4453125 0.6816406240234375 0.421875 0.6611328125 0.4013671875 0.6201171875 0.3994140634765625 0.6005859375 0.4072265634765625 0.5839843759765625 0.42578125 0.5761718759765625 0.447265625 0.5761718759765625 0.47265625 0.58984375 0.51171875 0.6083984375 0.5283203115234375 0.63671875 0.53515625 0.6513671875 0.5322265634765625 0.671875 0.51171875 0.6875 0.470703125 0.6894531240234375 0.4453125
12 0.7910156240234375 0.455078125 0.7607421875 0.4326171875 0.7197265625 0.4345703115234375 0.7041015625 0.4443359375 0.6894531240234375 0.4609375 0.6816406240234375 0.4921875 0.68359375 0.529296875 0.6953125 0.552734375 0.7373046875 0.5771484375 0.74609375 0.576171875 0.7646484375 0.5712890634765625 0.78125 0.5546875 0.80078125 0.5078125 0.7910156240234375 0.455078125
12 0.2236328125 0.5498046875 0.1865234375 0.5478515634765625 0.15625 0.57421875 0.1503906240234375 0.587890625 0.15234375 0.615234375 0.1826171875 0.6494140634765625 0.2119140625 0.6611328115234375 0.234375 0.66015625 0.2509765625 0.6552734375 0.265625 0.63671875 0.2578125 0.583984375 0.2236328125 0.5498046875
12 0.3808593759765625 0.599609375 0.3466796875 0.5693359375 0.3037109375 0.5693359375 0.2871093759765625 0.58203125 0.27734375 0.599609375 0.2753906240234375 0.62890625 0.28125 0.64453125 0.3017578125 0.6669921875 0.3232421875 0.6787109375 0.3613281240234375 0.6796875 0.3798828125 0.6708984375 0.38671875 0.658203125 0.3886718759765625 0.634765625 0.3808593759765625 0.599609375
12 0.5058593759765625 0.576171875 0.4941406240234375 0.55078125 0.4775390625 0.5361328115234375 0.4248046875 0.5263671875 0.3886718759765625 0.552734375 0.3808593759765625 0.57421875 0.3808593759765625 0.599609375 0.40234375 0.662109375 0.4208984375 0.6767578115234375 0.44921875 0.677734375 0.4697265625 0.6689453115234375 0.4921875 0.642578125 0.5019531240234375 0.62109375 0.5058593759765625 0.576171875
12 0.62890625 0.595703125 0.6171875 0.5703125 0.5947265625 0.5498046875 0.5693359375 0.5419921875 0.5439453125 0.5458984375 0.515625 0.56640625 0.50390625 0.619140625 0.5058593759765625 0.65234375 0.5136718759765625 0.66796875 0.5302734375 0.6787109375 0.55859375 0.681640625 0.5751953125 0.6787109375 0.6025390625 0.6611328115234375 0.62890625 0.6171875 0.62890625 0.595703125
12 0.7402343759765625 0.58984375 0.7197265625 0.5654296875 0.7060546875 0.5595703115234375 0.6767578125 0.5576171875 0.6552734375 0.5654296875 0.6308593759765625 0.599609375 0.6347656240234375 0.630859375 0.6728515625 0.6650390634765625 0.7109375 0.66796875 0.7255859375 0.6611328115234375 0.7441406240234375 0.63671875 0.74609375 0.609375 0.7402343759765625 0.58984375