12 0.392578125 0.171875 0.34375 0.1699218759765625 0.28515625 0.1875 0.2705078115234375 0.2080078125 0.2724609375 0.2353515625 0.291015625 0.25390625 0.3134765634765625 0.2587890625 0.34375 0.2578125 0.3642578115234375 0.2197265625 0.4111328115234375 0.1806640625 0.392578125 0.171875
12 0.4912109375 0.1962890625 0.47265625 0.1777343759765625 0.443359375 0.1738281240234375 0.40234375 0.1894531240234375 0.3828125 0.203125 0.3525390634765625 0.2392578125 0.3486328115234375 0.2646484375 0.3564453115234375 0.2978515625 0.376953125 0.31640625 0.4072265634765625 0.3212890625 0.435546875 0.3125 0.4541015634765625 0.2958984375 0.4892578115234375 0.2353515625 0.4912109375 0.1962890625
12 0.5947265634765625 0.1494140625 0.578125 0.1386718759765625 0.552734375 0.13671875 0.529296875 0.14453125 0.5146484375 0.1572265625 0.5009765634765625 0.1787109375 0.4951171875 0.2119140625 0.5009765634765625 0.2392578125 0.5205078115234375 0.2705078125 0.5693359375 0.2900390625 0.587890625 0.2871093759765625 0.6201171875 0.2509765625 0.6220703115234375 0.2138671875 0.5947265634765625 0.1494140625
12 0.7236328115234375 0.2919921875 0.7080078115234375 0.2666015625 0.689453125 0.2519531240234375 0.6640625 0.2441406240234375 0.619140625 0.25390625 0.5966796875 0.2802734375 0.5888671875 0.3056640625 0.5927734375 0.3603515625 0.6025390634765625 0.3798828125 0.62890625 0.3984375 0.6572265634765625 0.3974609375 0.677734375 0.390625 0.7041015634765625 0.3701171875 0.7255859375 0.3193359375 0.7236328115234375 0.2919921875
12 0.5751953115234375 0.3115234375 0.556640625 0.2910156240234375 0.53515625 0.28125 0.4921875 0.2871093759765625 0.458984375 0.3027343759765625 0.4287109375 0.3349609375 0.4189453115234375 0.3642578125 0.4189453115234375 0.3955078125 0.4306640634765625 0.4208984375 0.470703125 0.453125 0.4990234375 0.4541015625 0.541015625 0.4375 0.5615234375 0.4150390625 0.5712890634765625 0.3916015625 0.5751953115234375 0.3115234375
12 0.4501953115234375 0.4912109375 0.4384765634765625 0.4716796875 0.41015625 0.4511718759765625 0.357421875 0.4511718759765625 0.3291015634765625 0.4755859375 0.3212890634765625 0.4912109375 0.3193359375 0.5302734375 0.3251953115234375 0.5498046875 0.35546875 0.58984375 0.390625 0.6035156240234375 0.4189453115234375 0.6044921875 0.451171875 0.59375 0.4658203115234375 0.5634765625 0.4658203115234375 0.5400390625 0.4501953115234375 0.4912109375
12 0.431640625 0.4628906240234375 0.447265625 0.4609375 0.4560546875 0.4521484375 0.4189453115234375 0.3994140625 0.4169921875 0.3701171875 0.427734375 0.33203125 0.392578125 0.3300781240234375 0.35546875 0.34375 0.314453125 0.375 0.2744140634765625 0.4169921875 0.2685546875 0.4443359375 0.2763671875 0.4599609375 0.298828125 0.4785156240234375 0.3232421875 0.4833984375 0.34375 0.4589843759765625 0.369140625 0.4472656240234375 0.3984375 0.4472656240234375 0.431640625 0.4628906240234375
12 0.6220703115234375 0.5029296875 0.6142578115234375 0.4814453125 0.59765625 0.4628906240234375 0.564453125 0.4453125 0.5390625 0.44140625 0.482421875 0.4589843759765625 0.4658203115234375 0.4833984375 0.4638671875 0.5146484375 0.4775390634765625 0.5537109375 0.4921875 0.5703125 0.515625 0.5839843759765625 0.5458984375 0.5888671875 0.576171875 0.5839843759765625 0.6005859375 0.5673828125 0.6181640634765625 0.5419921875 0.6220703115234375 0.5029296875
12 0.712890625 0.42578125 0.6640625 0.3984375 0.611328125 0.3984375 0.5869140634765625 0.4150390625 0.5751953115234375 0.4482421875 0.6123046875 0.4775390625 0.626953125 0.51953125 0.703125 0.5410156240234375 0.7314453115234375 0.5400390625 0.7529296875 0.5224609375 0.7548828115234375 0.4892578125 0.7412109375 0.4580078125 0.712890625 0.42578125
12 0.7138671875 0.6318359375 0.693359375 0.6074218759765625 0.66015625 0.59765625 0.607421875 0.5996093759765625 0.564453125 0.6152343759765625 0.5400390634765625 0.6357421875 0.5302734375 0.6552734375 0.5302734375 0.6748046875 0.546875 0.6933593759765625 0.62890625 0.7324218759765625 0.6748046875 0.7333984375 0.703125 0.72265625 0.7236328115234375 0.6962890625 0.7255859375 0.6845703125 0.7138671875 0.6318359375
12 0.546875 0.7109375 0.517578125 0.6933593759765625 0.474609375 0.6894531240234375 0.458984375 0.6953125 0.4404296875 0.7138671875 0.4208984375 0.7587890625 0.4208984375 0.7861328125 0.4306640634765625 0.8095703125 0.455078125 0.8359375 0.486328125 0.8535156240234375 0.5078125 0.8613281240234375 0.5576171875 0.8603515625 0.5908203115234375 0.8369140625 0.6025390634765625 0.8134765625 0.5751953115234375 0.7470703125 0.546875 0.7109375
12 0.54296875 0.0761718759765625 0.505859375 0.07421875 0.486328125 0.0839843759765625 0.4521484375 0.1181640625 0.4306640634765625 0.1572265625 0.427734375 0.17578125 0.46484375 0.1738281240234375 0.4951171875 0.1904296875 0.525390625 0.1464843759765625 0.5732421875 0.1318359375 0.5634765634765625 0.0908203125 0.54296875 0.0761718759765625
12 0.65234375 0.14453125 0.634765625 0.1347656240234375 0.61328125 0.12890625 0.58984375 0.1328125 0.5849609375 0.1396484375 0.5966796875 0.1513671875 0.6220703115234375 0.2119140625 0.6220703115234375 0.2451171875 0.6318359375 0.2470703125 0.6591796875 0.2333984375 0.6767578115234375 0.2001953125 0.6787109375 0.1767578125 0.65234375 0.14453125
12 0.744140625 0.3261718759765625 0.7265625 0.3261718759765625 0.7099609375 0.3642578125 0.6767578115234375 0.3974609375 0.732421875 0.4433593759765625 0.7431640634765625 0.4423828125 0.7763671875 0.4072265625 0.7841796875 0.3759765625 0.7578125 0.3339843759765625 0.744140625 0.3261718759765625
12 0.34765625 0.26171875 0.314453125 0.26171875 0.294921875 0.2714843759765625 0.2724609375 0.3017578125 0.2705078115234375 0.3349609375 0.2783203115234375 0.3857421875 0.28515625 0.3964843759765625 0.2919921875 0.3955078125 0.3359375 0.35546875 0.3837890634765625 0.3271484375 0.3564453115234375 0.2998046875 0.34765625 0.26171875