12 0.0693359375 0.3271484375 0.0390625 0.349609375 0.03515625 0.37890625 0.0517578125 0.4013671875 0.0673828125 0.4091796875 0.0878906240234375 0.408203125 0.125 0.390625 0.1308593759765625 0.36328125 0.1025390625 0.3330078115234375 0.0693359375 0.3271484375
12 0.1357421875 0.2685546875 0.1035156240234375 0.28515625 0.09765625 0.30859375 0.1240234375 0.3486328115234375 0.1503906240234375 0.353515625 0.1796875 0.3359375 0.1894531240234375 0.302734375 0.1669921875 0.2744140634765625 0.1357421875 0.2685546875
12 0.2080078125 0.3369140634765625 0.1728515625 0.3408203115234375 0.1503906240234375 0.369140625 0.1542968759765625 0.396484375 0.1708984375 0.4111328115234375 0.1894531240234375 0.4140625 0.2275390625 0.3935546875 0.23828125 0.37109375 0.2324218759765625 0.3515625 0.2080078125 0.3369140634765625
12 0.2910156240234375 0.41796875 0.2705078125 0.3955078115234375 0.2314453125 0.3916015634765625 0.1953125 0.416015625 0.1894531240234375 0.44140625 0.1962890625 0.4521484375 0.2333984375 0.4716796875 0.25390625 0.47265625 0.2685546875 0.4697265634765625 0.2871093759765625 0.455078125 0.29296875 0.439453125 0.2910156240234375 0.41796875
12 0.2041015625 0.4560546875 0.1689453125 0.4560546875 0.1474609375 0.4677734375 0.1347656240234375 0.484375 0.1386718759765625 0.515625 0.1728515625 0.5400390634765625 0.20703125 0.541015625 0.2324218759765625 0.521484375 0.2402343759765625 0.505859375 0.234375 0.4765625 0.2041015625 0.4560546875
12 0.2685546875 0.5205078115234375 0.2314453125 0.5244140634765625 0.2011718759765625 0.552734375 0.203125 0.595703125 0.26953125 0.59765625 0.296875 0.591796875 0.3027343759765625 0.580078125 0.30078125 0.546875 0.2685546875 0.5205078115234375
12 0.18359375 0.546875 0.1533203125 0.5302734375 0.1201171875 0.5380859375 0.09375 0.56640625 0.0917968759765625 0.58203125 0.0986328125 0.5986328115234375 0.1386718759765625 0.599609375 0.1806640625 0.5986328115234375 0.1933593759765625 0.58203125 0.1933593759765625 0.564453125 0.18359375 0.546875
12 0.1162109375 0.4716796875 0.0927734375 0.4638671875 0.0693359375 0.4658203115234375 0.0390625 0.48828125 0.0371093759765625 0.517578125 0.0712890625 0.5439453115234375 0.1015625 0.546875 0.1308593759765625 0.52734375 0.13671875 0.509765625 0.1328125 0.490234375 0.1162109375 0.4716796875
12 0 0.466796875 0.0224609375 0.4794921875 0.046875 0.478515625 0.07421875 0.4609375 0.0800781240234375 0.447265625 0.078125 0.419921875 0.0517578125 0.4013671875 0.0205078125 0.4013671875 0 0.416015625 0 0.466796875
12 0.0009765625 0.4677734375 0 0.546875 0.0058593759765625 0.546875 0.02734375 0.533203125 0.03515625 0.501953125 0.02734375 0.482421875 0.0009765625 0.4677734375
12 0 0.6015625 0.0058593759765625 0.6015625 0.0810546875 0.5986328115234375 0.0917968759765625 0.578125 0.08984375 0.556640625 0.0830078125 0.5478515634765625 0.0478515625 0.5322265634765625 0.0224609375 0.5380859375 0 0.55078125 0 0.6015625
12 0.3388671875 0.4677734375 0.3173828125 0.4560546875 0.2880859375 0.4560546875 0.2578125 0.48046875 0.25390625 0.505859375 0.2939453125 0.5341796875 0.31640625 0.53515625 0.3349609375 0.5302734375 0.3457031240234375 0.51953125 0.3515625 0.484375 0.3388671875 0.4677734375
12 0.3603515625 0.5205078115234375 0.3154296875 0.5400390634765625 0.3046875 0.5625 0.3066406240234375 0.58203125 0.3154296875 0.5947265634765625 0.3535156240234375 0.595703125 0.3994140625 0.5947265634765625 0.4082031240234375 0.580078125 0.40234375 0.544921875 0.3603515625 0.5205078115234375
12 0.49609375 0.4140625 0.4599609375 0.3916015634765625 0.4423828125 0.3916015634765625 0.4130859375 0.4072265634765625 0.4003906240234375 0.42578125 0.40625 0.451171875 0.4462890625 0.4794921875 0.47265625 0.48046875 0.4912109375 0.4716796875 0.50390625 0.455078125 0.50390625 0.4296875 0.49609375 0.4140625
12 0.4208984375 0.4619140634765625 0.3876953125 0.4599609375 0.3574218759765625 0.48046875 0.3574218759765625 0.509765625 0.3818359375 0.5341796875 0.4160156240234375 0.541015625 0.4433593759765625 0.525390625 0.4511718759765625 0.5078125 0.4472656240234375 0.484375 0.4208984375 0.4619140634765625
12 0.4794921875 0.5224609375 0.4462890625 0.5244140634765625 0.41015625 0.552734375 0.4121093759765625 0.578125 0.4306640625 0.5927734375 0.50390625 0.591796875 0.5136718759765625 0.578125 0.5136718759765625 0.55078125 0.5009765625 0.5341796875 0.4794921875 0.5224609375
12 0.5908203125 0.5302734375 0.5615234375 0.5283203115234375 0.5361328125 0.5419921875 0.5175781240234375 0.56640625 0.51953125 0.587890625 0.53125 0.591796875 0.6064453125 0.5888671875 0.6152343759765625 0.57421875 0.609375 0.541015625 0.5908203125 0.5302734375
12 0.6630859375 0.3955078115234375 0.6318359375 0.3916015634765625 0.5957031240234375 0.412109375 0.6025390625 0.4521484375 0.6455078125 0.4677734375 0.6621093759765625 0.466796875 0.6767578125 0.4619140634765625 0.6894531240234375 0.44140625 0.6787109375 0.4052734375 0.6630859375 0.3955078115234375
12 0.6279296875 0.4580078115234375 0.5888671875 0.4599609375 0.5605468759765625 0.484375 0.5625 0.51171875 0.5751953125 0.5263671875 0.6064453125 0.5380859375 0.6230468759765625 0.537109375 0.65234375 0.51953125 0.6582031240234375 0.505859375 0.65625 0.484375 0.6279296875 0.4580078115234375
12 0.5439453125 0.4716796875 0.5263671875 0.4638671875 0.5048828125 0.4638671875 0.4707031240234375 0.486328125 0.46875 0.5078125 0.4755859375 0.5205078115234375 0.5087890625 0.5400390634765625 0.53515625 0.541015625 0.5478515625 0.5361328115234375 0.5625 0.513671875 0.55859375 0.48828125 0.5439453125 0.4716796875
12 0.5791015625 0.4033203115234375 0.5439453125 0.3935546875 0.50390625 0.416015625 0.5058593759765625 0.451171875 0.5126953125 0.4580078115234375 0.5478515625 0.4736328115234375 0.5683593759765625 0.47265625 0.5771484375 0.4697265634765625 0.5957031240234375 0.4453125 0.59375 0.419921875 0.5791015625 0.4033203115234375
12 0.7373046875 0.4716796875 0.7060546875 0.4580078115234375 0.6826171875 0.4580078115234375 0.65234375 0.4765625 0.6582031240234375 0.50390625 0.6689453125 0.5166015634765625 0.7080078125 0.5322265634765625 0.7324218759765625 0.53125 0.7431640625 0.5263671875 0.75390625 0.509765625 0.75390625 0.494140625 0.7373046875 0.4716796875
12 0.6611328125 0.5185546875 0.6230468759765625 0.541015625 0.6171875 0.552734375 0.62109375 0.580078125 0.6279296875 0.5888671875 0.65234375 0.58984375 0.7089843759765625 0.583984375 0.7128906240234375 0.548828125 0.6962890625 0.5263671875 0.6611328125 0.5185546875
12 0.7900390625 0.5244140634765625 0.7685546875 0.5185546875 0.7529296875 0.5185546875 0.7236328125 0.5341796875 0.7128906240234375 0.546875 0.7167968759765625 0.57421875 0.7255859375 0.5849609375 0.7402343759765625 0.5859375 0.8115234375 0.5849609375 0.81640625 0.576171875 0.8125 0.546875 0.7900390625 0.5244140634765625
12 0.8837890625 0.5263671875 0.8466796875 0.5205078115234375 0.81640625 0.5390625 0.81640625 0.576171875 0.8251953125 0.5830078115234375 0.8613281240234375 0.583984375 0.9013671875 0.5830078115234375 0.9082031240234375 0.576171875 0.9082031240234375 0.560546875 0.8837890625 0.5263671875
12 1 0.5546875 0.9599609375 0.5205078115234375 0.9365234375 0.5205078115234375 0.90234375 0.541015625 0.9150390625 0.5810546875 1 0.580078125 1 0.5546875
12 0.9248046875 0.4716796875 0.8798828125 0.4638671875 0.8496093759765625 0.478515625 0.8496093759765625 0.505859375 0.8583984375 0.5166015634765625 0.8916015625 0.5322265634765625 0.91015625 0.533203125 0.9287109375 0.5263671875 0.94140625 0.509765625 0.9394531240234375 0.48828125 0.9248046875 0.4716796875
12 1 0.46875 0.9677734375 0.4677734375 0.94140625 0.48828125 0.9433593759765625 0.509765625 0.9853515625 0.5361328115234375 1 0.537109375 1 0.46875
12 0.8291015625 0.4658203115234375 0.8134765625 0.4560546875 0.7880859375 0.4541015634765625 0.7705078125 0.4697265634765625 0.75 0.4765625 0.75390625 0.50390625 0.7626953125 0.5166015634765625 0.7841796875 0.5205078115234375 0.8056640625 0.5361328115234375 0.8203125 0.53515625 0.8369140625 0.5283203115234375 0.84765625 0.51171875 0.84765625 0.490234375 0.8291015625 0.4658203115234375
12 0.7646484375 0.4052734375 0.7392578125 0.3916015634765625 0.7158203125 0.3896484375 0.6855468759765625 0.41015625 0.6962890625 0.4521484375 0.7392578125 0.4716796875 0.76171875 0.470703125 0.7744140625 0.4658203115234375 0.78515625 0.447265625 0.7832031240234375 0.4296875 0.7646484375 0.4052734375
12 0.8154296875 0.4013671875 0.79296875 0.41796875 0.7871093759765625 0.4375 0.7978515625 0.4521484375 0.8427734375 0.4755859375 0.8515625 0.474609375 0.8828125 0.455078125 0.8808593759765625 0.419921875 0.8583984375 0.4013671875 0.8154296875 0.4013671875
12 0.9541015625 0.4150390634765625 0.9208984375 0.4072265634765625 0.8886718759765625 0.421875 0.88671875 0.453125 0.8935546875 0.4599609375 0.9345703125 0.4794921875 0.94921875 0.478515625 0.9619140625 0.4716796875 0.97265625 0.455078125 0.9707031240234375 0.43359375 0.9541015625 0.4150390634765625
12 0.7802734375 0.3427734375 0.7607421875 0.3427734375 0.7265625 0.36328125 0.7246093759765625 0.380859375 0.7314453125 0.3896484375 0.7763671875 0.4150390634765625 0.796875 0.4140625 0.81640625 0.39453125 0.81640625 0.376953125 0.7998046875 0.3525390634765625 0.7802734375 0.3427734375
12 0.8974609375 0.3505859375 0.8642578125 0.3369140634765625 0.8525390625 0.3388671875 0.8261718759765625 0.361328125 0.8261718759765625 0.3828125 0.8388671875 0.3974609375 0.8583984375 0.4013671875 0.8779296875 0.4150390634765625 0.90234375 0.4140625 0.9199218759765625 0.400390625 0.921875 0.390625 0.9160156240234375 0.37109375 0.8974609375 0.3505859375
12 0.9638671875 0.3466796875 0.9423828125 0.3466796875 0.9140625 0.36328125 0.9208984375 0.4052734375 0.9707031240234375 0.416015625 0.9941406240234375 0.392578125 0.9941406240234375 0.376953125 0.9833984375 0.3564453115234375 0.9638671875 0.3466796875
12 0.8154296875 0.2431640634765625 0.796875 0.25390625 0.8017578125 0.2861328115234375 0.8271484375 0.2880859375 0.85546875 0.3046875 0.8847656240234375 0.28515625 0.8720703125 0.2607421875 0.8291015625 0.2431640634765625 0.8154296875 0.2431640634765625
12 0.9287109375 0.2958984375 0.8935546875 0.2900390634765625 0.8613281240234375 0.3046875 0.85546875 0.322265625 0.8662109375 0.3369140634765625 0.9052734375 0.3564453115234375 0.92578125 0.35546875 0.9384765625 0.3486328115234375 0.9472656240234375 0.333984375 0.9453125 0.314453125 0.9287109375 0.2958984375
12 1 0.298828125 0.9716796875 0.2939453115234375 0.9482421875 0.3037109375 0.9433593759765625 0.30859375 0.9472656240234375 0.341796875 0.9941406240234375 0.36328125 1 0.361328125 1 0.298828125
12 0.9638671875 0.2451171875 0.9365234375 0.2353515634765625 0.9130859375 0.2373046875 0.8808593759765625 0.259765625 0.8876953125 0.2900390634765625 0.9150390625 0.2900390634765625 0.9365234375 0.3017578115234375 0.9550781240234375 0.30078125 0.9707031240234375 0.291015625 0.9785156240234375 0.271484375 0.9746093759765625 0.25390625 0.9638671875 0.2451171875
12 0.8486328125 0.1904296875 0.81640625 0.208984375 0.8105468759765625 0.224609375 0.8212890625 0.2412109375 0.8769531240234375 0.255859375 0.90234375 0.234375 0.90234375 0.21484375 0.8896484375 0.1982421875 0.8486328125 0.1904296875
12 0.9599609375 0.1904296875 0.9365234375 0.1904296875 0.9140625 0.203125 0.9082031240234375 0.224609375 0.9150390625 0.2373046875 0.9404296875 0.2353515634765625 0.97265625 0.248046875 0.9921875 0.232421875 0.9921875 0.21484375 0.9794921875 0.1982421875 0.9599609375 0.1904296875
12 0.8310546875 0.2900390634765625 0.7998046875 0.2861328115234375 0.7675781240234375 0.30859375 0.7675781240234375 0.3359375 0.8076171875 0.3583984375 0.8183593759765625 0.357421875 0.8388671875 0.3505859375 0.8496093759765625 0.33984375 0.8515625 0.310546875 0.8310546875 0.2900390634765625
12 0.7197265625 0.2919921875 0.6865234375 0.3017578115234375 0.6777343759765625 0.31640625 0.68359375 0.337890625 0.7119140625 0.3564453115234375 0.734375 0.35546875 0.7636718759765625 0.337890625 0.7675781240234375 0.3203125 0.7597656240234375 0.3046875 0.7197265625 0.2919921875
12 0.6982421875 0.3447265634765625 0.6630859375 0.3369140634765625 0.625 0.35546875 0.625 0.384765625 0.6318359375 0.3916015634765625 0.69140625 0.400390625 0.7041015625 0.3955078115234375 0.7167968759765625 0.375 0.7128906240234375 0.359375 0.6982421875 0.3447265634765625
12 0.5888671875 0.3369140634765625 0.5634765625 0.3369140634765625 0.53515625 0.353515625 0.5361328125 0.3857421875 0.5849609375 0.4072265634765625 0.6015625 0.40625 0.6230468759765625 0.384765625 0.6230468759765625 0.365234375 0.6103515625 0.3466796875 0.5888671875 0.3369140634765625
12 0.5009765625 0.3349609375 0.4755859375 0.3349609375 0.4541015625 0.3466796875 0.4472656240234375 0.35546875 0.4472656240234375 0.37109375 0.45703125 0.388671875 0.4931640625 0.4091796875 0.5097656240234375 0.408203125 0.53125 0.392578125 0.53515625 0.380859375 0.52734375 0.3515625 0.5009765625 0.3349609375
12 0.4052734375 0.3271484375 0.3623046875 0.3349609375 0.34375 0.357421875 0.3496093759765625 0.3828125 0.3857421875 0.4052734375 0.4042968759765625 0.40625 0.43359375 0.392578125 0.4394531240234375 0.37890625 0.43359375 0.349609375 0.4052734375 0.3271484375
12 0.3837890625 0.4052734375 0.3603515625 0.3916015634765625 0.3330078125 0.3916015634765625 0.30078125 0.412109375 0.296875 0.4375 0.3076171875 0.4521484375 0.3466796875 0.4697265634765625 0.3691406240234375 0.46875 0.3798828125 0.4638671875 0.39453125 0.443359375 0.39453125 0.42578125 0.3837890625 0.4052734375
12 0.2841796875 0.3291015634765625 0.2480468759765625 0.353515625 0.2441406240234375 0.375 0.2548828125 0.3896484375 0.2841796875 0.4052734375 0.30078125 0.40625 0.33203125 0.38671875 0.3339843759765625 0.361328125 0.3154296875 0.3388671875 0.2841796875 0.3291015634765625
12 0.2373046875 0.2646484375 0.2050781240234375 0.28515625 0.2011718759765625 0.314453125 0.2177734375 0.3408203115234375 0.2519531240234375 0.345703125 0.2871093759765625 0.32421875 0.29296875 0.296875 0.2744140625 0.2724609375 0.2373046875 0.2646484375
12 0.3515625 0.23046875 0.3271484375 0.2021484375 0.2900390625 0.2021484375 0.2675781240234375 0.2265625 0.2734375 0.26171875 0.2802734375 0.2705078115234375 0.296875 0.2734375 0.3115234375 0.2666015634765625 0.3388671875 0.2724609375 0.3515625 0.25390625 0.3515625 0.23046875
12 0.3388671875 0.2724609375 0.3154296875 0.2666015634765625 0.2871093759765625 0.283203125 0.29296875 0.296875 0.2910156240234375 0.32421875 0.30859375 0.33203125 0.3447265625 0.3232421875 0.35546875 0.314453125 0.3574218759765625 0.291015625 0.3388671875 0.2724609375
12 0.3486328125 0.3251953115234375 0.3232421875 0.3251953115234375 0.30859375 0.333984375 0.33203125 0.35546875 0.3359375 0.390625 0.3496093759765625 0.38671875 0.34375 0.35546875 0.3613281240234375 0.3359375 0.3486328125 0.3251953115234375
12 0.4326171875 0.2744140634765625 0.41015625 0.2890625 0.4003906240234375 0.306640625 0.40234375 0.318359375 0.4326171875 0.3447265634765625 0.4511718759765625 0.345703125 0.48046875 0.328125 0.48828125 0.306640625 0.4658203125 0.2822265634765625 0.4326171875 0.2744140634765625
12 0.5947265625 0.2255859375 0.5556640625 0.2236328115234375 0.5371093759765625 0.244140625 0.5390625 0.27734375 0.5615234375 0.2958984375 0.5878906240234375 0.296875 0.6044921875 0.2861328115234375 0.6152343759765625 0.26953125 0.61328125 0.244140625 0.5947265625 0.2255859375
12 0.5380859375 0.2783203115234375 0.5087890625 0.2744140634765625 0.4863281240234375 0.294921875 0.4902343759765625 0.31640625 0.5029296875 0.3349609375 0.5332031240234375 0.349609375 0.55859375 0.3359375 0.5644531240234375 0.322265625 0.5625 0.3046875 0.5380859375 0.2783203115234375
12 0.6103515625 0.2841796875 0.5800781240234375 0.3046875 0.5761718759765625 0.328125 0.6162109375 0.3505859375 0.62890625 0.349609375 0.6621093759765625 0.333984375 0.6660156240234375 0.306640625 0.6435546875 0.2880859375 0.6103515625 0.2841796875
12 0.6435546875 0.2548828115234375 0.6328125 0.267578125 0.6328125 0.28515625 0.6816406240234375 0.302734375 0.70703125 0.2890625 0.703125 0.26171875 0.6787109375 0.2470703115234375 0.6435546875 0.2548828115234375
12 0.7744140625 0.2021484375 0.7597656240234375 0.21484375 0.7578125 0.234375 0.796875 0.251953125 0.8105468759765625 0.2421875 0.80859375 0.21484375 0.7939453125 0.2021484375 0.7744140625 0.2021484375
12 0.79296875 0.251953125 0.7763671875 0.2392578115234375 0.7333984375 0.2392578115234375 0.7167968759765625 0.25390625 0.7167968759765625 0.28125 0.7275390625 0.2939453115234375 0.7636718759765625 0.30078125 0.7900390625 0.2919921875 0.80078125 0.279296875 0.80078125 0.267578125 0.79296875 0.251953125
12 0.7021484375 0.1845703115234375 0.6708984375 0.1904296875 0.6582031240234375 0.20703125 0.66015625 0.228515625 0.6748046875 0.2412109375 0.7128906240234375 0.255859375 0.7324218759765625 0.23828125 0.734375 0.216796875 0.7265625 0.197265625 0.7021484375 0.1845703115234375
12 0.6298828125 0.2080078115234375 0.6044921875 0.2060546875 0.5869140625 0.2119140634765625 0.5800781240234375 0.220703125 0.5966796875 0.2255859375 0.6152343759765625 0.248046875 0.6113281240234375 0.28125 0.62890625 0.283203125 0.6347656240234375 0.26171875 0.6621093759765625 0.24609375 0.66015625 0.232421875 0.6298828125 0.2080078115234375
12 0.4404296875 0.2119140634765625 0.41796875 0.2265625 0.4160156240234375 0.234375 0.4326171875 0.2724609375 0.4716796875 0.2861328115234375 0.4863281240234375 0.28515625 0.5078125 0.26953125 0.5058593759765625 0.2421875 0.4892578125 0.2216796875 0.4404296875 0.2119140634765625
12 0.5078125 0.271484375 0.5390625 0.27734375 0.5390625 0.240234375 0.5263671875 0.2314453115234375 0.5068359375 0.2314453115234375 0.5078125 0.271484375
12 0.3837890625 0.2275390634765625 0.3671875 0.240234375 0.359375 0.2578125 0.3808593759765625 0.2734375 0.3886718759765625 0.298828125 0.40234375 0.30078125 0.4238281240234375 0.263671875 0.421875 0.2421875 0.4033203125 0.2275390634765625 0.3837890625 0.2275390634765625
12 0.3505859375 0.2587890634765625 0.3417968759765625 0.2734375 0.3574218759765625 0.2890625 0.35546875 0.3125 0.3730468759765625 0.314453125 0.3886718759765625 0.302734375 0.38671875 0.283203125 0.3740234375 0.2685546875 0.3505859375 0.2587890634765625