12 0.2080078125 0.4111328134765625 0.1826171875 0.4013671875 0.1669921875 0.4052734375 0.1425781240234375 0.42578125 0.12890625 0.462890625 0.1347656240234375 0.494140625 0.1474609375 0.5068359375 0.16796875 0.51171875 0.1816406240234375 0.50390625 0.1972656240234375 0.462890625 0.2265625 0.435546875 0.2080078125 0.4111328134765625
12 0.2753906240234375 0.458984375 0.2529296875 0.4365234375 0.2236328125 0.4384765615234375 0.19921875 0.4609375 0.1855468759765625 0.490234375 0.1875 0.529296875 0.2265625 0.537109375 0.2333984375 0.5244140615234375 0.2490234375 0.5244140615234375 0.2734375 0.501953125 0.2753906240234375 0.458984375
12 0.1542968759765625 0.345703125 0.1416015625 0.3330078134765625 0.1025390625 0.3271484375 0.0800781240234375 0.345703125 0.0722656240234375 0.390625 0.078125 0.408203125 0.08984375 0.416015625 0.1064453125 0.3818359375 0.1279296875 0.3662109375 0.1542968759765625 0.359375 0.1542968759765625 0.345703125
12 0.1591796875 0.3642578134765625 0.1416015625 0.3623046875 0.1181640625 0.3720703134765625 0.09375 0.404296875 0.09375 0.447265625 0.1044921875 0.4599609375 0.125 0.466796875 0.14453125 0.42578125 0.18359375 0.396484375 0.17578125 0.375 0.1591796875 0.3642578134765625
12 0.40234375 0.501953125 0.3837890625 0.4853515615234375 0.3662109375 0.4794921875 0.3427734375 0.4814453134765625 0.3173828125 0.4970703134765625 0.2949218759765625 0.548828125 0.2949218759765625 0.578125 0.3046875 0.595703125 0.3232421875 0.6103515615234375 0.34765625 0.611328125 0.35546875 0.607421875 0.37109375 0.5625 0.41015625 0.53125 0.40234375 0.501953125
12 0.4765625 0.583984375 0.4667968759765625 0.564453125 0.4560546875 0.5537109375 0.4169921875 0.5380859375 0.3955078125 0.5419921875 0.375 0.55859375 0.36328125 0.578125 0.35546875 0.611328125 0.3613281240234375 0.669921875 0.3837890625 0.6884765615234375 0.4121093759765625 0.6875 0.4287109375 0.6806640615234375 0.4550781240234375 0.65234375 0.4765625 0.609375 0.4765625 0.583984375
12 0.5878906240234375 0.662109375 0.578125 0.630859375 0.5400390625 0.6005859375 0.5263671875 0.5966796875 0.4990234375 0.6005859375 0.4785156240234375 0.619140625 0.4628906240234375 0.654296875 0.4589843759765625 0.685546875 0.4707031240234375 0.6953125 0.4589843759765625 0.708984375 0.4667968759765625 0.740234375 0.4931640625 0.7587890615234375 0.515625 0.759765625 0.5380859375 0.7529296875 0.5527343759765625 0.740234375 0.5859375 0.681640625 0.5878906240234375 0.662109375
12 0.6953125 0.728515625 0.6816406240234375 0.705078125 0.6611328125 0.6865234375 0.6298828125 0.6748046875 0.6044921875 0.6767578134765625 0.5839843759765625 0.689453125 0.5683593759765625 0.716796875 0.5605468759765625 0.75 0.55859375 0.8046875 0.5644531240234375 0.822265625 0.5771484375 0.8349609375 0.640625 0.833984375 0.6621093759765625 0.818359375 0.6855468759765625 0.787109375 0.6953125 0.76171875 0.6953125 0.728515625
12 0.1699218759765625 0.765625 0.171875 0.755859375 0.16015625 0.751953125 0.1816406240234375 0.740234375 0.1816406240234375 0.728515625 0.1650390625 0.7041015615234375 0.1474609375 0.6943359375 0.1123046875 0.6962890615234375 0.0849609375 0.7080078134765625 0.05078125 0.740234375 0.03125 0.775390625 0.0292968759765625 0.802734375 0.0439453125 0.8232421875 0.0644531240234375 0.828125 0.1044921875 0.7919921875 0.1416015625 0.7763671875 0.1572265625 0.7763671875 0.1699218759765625 0.765625
12 0.8105468759765625 0.640625 0.8105468759765625 0.62109375 0.80078125 0.59765625 0.7802734375 0.5791015615234375 0.7470703125 0.5634765615234375 0.7060546875 0.5712890615234375 0.6875 0.591796875 0.671875 0.634765625 0.6699218759765625 0.671875 0.6894531240234375 0.681640625 0.6894531240234375 0.6875 0.6777343759765625 0.693359375 0.6796875 0.69921875 0.7021484375 0.7216796875 0.72265625 0.724609375 0.7568359375 0.6982421875 0.7724609375 0.6982421875 0.80078125 0.66796875 0.8105468759765625 0.640625
12 0.7011718759765625 0.525390625 0.6494140625 0.4833984375 0.6201171875 0.4853515615234375 0.59375 0.505859375 0.5683593759765625 0.572265625 0.56640625 0.607421875 0.5722656240234375 0.619140625 0.5947265625 0.6376953134765625 0.6171875 0.640625 0.6318359375 0.6396484375 0.6611328125 0.6240234375 0.703125 0.564453125 0.7011718759765625 0.525390625
12 0.5546875 0.451171875 0.5380859375 0.4365234375 0.5068359375 0.4267578134765625 0.4755859375 0.4365234375 0.453125 0.48046875 0.4589843759765625 0.55078125 0.4814453125 0.5771484375 0.49609375 0.580078125 0.5224609375 0.5712890615234375 0.54296875 0.552734375 0.5644531240234375 0.494140625 0.5546875 0.451171875
12 0.48828125 0.40234375 0.4716796875 0.3876953134765625 0.4443359375 0.3779296875 0.4208984375 0.3798828134765625 0.4042968759765625 0.39453125 0.3886718759765625 0.423828125 0.3828125 0.451171875 0.390625 0.48828125 0.4111328125 0.5048828134765625 0.4277343759765625 0.50390625 0.44921875 0.49609375 0.4628906240234375 0.451171875 0.4921875 0.427734375 0.48828125 0.40234375
12 0.6494140625 0.3349609375 0.6103515625 0.3173828134765625 0.5908203125 0.3173828134765625 0.5712890625 0.3271484375 0.5546875 0.3515625 0.55078125 0.41015625 0.5566406240234375 0.43359375 0.5712890625 0.4521484375 0.6035156240234375 0.455078125 0.6503906240234375 0.41796875 0.6640625 0.38671875 0.6640625 0.359375 0.6494140625 0.3349609375
12 0.7558593759765625 0.5 0.7792968759765625 0.44921875 0.7792968759765625 0.416015625 0.7568359375 0.3798828134765625 0.7314453125 0.3681640615234375 0.7099609375 0.3681640615234375 0.6738281240234375 0.39453125 0.6640625 0.41796875 0.6621093759765625 0.462890625 0.66796875 0.48046875 0.7041015625 0.5205078134765625 0.72265625 0.521484375 0.7236328125 0.5048828134765625 0.7314453125 0.5166015615234375 0.7392578125 0.5166015615234375 0.7558593759765625 0.5
12 0.8984375 0.50390625 0.8964843759765625 0.486328125 0.8828125 0.4609375 0.8486328125 0.4365234375 0.8291015625 0.4306640615234375 0.8095703125 0.4326171875 0.78125 0.453125 0.765625 0.486328125 0.7597656240234375 0.52734375 0.76171875 0.5625 0.8017578125 0.5908203134765625 0.8183593759765625 0.58984375 0.8447265625 0.5830078134765625 0.8808593759765625 0.552734375 0.89453125 0.52734375 0.8984375 0.50390625
12 0.56640625 0.306640625 0.5380859375 0.2880859375 0.5166015625 0.2880859375 0.4931640625 0.2978515615234375 0.4746093759765625 0.333984375 0.4785156240234375 0.388671875 0.4990234375 0.4130859375 0.51953125 0.4140625 0.546875 0.404296875 0.5527343759765625 0.35546875 0.5722656240234375 0.326171875 0.56640625 0.306640625
12 0.8574218759765625 0.298828125 0.8349609375 0.2783203134765625 0.8056640625 0.2666015615234375 0.7724609375 0.2783203134765625 0.7597656240234375 0.291015625 0.7480468759765625 0.322265625 0.7480468759765625 0.3515625 0.7578125 0.37890625 0.7763671875 0.4013671875 0.7988281240234375 0.40625 0.8388671875 0.3876953134765625 0.8652343759765625 0.341796875 0.8652343759765625 0.31640625 0.8574218759765625 0.298828125
12 0.9863281240234375 0.3984375 0.98046875 0.361328125 0.9462890625 0.3271484375 0.9228515625 0.3173828134765625 0.8857421875 0.3271484375 0.8652343759765625 0.349609375 0.85546875 0.380859375 0.85546875 0.416015625 0.8613281240234375 0.4296875 0.8896484375 0.4677734375 0.90234375 0.46875 0.9394531240234375 0.453125 0.9189453125 0.4423828134765625 0.9619140625 0.4423828134765625 0.9863281240234375 0.3984375
12 0.7519531240234375 0.275390625 0.7441406240234375 0.25 0.7275390625 0.2373046875 0.6806640625 0.2314453134765625 0.6689453125 0.2353515615234375 0.6503906240234375 0.259765625 0.6464843759765625 0.310546875 0.6708984375 0.3583984375 0.7011718759765625 0.361328125 0.7158203125 0.3583984375 0.7363281240234375 0.33203125 0.7519531240234375 0.29296875 0.7519531240234375 0.275390625
12 0.6308593759765625 0.302734375 0.6386718759765625 0.283203125 0.640625 0.240234375 0.6328125 0.224609375 0.6103515625 0.2080078134765625 0.5673828125 0.2119140615234375 0.5527343759765625 0.224609375 0.5449218759765625 0.2421875 0.5546875 0.291015625 0.5839843759765625 0.31640625 0.6201171875 0.3154296875 0.62109375 0.302734375 0.6259765625 0.3076171875 0.6308593759765625 0.302734375
12 0.3076171875 0.3486328134765625 0.2792968759765625 0.37109375 0.26953125 0.39453125 0.2675781240234375 0.4296875 0.2734375 0.44921875 0.28125 0.451171875 0.359375 0.40234375 0.36328125 0.375 0.3388671875 0.3505859375 0.3076171875 0.3486328134765625
12 0.2890625 0.32421875 0.2607421875 0.3056640615234375 0.2275390625 0.3095703134765625 0.2089843759765625 0.33203125 0.203125 0.3515625 0.2011718759765625 0.376953125 0.2109375 0.41015625 0.2275390625 0.4228515615234375 0.2441406240234375 0.421875 0.265625 0.408203125 0.27734375 0.373046875 0.296875 0.3515625 0.2890625 0.32421875
12 0.4228515625 0.2685546875 0.4033203125 0.2607421875 0.3857421875 0.2607421875 0.3652343759765625 0.275390625 0.3457031240234375 0.3203125 0.3515625 0.357421875 0.3681640625 0.3720703134765625 0.3828125 0.37109375 0.4169921875 0.3486328134765625 0.4433593759765625 0.3125 0.4394531240234375 0.28515625 0.4228515625 0.2685546875
12 0.4794921875 0.1748046875 0.4443359375 0.1806640615234375 0.42578125 0.208984375 0.421875 0.2265625 0.42578125 0.267578125 0.4404296875 0.2822265615234375 0.4589843759765625 0.283203125 0.4990234375 0.2548828134765625 0.5136718759765625 0.234375 0.5097656240234375 0.203125 0.4794921875 0.1748046875
12 0.3681640625 0.1630859375 0.3535156240234375 0.193359375 0.359375 0.244140625 0.3740234375 0.2587890615234375 0.4082031240234375 0.2578125 0.41796875 0.244140625 0.4355468759765625 0.181640625 0.4189453125 0.1650390615234375 0.3681640625 0.1630859375
12 0.3447265625 0.2431640615234375 0.3212890625 0.2392578134765625 0.2949218759765625 0.26171875 0.2890625 0.3203125 0.3017578125 0.3447265615234375 0.3339843759765625 0.345703125 0.34375 0.3359375 0.3496093759765625 0.30078125 0.37109375 0.265625 0.3447265625 0.2431640615234375
12 0.3076171875 0.2119140615234375 0.2685546875 0.2060546875 0.2441406240234375 0.228515625 0.23828125 0.26953125 0.2548828125 0.3017578134765625 0.28515625 0.306640625 0.2910156240234375 0.26953125 0.3222656240234375 0.236328125 0.3222656240234375 0.228515625 0.3076171875 0.2119140615234375
12 0.2402343759765625 0.287109375 0.2216796875 0.2763671875 0.1826171875 0.2802734375 0.1699218759765625 0.294921875 0.1621093759765625 0.318359375 0.1621093759765625 0.34765625 0.1699218759765625 0.3671875 0.1972656240234375 0.3828125 0.2109375 0.328125 0.2236328125 0.3115234375 0.2441406240234375 0.302734375 0.2402343759765625 0.287109375
12 0.2089843759765625 0.26171875 0.1962890625 0.2529296875 0.1552734375 0.2509765615234375 0.1386718759765625 0.26171875 0.1308593759765625 0.27734375 0.1347656240234375 0.322265625 0.1455078125 0.3349609375 0.16015625 0.337890625 0.1640625 0.30859375 0.1777343759765625 0.283203125 0.2109375 0.271484375 0.2089843759765625 0.26171875
12 0.3193359375 0.1630859375 0.3125 0.1796875 0.3144531240234375 0.2109375 0.3291015625 0.2275390615234375 0.34375 0.228515625 0.3535156240234375 0.22265625 0.3535156240234375 0.19140625 0.3652343759765625 0.1640625 0.3193359375 0.1630859375
12 0.2470703125 0.1787109375 0.2197265625 0.1865234375 0.20703125 0.201171875 0.2011718759765625 0.220703125 0.2050781240234375 0.25390625 0.2216796875 0.2685546875 0.234375 0.267578125 0.2480468759765625 0.220703125 0.2792968759765625 0.203125 0.2724609375 0.1884765615234375 0.2470703125 0.1787109375