12 0.166015625 0.3349609375 0.1318359375 0.30078125 0.1142578125 0.29296875 0.0849609375 0.291015625 0.060546875 0.3095703125 0.056640625 0.3232421875 0.056640625 0.3681640625 0.06640625 0.4306640625 0.083984375 0.4716796875 0.10546875 0.5029296875 0.1376953125 0.53515625 0.15234375 0.5400390625 0.12890625 0.4873046875 0.123046875 0.4013671875 0.1328125 0.3701171875 0.166015625 0.3349609375
12 0.279296875 0.4833984375 0.265625 0.4365234375 0.220703125 0.3544921875 0.1943359375 0.333984375 0.1767578125 0.333984375 0.14453125 0.3544921875 0.125 0.3935546875 0.12890625 0.4873046875 0.150390625 0.5400390625 0.2099609375 0.611328125 0.232421875 0.6181640625 0.26171875 0.5927734375 0.275390625 0.5654296875 0.28125 0.5341796875 0.279296875 0.4833984375
12 0.3486328125 0.322265625 0.3173828125 0.310546875 0.2861328125 0.3125 0.263671875 0.3408203125 0.259765625 0.3740234375 0.26171875 0.4208984375 0.279296875 0.4794921875 0.3046875 0.5244140625 0.3310546875 0.55078125 0.3544921875 0.564453125 0.392578125 0.5693359375 0.404296875 0.5400390625 0.404296875 0.4189453125 0.392578125 0.3740234375 0.3486328125 0.322265625
12 0.2177734375 0.224609375 0.2001953125 0.228515625 0.169921875 0.2568359375 0.162109375 0.2822265625 0.1640625 0.3271484375 0.1689453125 0.333984375 0.1923828125 0.33203125 0.2041015625 0.337890625 0.224609375 0.3583984375 0.2578125 0.4111328125 0.26171875 0.3427734375 0.28125 0.3095703125 0.251953125 0.2490234375 0.2177734375 0.224609375
12 0.5390625 0.3701171875 0.51953125 0.3310546875 0.4892578125 0.3046875 0.4580078125 0.302734375 0.43359375 0.3212890625 0.4140625 0.3681640625 0.40625 0.4052734375 0.40625 0.4755859375 0.4296875 0.5458984375 0.4599609375 0.576171875 0.486328125 0.5830078125 0.5 0.5654296875 0.537109375 0.4560546875 0.544921875 0.4013671875 0.5390625 0.3701171875
12 0.478515625 0.2880859375 0.4765625 0.2548828125 0.4423828125 0.23046875 0.4091796875 0.232421875 0.3798828125 0.248046875 0.349609375 0.2783203125 0.33203125 0.3115234375 0.37109375 0.3427734375 0.388671875 0.3642578125 0.396484375 0.3857421875 0.40625 0.3896484375 0.431640625 0.3232421875 0.4580078125 0.30078125 0.4736328125 0.30078125 0.478515625 0.2880859375
12 0.623046875 0.3818359375 0.6005859375 0.36328125 0.5478515625 0.35546875 0.5390625 0.3603515625 0.544921875 0.4208984375 0.52734375 0.4853515625 0.529296875 0.5107421875 0.5810546875 0.5234375 0.62109375 0.5654296875 0.6484375 0.4873046875 0.6484375 0.4345703125 0.642578125 0.4150390625 0.623046875 0.3818359375
12 0.755859375 0.4052734375 0.7421875 0.3837890625 0.7197265625 0.365234375 0.6982421875 0.357421875 0.6689453125 0.357421875 0.650390625 0.3759765625 0.642578125 0.3974609375 0.650390625 0.4365234375 0.650390625 0.4892578125 0.658203125 0.5126953125 0.671875 0.5380859375 0.7099609375 0.572265625 0.7255859375 0.580078125 0.765625 0.5810546875 0.7734375 0.5771484375 0.765625 0.4990234375 0.767578125 0.4404296875 0.755859375 0.4052734375
12 0.900390625 0.4833984375 0.904296875 0.4248046875 0.8984375 0.3857421875 0.884765625 0.3486328125 0.8642578125 0.33203125 0.8408203125 0.330078125 0.8095703125 0.341796875 0.78125 0.3916015625 0.775390625 0.4130859375 0.775390625 0.4599609375 0.796875 0.5654296875 0.8076171875 0.5859375 0.8203125 0.5849609375 0.8466796875 0.57421875 0.87109375 0.5517578125 0.88671875 0.5263671875 0.900390625 0.4833984375
12 0.625 0.5869140625 0.61328125 0.5615234375 0.5791015625 0.525390625 0.5537109375 0.513671875 0.5322265625 0.513671875 0.5078125 0.5419921875 0.494140625 0.5908203125 0.4921875 0.6318359375 0.5 0.6767578125 0.517578125 0.7177734375 0.5478515625 0.751953125 0.5771484375 0.765625 0.59765625 0.7646484375 0.61328125 0.7587890625 0.62109375 0.7333984375 0.62890625 0.6474609375 0.625 0.5869140625
12 0.6630859375 0.529296875 0.6396484375 0.52734375 0.62109375 0.5673828125 0.62890625 0.6005859375 0.62109375 0.7392578125 0.6474609375 0.76171875 0.673828125 0.7666015625 0.716796875 0.6416015625 0.720703125 0.5986328125 0.71484375 0.5791015625 0.6630859375 0.529296875
12 0.884765625 0.6455078125 0.876953125 0.6220703125 0.8603515625 0.6015625 0.8369140625 0.58984375 0.8115234375 0.587890625 0.7763671875 0.599609375 0.74609375 0.6298828125 0.73046875 0.6611328125 0.716796875 0.7119140625 0.720703125 0.7333984375 0.7392578125 0.751953125 0.78515625 0.7587890625 0.8291015625 0.73828125 0.861328125 0.7021484375 0.880859375 0.6650390625 0.884765625 0.6455078125
12 0.9296875 0.6005859375 0.923828125 0.5849609375 0.9111328125 0.56640625 0.8876953125 0.5546875 0.8681640625 0.556640625 0.83984375 0.5830078125 0.8427734375 0.591796875 0.8671875 0.6064453125 0.884765625 0.6416015625 0.87890625 0.6708984375 0.841796875 0.7275390625 0.8466796875 0.736328125 0.86328125 0.7392578125 0.8984375 0.7158203125 0.916015625 0.6884765625 0.9296875 0.6396484375 0.9296875 0.6005859375
12 0.6630859375 0.529296875 0.6396484375 0.52734375 0.62109375 0.5673828125 0.62890625 0.6005859375 0.62109375 0.7373046875 0.6474609375 0.76171875 0.673828125 0.7666015625 0.716796875 0.6416015625 0.720703125 0.5986328125 0.71484375 0.5791015625 0.6630859375 0.529296875
12 0.462890625 0.5791015625 0.4267578125 0.544921875 0.4091796875 0.541015625 0.3984375 0.5654296875 0.3759765625 0.572265625 0.36328125 0.5927734375 0.349609375 0.6318359375 0.349609375 0.6748046875 0.357421875 0.7138671875 0.373046875 0.7451171875 0.3857421875 0.755859375 0.4140625 0.7587890625 0.431640625 0.7451171875 0.458984375 0.6767578125 0.46875 0.6083984375 0.462890625 0.5791015625
12 0.353515625 0.6103515625 0.3515625 0.5654296875 0.2880859375 0.509765625 0.283203125 0.5107421875 0.271484375 0.5771484375 0.236328125 0.6181640625 0.263671875 0.7001953125 0.2724609375 0.708984375 0.283203125 0.7099609375 0.3076171875 0.701171875 0.33203125 0.6767578125 0.345703125 0.6494140625 0.353515625 0.6103515625
12 0.2041015625 0.607421875 0.1640625 0.5537109375 0.1357421875 0.53515625 0.115234375 0.5791015625 0.1015625 0.6611328125 0.109375 0.6845703125 0.1201171875 0.6953125 0.146484375 0.6962890625 0.1708984375 0.689453125 0.1865234375 0.677734375 0.23046875 0.6220703125 0.2041015625 0.607421875
12 0.7998046875 0.341796875 0.80078125 0.3271484375 0.783203125 0.2958984375 0.7587890625 0.275390625 0.7451171875 0.26953125 0.7119140625 0.271484375 0.685546875 0.2998046875 0.68359375 0.3544921875 0.7294921875 0.37109375 0.74609375 0.3876953125 0.771484375 0.4384765625 0.779296875 0.3935546875 0.802734375 0.3486328125 0.76953125 0.3583984375 0.7998046875 0.341796875
12 0.6220703125 0.2734375 0.5927734375 0.28515625 0.576171875 0.2998046875 0.564453125 0.3232421875 0.564453125 0.3525390625 0.6083984375 0.3671875 0.640625 0.4013671875 0.64453125 0.3837890625 0.6640625 0.3525390625 0.642578125 0.2939453125 0.6220703125 0.2734375
12 0.5205078125 0.267578125 0.4990234375 0.267578125 0.482421875 0.2822265625 0.4765625 0.3017578125 0.5009765625 0.310546875 0.5322265625 0.353515625 0.5478515625 0.333984375 0.541015625 0.3544921875 0.55078125 0.3544921875 0.5634765625 0.353515625 0.564453125 0.3466796875 0.546875 0.2900390625 0.5205078125 0.267578125