12 0.25390625 0.36328125 0.24609375 0.33984375 0.2255859375 0.3154296875 0.2021484375 0.3037109375 0.1728515625 0.3037109375 0.1455078125 0.3154296875 0.12890625 0.333984375 0.1191406240234375 0.359375 0.1191406240234375 0.40234375 0.1328125 0.4375 0.1494140625 0.4560546875 0.1787109375 0.4697265634765625 0.2011718759765625 0.46875 0.2255859375 0.4580078115234375 0.2480468759765625 0.435546875 0.25390625 0.419921875 0.25390625 0.36328125
12 0.1875 0.51953125 0.19921875 0.48828125 0.1943359375 0.4716796875 0.1650390625 0.4658203115234375 0.1318359375 0.4404296875 0.1083984375 0.4482421875 0.08984375 0.46484375 0.0761718759765625 0.486328125 0.06640625 0.521484375 0.0878906240234375 0.580078125 0.0986328125 0.5908203115234375 0.1191406240234375 0.59375 0.1611328125 0.5927734375 0.1816406240234375 0.576171875 0.1894531240234375 0.5625 0.1875 0.51953125
12 0.0839843759765625 0.572265625 0.0722656240234375 0.54296875 0.0576171875 0.5283203115234375 0.0341796875 0.5185546875 0 0.521484375 0.00390625 0.6953125 0.0244140625 0.6884765634765625 0.0546875 0.662109375 0.0839843759765625 0.6015625 0.0839843759765625 0.572265625
12 0.2753906240234375 0.72265625 0.27734375 0.662109375 0.2675781240234375 0.640625 0.2431640625 0.6162109375 0.2138671875 0.6044921875 0.1806640625 0.6044921875 0.1552734375 0.6162109375 0.1035156240234375 0.66015625 0.0839843759765625 0.697265625 0.0839843759765625 0.73828125 0.1035156240234375 0.77734375 0.1357421875 0.8017578115234375 0.16796875 0.806640625 0.2001953125 0.8017578115234375 0.2353515625 0.7841796875 0.2519531240234375 0.767578125 0.2753906240234375 0.72265625
12 0.0683593759765625 0.40234375 0.0458984375 0.3818359375 0.0185546875 0.3740234375 0.0009765625 0.3759765634765625 0 0.517578125 0.0449218759765625 0.51953125 0.0625 0.5078125 0.0800781240234375 0.4765625 0.0800781240234375 0.423828125 0.0683593759765625 0.40234375
12 0.3144531240234375 0.44921875 0.2880859375 0.4306640634765625 0.2548828125 0.4326171875 0.2177734375 0.4638671875 0.2011718759765625 0.486328125 0.1875 0.5234375 0.1894531240234375 0.55859375 0.203125 0.583984375 0.2333984375 0.6064453115234375 0.2558593759765625 0.607421875 0.30078125 0.591796875 0.2988281240234375 0.53515625 0.3261718759765625 0.482421875 0.3144531240234375 0.44921875
12 0.4296875 0.482421875 0.4189453125 0.4716796875 0.3974609375 0.4619140634765625 0.3701171875 0.4619140634765625 0.3408203125 0.4716796875 0.3183593759765625 0.4921875 0.3027343759765625 0.521484375 0.2988281240234375 0.5625 0.3066406240234375 0.591796875 0.3291015625 0.6240234375 0.3486328125 0.6376953115234375 0.3886718759765625 0.640625 0.4355468759765625 0.60546875 0.4511718759765625 0.5625 0.4511718759765625 0.529296875 0.4296875 0.482421875
12 0.3896484375 0.7099609375 0.3623046875 0.6962890634765625 0.3291015625 0.6943359375 0.3017578125 0.7041015634765625 0.2753906240234375 0.7265625 0.2441406240234375 0.791015625 0.2451171875 0.8330078115234375 0.40625 0.83203125 0.4160156240234375 0.810546875 0.4199218759765625 0.76953125 0.4082031240234375 0.73046875 0.3896484375 0.7099609375
12 0.53515625 0.6953125 0.5292968759765625 0.673828125 0.4990234375 0.6357421875 0.4716796875 0.6201171875 0.4345703125 0.6181640634765625 0.4091796875 0.6298828115234375 0.3886718759765625 0.6484375 0.3769531240234375 0.69921875 0.40234375 0.720703125 0.4160156240234375 0.744140625 0.421875 0.791015625 0.4482421875 0.8017578115234375 0.4628906240234375 0.80078125 0.4892578125 0.7958984375 0.5097656240234375 0.779296875 0.5292968759765625 0.73828125 0.53515625 0.6953125
12 0.6328125 0.609375 0.62890625 0.572265625 0.6191406240234375 0.548828125 0.6064453125 0.5341796875 0.5791015625 0.5205078115234375 0.5556640625 0.5224609375 0.5205078125 0.5458984375 0.5078125 0.5625 0.5 0.58984375 0.5 0.619140625 0.5078125 0.642578125 0.5361328125 0.6748046875 0.56640625 0.681640625 0.5927734375 0.6748046875 0.6152343759765625 0.658203125 0.6269531240234375 0.638671875 0.6328125 0.609375
12 0.7792968759765625 0.67578125 0.77734375 0.623046875 0.7675781240234375 0.6015625 0.7412109375 0.5751953115234375 0.7138671875 0.5634765634765625 0.6826171875 0.5673828115234375 0.6572265625 0.5869140634765625 0.6386718759765625 0.611328125 0.6269531240234375 0.646484375 0.625 0.6953125 0.6347656240234375 0.724609375 0.6611328125 0.7509765634765625 0.68359375 0.755859375 0.7099609375 0.7431640634765625 0.7490234375 0.7392578115234375 0.7714843759765625 0.708984375 0.7792968759765625 0.67578125
12 0.6201171875 0.6767578115234375 0.5966796875 0.6748046875 0.5634765625 0.6845703115234375 0.5449218759765625 0.701171875 0.52734375 0.751953125 0.5292968759765625 0.787109375 0.5390625 0.8125 0.5478515625 0.8173828115234375 0.5615234375 0.8095703115234375 0.5966796875 0.8095703115234375 0.6318359375 0.8330078115234375 0.64453125 0.83203125 0.6699218759765625 0.765625 0.66796875 0.7578125 0.6347656240234375 0.7265625 0.6201171875 0.6767578115234375
12 0.7099609375 0.7451171875 0.6826171875 0.7587890634765625 0.6640625 0.779296875 0.6503906240234375 0.8203125 0.6513671875 0.8330078115234375 0.82421875 0.83203125 0.80078125 0.78125 0.7724609375 0.7548828115234375 0.7392578125 0.7431640634765625 0.7099609375 0.7451171875
12 0.8779296875 0.6650390634765625 0.8525390625 0.6572265634765625 0.8271484375 0.6552734375 0.7919921875 0.6689453115234375 0.77734375 0.685546875 0.7636718759765625 0.7265625 0.76953125 0.751953125 0.80078125 0.779296875 0.8310546875 0.8291015634765625 0.9160156240234375 0.83203125 0.9355468759765625 0.798828125 0.9394531240234375 0.751953125 0.9121093759765625 0.693359375 0.8779296875 0.6650390634765625
12 0.89453125 0.595703125 0.8964843759765625 0.546875 0.890625 0.52734375 0.8642578125 0.4951171875 0.8447265625 0.4853515634765625 0.8095703125 0.4833984375 0.7822265625 0.4951171875 0.7578125 0.525390625 0.7441406240234375 0.560546875 0.7441406240234375 0.576171875 0.7753906240234375 0.615234375 0.78125 0.65625 0.8046875 0.66015625 0.8310546875 0.6533203115234375 0.8525390625 0.6552734375 0.8730468759765625 0.634765625 0.89453125 0.595703125
12 0.9863281240234375 0.46875 0.96875 0.423828125 0.9580078125 0.4130859375 0.9365234375 0.4013671875 0.9130859375 0.3994140634765625 0.8916015625 0.4052734375 0.8730468759765625 0.419921875 0.85546875 0.453125 0.8535156240234375 0.482421875 0.88671875 0.517578125 0.9013671875 0.5498046875 0.93359375 0.548828125 0.9677734375 0.5341796875 0.9765625 0.5234375 0.9863281240234375 0.494140625 0.9863281240234375 0.46875
12 1 0.541015625 0.9658203125 0.5361328115234375 0.9365234375 0.5498046875 0.921875 0.564453125 0.91015625 0.599609375 0.9121093759765625 0.6328125 0.921875 0.662109375 0.9345703125 0.6767578115234375 1 0.681640625 1 0.541015625
12 0.8144531240234375 0.408203125 0.80078125 0.375 0.7822265625 0.3544921875 0.7490234375 0.3369140634765625 0.7158203125 0.3369140634765625 0.70703125 0.380859375 0.6699218759765625 0.423828125 0.6699218759765625 0.43359375 0.7080078125 0.4912109375 0.7353515625 0.5048828115234375 0.75390625 0.50390625 0.7763671875 0.4970703115234375 0.8046875 0.47265625 0.81640625 0.439453125 0.8144531240234375 0.408203125
12 0.9082031240234375 0.333984375 0.8925781240234375 0.302734375 0.8662109375 0.2802734375 0.8408203125 0.2724609375 0.8212890625 0.2744140634765625 0.7871093759765625 0.29296875 0.7753906240234375 0.314453125 0.7714843759765625 0.345703125 0.796875 0.3671875 0.8193359375 0.4189453115234375 0.8515625 0.423828125 0.8740234375 0.4169921875 0.8925781240234375 0.400390625 0.91015625 0.36328125 0.9082031240234375 0.333984375
12 1 0.240234375 0.9697265625 0.2255859375 0.9423828125 0.2275390634765625 0.9267578125 0.2353515634765625 0.90625 0.255859375 0.8925781240234375 0.287109375 0.9121093759765625 0.361328125 0.9365234375 0.3818359375 0.95703125 0.380859375 0.9736328125 0.3759765634765625 1 0.35546875 1 0.240234375
12 0.734375 0.21875 0.73828125 0.244140625 0.7666015625 0.2841796875 0.7871093759765625 0.291015625 0.8251953125 0.2724609375 0.8623046875 0.2763671875 0.8808593759765625 0.2578125 0.8847656240234375 0.2109375 0.87109375 0.181640625 0.8564453125 0.1669921875 0.7587890625 0.1669921875 0.7441406240234375 0.18359375 0.734375 0.21875
12 0.7158203125 0.2333984375 0.6748046875 0.2412109375 0.6640625 0.30078125 0.6923828125 0.3115234375 0.7119140625 0.3369140634765625 0.74609375 0.3359375 0.7578125 0.30859375 0.7578125 0.28515625 0.7402343759765625 0.25 0.7158203125 0.2333984375
12 0.6699218759765625 0.2578125 0.6640625 0.224609375 0.65234375 0.203125 0.6181640625 0.1787109375 0.5673828125 0.1806640634765625 0.5410156240234375 0.201171875 0.5292968759765625 0.22265625 0.52734375 0.2578125 0.53515625 0.279296875 0.5634765625 0.3134765634765625 0.578125 0.31640625 0.6064453125 0.3017578115234375 0.6591796875 0.3017578115234375 0.6660156240234375 0.29296875 0.6699218759765625 0.2578125
12 0.5625 0.322265625 0.5380859375 0.2880859375 0.5126953125 0.2763671875 0.4931640625 0.2763671875 0.4638671875 0.2900390634765625 0.44921875 0.306640625 0.4394531240234375 0.3359375 0.4394531240234375 0.361328125 0.4511718759765625 0.392578125 0.4589843759765625 0.39453125 0.4951171875 0.3798828115234375 0.5390625 0.392578125 0.5410156240234375 0.3671875 0.5625 0.322265625
12 0.4169921875 0.3642578115234375 0.3759765625 0.3701171875 0.328125 0.421875 0.3222656240234375 0.443359375 0.328125 0.470703125 0.3349609375 0.4755859375 0.3505859375 0.4658203115234375 0.3916015625 0.4599609375 0.4316406240234375 0.474609375 0.43359375 0.431640625 0.4511718759765625 0.400390625 0.4433593759765625 0.37890625 0.4169921875 0.3642578115234375
12 0.4746093759765625 0.2265625 0.4599609375 0.2119140634765625 0.4404296875 0.2060546875 0.4111328125 0.2060546875 0.3916015625 0.2177734375 0.3671875 0.24609375 0.35546875 0.28515625 0.3574218759765625 0.31640625 0.3671875 0.337890625 0.3916015625 0.3564453115234375 0.4160156240234375 0.359375 0.4375 0.349609375 0.4472656240234375 0.30859375 0.484375 0.2734375 0.4746093759765625 0.2265625
12 0.3603515625 0.3310546875 0.3310546875 0.3369140634765625 0.3066406240234375 0.361328125 0.296875 0.3828125 0.30078125 0.431640625 0.3222656240234375 0.44921875 0.3339843759765625 0.41015625 0.3720703125 0.3720703115234375 0.39453125 0.36328125 0.3603515625 0.3310546875
12 0.3339843759765625 0.255859375 0.3115234375 0.2314453115234375 0.2900390625 0.2236328115234375 0.2626953125 0.2275390634765625 0.2373046875 0.2431640634765625 0.2265625 0.2578125 0.2167968759765625 0.296875 0.2167968759765625 0.306640625 0.2421875 0.33203125 0.2519531240234375 0.35546875 0.2685546875 0.3662109375 0.28515625 0.3671875 0.3017578125 0.3623046875 0.3261718759765625 0.33984375 0.33984375 0.298828125 0.3339843759765625 0.255859375
12 0.41015625 0.16796875 0.3095703125 0.1669921875 0.3027343759765625 0.1875 0.3066406240234375 0.224609375 0.3349609375 0.2529296875 0.3613281240234375 0.2578125 0.3808593759765625 0.2265625 0.4140625 0.203125 0.4160156240234375 0.181640625 0.41015625 0.16796875
12 0.5625 0.181640625 0.55859375 0.16796875 0.4736328125 0.1669921875 0.4609375 0.185546875 0.4589843759765625 0.208984375 0.48046875 0.236328125 0.484375 0.275390625 0.5332031240234375 0.279296875 0.52734375 0.263671875 0.5292968759765625 0.220703125 0.54296875 0.197265625 0.5625 0.181640625
12 0.734375 0.220703125 0.73828125 0.244140625 0.7666015625 0.2841796875 0.7871093759765625 0.291015625 0.8251953125 0.2724609375 0.8623046875 0.2763671875 0.8808593759765625 0.2578125 0.8847656240234375 0.2109375 0.87109375 0.181640625 0.8564453125 0.1669921875 0.7587890625 0.1669921875 0.7441406240234375 0.18359375 0.734375 0.220703125
12 0.75 0.16796875 0.6279296875 0.1669921875 0.6269531240234375 0.1796875 0.6542968759765625 0.205078125 0.6738281240234375 0.240234375 0.7001953125 0.2314453115234375 0.7314453125 0.2392578115234375 0.7363281240234375 0.203125 0.75 0.16796875
12 0.9550781240234375 0.1953125 0.9248046875 0.1728515634765625 0.8935546875 0.1728515634765625 0.875 0.18359375 0.88671875 0.220703125 0.8847656240234375 0.25 0.875 0.267578125 0.8925781240234375 0.283203125 0.9082031240234375 0.251953125 0.9248046875 0.2353515634765625 0.9589843759765625 0.22265625 0.9550781240234375 0.1953125
12 0.2265625 0.259765625 0.22265625 0.228515625 0.2128906240234375 0.208984375 0.1943359375 0.1904296875 0.1728515625 0.1806640634765625 0.1435546875 0.1806640634765625 0.1240234375 0.1884765634765625 0.1074218759765625 0.205078125 0.09765625 0.232421875 0.09765625 0.259765625 0.109375 0.28515625 0.1240234375 0.3017578115234375 0.1484375 0.3125 0.1787109375 0.3017578115234375 0.2060546875 0.3037109375 0.2207031240234375 0.283203125 0.2265625 0.259765625
12 0.1230468759765625 0.34375 0.1425781240234375 0.31640625 0.1220703125 0.3017578115234375 0.0947265625 0.2998046875 0.05078125 0.322265625 0.0371093759765625 0.34375 0.03125 0.373046875 0.06640625 0.3984375 0.078125 0.41796875 0.0839843759765625 0.447265625 0.1035156240234375 0.44921875 0.1308593759765625 0.435546875 0.1191406240234375 0.404296875 0.1171875 0.369140625 0.1230468759765625 0.34375
12 0.09765625 0.263671875 0.0576171875 0.2373046875 0.0263671875 0.2451171875 0.00390625 0.279296875 0.0058593759765625 0.318359375 0.0224609375 0.3408203115234375 0.03515625 0.345703125 0.0537109375 0.3173828115234375 0.1005859375 0.2978515634765625 0.10546875 0.287109375 0.09765625 0.263671875
12 0.21875 0.216796875 0.23046875 0.25 0.2490234375 0.2333984375 0.2802734375 0.2236328115234375 0.28125 0.205078125 0.2548828125 0.1669921875 0.2021484375 0.1669921875 0.1855468759765625 0.18359375 0.21875 0.216796875
12 0.0605468759765625 0.1953125 0.0605468759765625 0.220703125 0.0683593759765625 0.23828125 0.09765625 0.2578125 0.09765625 0.23046875 0.1113281240234375 0.19921875 0.1416015625 0.1806640634765625 0.1806640625 0.1806640634765625 0.1728515625 0.1669921875 0.0771484375 0.1669921875 0.0722656240234375 0.171875 0.0605468759765625 0.1953125
12 0 0.2578125 0.0097656240234375 0.26171875 0.0283203125 0.2431640634765625 0.0625 0.234375 0.0615234375 0.1669921875 0 0.16796875 0 0.2578125
12 0.3017578125 0.6005859375 0.2783203125 0.6005859375 0.24609375 0.615234375 0.27734375 0.658203125 0.28125 0.71875 0.3173828125 0.6962890634765625 0.3652343759765625 0.693359375 0.3613281240234375 0.650390625 0.3017578125 0.6005859375
12 0.1748046875 0.6064453115234375 0.1708984375 0.5986328115234375 0.1201171875 0.5947265634765625 0.0986328125 0.6044921875 0.078125 0.625 0.0546875 0.66796875 0.0546875 0.697265625 0.06640625 0.732421875 0.0732421875 0.7412109375 0.0839843759765625 0.7421875 0.0839843759765625 0.6953125 0.09375 0.671875 0.1220703125 0.6396484375 0.1748046875 0.6064453115234375
12 0.671875 0.443359375 0.6591796875 0.4365234375 0.6083984375 0.4541015634765625 0.5800781240234375 0.5078125 0.5800781240234375 0.51953125 0.6103515625 0.5361328115234375 0.62890625 0.572265625 0.640625 0.57421875 0.6894531240234375 0.54296875 0.703125 0.501953125 0.6933593759765625 0.47265625 0.671875 0.443359375