5 0.306640623046875 0.201171875 0.269531251953125 0.19921875 0.250000001953125 0.2109375 0.2177734375 0.268554685546875 0.0791015625 0.709960935546875 0.0810546875 0.774414064453125 0.1005859375 0.782226564453125 0.1494140625 0.737304685546875 0.2314453125 0.557617185546875 0.3173828125 0.215820314453125 0.306640623046875 0.201171875
5 0.4599609375 0.209960935546875 0.4560546875 0.165039064453125 0.429687501953125 0.1328125 0.367187501953125 0.134765625 0.3134765625 0.227539064453125 0.1943359375 0.739257814453125 0.2021484375 0.784179685546875 0.2333984375 0.795898435546875 0.2802734375 0.741210935546875 0.3916015625 0.428710935546875 0.4267578125 0.276367185546875 0.4599609375 0.209960935546875
5 0.5576171875 0.270507814453125 0.5380859375 0.227539064453125 0.500000001953125 0.205078125 0.466796873046875 0.21484375 0.4326171875 0.268554685546875 0.4033203125 0.424804685546875 0.3759765625 0.833007814453125 0.3818359375 0.897460935546875 0.4208984375 0.926757814453125 0.4462890625 0.899414064453125 0.4755859375 0.807617185546875 0.5576171875 0.311523435546875 0.5576171875 0.270507814453125
5 0.6494140625 0.276367185546875 0.613281251953125 0.255859375 0.580078123046875 0.26171875 0.5615234375 0.286132814453125 0.4892578125 0.700195314453125 0.4716796875 0.874023435546875 0.4990234375 0.932617185546875 0.5048828125 0.981445314453125 0.5126953125 0.930664064453125 0.5517578125 0.866210935546875 0.6650390625 0.331054685546875 0.6494140625 0.276367185546875
5 0.8115234375 0.243164064453125 0.8037109375 0.209960935546875 0.769531251953125 0.1796875 0.728515623046875 0.19140625 0.6962890625 0.239257814453125 0.6044921875 0.620117185546875 0.5947265625 0.786132814453125 0.621093751953125 0.822265625 0.6474609375 0.827148435546875 0.6708984375 0.788085935546875 0.7470703125 0.385742185546875 0.7783203125 0.290039064453125 0.8115234375 0.243164064453125
5 0.8955078125 0.307617185546875 0.8818359375 0.272460935546875 0.859375001953125 0.255859375 0.814453123046875 0.255859375 0.7861328125 0.280273435546875 0.7373046875 0.428710935546875 0.6533203125 0.885742185546875 0.6630859375 0.934570314453125 0.6884765625 0.948242185546875 0.7353515625 0.909179685546875 0.7763671875 0.819335935546875 0.8798828125 0.430664064453125 0.8955078125 0.307617185546875
5 0.8955078125 0.297851564453125 0.8935546875 0.381835935546875 0.8388671875 0.588867185546875 0.8076171875 0.797851564453125 0.8134765625 0.887695314453125 0.8583984375 0.913085935546875 0.8916015625 0.879882814453125 0.9228515625 0.698242185546875 0.919921873046875 0.28515625 0.8955078125 0.297851564453125
5 0.177734373046875 0.1171875 0.2802734375 0.000976564453125 0.148437501953125 0 0.0771484375 0.098632814453125 0.0771484375 0.182617185546875 0.0869140625 0.186523435546875 0.177734373046875 0.1171875
5 0.328125001953125 0.03515625 0.2900390625 0.059570314453125 0.3037109375 0.129882814453125 0.328125001953125 0.03515625
5 0.3408203125 0.118164064453125 0.3486328125 0.124023435546875 0.4228515625 0.041992185546875 0.429687501953125 0 0.3837890625 0.002929685546875 0.3408203125 0.118164064453125
5 0.093750001953125 0.220703125 0.1396484375 0.241210935546875 0.2841796875 0.165039064453125 0.273437501953125 0.072265625 0.0810546875 0.200195314453125 0.093750001953125 0.220703125