12 0.5300853544921875 0.5639097744140625 0.6847990615234375 0.52053209765625 0.7079338203125 0.4554655869140625 0.6688939140625 0.4120879130859375 0.6298540087890625 0.3875072294921875 0.5517741923828124 0.3585887783203125 0.5141802080078125 0.35280508984375 0.4679106884765625 0.3875072294921875 0.4274248583984375 0.44389820703125 0.44477592578125 0.5277617109375 0.5300853544921875 0.5639097744140625
12 0.4282924111328125 0.4962406015625 0.4395706064453125 0.5263157890625 0.507239779296875 0.5676691728515625 0.5523525615234375 0.5714285712890625 0.6726533125 0.5413533837890625 0.7027285009765625 0.5037593984375 0.6839315087890625 0.4248120302734375 0.6049841396484374 0.368421052734375 0.529796169921875 0.349624060546875 0.4734051923828125 0.375939849609375 0.4358112080078125 0.4210526318359375 0.4282924111328125 0.4962406015625
12 0.2437927001953125 0.1937536162109375 0.1440240458984375 0.176402544921875 0.142578125 0.3397917861328125 0.1469158916015625 0.3716020830078125 0.2712652265625 0.35280508984375 0.321872515625 0.3267784853515625 0.3334398955078125 0.2761711953125 0.2437927001953125 0.1937536162109375
12 0.3146429033203125 0.2588201279296875 0.300183677734375 0.349913244140625 0.421641166015625 0.38606130859375 0.5300853544921875 0.3426836318359375 0.5546660380859375 0.2805089658203125 0.4852617568359375 0.1821862333984375 0.384047181640625 0.1720647783203125 0.3565746552734375 0.170618853515625 0.305967365234375 0.24436090234375 0.3146429033203125 0.2588201279296875
12 0.6963664404296875 0.3932909208984375 0.7585411103515625 0.388953150390625 0.7903514033203125 0.3687102373046875 0.78456771484375 0.2805089658203125 0.7281767373046875 0.228455755859375 0.639975462890625 0.19230769140625 0.5980437119140625 0.1879699248046875 0.5228557412109375 0.24436090234375 0.5430986591796875 0.3166570263671875 0.59948963671875 0.360034703125 0.6963664404296875 0.3932909208984375
12 0.3233184375 0.5711393876953125 0.421641166015625 0.5118565634765625 0.428870779296875 0.4164256806640625 0.399952328125 0.381723541015625 0.300183677734375 0.3556969365234375 0.2148742490234375 0.3846153837890625 0.1859558017578125 0.441006361328125 0.1931854111328125 0.53354540234375 0.3233184375 0.5711393876953125
12 0.20764463671875 0.7244071728515625 0.279940763671875 0.672353962890625 0.3016295986328125 0.62319259765625 0.287170373046875 0.5595720078125 0.1613751171875 0.5277617109375 0.142578125 0.555234240234375 0.14836181640625 0.73308270703125 0.165712884765625 0.73308270703125 0.20764463671875 0.7244071728515625
12 0.3074132900390625 0.670908037109375 0.326210283203125 0.7215153271484375 0.3826012607421875 0.7504337783203126 0.4274248583984375 0.7504337783203126 0.5546660380859375 0.688259109375 0.55322011328125 0.646327357421875 0.508396515625 0.568247541015625 0.4303167041015625 0.5349913232421875 0.3623583427734375 0.5349913232421875 0.3204265908203125 0.5899363798828124 0.3204265908203125 0.600057837890625 0.3117510576171875 0.614517060546875 0.3074132900390625 0.670908037109375
12 0.5590038056640625 0.68102949609375 0.5749089521484375 0.7244071728515625 0.6312999296875 0.754771544921875 0.705041978515625 0.7504337783203126 0.7614329560546875 0.683921341796875 0.8004728623046875 0.64198958984375 0.78601363671875 0.5986119130859375 0.7354063505859375 0.5639097744140625 0.699258287109375 0.5422209365234375 0.60527332421875 0.562463853515625 0.60527332421875 0.5668016201171875 0.5459905009765625 0.6087333720703125 0.5590038056640625 0.68102949609375
12 0.5170720537109375 0.9109311728515626 0.650096921875 0.9008097177734375 0.7021501328125 0.8877964130859375 0.6616643017578125 0.7836899921875 0.55322011328125 0.7027183349609375 0.45778923046875 0.780798150390625 0.4462218505859375 0.8140543681640625 0.4491136962890625 0.86176980859375 0.5170720537109375 0.9109311728515626
12 0.18161803125 0.7981492177734375 0.1989691025390625 0.8718912666015625 0.2495763876953125 0.909485251953125 0.363804267578125 0.938403703125 0.4187493203125 0.915268939453125 0.4433300048828125 0.8603238876953125 0.4115197119140625 0.7764603837890625 0.3030755234375 0.717177560546875 0.2828326064453125 0.717177560546875 0.2148742490234375 0.7504337783203126 0.18161803125 0.7981492177734375