12 0.51592356640625 0.6189602412109375 0.528662419921875 0.653992087890625 0.5414012734375 0.6731003681640625 0.5923566875 0.6985780751953125 0.6369426748046875 0.6985780751953125 0.6751592353515625 0.6826545087890625 0.716560509765625 0.650807375 0.742038216796875 0.5998519609375 0.7452229296875 0.5043105595703125 0.732484076171875 0.4565398583984375 0.7133757958984375 0.4310621513671875 0.66878980859375 0.42150801171875 0.5923566875 0.46290928515625 0.52547770703125 0.53934240625 0.51592356640625 0.6189602412109375
12 0.1125759140625 0.3727744892578125 0.150348095703125 0.4142498271484375 0.2325581396484375 0.432765603515625 0.2844023125 0.4098060400390625 0.2940305126953125 0.34092735546875 0.3162494462890625 0.2987113876953125 0.287364833984375 0.2431640625 0.168863873046875 0.2431640625 0.1222041181640625 0.281676875 0.1125759140625 0.3727744892578125
12 0.654717818359375 0.39647468359375 0.6643460224609375 0.369811966796875 0.6606428662109375 0.3157459033203125 0.6317582578125 0.291305078125 0.553992 0.3090802216796875 0.508813509765625 0.345371142578125 0.5065916142578125 0.4112873046875 0.582876611328125 0.449059486328125 0.5962079677734375 0.4505407470703125 0.62435194921875 0.437209390625 0.654717818359375 0.39647468359375
12 0.68138053515625 0.4209155048828125 0.699155681640625 0.4209155048828125 0.7310028154296875 0.456465794921875 0.78136572265625 0.48535040625 0.8420974677734375 0.478684724609375 0.859872611328125 0.4460969609375 0.8280254775390625 0.336483572265625 0.7702562578125 0.3075989609375 0.7243371337890625 0.3083395908203125 0.6798992734375 0.3387054638671875 0.680639904296875 0.333521046875 0.6680491787109375 0.3831433232421875 0.68138053515625 0.4209155048828125
12 0.7917345576171875 0.6327359765625 0.8139534873046875 0.6586580625 0.8391349423828125 0.694948982421875 0.8517256689453125 0.7164272822265625 0.9035698408203126 0.7401274765625 0.9680047392578125 0.713464759765625 0.987261146484375 0.657917431640625 0.961339060546875 0.5934825341796875 0.9443045478515625 0.5431196259765625 0.8732039716796876 0.5268257412109375 0.8206191689453125 0.546822779296875 0.8161753818359375 0.560154138671875 0.795437712890625 0.59940758203125 0.7917345576171875 0.6327359765625
12 0.3392090068359375 0.4942379765625 0.359206044921875 0.4794253583984375 0.4488223984375 0.4690565244140625 0.49474151953125 0.4038809921875 0.4999259365234375 0.325374103515625 0.444378611328125 0.257236052734375 0.370315509765625 0.2601985751953125 0.3221744931640625 0.2883425556640625 0.294771146484375 0.332780416015625 0.2903273603515625 0.41869361328125 0.294771146484375 0.4157310908203125 0.2969930380859375 0.4594283203125 0.3392090068359375 0.4942379765625
12 0.4132721083984375 0.7364243203125 0.4658569111328125 0.6905051962890625 0.51918234375 0.6142202021484375 0.5139979267578125 0.527566375 0.4754851142578125 0.48535040625 0.4206784169921875 0.471278416015625 0.3466153154296875 0.5031255498046875 0.32143386328125 0.5401571005859375 0.3095837646484375 0.6075545244140625 0.3221744931640625 0.6638424794921876 0.351799732421875 0.7208710693359375 0.4132721083984375 0.7364243203125
12 0.8643163984375 0.4238780302734375 0.8961635322265625 0.3912902666015625 0.9161605703125 0.3083395908203125 0.8806102802734375 0.257236052734375 0.811731595703125 0.2453859541015625 0.7724781533203126 0.257236052734375 0.762109318359375 0.3046364384765625 0.8250629521484375 0.3424086201171875 0.8546881943359375 0.4238780302734375 0.8643163984375 0.4238780302734375
12 0.8146941181640625 0.755680728515625 0.822841060546875 0.749015046875 0.83320989453125 0.714205390625 0.8280254775390625 0.6460673359375 0.7401328662109375 0.6059883046875 0.7376684931640625 0.6275515595703125 0.6902681083984376 0.666064375 0.613242484375 0.7045771865234375 0.6110205888671875 0.7164272822265625 0.6228706845703125 0.7541994638671875 0.8146941181640625 0.755680728515625
12 0.220708044921875 0.740868107421875 0.2451488662109375 0.6786551005859375 0.254036439453125 0.5905200087890625 0.23107687890625 0.545341517578125 0.150348095703125 0.534232052734375 0.1473855732421875 0.53867583984375 0.10516960546875 0.537935208984375 0.0799881494140625 0.545341517578125 0.04962227734375 0.5786699130859375 0.030365873046875 0.62532966796875 0.022959560546875 0.676433208984375 0.0548066943359375 0.755902916015625 0.202192267578125 0.755902916015625 0.2118204716796875 0.750496310546875 0.220708044921875 0.740868107421875
12 0.14590430859375 0.532010158203125 0.2221893056640625 0.545341517578125 0.240705080078125 0.571263603515625 0.2599614873046875 0.523122587890625 0.2525551787109375 0.441653173828125 0.2340394013671875 0.437209390625 0.14590430859375 0.4112873046875 0.0918382451171875 0.4283218173828125 0.0577692197265625 0.48312851171875 0.0844319365234375 0.549044673828125 0.14590430859375 0.532010158203125
12 0.3043993466796875 0.59940758203125 0.31773070703125 0.5327507919921874 0.35624351953125 0.500903658203125 0.2866242041015625 0.445356330078125 0.2584802265625 0.4912754541015625 0.2473707607421875 0.5623760302734375 0.294771146484375 0.598666951171875 0.3043993466796875 0.59940758203125