12 0.3454545458984375 0.5415376416015625 0.3454545458984375 0.5997194599609375 0.36363636328125 0.6324467333984375 0.44 0.6215376416015626 0.5090909091796875 0.6360830966796875 0.5745454541015625 0.6142649150390626 0.64 0.5597194599609375 0.658181818359375 0.5160830966796875 0.6472727275390625 0.4542649150390625 0.60363636328125 0.425174005859375 0.5454545458984374 0.425174005859375 0.4290909091796875 0.4360830966796875 0.3854545458984375 0.465174005859375 0.3454545458984375 0.5415376416015625
12 0.577033494140625 0.2952218525390625 0.4956937783203125 0.2531165908203125 0.41052631640625 0.2655567802734375 0.3148325341796875 0.39857113671875 0.3617224873046875 0.4473749619140625 0.54258373046875 0.427279267578125 0.56267942578125 0.3727338125 0.577033494140625 0.2952218525390625
12 0.69473684375 0.2789539111328125 0.6794258359375 0.2866094130859375 0.5741626796875 0.326800798828125 0.56363636328125 0.4205807041015625 0.5693779892578125 0.4291931435546875 0.6172248798828125 0.469384533203125 0.6794258359375 0.485652474609375 0.7904306220703124 0.45598740234375 0.81531100390625 0.4023988857421875 0.823923443359375 0.33541323828125 0.7875598076171875 0.2971357294921875 0.7177033486328125 0.26747065625 0.7253588505859375 0.275126158203125 0.708133970703125 0.26747065625 0.69473684375 0.2789539111328125
12 0.6564593310546875 0.7468964931640625 0.56267942578125 0.6655567802734375 0.48421052734375 0.6177098896484375 0.371291865234375 0.633020896484375 0.291866029296875 0.6933079765625 0.297607654296875 0.6875663515625 0.2851674658203125 0.6818247216796876 0.28421052734375 0.7363701767578125 0.3693779892578125 0.8324467333984376 0.6516746396484375 0.8324467333984376 0.6622009560546875 0.8129252021484376 0.6564593310546875 0.7468964931640625
12 0 0.785174005859375 0.028708134765625 0.8291931435546875 0.31100478515625 0.8324467333984376 0.318660287109375 0.7784754423828125 0.281339712890625 0.6933079765625 0.223923443359375 0.654073525390625 0.11578947265625 0.6406763984375 0.0047846875 0.6923510380859375 0 0.7344563037109375 0 0.785174005859375
12 0.08421052734375 0.6311070205078125 0.1875598076171875 0.6521596533203124 0.312918662109375 0.62440845703125 0.3540669853515625 0.543068744140625 0.3320574140625 0.4684275947265625 0.21531100390625 0.4454610859375 0.1693779892578125 0.4521596533203125 0.1272727275390625 0.46651371875 0.0641148330078125 0.5057481689453125 0.028708134765625 0.5555089326171875 0.0354066982421875 0.55646587109375 0.046889953125 0.5880448203125 0.08421052734375 0.6311070205078125
12 0.2516746396484375 0.322016111328125 0.2794258359375 0.337327115234375 0.3282296650390625 0.333499365234375 0.405741625 0.26747065625 0.4248803818359375 0.25598740234375 0.428708134765625 0.1669921875 0.2019138759765625 0.169863001953125 0.2047846875 0.1947433837890625 0.2306220107421875 0.2808677841796875 0.2516746396484375 0.322016111328125
12 0.070813396484375 0.4607720927734375 0.11004784765625 0.4808677841796875 0.26889951953125 0.4445041474609375 0.28421052734375 0.338284052734375 0.2382775126953125 0.306705107421875 0.2306220107421875 0.2531165908203125 0.181818181640625 0.243547212890625 0.1090909091796875 0.2684275947265625 0.0775119599609375 0.3392409912109375 0.05741626953125 0.39857113671875 0.070813396484375 0.4607720927734375
12 0.8488038291015625 0.3411548671875 0.929186603515625 0.348810369140625 0.976076556640625 0.2760830966796875 0.9645933017578125 0.1689060634765625 0.71100478515625 0.1689060634765625 0.7377990439453125 0.2684275947265625 0.7617224873046875 0.2885232890625 0.8488038291015625 0.3411548671875
12 0.7588516767578125 0.65120271484375 0.891866029296875 0.6291931435546875 0.91004784765625 0.5459395546875 0.9645933017578125 0.522016111328125 0.960765548828125 0.49809266796875 0.908133970703125 0.4531165908203125 0.807655501953125 0.4397194599609375 0.6851674658203125 0.45598740234375 0.64210526171875 0.5612505625 0.64210526171875 0.569863001953125 0.666028708984375 0.6291931435546875 0.7588516767578125 0.65120271484375
12 0.876555025390625 0.6416333369140625 0.744497607421875 0.65120271484375 0.6650717705078125 0.6684275947265625 0.6507177021484375 0.7239299873046875 0.646889953125 0.7602936240234375 0.66315789453125 0.806226638671875 0.70526315625 0.8324467333984376 0.9263157890625 0.8324467333984376 0.8822966513671875 0.744025681640625 0.876555025390625 0.6416333369140625
12 1 0.47704003515625 0.9167464111328125 0.5679491259765626 0.88421052734375 0.65694433984375 0.8794258359375 0.744025681640625 0.9358851669921875 0.8324467333984376 1 0.8324467333984376 1 0.47704003515625