12 0.2844444443359375 0.568888888671875 0.2844444443359375 0.631111111328125 0.3244444443359375 0.688888888671875 0.368888888671875 0.711111111328125 0.50222222265625 0.7155555556640625 0.57777777734375 0.6355555556640625 0.57777777734375 0.54222222265625 0.5155555556640625 0.4755555556640625 0.4266666669921875 0.45777777734375 0.3466666669921875 0.488888888671875 0.30222222265625 0.5333333330078125 0.2844444443359375 0.568888888671875
12 0.5906810048828125 0.494623658203125 0.659498208984375 0.3397849462890625 0.64229390625 0.2394265244140625 0.58064516015625 0.2150537646484375 0.569175626953125 0.2265232978515625 0.5749103955078125 0.21935483984375 0.5749103955078125 0.216487453125 0.4544802890625 0.233691755859375 0.372759857421875 0.398566306640625 0.4845878134765625 0.4458781376953125 0.5906810048828125 0.494623658203125
12 0.7784946220703125 0.7870967734375 0.83870967578125 0.685304658203125 0.8057347685546875 0.5749103955078125 0.708243728515625 0.540501791015625 0.5878136220703125 0.57777777734375 0.5089605732421875 0.7569892490234374 0.6293906796875 0.8215053779296875 0.7784946220703125 0.7870967734375
12 0.6551971337890625 0.9878136220703125 0.688172044921875 0.863082435546875 0.6795698935546876 0.8172043017578124 0.643727599609375 0.788530466796875 0.530465951171875 0.7541218623046875 0.3813620087890625 0.840143369140625 0.3799283154296875 0.9476702490234375 0.478853044921875 1 0.6551971337890625 0.9878136220703125
12 0.699641578125 0.9992831552734375 0.8573476708984376 1 0.901792115234375 0.9706093203125 0.9089605732421875 0.9204301064453125 0.8960573466796875 0.8688172041015625 0.850179212890625 0.8028673818359375 0.7383512529296875 0.801433693359375 0.682437275390625 0.8329749111328125 0.6681003603515625 0.9620071689453125 0.699641578125 0.9992831552734375
12 0.788530466796875 0.566308244140625 0.943369177734375 0.50609319140625 0.96487455078125 0.4071684580078125 0.8473118271484374 0.3168458798828125 0.695340501953125 0.33548387109375 0.6250896044921875 0.437275986328125 0.640860212890625 0.517562724609375 0.788530466796875 0.566308244140625
12 0.6093189951171875 0.2035842314453125 0.7010752666015625 0.3154121865234375 0.878853044921875 0.28387096875 0.91612903125 0.2021505380859375 0.8974910400390625 0.1132616484375 0.7956989248046875 0.053046595703125 0.7139784931640625 0.0802867373046875 0.620788529296875 0.1261648759765625 0.6093189951171875 0.2035842314453125
12 0.5605734755859375 0.194982080078125 0.55197132421875 0.0817204306640625 0.4960573466796875 0.030107529296875 0.414336916015625 0.0186379912109375 0.3154121865234375 0.065949822265625 0.3039426533203125 0.065949822265625 0.269534048828125 0.141935484375 0.2896057333984375 0.20645161328125 0.4028673818359375 0.258064515625 0.5605734755859375 0.194982080078125
12 0.3010752666015625 0.440143369140625 0.3971326181640625 0.33548387109375 0.3928315419921875 0.2523297509765625 0.3412186396484375 0.2007168447265625 0.2021505380859375 0.2021505380859375 0.1978494619140625 0.1978494619140625 0.09318996484375 0.2924731201171875 0.1089605732421875 0.3670250888671875 0.1706093203125 0.4215053779296875 0.3010752666015625 0.440143369140625
12 0 0.594982080078125 0.101792115234375 0.6623655908203125 0.2394265244140625 0.6609318974609375 0.2637992841796875 0.5347670263671875 0.2379928310546875 0.4587813603515625 0.1964157685546875 0.414336916015625 0.114695341796875 0.398566306640625 0.05161290234375 0.415770609375 0 0.4802867373046875 0 0.594982080078125
12 0.374193546875 0.888888888671875 0.4200716845703125 0.7913978486328125 0.385663083984375 0.734050177734375 0.3297491025390625 0.68100358203125 0.295340501953125 0.6709677421875 0.2121863779296875 0.6767025107421875 0.15770609375 0.69390680859375 0.15770609375 0.708243728515625 0.143369177734375 0.8845878134765625 0.23225806640625 0.9491039423828125 0.3025089599609375 0.9491039423828125 0.374193546875 0.888888888671875