10 0.21875 0.7451171875 0.21875 0.7822265625 0.2548828125 0.810546873046875 0.3115234375 0.8046875 0.34765625 0.7646484375 0.337890626953125 0.7275390625 0.3095703125 0.7109375 0.2451171875 0.71484375 0.21875 0.7451171875
10 0.419921873046875 0.7626953125 0.427734373046875 0.7958984375 0.4677734375 0.818359373046875 0.5263671875 0.814453126953125 0.552734373046875 0.7783203125 0.5400390625 0.744140626953125 0.4853515625 0.720703126953125 0.4677734375 0.720703126953125 0.419921873046875 0.7626953125
10 0.56640625 0.7529296875 0.5625 0.8056640625 0.5791015625 0.826171873046875 0.6474609375 0.8359375 0.669921873046875 0.8251953125 0.68359375 0.7783203125 0.6650390625 0.744140626953125 0.5947265625 0.734375 0.56640625 0.7529296875
10 0.69921875 0.7724609375 0.705078126953125 0.8212890625 0.7353515625 0.841796873046875 0.7783203125 0.845703126953125 0.80859375 0.8193359375 0.8125 0.7841796875 0.7841796875 0.7578125 0.7294921875 0.75 0.69921875 0.7724609375
10 0.83984375 0.7900390625 0.84375 0.8291015625 0.8759765625 0.8515625 0.9267578125 0.85546875 0.9609375 0.8173828125 0.95703125 0.7880859375 0.9130859375 0.75390625 0.8662109375 0.7578125 0.83984375 0.7900390625
10 0.546875 0.0283203125 0.5283203125 0 0.46875 0.0048828125 0.5224609375 0.0703125 0.54296875 0.0673828125 0.546875 0.0283203125
10 0.5478515625 0 0.55078125 0.0400390625 0.5771484375 0.056640626953125 0.6201171875 0.068359373046875 0.65625 0.0439453125 0.6494140625 0 0.5478515625 0
10 0.8125 0.0380859375 0.8125 0.0576171875 0.8603515625 0.087890626953125 0.8896484375 0.080078126953125 0.91015625 0.0498046875 0.904296873046875 0.0205078125 0.8623046875 0.001953126953125 0.8310546875 0.013671873046875 0.8125 0.0380859375
10 0.90625 0.0205078125 0.908203126953125 0.0693359375 0.9541015625 0.09375 0.978515626953125 0.0595703125 0.978515626953125 0.0244140625 0.9560546875 0.001953126953125 0.9189453125 0.0078125 0.90625 0.0205078125
10 0.8671875 0.1298828125 0.8798828125 0.14453125 0.943359373046875 0.1533203125 0.951171873046875 0.1181640625 0.9306640625 0.083984373046875 0.8994140625 0.076171873046875 0.869140626953125 0.1025390625 0.8671875 0.1298828125
10 0.7822265625 0.130859373046875 0.8212890625 0.15234375 0.8515625 0.1474609375 0.859375 0.0966796875 0.8388671875 0.068359373046875 0.8076171875 0.0625 0.7734375 0.0849609375 0.7822265625 0.130859373046875
10 0.6591796875 0 0.66015625 0.0419921875 0.7001953125 0.068359373046875 0.75 0.0458984375 0.7451171875 0 0.6591796875 0
10 0.62109375 0.1083984375 0.62109375 0.0791015625 0.6025390625 0.060546873046875 0.5791015625 0.056640626953125 0.552734373046875 0.0771484375 0.5673828125 0.138671873046875 0.62109375 0.1083984375
10 0.6279296875 0.111328126953125 0.6669921875 0.130859373046875 0.6875 0.1220703125 0.697265626953125 0.0751953125 0.6845703125 0.0546875 0.6494140625 0.048828126953125 0.623046873046875 0.0712890625 0.6279296875 0.111328126953125
10 0.689453126953125 0.1533203125 0.7080078125 0.171875 0.7353515625 0.171875 0.7734375 0.1298828125 0.76953125 0.0869140625 0.7275390625 0.064453126953125 0.69921875 0.0771484375 0.689453126953125 0.1533203125
10 0.8046875 0.0634765625 0.7880859375 0.044921873046875 0.7529296875 0.046875 0.740234373046875 0.0654296875 0.7685546875 0.08203125 0.8046875 0.0634765625
10 0.81640625 0.2177734375 0.8447265625 0.24609375 0.8935546875 0.232421873046875 0.912109373046875 0.2021484375 0.8837890625 0.154296873046875 0.8388671875 0.162109373046875 0.818359373046875 0.1845703125 0.81640625 0.2177734375
10 0.9228515625 0.232421873046875 0.9453125 0.2041015625 0.94140625 0.1650390625 0.9091796875 0.146484373046875 0.8798828125 0.154296873046875 0.90234375 0.2275390625 0.9228515625 0.232421873046875
10 0.9111328125 0.3125 0.921875 0.2880859375 0.916015626953125 0.2412109375 0.8837890625 0.234375 0.853515626953125 0.2490234375 0.8828125 0.3115234375 0.9111328125 0.3125
10 0.8056640625 0.212890626953125 0.82421875 0.1591796875 0.8037109375 0.138671873046875 0.7705078125 0.134765626953125 0.740234373046875 0.1728515625 0.7548828125 0.21484375 0.8056640625 0.212890626953125
10 0.7861328125 0.291015626953125 0.8359375 0.2490234375 0.8017578125 0.212890626953125 0.7666015625 0.212890626953125 0.74609375 0.2314453125 0.7421875 0.2685546875 0.7861328125 0.291015626953125
10 0.7958984375 0.3515625 0.8505859375 0.365234373046875 0.87109375 0.3505859375 0.880859373046875 0.2919921875 0.8623046875 0.26171875 0.8095703125 0.2578125 0.7890625 0.2900390625 0.7958984375 0.3515625
10 0.9033203125 0.404296873046875 0.921875 0.3818359375 0.923828126953125 0.3388671875 0.9033203125 0.31640625 0.87890625 0.3212890625 0.857421873046875 0.3935546875 0.9033203125 0.404296873046875
10 0.912109373046875 0.4111328125 0.9267578125 0.4375 0.9560546875 0.435546873046875 0.984375 0.4072265625 0.982421873046875 0.3798828125 0.9580078125 0.361328126953125 0.92578125 0.3642578125 0.912109373046875 0.4111328125
10 0.751953126953125 0.3955078125 0.7744140625 0.427734373046875 0.849609373046875 0.4248046875 0.8515625 0.3916015625 0.8330078125 0.3671875 0.7841796875 0.35546875 0.755859373046875 0.3740234375 0.751953126953125 0.3955078125
10 0.9208984375 0.318359373046875 0.9306640625 0.359375 0.96484375 0.3525390625 0.9599609375 0.3203125 0.9208984375 0.318359373046875
10 0.71484375 0.3251953125 0.7451171875 0.365234373046875 0.78515625 0.3486328125 0.78515625 0.2939453125 0.7705078125 0.279296873046875 0.7314453125 0.27734375 0.716796873046875 0.3056640625 0.71484375 0.3251953125
10 0.7060546875 0.322265626953125 0.724609373046875 0.2822265625 0.716796873046875 0.2587890625 0.6904296875 0.23828125 0.658203126953125 0.2548828125 0.65234375 0.3173828125 0.7060546875 0.322265626953125
10 0.568359373046875 0.2587890625 0.5703125 0.2919921875 0.6240234375 0.314453126953125 0.658203126953125 0.2822265625 0.66015625 0.2333984375 0.6376953125 0.212890626953125 0.6064453125 0.212890626953125 0.578125 0.2255859375 0.568359373046875 0.2587890625
10 0.484375 0.1318359375 0.501953126953125 0.1611328125 0.5478515625 0.166015626953125 0.560546873046875 0.1396484375 0.548828126953125 0.0869140625 0.5087890625 0.072265626953125 0.48828125 0.0927734375 0.484375 0.1318359375
10 0.5703125 0.1416015625 0.5703125 0.1826171875 0.5888671875 0.197265626953125 0.6533203125 0.17578125 0.666015626953125 0.1572265625 0.662109373046875 0.1279296875 0.6435546875 0.115234373046875 0.6025390625 0.1171875 0.5703125 0.1416015625
10 0.7333984375 0.25 0.748046873046875 0.2216796875 0.736328126953125 0.1865234375 0.7060546875 0.173828126953125 0.677734373046875 0.1845703125 0.6875 0.2294921875 0.7333984375 0.25
10 0.6630859375 0.244140626953125 0.685546873046875 0.2353515625 0.6650390625 0.181640626953125 0.6298828125 0.181640626953125 0.607421873046875 0.1962890625 0.6044921875 0.212890626953125 0.6630859375 0.244140626953125
10 0.494140626953125 0.2060546875 0.486328126953125 0.2353515625 0.4990234375 0.2578125 0.5361328125 0.27734375 0.5625 0.2685546875 0.578125 0.2392578125 0.5634765625 0.1953125 0.5263671875 0.1875 0.494140626953125 0.2060546875
10 0.3984375 0.1962890625 0.3984375 0.2119140625 0.4169921875 0.22265625 0.4658203125 0.228515626953125 0.48046875 0.2119140625 0.478515626953125 0.1767578125 0.4541015625 0.1484375 0.4306640625 0.154296873046875 0.3984375 0.1962890625
10 0.484375 0.1787109375 0.4853515625 0.220703126953125 0.55859375 0.1904296875 0.5341796875 0.166015626953125 0.484375 0.1787109375
10 0.484375 0.1298828125 0.4716796875 0.083984373046875 0.43359375 0.1181640625 0.43359375 0.1318359375 0.4619140625 0.15234375 0.484375 0.1298828125
10 0.470703126953125 0.2431640625 0.4443359375 0.22265625 0.400390626953125 0.2412109375 0.40625 0.2998046875 0.4423828125 0.306640626953125 0.470703126953125 0.2431640625
10 0.453125 0.2900390625 0.462890626953125 0.3291015625 0.4833984375 0.34765625 0.5205078125 0.34765625 0.54296875 0.3095703125 0.533203126953125 0.2783203125 0.4951171875 0.2578125 0.4716796875 0.26171875 0.453125 0.2900390625
10 0.53515625 0.3525390625 0.56640625 0.4091796875 0.6064453125 0.404296873046875 0.62109375 0.3544921875 0.60546875 0.3154296875 0.5634765625 0.298828126953125 0.53515625 0.3251953125 0.53515625 0.3525390625
10 0.634765626953125 0.3837890625 0.6728515625 0.41015625 0.732421873046875 0.3896484375 0.736328126953125 0.3486328125 0.7099609375 0.326171873046875 0.6689453125 0.3203125 0.6328125 0.3505859375 0.634765626953125 0.3837890625
10 0.681640626953125 0.4248046875 0.677734373046875 0.4599609375 0.7041015625 0.484375 0.7373046875 0.48046875 0.76953125 0.4326171875 0.759765626953125 0.4072265625 0.7392578125 0.3984375 0.7041015625 0.404296873046875 0.681640626953125 0.4248046875
10 0.7578125 0.4521484375 0.7578125 0.4814453125 0.7978515625 0.5234375 0.8251953125 0.5234375 0.849609373046875 0.5009765625 0.853515626953125 0.4658203125 0.8271484375 0.4296875 0.7900390625 0.423828126953125 0.7578125 0.4521484375
10 0.921875 0.4423828125 0.9140625 0.4189453125 0.8896484375 0.404296873046875 0.8583984375 0.404296873046875 0.845703126953125 0.4306640625 0.8564453125 0.46484375 0.921875 0.4423828125
10 0.8515625 0.5283203125 0.8779296875 0.564453126953125 0.9111328125 0.568359373046875 0.94140625 0.5478515625 0.9365234375 0.4609375 0.8759765625 0.458984373046875 0.853515626953125 0.4853515625 0.8515625 0.5283203125
10 1 0.5185546875 0.9794921875 0.50390625 0.94921875 0.5068359375 0.9375 0.5771484375 0.9990234375 0.57421875 1 0.5185546875
10 0.900390626953125 0.6240234375 0.904296873046875 0.6591796875 0.9443359375 0.68359375 0.9853515625 0.66796875 1 0.6474609375 0.994140626953125 0.6123046875 0.9736328125 0.587890626953125 0.9248046875 0.5859375 0.900390626953125 0.6240234375
10 0.8720703125 0.75 0.9501953125 0.775390626953125 0.974609373046875 0.7548828125 0.978515626953125 0.7001953125 0.9658203125 0.685546873046875 0.8896484375 0.677734373046875 0.86328125 0.7119140625 0.8720703125 0.75
10 0.8583984375 0.712890626953125 0.87890625 0.6826171875 0.875 0.6552734375 0.8525390625 0.6328125 0.8095703125 0.62890625 0.82421875 0.7080078125 0.8583984375 0.712890626953125
10 0.7431640625 0.640625 0.72265625 0.6669921875 0.720703126953125 0.7119140625 0.7353515625 0.740234373046875 0.7705078125 0.751953126953125 0.806640626953125 0.7412109375 0.826171873046875 0.6943359375 0.8134765625 0.642578126953125 0.7802734375 0.62890625 0.7431640625 0.640625
10 0.8154296875 0.78515625 0.8349609375 0.78515625 0.865234373046875 0.7470703125 0.8447265625 0.716796873046875 0.8203125 0.7177734375 0.79296875 0.7587890625 0.8154296875 0.78515625
10 0.8662109375 0.640625 0.91015625 0.6025390625 0.904296873046875 0.5771484375 0.8623046875 0.5546875 0.81640625 0.5810546875 0.8203125 0.6201171875 0.8662109375 0.640625
10 0.6875 0.6123046875 0.7197265625 0.6328125 0.802734373046875 0.6201171875 0.79296875 0.5615234375 0.7705078125 0.5390625 0.7119140625 0.533203126953125 0.677734373046875 0.5595703125 0.6875 0.6123046875
10 0.6328125 0.6533203125 0.6591796875 0.6875 0.71875 0.6748046875 0.72265625 0.6416015625 0.6748046875 0.587890626953125 0.6494140625 0.58984375 0.6328125 0.6103515625 0.6328125 0.6533203125
10 0.6884765625 0.775390626953125 0.728515626953125 0.7431640625 0.7080078125 0.689453126953125 0.6591796875 0.69140625 0.638671873046875 0.7138671875 0.638671873046875 0.7314453125 0.6884765625 0.775390626953125
10 0.490234373046875 0.6787109375 0.494140626953125 0.7158203125 0.5400390625 0.7421875 0.5712890625 0.734375 0.59375 0.7001953125 0.587890626953125 0.6572265625 0.5498046875 0.634765626953125 0.5107421875 0.64453125 0.490234373046875 0.6787109375
10 0.4296875 0.6005859375 0.4296875 0.6376953125 0.4638671875 0.669921873046875 0.4912109375 0.6640625 0.537109373046875 0.6220703125 0.533203126953125 0.5849609375 0.5009765625 0.55859375 0.4580078125 0.56640625 0.4296875 0.6005859375
10 0.3994140625 0.6484375 0.421875 0.6337890625 0.455078126953125 0.5634765625 0.3701171875 0.55859375 0.33984375 0.5810546875 0.34375 0.6337890625 0.3994140625 0.6484375
10 0.4052734375 0.732421873046875 0.4423828125 0.73046875 0.470703126953125 0.7001953125 0.4287109375 0.640625 0.380859373046875 0.6787109375 0.380859373046875 0.7021484375 0.4052734375 0.732421873046875
10 0.546875 0.6298828125 0.5927734375 0.6640625 0.626953126953125 0.6474609375 0.634765626953125 0.5947265625 0.6259765625 0.583984373046875 0.5791015625 0.568359373046875 0.546875 0.5986328125 0.546875 0.6298828125
10 0.5400390625 0.595703126953125 0.56640625 0.5712890625 0.556640626953125 0.5283203125 0.5244140625 0.505859373046875 0.478515626953125 0.5380859375 0.4794921875 0.556640626953125 0.5400390625 0.595703126953125
10 0.345703126953125 0.5224609375 0.3701171875 0.5546875 0.43359375 0.5478515625 0.4375 0.5244140625 0.4169921875 0.478515626953125 0.3681640625 0.462890626953125 0.34765625 0.4853515625 0.345703126953125 0.5224609375
10 0.42578125 0.4931640625 0.4443359375 0.521484373046875 0.4814453125 0.52734375 0.51171875 0.4990234375 0.51171875 0.4560546875 0.4736328125 0.427734373046875 0.42578125 0.4658203125 0.42578125 0.4931640625
10 0.580078126953125 0.5146484375 0.5859375 0.5576171875 0.6396484375 0.5859375 0.6708984375 0.578125 0.693359373046875 0.5361328125 0.6875 0.5087890625 0.6357421875 0.4765625 0.6064453125 0.482421873046875 0.580078126953125 0.5146484375
10 0.5234375 0.4990234375 0.5576171875 0.51953125 0.62109375 0.4716796875 0.6171875 0.4423828125 0.5908203125 0.419921873046875 0.5595703125 0.423828126953125 0.521484373046875 0.4599609375 0.5234375 0.4990234375
10 0.46875 0.3779296875 0.46875 0.4150390625 0.5029296875 0.44140625 0.5322265625 0.443359373046875 0.5625 0.4150390625 0.55859375 0.3779296875 0.5341796875 0.353515626953125 0.4931640625 0.35546875 0.46875 0.3779296875
10 0.369140626953125 0.4560546875 0.4111328125 0.466796873046875 0.455078126953125 0.4287109375 0.46484375 0.3798828125 0.4482421875 0.361328126953125 0.4150390625 0.359375 0.361328126953125 0.4150390625 0.369140626953125 0.4560546875
10 0.673828126953125 0.4755859375 0.677734373046875 0.4267578125 0.6591796875 0.400390626953125 0.6220703125 0.38671875 0.599609373046875 0.4130859375 0.6220703125 0.47265625 0.673828126953125 0.4755859375
10 0.791015626953125 0.5458984375 0.7890625 0.5107421875 0.7724609375 0.4921875 0.7451171875 0.482421873046875 0.6923828125 0.4921875 0.6982421875 0.537109373046875 0.791015626953125 0.5458984375
10 0.462890626953125 0.3564453125 0.4609375 0.3310546875 0.4404296875 0.310546873046875 0.4033203125 0.30859375 0.38671875 0.3212890625 0.3916015625 0.3671875 0.462890626953125 0.3564453125
10 0.923828126953125 0.4404296875 0.9453125 0.4970703125 0.9619140625 0.498046873046875 0.966796873046875 0.4482421875 0.923828126953125 0.4404296875
10 0.65234375 0.6904296875 0.63671875 0.6591796875 0.603515626953125 0.6708984375 0.59765625 0.6943359375 0.6337890625 0.71875 0.65234375 0.6904296875