10 0.0924479169921875 0.302734375 0.1458333330078125 0.3115234375 0.1901041669921875 0.2841796875 0.1927083330078125 0.2548828125 0.1575520830078125 0.220703125 0.1184895830078125 0.208984375 0.0924479169921875 0.2109375 0.0520833330078125 0.2373046875 0.0520833330078125 0.2685546875 0.0924479169921875 0.302734375
10 0.2994791669921875 0.2744140625 0.3229166669921875 0.2646484375 0.359375 0.2255859375 0.34375 0.1923828125 0.3059895830078125 0.177734375 0.2434895830078125 0.19140625 0.2083333330078125 0.2255859375 0.2278645830078125 0.265625 0.2994791669921875 0.2744140625
10 0.15625 0.3408203125 0.1861979169921875 0.3671875 0.2057291669921875 0.3681640625 0.2721354169921875 0.345703125 0.2942708330078125 0.3251953125 0.2916666669921875 0.2919921875 0.2669270830078125 0.26953125 0.2278645830078125 0.26953125 0.1861979169921875 0.287109375 0.1588541669921875 0.3115234375 0.15625 0.3408203125
10 0.2278645830078125 0.44140625 0.2682291669921875 0.4423828125 0.2981770830078125 0.416015625 0.3541666669921875 0.3935546875 0.3515625 0.3759765625 0.33203125 0.357421875 0.2565104169921875 0.349609375 0.2057291669921875 0.3720703125 0.1953125 0.4052734375 0.2278645830078125 0.44140625
10 0.4479166669921875 0.3173828125 0.4869791669921875 0.3251953125 0.5221354169921875 0.3203125 0.5520833330078125 0.2861328125 0.5494791669921875 0.2451171875 0.51171875 0.22265625 0.46484375 0.232421875 0.4348958330078125 0.2685546875 0.4348958330078125 0.3017578125 0.4479166669921875 0.3173828125
10 0.328125 0.3056640625 0.35546875 0.322265625 0.390625 0.3271484375 0.4322916669921875 0.3017578125 0.4427083330078125 0.2509765625 0.4322916669921875 0.2294921875 0.41015625 0.220703125 0.3606770830078125 0.2265625 0.3359375 0.2451171875 0.3229166669921875 0.2705078125 0.328125 0.3056640625
10 0.3580729169921875 0.435546875 0.4270833330078125 0.4638671875 0.4947916669921875 0.4384765625 0.4778645830078125 0.404296875 0.4309895830078125 0.39453125 0.3580729169921875 0.396484375 0.3033854169921875 0.4140625 0.2734375 0.4423828125 0.2799479169921875 0.44921875 0.3580729169921875 0.435546875
10 0.2838541669921875 0.5478515625 0.3059895830078125 0.5625 0.3333333330078125 0.5615234375 0.41015625 0.52734375 0.4296875 0.5029296875 0.421875 0.4638671875 0.3736979169921875 0.439453125 0.27734375 0.44921875 0.25 0.4833984375 0.25 0.5087890625 0.2838541669921875 0.5478515625
10 0.5494791669921875 0.4462890625 0.59375 0.4912109375 0.6419270830078125 0.4765625 0.69140625 0.478515625 0.7005208330078125 0.4716796875 0.7083333330078125 0.4326171875 0.6861979169921875 0.40234375 0.6236979169921875 0.3984375 0.5572916669921875 0.4306640625 0.5494791669921875 0.4462890625
10 0.4296875 0.5146484375 0.4361979169921875 0.525390625 0.4622395830078125 0.52734375 0.5130208330078125 0.5517578125 0.5546875 0.5322265625 0.578125 0.5009765625 0.578125 0.4814453125 0.5455729169921875 0.447265625 0.49609375 0.439453125 0.4466145830078125 0.453125 0.4270833330078125 0.4677734375 0.4296875 0.5146484375
10 0.328125 0.6064453125 0.3385416669921875 0.6240234375 0.37109375 0.642578125 0.4088541669921875 0.6474609375 0.4700520830078125 0.6328125 0.5052083330078125 0.6025390625 0.5 0.5595703125 0.4596354169921875 0.52734375 0.41796875 0.525390625 0.3815104169921875 0.53515625 0.3307291669921875 0.5712890625 0.328125 0.6064453125
10 0.5598958330078125 0.5244140625 0.5572916669921875 0.5537109375 0.5755208330078125 0.5791015625 0.59765625 0.59375 0.6302083330078125 0.5947265625 0.6966145830078125 0.572265625 0.7213541669921875 0.5439453125 0.7265625 0.5009765625 0.6861979169921875 0.48046875 0.64453125 0.4765625 0.61328125 0.484375 0.5794270830078125 0.5 0.5598958330078125 0.5244140625
10 0.5872395830078125 0.669921875 0.6145833330078125 0.6728515625 0.7265625 0.6279296875 0.7317708330078125 0.6064453125 0.7044270830078125 0.576171875 0.6419270830078125 0.595703125 0.58984375 0.59375 0.5755208330078125 0.6005859375 0.5598958330078125 0.6376953125 0.5872395830078125 0.669921875
10 0.3411458330078125 0.6923828125 0.3515625 0.7197265625 0.3815104169921875 0.740234375 0.4192708330078125 0.7412109375 0.4986979169921875 0.71484375 0.515625 0.6982421875 0.515625 0.6611328125 0.4830729169921875 0.634765625 0.4283854169921875 0.6484375 0.3736979169921875 0.6484375 0.3463541669921875 0.6728515625 0.3411458330078125 0.6923828125
10 0.4270833330078125 0.3193359375 0.3971354169921875 0.349609375 0.39453125 0.330078125 0.390625 0.3349609375 0.3984375 0.3779296875 0.41796875 0.392578125 0.4765625 0.3974609375 0.5260416669921875 0.3798828125 0.53125 0.3525390625 0.5091145830078125 0.328125 0.4596354169921875 0.326171875 0.44140625 0.310546875 0.4283854169921875 0.310546875 0.3984375 0.3251953125 0.4270833330078125 0.3193359375
10 0.5455729169921875 0.359375 0.5755208330078125 0.3642578125 0.6106770830078125 0.357421875 0.6588541669921875 0.3291015625 0.6640625 0.3115234375 0.6393229169921875 0.283203125 0.5924479169921875 0.27734375 0.5520833330078125 0.2861328125 0.5234375 0.3349609375 0.5455729169921875 0.359375
10 0.7135416669921875 0.4111328125 0.7369791669921875 0.3974609375 0.7526041669921875 0.3701171875 0.73046875 0.310546875 0.6341145830078125 0.341796875 0.6041666669921875 0.3720703125 0.6158854169921875 0.400390625 0.6653645830078125 0.396484375 0.7135416669921875 0.4111328125
10 0.6067708330078125 0.4033203125 0.5950520830078125 0.369140625 0.5481770830078125 0.369140625 0.5234375 0.3857421875 0.5130208330078125 0.4033203125 0.515625 0.4345703125 0.546875 0.4404296875 0.6067708330078125 0.4033203125
10 0.8020833330078125 0.5185546875 0.8489583330078125 0.4970703125 0.84375 0.4482421875 0.8059895830078125 0.412109375 0.7434895830078125 0.40625 0.7109375 0.4384765625 0.7135416669921875 0.4833984375 0.76171875 0.517578125 0.8020833330078125 0.5185546875
10 1 0.3857421875 0.9778645830078125 0.373046875 0.9127604169921875 0.3828125 0.8828125 0.4130859375 0.8828125 0.4658203125 0.8932291669921875 0.4833984375 0.9231770830078125 0.5 0.9557291669921875 0.4990234375 0.97265625 0.49609375 1 0.4716796875 1 0.3857421875
10 0.7955729169921875 0.595703125 0.8177083330078125 0.5947265625 0.9192708330078125 0.5537109375 0.921875 0.5224609375 0.9049479169921875 0.501953125 0.85546875 0.49609375 0.83984375 0.509765625 0.7682291669921875 0.5361328125 0.7708333330078125 0.5810546875 0.7955729169921875 0.595703125
10 0.7552083330078125 0.3583984375 0.76953125 0.3671875 0.8046875 0.3662109375 0.8697916669921875 0.3466796875 0.8932291669921875 0.3076171875 0.8736979169921875 0.27734375 0.8033854169921875 0.275390625 0.76171875 0.2890625 0.7395833330078125 0.3076171875 0.7369791669921875 0.3291015625 0.7552083330078125 0.3583984375
10 0.9114583330078125 0.3818359375 0.9466145830078125 0.373046875 1 0.3779296875 0.9934895830078125 0.306640625 0.9283854169921875 0.296875 0.8828125 0.3173828125 0.875 0.3544921875 0.8828125 0.3681640625 0.9114583330078125 0.3818359375
10 0.7526041669921875 0.2607421875 0.7643229169921875 0.2734375 0.7942708330078125 0.2763671875 0.8580729169921875 0.26953125 0.8958333330078125 0.2490234375 0.90625 0.2119140625 0.8841145830078125 0.185546875 0.82421875 0.185546875 0.7877604169921875 0.201171875 0.7630208330078125 0.2236328125 0.7526041669921875 0.2607421875
10 0.7447916669921875 0.2373046875 0.765625 0.2080078125 0.7578125 0.1689453125 0.6966145830078125 0.126953125 0.6315104169921875 0.138671875 0.6041666669921875 0.1669921875 0.6197916669921875 0.2099609375 0.6888020830078125 0.236328125 0.7447916669921875 0.2373046875
10 0.6822916669921875 0.3193359375 0.7473958330078125 0.2880859375 0.7526041669921875 0.2666015625 0.7395833330078125 0.2470703125 0.6002604169921875 0.2109375 0.6015625 0.2724609375 0.6419270830078125 0.283203125 0.6640625 0.3173828125 0.6822916669921875 0.3193359375
10 0.5299479169921875 0.228515625 0.5494791669921875 0.2451171875 0.5520833330078125 0.2744140625 0.5625 0.2783203125 0.58203125 0.2734375 0.5989583330078125 0.2509765625 0.5885416669921875 0.2119140625 0.5559895830078125 0.1953125 0.4700520830078125 0.205078125 0.4635416669921875 0.2294921875 0.4934895830078125 0.22265625 0.5299479169921875 0.228515625
10 0.4609375 0.2041015625 0.484375 0.1767578125 0.4817708330078125 0.1298828125 0.4596354169921875 0.115234375 0.4205729169921875 0.1171875 0.390625 0.1416015625 0.3880208330078125 0.1904296875 0.39453125 0.197265625 0.4609375 0.2041015625
10 0.5091145830078125 0.19140625 0.5338541669921875 0.1923828125 0.5924479169921875 0.173828125 0.625 0.1416015625 0.6276041669921875 0.1220703125 0.6080729169921875 0.103515625 0.5638020830078125 0.099609375 0.484375 0.1279296875 0.4895833330078125 0.1767578125 0.5091145830078125 0.19140625
10 0.3854166669921875 0.3720703125 0.3828125 0.3427734375 0.3346354169921875 0.30859375 0.3059895830078125 0.310546875 0.2864583330078125 0.3466796875 0.3372395830078125 0.359375 0.3645833330078125 0.3876953125 0.3854166669921875 0.3720703125
10 0.7161458330078125 0.1318359375 0.7434895830078125 0.15625 0.7708333330078125 0.1591796875 0.7838541669921875 0.1142578125 0.8255208330078125 0.0849609375 0.8229166669921875 0.0576171875 0.8072916669921875 0.0380859375 0.7903645830078125 0.033203125 0.7369791669921875 0.0478515625 0.7161458330078125 0.0908203125 0.7161458330078125 0.1318359375
10 0.640625 0.1337890625 0.6809895830078125 0.123046875 0.7135416669921875 0.1259765625 0.7278645830078125 0.048828125 0.6966145830078125 0.048828125 0.65625 0.0712890625 0.6276041669921875 0.1064453125 0.6302083330078125 0.1298828125 0.640625 0.1337890625
10 0.7760416669921875 0.1552734375 0.80078125 0.181640625 0.8307291669921875 0.1826171875 0.8815104169921875 0.1796875 0.9088541669921875 0.1630859375 0.9322916669921875 0.1240234375 0.9049479169921875 0.08984375 0.87109375 0.08203125 0.83203125 0.0859375 0.7864583330078125 0.1123046875 0.7760416669921875 0.1552734375
10 0.8971354169921875 0.0859375 0.9427083330078125 0.1220703125 0.9609375 0.0908203125 0.9609375 0.0654296875 0.9401041669921875 0.0341796875 0.9049479169921875 0.017578125 0.84765625 0.02734375 0.8255208330078125 0.0537109375 0.8307291669921875 0.0849609375 0.8971354169921875 0.0859375
10 0.9114583330078125 0.2216796875 0.9244791669921875 0.2236328125 0.9544270830078125 0.212890625 0.9973958330078125 0.2138671875 1 0.1650390625 0.9830729169921875 0.140625 0.93359375 0.140625 0.9244791669921875 0.1474609375 0.9036458330078125 0.1982421875 0.9114583330078125 0.2216796875
10 0.8958333330078125 0.3037109375 0.90625 0.3037109375 0.94921875 0.294921875 1 0.2998046875 0.9986979169921875 0.22265625 0.94921875 0.21484375 0.90625 0.2373046875 0.8828125 0.2685546875 0.8828125 0.2841796875 0.8958333330078125 0.3037109375
10 0.8736979169921875 0.359375 0.7630208330078125 0.3857421875 0.76953125 0.404296875 0.8216145830078125 0.419921875 0.8776041669921875 0.4189453125 0.8932291669921875 0.3896484375 0.8736979169921875 0.359375
10 0.84765625 0.02734375 0.9049479169921875 0.017578125 0.9583333330078125 0.0458984375 0.9622395830078125 0 0.8463541669921875 0.0029296875 0.84765625 0.02734375
10 1 0.0927734375 0.99609375 0.052734375 0.9635416669921875 0.0693359375 0.9479166669921875 0.1337890625 0.9869791669921875 0.1376953125 0.9869791669921875 0.1083984375 1 0.0927734375
10 0.2786458330078125 0.6748046875 0.29296875 0.68359375 0.3177083330078125 0.6826171875 0.3411458330078125 0.6748046875 0.3619791669921875 0.6416015625 0.3333333330078125 0.6201171875 0.3229166669921875 0.5869140625 0.30859375 0.58203125 0.2708333330078125 0.5986328125 0.2578125 0.6259765625 0.2786458330078125 0.6748046875
10 0.296875 0.5830078125 0.3203125 0.5693359375 0.2682291669921875 0.5341796875 0.2473958330078125 0.4951171875 0.2044270830078125 0.50390625 0.2005208330078125 0.5224609375 0.2291666669921875 0.5751953125 0.25390625 0.583984375 0.296875 0.5830078125
10 0.5234375 0.6416015625 0.5572916669921875 0.6279296875 0.5807291669921875 0.5947265625 0.5611979169921875 0.564453125 0.5078125 0.5732421875 0.5052083330078125 0.6044921875 0.4869791669921875 0.6318359375 0.5013020830078125 0.642578125 0.5234375 0.6416015625
10 0.26953125 0.447265625 0.2200520830078125 0.447265625 0.2005208330078125 0.4560546875 0.1822916669921875 0.4755859375 0.2005208330078125 0.5068359375 0.2473958330078125 0.4912109375 0.26953125 0.447265625
10 0.4635416669921875 0.2275390625 0.4361979169921875 0.19921875 0.4049479169921875 0.197265625 0.359375 0.2119140625 0.3658854169921875 0.224609375 0.4205729169921875 0.224609375 0.4479166669921875 0.2470703125 0.4635416669921875 0.2275390625