10 0.0078125 0.0556640625 0.005859373046875 0.0947265625 0.0283203125 0.13671875 0.0791015625 0.162109373046875 0.1171875 0.1552734375 0.123046873046875 0.1044921875 0.0732421875 0.033203126953125 0.0322265625 0.02734375 0.0078125 0.0556640625
10 0.0654296875 0.251953126953125 0.095703126953125 0.2158203125 0.087890626953125 0.1767578125 0.0458984375 0.146484373046875 0.0009765625 0.142578126953125 0 0.2490234375 0.0654296875 0.251953126953125
10 0.0703125 0.2490234375 0.064453126953125 0.2861328125 0.0927734375 0.32421875 0.1533203125 0.328125 0.1875 0.3037109375 0.1875 0.2275390625 0.1708984375 0.2109375 0.1181640625 0.20703125 0.0703125 0.2490234375
10 0.2724609375 0.2890625 0.29296875 0.2685546875 0.2099609375 0.265625 0.20703125 0.2783203125 0.2314453125 0.296875 0.2724609375 0.2890625
10 0.3046875 0.2490234375 0.310546873046875 0.2001953125 0.2880859375 0.1640625 0.2294921875 0.140625 0.181640626953125 0.1767578125 0.2021484375 0.255859373046875 0.3046875 0.2490234375
10 0.34765625 0.2294921875 0.349609373046875 0.2841796875 0.3818359375 0.30859375 0.4404296875 0.306640626953125 0.474609373046875 0.2705078125 0.462890626953125 0.2197265625 0.4306640625 0.19921875 0.3798828125 0.203125 0.34765625 0.2294921875
10 0.318359373046875 0.1005859375 0.3125 0.1455078125 0.3388671875 0.19140625 0.3759765625 0.201171873046875 0.423828126953125 0.1826171875 0.4296875 0.1376953125 0.4091796875 0.095703126953125 0.3544921875 0.078125 0.318359373046875 0.1005859375
10 0.17578125 0.2041015625 0.17578125 0.1591796875 0.1513671875 0.126953126953125 0.12890625 0.1240234375 0.1171875 0.1650390625 0.1103515625 0.205078126953125 0.17578125 0.2041015625
10 0.4365234375 0.1484375 0.4814453125 0.177734373046875 0.529296873046875 0.1630859375 0.546875 0.1123046875 0.4990234375 0.04296875 0.4677734375 0.041015626953125 0.421875 0.0712890625 0.4365234375 0.1484375
10 0.5966796875 0.140625 0.6552734375 0.15625 0.681640626953125 0.1416015625 0.685546873046875 0.1083984375 0.6513671875 0.04296875 0.6142578125 0.044921873046875 0.5859375 0.0869140625 0.5966796875 0.140625
10 0.5107421875 0 0.501953126953125 0.0146484375 0.505859373046875 0.0498046875 0.5498046875 0.109375 0.5654296875 0.107421873046875 0.5859375 0.0810546875 0.57421875 0.0107421875 0.5634765625 0 0.5107421875 0
10 0.6806640625 0 0.673828126953125 0.0224609375 0.669921873046875 0.0556640625 0.6962890625 0.09375 0.7333984375 0.091796873046875 0.76953125 0.0634765625 0.7666015625 0 0.6806640625 0
10 0.7734375 0.0458984375 0.7744140625 0.068359373046875 0.7874784658203124 0.0947679345703125 0.8291015625 0.111328126953125 0.841796873046875 0.1064453125 0.8515625 0.0869140625 0.8447265625 0.044921873046875 0.7900390625 0.03125 0.7734375 0.0458984375
10 0.72265625 0.1337890625 0.7509765625 0.173828126953125 0.8056640625 0.158203126953125 0.828125 0.1181640625 0.8203125 0.0849609375 0.7822265625 0.068359373046875 0.728515626953125 0.1044921875 0.72265625 0.1337890625
10 0.66015625 0.1650390625 0.666015626953125 0.2451171875 0.7080078125 0.25390625 0.734375 0.2333984375 0.73828125 0.2021484375 0.7021484375 0.146484373046875 0.6708984375 0.154296873046875 0.66015625 0.1650390625
10 0.66015625 0.2490234375 0.666015626953125 0.2197265625 0.580078126953125 0.2353515625 0.5888671875 0.2734375 0.6298828125 0.279296873046875 0.66015625 0.2490234375
10 0.6376953125 0.14453125 0.5986328125 0.14453125 0.57421875 0.1669921875 0.5830078125 0.220703126953125 0.662109373046875 0.2021484375 0.6376953125 0.14453125
10 0.564453126953125 0.2724609375 0.578125 0.2373046875 0.478515626953125 0.2490234375 0.4873046875 0.287109373046875 0.5263671875 0.29296875 0.564453126953125 0.2724609375
10 0.576171873046875 0.2236328125 0.56640625 0.1884765625 0.5380859375 0.171875 0.5087890625 0.177734373046875 0.478515626953125 0.2060546875 0.4775390625 0.23828125 0.576171873046875 0.2236328125
10 0.2060546875 0.505859373046875 0.2451171875 0.515625 0.265625 0.4990234375 0.26953125 0.4619140625 0.2451171875 0.423828126953125 0.2021484375 0.416015626953125 0.18359375 0.4365234375 0.2060546875 0.505859373046875
10 0.181640626953125 0.4423828125 0.1650390625 0.41796875 0.095703126953125 0.4267578125 0.09375 0.4580078125 0.1103515625 0.48046875 0.181640626953125 0.4423828125
10 0.0146484375 0.41796875 0.0244140625 0.47265625 0.08984375 0.4716796875 0.0869140625 0.419921873046875 0.0146484375 0.41796875
10 0.00390625 0.5400390625 0.0322265625 0.568359373046875 0.09375 0.5576171875 0.09375 0.5107421875 0.0751953125 0.48828125 0.0302734375 0.4765625 0.001953126953125 0.5029296875 0.00390625 0.5400390625
10 0.1279296875 0.55859375 0.1669921875 0.568359373046875 0.193359373046875 0.5498046875 0.19921875 0.4990234375 0.1826171875 0.470703126953125 0.1435546875 0.462890626953125 0.115234373046875 0.4912109375 0.1279296875 0.55859375
10 0.2958984375 0.48046875 0.3173828125 0.4765625 0.349609373046875 0.4423828125 0.3232421875 0.408203126953125 0.2587890625 0.4140625 0.2734375 0.4658203125 0.2958984375 0.48046875
10 0.3076171875 0.552734373046875 0.33203125 0.5361328125 0.3037109375 0.484375 0.2763671875 0.482421873046875 0.2578125 0.5126953125 0.2666015625 0.544921873046875 0.3076171875 0.552734373046875
10 0.326171873046875 0.4677734375 0.326171873046875 0.5048828125 0.3505859375 0.53515625 0.3759765625 0.54296875 0.4140625 0.5146484375 0.4140625 0.4912109375 0.3857421875 0.453125 0.3505859375 0.4453125 0.326171873046875 0.4677734375
10 0.427734373046875 0.4423828125 0.4130859375 0.3984375 0.3359375 0.4091796875 0.3544921875 0.443359373046875 0.3955078125 0.458984373046875 0.427734373046875 0.4423828125
10 0.41796875 0.4814453125 0.419921873046875 0.5126953125 0.4462890625 0.529296873046875 0.4775390625 0.525390626953125 0.501953126953125 0.4970703125 0.490234373046875 0.4599609375 0.4658203125 0.4453125 0.4462890625 0.4453125 0.41796875 0.4814453125
10 0.4892578125 0.455078126953125 0.517578126953125 0.4287109375 0.4970703125 0.388671873046875 0.4541015625 0.396484373046875 0.435546873046875 0.4150390625 0.4365234375 0.44140625 0.4892578125 0.455078126953125
10 0.5380859375 0.43359375 0.5693359375 0.4296875 0.583984373046875 0.4091796875 0.5791015625 0.369140626953125 0.5146484375 0.380859373046875 0.513671873046875 0.4033203125 0.5380859375 0.43359375
10 0.654296873046875 0.3798828125 0.662109373046875 0.3525390625 0.5908203125 0.365234373046875 0.5986328125 0.388671873046875 0.6279296875 0.396484373046875 0.654296873046875 0.3798828125
10 0.6689453125 0.44140625 0.6953125 0.4111328125 0.6953125 0.3896484375 0.6708984375 0.3671875 0.63671875 0.3974609375 0.6513671875 0.443359373046875 0.6689453125 0.44140625
10 0.599609373046875 0.3955078125 0.583984373046875 0.4365234375 0.6318359375 0.458984373046875 0.6328125 0.4052734375 0.599609373046875 0.3955078125
10 0.546875 0.4638671875 0.544921873046875 0.4970703125 0.5673828125 0.525390626953125 0.6162109375 0.541015626953125 0.642578126953125 0.5224609375 0.6484375 0.4970703125 0.6181640625 0.451171873046875 0.5810546875 0.439453126953125 0.546875 0.4638671875
10 0.7119140625 0.552734373046875 0.7373046875 0.552734373046875 0.76953125 0.5185546875 0.7578125 0.4853515625 0.7236328125 0.46875 0.6982421875 0.474609373046875 0.67578125 0.5068359375 0.7119140625 0.552734373046875
10 0.611328126953125 0.5576171875 0.615234373046875 0.5888671875 0.6513671875 0.607421873046875 0.6953125 0.5654296875 0.697265626953125 0.5478515625 0.6708984375 0.513671873046875 0.64453125 0.5166015625 0.611328126953125 0.5576171875
10 0.8173828125 0.546875 0.859375 0.4931640625 0.8388671875 0.47265625 0.8076171875 0.470703126953125 0.77734375 0.5029296875 0.78125 0.5302734375 0.8173828125 0.546875
10 0.7763671875 0.501953126953125 0.791015626953125 0.4775390625 0.787109373046875 0.4462890625 0.7666015625 0.431640626953125 0.73828125 0.4384765625 0.716796873046875 0.4658203125 0.7763671875 0.501953126953125
10 0.6884765625 0.48046875 0.7197265625 0.466796873046875 0.744140626953125 0.4306640625 0.7021484375 0.412109373046875 0.673828126953125 0.4345703125 0.66796875 0.4677734375 0.6884765625 0.48046875
10 0.748046873046875 0.5986328125 0.7216796875 0.5703125 0.677734373046875 0.5810546875 0.66015625 0.6123046875 0.6806640625 0.63671875 0.748046873046875 0.5986328125
10 0.79296875 0.5673828125 0.779296873046875 0.5361328125 0.7607421875 0.529296873046875 0.72265625 0.5673828125 0.7509765625 0.59765625 0.79296875 0.5673828125
10 0.55078125 0.6259765625 0.5546875 0.6611328125 0.5849609375 0.6796875 0.6376953125 0.658203126953125 0.646484373046875 0.6357421875 0.640625 0.6083984375 0.6103515625 0.59375 0.5751953125 0.599609373046875 0.55078125 0.6259765625
10 0.611328126953125 0.5908203125 0.61328125 0.5634765625 0.5986328125 0.54296875 0.5537109375 0.529296873046875 0.521484373046875 0.5400390625 0.5576171875 0.60546875 0.611328126953125 0.5908203125
10 0.6435546875 0.609375 0.640625 0.6533203125 0.6728515625 0.64453125 0.671875 0.6259765625 0.6435546875 0.609375
10 0.49609375 0.6591796875 0.5126953125 0.705078126953125 0.556640626953125 0.6923828125 0.5380859375 0.640625 0.49609375 0.6591796875
10 0.4912109375 0.642578126953125 0.5302734375 0.640625 0.548828126953125 0.6201171875 0.541015626953125 0.5771484375 0.5048828125 0.548828126953125 0.4658203125 0.55078125 0.453125 0.6083984375 0.4912109375 0.642578126953125
10 0.46484375 0.5498046875 0.4326171875 0.529296873046875 0.37109375 0.5615234375 0.3818359375 0.59765625 0.4384765625 0.6015625 0.46484375 0.5498046875
10 0.365234373046875 0.6318359375 0.359375 0.6591796875 0.3935546875 0.685546873046875 0.4267578125 0.681640626953125 0.4609375 0.6552734375 0.458984373046875 0.6220703125 0.4326171875 0.6015625 0.3974609375 0.6015625 0.365234373046875 0.6318359375
10 0.4931640625 0.67578125 0.4658203125 0.666015626953125 0.40625 0.7001953125 0.4150390625 0.736328126953125 0.509765626953125 0.7060546875 0.4931640625 0.67578125
10 0.3984375 0.6962890625 0.3544921875 0.6640625 0.310546873046875 0.6923828125 0.3193359375 0.734375 0.404296873046875 0.7275390625 0.3984375 0.6962890625
10 0.240234373046875 0.6337890625 0.251953126953125 0.6787109375 0.2763671875 0.69140625 0.3154296875 0.685546873046875 0.349609373046875 0.6533203125 0.34375 0.6259765625 0.3056640625 0.59765625 0.2587890625 0.607421873046875 0.240234373046875 0.6337890625
10 0.2216796875 0.767578126953125 0.2587890625 0.767578126953125 0.314453126953125 0.7353515625 0.310546873046875 0.7158203125 0.2744140625 0.6953125 0.2490234375 0.697265626953125 0.21484375 0.7314453125 0.2216796875 0.767578126953125
10 0.107421873046875 0.7451171875 0.11328125 0.7958984375 0.1435546875 0.818359373046875 0.1884765625 0.81640625 0.203125 0.8017578125 0.21484375 0.7685546875 0.2060546875 0.736328126953125 0.1455078125 0.712890626953125 0.107421873046875 0.7451171875
10 0.0498046875 0.8203125 0.08984375 0.7958984375 0.099609373046875 0.7685546875 0.0908203125 0.74609375 0.0009765625 0.73828125 0.0029296875 0.82421875 0.0498046875 0.8203125
10 0.154296873046875 0.6611328125 0.15625 0.7021484375 0.1806640625 0.72265625 0.2216796875 0.720703126953125 0.248046873046875 0.6962890625 0.24609375 0.6669921875 0.2119140625 0.634765626953125 0.1767578125 0.63671875 0.154296873046875 0.6611328125
10 0.03125 0.6787109375 0.029296873046875 0.7099609375 0.0595703125 0.73828125 0.1123046875 0.734375 0.146484373046875 0.7021484375 0.14453125 0.6689453125 0.1259765625 0.64453125 0.0771484375 0.646484373046875 0.03125 0.6787109375
10 0.046875 0.6533203125 0.0322265625 0.634765626953125 0.0009765625 0.626953126953125 0.0029296875 0.736328126953125 0.0234375 0.7216796875 0.046875 0.6533203125
10 0.021484373046875 0.6201171875 0.0498046875 0.6484375 0.13671875 0.6396484375 0.138671873046875 0.6083984375 0.1083984375 0.576171873046875 0.0576171875 0.56640625 0.02734375 0.5849609375 0.021484373046875 0.6201171875
10 0.173828126953125 0.6220703125 0.2177734375 0.63671875 0.275390626953125 0.5986328125 0.2734375 0.5693359375 0.2431640625 0.548828126953125 0.1982421875 0.5546875 0.169921873046875 0.5810546875 0.173828126953125 0.6220703125
10 0.2587890625 0.548828126953125 0.2763671875 0.59765625 0.322265626953125 0.5947265625 0.3037109375 0.560546873046875 0.2587890625 0.548828126953125
10 0.3251953125 0.59765625 0.3505859375 0.65234375 0.380859373046875 0.6083984375 0.3623046875 0.59375 0.3251953125 0.59765625
10 0.5244140625 0.53125 0.544921873046875 0.5146484375 0.5546875 0.4443359375 0.5244140625 0.431640626953125 0.5 0.4541015625 0.5 0.5126953125 0.5244140625 0.53125