10 0.4150390625 0.27734375 0.4052734375 0.28125 0.392578126953125 0.2939453125 0.390625 0.2978515625 0.390625 0.3193359375 0.4091796875 0.333984373046875 0.4130859375 0.3359375 0.421875 0.3349609375 0.4287109375 0.333984373046875 0.4345703125 0.330078126953125 0.4453125 0.3173828125 0.4453125 0.3115234375 0.451171873046875 0.2998046875 0.451171873046875 0.2919921875 0.4326171875 0.279296873046875 0.4150390625 0.27734375
10 0.3486328125 0.322265626953125 0.3359375 0.3349609375 0.33203125 0.3486328125 0.333984373046875 0.3623046875 0.3408203125 0.369140626953125 0.3564453125 0.375 0.3701171875 0.384765626953125 0.38671875 0.3837890625 0.3916015625 0.3828125 0.412109373046875 0.3583984375 0.412109373046875 0.3427734375 0.41015625 0.3388671875 0.3974609375 0.326171873046875 0.3798828125 0.318359373046875 0.3564453125 0.318359373046875 0.3486328125 0.322265626953125
10 0.3408203125 0.271484373046875 0.3330078125 0.275390626953125 0.3271484375 0.275390626953125 0.310546873046875 0.2900390625 0.310546873046875 0.3154296875 0.3291015625 0.326171873046875 0.337890626953125 0.3271484375 0.3447265625 0.326171873046875 0.3564453125 0.318359373046875 0.3740234375 0.31640625 0.37890625 0.3056640625 0.376953126953125 0.2880859375 0.3662109375 0.27734375 0.3544921875 0.271484373046875 0.3408203125 0.271484373046875
10 0.29296875 0.3525390625 0.3193359375 0.369140626953125 0.328125 0.3681640625 0.33203125 0.3642578125 0.333984373046875 0.3310546875 0.3193359375 0.3203125 0.3056640625 0.318359373046875 0.298828126953125 0.3251953125 0.298828126953125 0.3291015625 0.294921873046875 0.3349609375 0.29296875 0.3525390625
10 0.3017578125 0.369140626953125 0.2890625 0.3837890625 0.2734375 0.4072265625 0.271484373046875 0.4287109375 0.2822265625 0.44140625 0.291015626953125 0.4404296875 0.3017578125 0.439453126953125 0.3076171875 0.435546873046875 0.3193359375 0.43359375 0.330078126953125 0.4150390625 0.330078126953125 0.3837890625 0.326171873046875 0.3759765625 0.3154296875 0.3671875 0.3017578125 0.369140626953125
10 0.326171873046875 0.3740234375 0.326171873046875 0.3779296875 0.330078126953125 0.3837890625 0.330078126953125 0.4091796875 0.333984373046875 0.4169921875 0.3408203125 0.423828126953125 0.3447265625 0.42578125 0.349609373046875 0.4248046875 0.3671875 0.4072265625 0.369140626953125 0.4033203125 0.369140626953125 0.3916015625 0.365234373046875 0.3837890625 0.3544921875 0.375 0.3447265625 0.37109375 0.3291015625 0.37109375 0.326171873046875 0.3740234375
10 0.35546875 0.4267578125 0.357421873046875 0.4326171875 0.3662109375 0.4375 0.416015626953125 0.4365234375 0.4365234375 0.43359375 0.4375 0.4169921875 0.4267578125 0.404296873046875 0.4052734375 0.3984375 0.3837890625 0.3984375 0.3701171875 0.404296873046875 0.361328126953125 0.4130859375 0.35546875 0.4267578125
10 0.4052734375 0.3984375 0.4267578125 0.404296873046875 0.435546873046875 0.4033203125 0.439453126953125 0.3994140625 0.44140625 0.3857421875 0.4375 0.3779296875 0.4228515625 0.365234373046875 0.4052734375 0.365234373046875 0.38671875 0.3935546875 0.3916015625 0.3984375 0.4052734375 0.3984375
10 0.419921873046875 0.3623046875 0.435546873046875 0.3759765625 0.4423828125 0.38671875 0.44921875 0.3857421875 0.4658203125 0.3828125 0.470703126953125 0.3779296875 0.470703126953125 0.3564453125 0.4619140625 0.34375 0.4541015625 0.337890626953125 0.4423828125 0.333984373046875 0.423828126953125 0.3525390625 0.419921873046875 0.3623046875
10 0.435546873046875 0.4072265625 0.4375 0.4326171875 0.4404296875 0.435546873046875 0.4501953125 0.435546873046875 0.4521484375 0.4375 0.498046873046875 0.4365234375 0.501953126953125 0.4326171875 0.501953126953125 0.4091796875 0.49609375 0.3974609375 0.4912109375 0.392578126953125 0.4775390625 0.384765626953125 0.4541015625 0.384765626953125 0.44140625 0.3955078125 0.435546873046875 0.4072265625
10 0.4794921875 0.384765626953125 0.4892578125 0.390625 0.494140626953125 0.3896484375 0.51171875 0.3759765625 0.51171875 0.3583984375 0.5068359375 0.353515626953125 0.4970703125 0.349609373046875 0.484375 0.3603515625 0.4765625 0.3740234375 0.4765625 0.3818359375 0.4794921875 0.384765626953125
10 0.5048828125 0.3828125 0.49609375 0.3916015625 0.49609375 0.3974609375 0.5 0.4033203125 0.50390625 0.4189453125 0.50390625 0.4326171875 0.5107421875 0.4375 0.54296875 0.4365234375 0.5478515625 0.435546873046875 0.552734373046875 0.4287109375 0.552734373046875 0.4072265625 0.548828126953125 0.3955078125 0.5361328125 0.3828125 0.5263671875 0.37890625 0.5126953125 0.37890625 0.5048828125 0.3828125
10 0.5771484375 0.373046873046875 0.55859375 0.3916015625 0.556640626953125 0.3974609375 0.556640626953125 0.4306640625 0.5673828125 0.439453126953125 0.59765625 0.4404296875 0.6064453125 0.4375 0.61328125 0.4287109375 0.615234373046875 0.4091796875 0.6171875 0.4072265625 0.615234373046875 0.3896484375 0.61328125 0.3837890625 0.6005859375 0.373046873046875 0.5771484375 0.373046873046875
10 0.6259765625 0.384765626953125 0.6171875 0.3935546875 0.6171875 0.4287109375 0.6279296875 0.439453126953125 0.658203126953125 0.4384765625 0.666015626953125 0.4306640625 0.671875 0.4130859375 0.671875 0.4052734375 0.66796875 0.3935546875 0.6591796875 0.384765626953125 0.6474609375 0.380859373046875 0.6376953125 0.380859373046875 0.6259765625 0.384765626953125
10 0.5673828125 0.337890626953125 0.5517578125 0.337890626953125 0.5419921875 0.341796873046875 0.53125 0.3525390625 0.52734375 0.3603515625 0.52734375 0.3779296875 0.5478515625 0.390625 0.556640626953125 0.3896484375 0.5751953125 0.373046873046875 0.5966796875 0.373046873046875 0.599609373046875 0.3701171875 0.6015625 0.3662109375 0.599609373046875 0.3564453125 0.5927734375 0.34765625 0.5869140625 0.34375 0.5673828125 0.337890626953125
10 0.6220703125 0.3359375 0.611328126953125 0.3466796875 0.607421873046875 0.3544921875 0.607421873046875 0.3701171875 0.611328126953125 0.3779296875 0.6201171875 0.38671875 0.623046873046875 0.3857421875 0.6376953125 0.380859373046875 0.6494140625 0.380859373046875 0.6611328125 0.384765626953125 0.666015626953125 0.3798828125 0.666015626953125 0.3642578125 0.650390626953125 0.3388671875 0.6435546875 0.333984373046875 0.6220703125 0.3359375
10 0.66015625 0.3271484375 0.654296873046875 0.3427734375 0.662109373046875 0.3583984375 0.6708984375 0.369140626953125 0.697265626953125 0.3681640625 0.703125 0.3662109375 0.71484375 0.3447265625 0.71484375 0.3251953125 0.7109375 0.3173828125 0.7041015625 0.3125 0.6865234375 0.310546873046875 0.6708984375 0.31640625 0.66015625 0.3271484375
10 0.6025390625 0.310546873046875 0.591796873046875 0.3271484375 0.58984375 0.3408203125 0.6005859375 0.353515626953125 0.60546875 0.3544921875 0.6201171875 0.337890626953125 0.6298828125 0.333984373046875 0.6416015625 0.333984373046875 0.64453125 0.3310546875 0.63671875 0.3173828125 0.6240234375 0.306640626953125 0.6123046875 0.306640626953125 0.6025390625 0.310546873046875
10 0.6845703125 0.2578125 0.6630859375 0.2578125 0.6513671875 0.26171875 0.62890625 0.2841796875 0.62890625 0.3056640625 0.630859373046875 0.3095703125 0.6416015625 0.322265626953125 0.6533203125 0.326171873046875 0.66015625 0.3251953125 0.6669921875 0.318359373046875 0.6787109375 0.3125 0.6884765625 0.310546873046875 0.697265626953125 0.3037109375 0.69921875 0.2802734375 0.693359373046875 0.2705078125 0.693359373046875 0.2666015625 0.6845703125 0.2578125
10 0.5439453125 0.29296875 0.5263671875 0.29296875 0.5185546875 0.296875 0.51171875 0.3017578125 0.5 0.3193359375 0.498046873046875 0.3369140625 0.50390625 0.3486328125 0.5146484375 0.35546875 0.52734375 0.3544921875 0.5400390625 0.341796873046875 0.5498046875 0.337890626953125 0.5576171875 0.337890626953125 0.564453126953125 0.3232421875 0.564453126953125 0.3134765625 0.560546873046875 0.3056640625 0.5517578125 0.296875 0.5439453125 0.29296875
10 0.4541015625 0.294921873046875 0.447265626953125 0.3076171875 0.447265626953125 0.3251953125 0.453125 0.3349609375 0.4638671875 0.34375 0.4697265625 0.345703126953125 0.48828125 0.3447265625 0.49609375 0.3408203125 0.498046873046875 0.3251953125 0.505859373046875 0.3095703125 0.50390625 0.3017578125 0.4951171875 0.294921873046875 0.4794921875 0.2890625 0.4619140625 0.291015626953125 0.4541015625 0.294921873046875
10 0.5517578125 0.267578126953125 0.54296875 0.2763671875 0.5390625 0.2880859375 0.5439453125 0.29296875 0.5498046875 0.294921873046875 0.560546873046875 0.3056640625 0.564453126953125 0.3134765625 0.564453126953125 0.3193359375 0.5693359375 0.326171873046875 0.5732421875 0.328125 0.5859375 0.3271484375 0.595703126953125 0.3193359375 0.6015625 0.3056640625 0.6015625 0.2939453125 0.59765625 0.2841796875 0.5791015625 0.267578126953125 0.5732421875 0.265625 0.5556640625 0.265625 0.5517578125 0.267578126953125
10 0.5859375 0.2705078125 0.595703126953125 0.2802734375 0.6015625 0.2919921875 0.6015625 0.2998046875 0.6044921875 0.3046875 0.623046873046875 0.3037109375 0.626953126953125 0.3017578125 0.630859373046875 0.2802734375 0.650390626953125 0.2607421875 0.6337890625 0.2421875 0.6201171875 0.23828125 0.6025390625 0.244140626953125 0.587890626953125 0.2587890625 0.5859375 0.2705078125
10 0.6337890625 0.228515626953125 0.62890625 0.2333984375 0.62890625 0.2392578125 0.6513671875 0.259765626953125 0.66015625 0.2587890625 0.6787109375 0.2578125 0.685546873046875 0.2548828125 0.685546873046875 0.2509765625 0.677734373046875 0.2412109375 0.67578125 0.2353515625 0.6630859375 0.220703126953125 0.6455078125 0.22265625 0.6337890625 0.228515626953125
10 0.5927734375 0.197265626953125 0.5849609375 0.201171873046875 0.578125 0.2099609375 0.576171873046875 0.2177734375 0.578125 0.2470703125 0.5830078125 0.25390625 0.591796873046875 0.2529296875 0.6044921875 0.2421875 0.6220703125 0.23828125 0.625 0.2353515625 0.625 0.2158203125 0.623046873046875 0.2099609375 0.6162109375 0.201171873046875 0.6083984375 0.197265626953125 0.5927734375 0.197265626953125
10 0.5283203125 0.224609373046875 0.51171875 0.2412109375 0.509765626953125 0.2548828125 0.51953125 0.2744140625 0.5244140625 0.279296873046875 0.5302734375 0.28125 0.537109373046875 0.2802734375 0.5498046875 0.267578126953125 0.5615234375 0.263671873046875 0.5732421875 0.263671873046875 0.576171873046875 0.2587890625 0.576171873046875 0.2373046875 0.5595703125 0.220703126953125 0.5400390625 0.220703126953125 0.5283203125 0.224609373046875
10 0.4453125 0.2783203125 0.447265626953125 0.2841796875 0.4541015625 0.291015626953125 0.4736328125 0.291015626953125 0.4775390625 0.2890625 0.4794921875 0.291015626953125 0.4873046875 0.291015626953125 0.4970703125 0.296875 0.5078125 0.2958984375 0.515625 0.2900390625 0.517578126953125 0.2705078125 0.5048828125 0.255859373046875 0.4892578125 0.25 0.4677734375 0.25 0.4619140625 0.251953126953125 0.44921875 0.2666015625 0.4453125 0.2783203125
10 0.4248046875 0.255859373046875 0.4052734375 0.248046873046875 0.3896484375 0.248046873046875 0.373046873046875 0.2626953125 0.3671875 0.2744140625 0.37890625 0.2900390625 0.380859373046875 0.2998046875 0.3857421875 0.302734373046875 0.388671873046875 0.3017578125 0.392578126953125 0.2939453125 0.4052734375 0.28125 0.4169921875 0.27734375 0.4208984375 0.279296873046875 0.4326171875 0.279296873046875 0.435546873046875 0.2763671875 0.4296875 0.2607421875 0.4248046875 0.255859373046875
10 0.291015626953125 0.2783203125 0.291015626953125 0.2900390625 0.294921873046875 0.2978515625 0.2978515625 0.30078125 0.30078125 0.2998046875 0.3212890625 0.279296873046875 0.3349609375 0.2734375 0.3486328125 0.271484373046875 0.34765625 0.2666015625 0.3271484375 0.255859373046875 0.3115234375 0.255859373046875 0.3037109375 0.259765626953125 0.291015626953125 0.2783203125
10 0.3115234375 0.20703125 0.30078125 0.2216796875 0.30078125 0.2353515625 0.30859375 0.2490234375 0.3134765625 0.25390625 0.3232421875 0.25390625 0.3544921875 0.267578126953125 0.361328126953125 0.2666015625 0.3662109375 0.265625 0.384765626953125 0.2451171875 0.3828125 0.2275390625 0.37890625 0.2197265625 0.3681640625 0.208984373046875 0.3466796875 0.197265626953125 0.3330078125 0.197265626953125 0.3115234375 0.20703125
10 0.4140625 0.2333984375 0.412109373046875 0.2412109375 0.4140625 0.2509765625 0.4248046875 0.255859373046875 0.43359375 0.2666015625 0.435546873046875 0.2763671875 0.4384765625 0.279296873046875 0.44140625 0.2783203125 0.447265626953125 0.2724609375 0.451171873046875 0.2626953125 0.458984373046875 0.2529296875 0.458984373046875 0.2470703125 0.455078126953125 0.2392578125 0.4443359375 0.232421873046875 0.4169921875 0.23046875 0.4140625 0.2333984375
10 0.412109373046875 0.2470703125 0.4140625 0.2314453125 0.4033203125 0.21875 0.3916015625 0.216796873046875 0.380859373046875 0.2255859375 0.3828125 0.2275390625 0.3828125 0.2392578125 0.3857421875 0.248046873046875 0.412109373046875 0.2470703125
10 0.458984373046875 0.2431640625 0.4619140625 0.251953126953125 0.4677734375 0.25 0.4873046875 0.25 0.4990234375 0.25390625 0.5078125 0.2529296875 0.515625 0.2314453125 0.51171875 0.2236328125 0.5048828125 0.216796873046875 0.4970703125 0.212890626953125 0.4853515625 0.212890626953125 0.4814453125 0.21484375 0.4609375 0.2373046875 0.458984373046875 0.2431640625
10 0.5295707841796875 0.2249252265625 0.565516115234375 0.22136628125 0.5811754658203125 0.2028597763671875 0.5662279013671875 0.17937075 0.542382982421875 0.1754559111328125 0.5288589970703125 0.1818620107421875 0.5206734248046875 0.1932506298828125 0.5295707841796875 0.2249252265625
10 0.493981349609375 0.207130509765625 0.513199646484375 0.220298599609375 0.5238764765625 0.187556318359375 0.548077291015625 0.175100017578125 0.503234603515625 0.165846763671875 0.487219359375 0.1790148564453125 0.4833045205078125 0.1918270517578125 0.493981349609375 0.207130509765625
10 0.4404296875 0.166015626953125 0.419921873046875 0.1865234375 0.421875 0.2236328125 0.4306640625 0.23046875 0.4482421875 0.232421873046875 0.4501953125 0.234375 0.4609375 0.2333984375 0.47265625 0.2236328125 0.478515626953125 0.2138671875 0.48046875 0.2080078125 0.48046875 0.1884765625 0.474609373046875 0.1767578125 0.4677734375 0.169921873046875 0.4521484375 0.1640625 0.4404296875 0.166015626953125
10 0.390625 0.2060546875 0.388671873046875 0.2099609375 0.3974609375 0.216796873046875 0.4033203125 0.21875 0.412109373046875 0.2177734375 0.41796875 0.2119140625 0.41796875 0.1982421875 0.4140625 0.1904296875 0.3955078125 0.16796875 0.3857421875 0.16796875 0.380859373046875 0.1748046875 0.390625 0.1865234375 0.390625 0.2060546875
10 0.347701150390625 0.158620689453125 0.3350574716796875 0.166379310546875 0.3278735625 0.1761494248046875 0.329597701171875 0.188793103515625 0.337256458984375 0.1940863046875 0.342816091796875 0.195402298828125 0.3790229892578125 0.221839080078125 0.3899425283203125 0.213218390625 0.3919540234375 0.1919540234375 0.382183908203125 0.1767241376953125 0.366379310546875 0.162643677734375 0.347701150390625 0.158620689453125
10 0.32356321875 0.1566091953125 0.310919541015625 0.164655171875 0.304310345703125 0.1813218388671875 0.3149425283203125 0.2017241376953125 0.345689654296875 0.1583333330078125 0.32356321875 0.1566091953125
10 0.4404296875 0.12109375 0.4208984375 0.123046873046875 0.4091796875 0.134765626953125 0.4033203125 0.13671875 0.39453125 0.1474609375 0.392578126953125 0.1650390625 0.400390626953125 0.1708984375 0.40234375 0.1767578125 0.4091796875 0.18359375 0.4130859375 0.185546873046875 0.41796875 0.1845703125 0.4365234375 0.16796875 0.4541015625 0.1640625 0.45703125 0.1591796875 0.45703125 0.1455078125 0.458984373046875 0.1435546875 0.45703125 0.1337890625 0.4521484375 0.126953126953125 0.4404296875 0.12109375
10 0.3310546875 0.154296873046875 0.3408203125 0.158203126953125 0.3564453125 0.15625 0.3642578125 0.158203126953125 0.3759765625 0.166015626953125 0.3828125 0.1650390625 0.38671875 0.1591796875 0.384765626953125 0.1474609375 0.3662109375 0.126953126953125 0.3583984375 0.123046873046875 0.3447265625 0.123046873046875 0.3359375 0.1298828125 0.330078126953125 0.1416015625 0.3310546875 0.154296873046875
10 0.45703125 0.1630859375 0.4619140625 0.16796875 0.4677734375 0.169921873046875 0.474609373046875 0.1767578125 0.478515626953125 0.1845703125 0.484375 0.1884765625 0.5 0.1708984375 0.49609375 0.1591796875 0.4853515625 0.150390626953125 0.4775390625 0.1484375 0.4697265625 0.1484375 0.4599609375 0.15234375 0.45703125 0.1572265625 0.45703125 0.1630859375
10 0.45703125 0.1318359375 0.458984373046875 0.1337890625 0.458984373046875 0.1474609375 0.4619140625 0.150390626953125 0.4755859375 0.1484375 0.4775390625 0.150390626953125 0.4853515625 0.150390626953125 0.4970703125 0.158203126953125 0.501953126953125 0.1572265625 0.51953125 0.1416015625 0.517578126953125 0.1337890625 0.5068359375 0.12109375 0.4814453125 0.111328126953125 0.4794921875 0.11328125 0.4697265625 0.11328125 0.458984373046875 0.1220703125 0.45703125 0.1318359375
10 0.505859373046875 0.1533203125 0.501953126953125 0.1650390625 0.5048828125 0.16796875 0.541015626953125 0.1689453125 0.5478515625 0.16796875 0.552734373046875 0.1630859375 0.552734373046875 0.1552734375 0.5458984375 0.146484373046875 0.5361328125 0.140625 0.5224609375 0.140625 0.5126953125 0.146484373046875 0.505859373046875 0.1533203125
10 0.55078125 0.1669921875 0.5576171875 0.171875 0.5693359375 0.17578125 0.576171873046875 0.1845703125 0.580078126953125 0.2001953125 0.5859375 0.2001953125 0.5986328125 0.197265626953125 0.603515626953125 0.1904296875 0.599609373046875 0.1748046875 0.59375 0.1669921875 0.5830078125 0.16015625 0.5576171875 0.16015625 0.5537109375 0.162109373046875 0.55078125 0.1669921875
10 0.5546875 0.1494140625 0.5556640625 0.16015625 0.5810546875 0.16015625 0.5888671875 0.1640625 0.5986328125 0.173828126953125 0.603515626953125 0.1728515625 0.607421873046875 0.1689453125 0.607421873046875 0.1494140625 0.60546875 0.1435546875 0.5947265625 0.1328125 0.5849609375 0.12890625 0.5751953125 0.12890625 0.560546873046875 0.1396484375 0.5546875 0.1494140625
10 0.53125 0.1259765625 0.53125 0.1376953125 0.5341796875 0.140625 0.5380859375 0.140625 0.5498046875 0.1484375 0.5546875 0.1474609375 0.572265626953125 0.1279296875 0.57421875 0.1220703125 0.57421875 0.1162109375 0.5615234375 0.10546875 0.5478515625 0.107421873046875 0.5400390625 0.111328126953125 0.53515625 0.1162109375 0.53125 0.1259765625
10 0.57421875 0.1279296875 0.5947265625 0.1328125 0.6025390625 0.138671873046875 0.60546875 0.1376953125 0.609375 0.1298828125 0.619140626953125 0.1201171875 0.619140626953125 0.1142578125 0.6123046875 0.107421873046875 0.5986328125 0.103515626953125 0.5830078125 0.107421873046875 0.57421875 0.1181640625 0.57421875 0.1279296875
10 0.48046875 0.0986328125 0.482421873046875 0.1083984375 0.4873046875 0.11328125 0.4912109375 0.11328125 0.5068359375 0.12109375 0.5185546875 0.1328125 0.52734375 0.1318359375 0.537109373046875 0.1103515625 0.533203126953125 0.0947265625 0.52734375 0.0869140625 0.5146484375 0.080078126953125 0.5009765625 0.080078126953125 0.4912109375 0.083984373046875 0.482421873046875 0.0927734375 0.48046875 0.0986328125
10 0.3603515625 0.103515626953125 0.345703126953125 0.1181640625 0.3486328125 0.123046873046875 0.3583984375 0.123046873046875 0.3662109375 0.126953126953125 0.3779296875 0.140625 0.3818359375 0.142578126953125 0.388671873046875 0.1416015625 0.390625 0.1396484375 0.392578126953125 0.1220703125 0.3984375 0.1162109375 0.3984375 0.1083984375 0.3896484375 0.1015625 0.3818359375 0.09765625 0.3701171875 0.09765625 0.3603515625 0.103515626953125
10 0.390625 0.1240234375 0.390625 0.1396484375 0.3935546875 0.142578126953125 0.396484373046875 0.1416015625 0.4111328125 0.1328125 0.4189453125 0.125 0.4345703125 0.12109375 0.435546873046875 0.1181640625 0.4267578125 0.109375 0.4169921875 0.10546875 0.4013671875 0.111328126953125 0.390625 0.1240234375
10 0.4150390625 0.10546875 0.4287109375 0.111328126953125 0.4384765625 0.12109375 0.4501953125 0.125 0.453125 0.1240234375 0.458984373046875 0.1162109375 0.458984373046875 0.1064453125 0.4482421875 0.09375 0.4443359375 0.091796873046875 0.4306640625 0.091796873046875 0.4208984375 0.095703126953125 0.416015626953125 0.1005859375 0.4150390625 0.10546875
10 0.3857421875 0.099609373046875 0.3994140625 0.109375 0.40625 0.1083984375 0.416015626953125 0.0986328125 0.416015626953125 0.0888671875 0.4091796875 0.078125 0.4013671875 0.07421875 0.3818359375 0.07421875 0.369140626953125 0.0830078125 0.3701171875 0.09765625 0.3857421875 0.099609373046875
10 0.416015626953125 0.0732421875 0.4140625 0.0849609375 0.41796875 0.0927734375 0.4443359375 0.091796873046875 0.4541015625 0.09765625 0.462890626953125 0.0966796875 0.470703126953125 0.0830078125 0.470703126953125 0.0693359375 0.462890626953125 0.0576171875 0.4560546875 0.05078125 0.4501953125 0.048828126953125 0.4365234375 0.05078125 0.4267578125 0.056640626953125 0.416015626953125 0.0732421875
10 0.6533203125 0.115234373046875 0.6298828125 0.115234373046875 0.6220703125 0.1171875 0.609375 0.1298828125 0.60546875 0.1376953125 0.609375 0.1552734375 0.6201171875 0.166015626953125 0.62890625 0.1669921875 0.6416015625 0.166015626953125 0.6552734375 0.154296873046875 0.6630859375 0.15234375 0.666015626953125 0.1494140625 0.66796875 0.1318359375 0.6640625 0.1220703125 0.6591796875 0.1171875 0.6533203125 0.115234373046875
10 0.60546875 0.1787109375 0.60546875 0.1943359375 0.62109375 0.2060546875 0.626953126953125 0.2197265625 0.626953126953125 0.2255859375 0.6298828125 0.228515626953125 0.6328125 0.2275390625 0.6513671875 0.21875 0.6611328125 0.216796873046875 0.6640625 0.2138671875 0.666015626953125 0.2060546875 0.658203126953125 0.1806640625 0.6435546875 0.16796875 0.6142578125 0.169921873046875 0.60546875 0.1787109375
10 0.66015625 0.1845703125 0.666015626953125 0.2099609375 0.673828126953125 0.2099609375 0.6875 0.1962890625 0.6875 0.1787109375 0.6796875 0.1611328125 0.6669921875 0.15234375 0.6611328125 0.15234375 0.6484375 0.1611328125 0.646484373046875 0.1689453125 0.66015625 0.1845703125
10 0.6240234375 0.1171875 0.6533203125 0.115234373046875 0.6591796875 0.119140626953125 0.666015626953125 0.1181640625 0.669921873046875 0.1064453125 0.666015626953125 0.0947265625 0.6591796875 0.08984375 0.6533203125 0.087890626953125 0.6318359375 0.08984375 0.619140626953125 0.1025390625 0.619140626953125 0.1103515625 0.6240234375 0.1171875
10 0.572988505859375 0.097701150390625 0.561781609375 0.104310345703125 0.57356321875 0.1169540234375 0.5870689658203125 0.1048850576171875 0.572988505859375 0.097701150390625
10 0.468742353515625 0.1111999453125 0.5001337236328125 0.078744458984375 0.4735308671875 0.0734238876953125 0.468742353515625 0.1111999453125
10 0.521926828125 0.535057060546875 0.526303572265625 0.5109849658203125 0.5283203125 0.48828125 0.4873046875 0.47265625 0.458984373046875 0.4912109375 0.458984373046875 0.5263671875 0.50390625 0.5498046875 0.521926828125 0.535057060546875
10 0.5517578125 0.525390626953125 0.5439453125 0.529296873046875 0.533203126953125 0.5400390625 0.53125 0.5458984375 0.5380859375 0.552734373046875 0.5478515625 0.556640626953125 0.5615234375 0.5703125 0.564453126953125 0.5693359375 0.568359373046875 0.5615234375 0.5771484375 0.552734373046875 0.5869140625 0.548828126953125 0.591796873046875 0.5439453125 0.5859375 0.5341796875 0.5791015625 0.529296873046875 0.5673828125 0.525390626953125 0.5517578125 0.525390626953125
10 0.540998626953125 0.525326591796875 0.5290878828125 0.4933556435546875 0.5203115439453125 0.5435061513671875 0.540998626953125 0.525326591796875
10 0.6376953125 0.5 0.6201171875 0.5 0.6064453125 0.505859373046875 0.59375 0.5205078125 0.591796873046875 0.5263671875 0.59375 0.5400390625 0.5986328125 0.544921873046875 0.6044921875 0.544921873046875 0.6181640625 0.55078125 0.6376953125 0.56640625 0.6484375 0.5654296875 0.6611328125 0.55859375 0.669921873046875 0.5458984375 0.671875 0.5283203125 0.666015626953125 0.5146484375 0.6591796875 0.5078125 0.6474609375 0.501953126953125 0.6396484375 0.501953126953125 0.6376953125 0.5
10 0.5771484375 0.552734373046875 0.568359373046875 0.5615234375 0.564453126953125 0.5693359375 0.564453126953125 0.5830078125 0.5703125 0.6005859375 0.5751953125 0.60546875 0.5810546875 0.60546875 0.5966796875 0.611328126953125 0.6083984375 0.62109375 0.619140626953125 0.6201171875 0.6337890625 0.615234373046875 0.638671873046875 0.6083984375 0.638671873046875 0.5771484375 0.634765626953125 0.5693359375 0.6240234375 0.556640626953125 0.6083984375 0.546875 0.5947265625 0.544921873046875 0.5771484375 0.552734373046875
10 0.431640626953125 0.5556640625 0.427734373046875 0.5654296875 0.4296875 0.5869140625 0.4384765625 0.595703126953125 0.4482421875 0.595703126953125 0.4736328125 0.607421873046875 0.48046875 0.6064453125 0.4921875 0.5966796875 0.49609375 0.5888671875 0.498046873046875 0.5830078125 0.498046873046875 0.5615234375 0.4775390625 0.541015626953125 0.4580078125 0.5390625 0.4423828125 0.544921873046875 0.431640626953125 0.5556640625
10 0.4365234375 0.4921875 0.4189453125 0.4921875 0.4013671875 0.5 0.390625 0.5087890625 0.380859373046875 0.5283203125 0.37890625 0.5400390625 0.3857421875 0.546875 0.4052734375 0.546875 0.4228515625 0.5546875 0.431640626953125 0.5537109375 0.4404296875 0.544921873046875 0.4521484375 0.541015626953125 0.458984373046875 0.5361328125 0.45703125 0.5087890625 0.453125 0.5009765625 0.4462890625 0.49609375 0.4423828125 0.49609375 0.4365234375 0.4921875
10 0.3193359375 0.490234373046875 0.3037109375 0.4921875 0.287109373046875 0.5048828125 0.28125 0.5146484375 0.28125 0.5244140625 0.2861328125 0.53125 0.2978515625 0.52734375 0.3173828125 0.529296873046875 0.33203125 0.5419921875 0.3369140625 0.556640626953125 0.3408203125 0.55859375 0.34765625 0.5576171875 0.361328126953125 0.5478515625 0.365234373046875 0.5380859375 0.365234373046875 0.5302734375 0.361328126953125 0.5185546875 0.3525390625 0.505859373046875 0.3291015625 0.4921875 0.3212890625 0.4921875 0.3193359375 0.490234373046875
10 0.2734375 0.5439453125 0.271484373046875 0.5498046875 0.2744140625 0.552734373046875 0.2802734375 0.552734373046875 0.28515625 0.5556640625 0.283203126953125 0.5654296875 0.2861328125 0.568359373046875 0.2919921875 0.5703125 0.31640625 0.5693359375 0.3271484375 0.568359373046875 0.3359375 0.5595703125 0.33203125 0.5419921875 0.3212890625 0.53125 0.3095703125 0.52734375 0.2919921875 0.529296873046875 0.2841796875 0.533203126953125 0.2734375 0.5439453125
10 0.359375 0.4931640625 0.353515626953125 0.5048828125 0.359375 0.5126953125 0.3671875 0.5341796875 0.3740234375 0.5390625 0.37890625 0.5380859375 0.3828125 0.5244140625 0.390625 0.5087890625 0.41015625 0.4951171875 0.4072265625 0.490234373046875 0.3916015625 0.482421873046875 0.3740234375 0.482421873046875 0.3662109375 0.486328126953125 0.359375 0.4931640625
10 0.3896484375 0.548828126953125 0.3759765625 0.556640626953125 0.365234373046875 0.5693359375 0.365234373046875 0.5810546875 0.373046873046875 0.6005859375 0.373046873046875 0.6064453125 0.37890625 0.6201171875 0.384765626953125 0.6201171875 0.3994140625 0.607421873046875 0.4296875 0.5927734375 0.427734373046875 0.5771484375 0.42578125 0.5751953125 0.42578125 0.5595703125 0.4150390625 0.55078125 0.4091796875 0.548828126953125 0.3896484375 0.548828126953125
10 0.333984373046875 0.5751953125 0.33984375 0.5810546875 0.3232421875 0.59375 0.3046875 0.6005859375 0.302734373046875 0.6044921875 0.302734373046875 0.6220703125 0.310546873046875 0.6376953125 0.3212890625 0.646484373046875 0.365234373046875 0.6455078125 0.375 0.6298828125 0.375 0.6103515625 0.365234373046875 0.5830078125 0.365234373046875 0.5751953125 0.3603515625 0.56640625 0.3388671875 0.564453126953125 0.333984373046875 0.5673828125 0.333984373046875 0.5751953125
10 0.2568359375 0.630859373046875 0.2763671875 0.640625 0.28515625 0.6416015625 0.29296875 0.6357421875 0.30078125 0.6220703125 0.302734373046875 0.6044921875 0.2978515625 0.599609373046875 0.2939453125 0.599609373046875 0.2783203125 0.607421873046875 0.255859373046875 0.6240234375 0.2568359375 0.630859373046875
10 0.4443359375 0.59765625 0.4423828125 0.595703126953125 0.4189453125 0.59765625 0.3974609375 0.609375 0.3828125 0.6240234375 0.380859373046875 0.6337890625 0.390625 0.6669921875 0.3994140625 0.671875 0.416015626953125 0.6708984375 0.4384765625 0.65625 0.4599609375 0.65234375 0.46484375 0.6474609375 0.47265625 0.6298828125 0.470703126953125 0.6123046875 0.4658203125 0.603515626953125 0.4541015625 0.59765625 0.4443359375 0.59765625
10 0.6767578125 0.5 0.666015626953125 0.5107421875 0.666015626953125 0.5166015625 0.671875 0.5283203125 0.671875 0.5498046875 0.6787109375 0.5546875 0.6943359375 0.55859375 0.7041015625 0.56640625 0.71484375 0.5654296875 0.720703126953125 0.5615234375 0.73046875 0.5400390625 0.73046875 0.5283203125 0.724609373046875 0.5126953125 0.7119140625 0.5 0.7021484375 0.49609375 0.6884765625 0.49609375 0.6767578125 0.5
10 0.6484375 0.5712890625 0.64453125 0.5771484375 0.64453125 0.5947265625 0.6484375 0.6025390625 0.6591796875 0.611328126953125 0.6630859375 0.61328125 0.6826171875 0.611328126953125 0.6982421875 0.615234373046875 0.7080078125 0.62109375 0.71484375 0.6201171875 0.71875 0.6142578125 0.71875 0.5927734375 0.7109375 0.5751953125 0.6982421875 0.5625 0.6884765625 0.556640626953125 0.6689453125 0.5546875 0.6591796875 0.560546873046875 0.6484375 0.5712890625
10 0.6572265625 0.623046873046875 0.6435546875 0.625 0.6298828125 0.6328125 0.61328125 0.6474609375 0.609375 0.6552734375 0.609375 0.6748046875 0.615234373046875 0.6865234375 0.6337890625 0.703125 0.6396484375 0.705078126953125 0.650390626953125 0.7041015625 0.6611328125 0.697265626953125 0.6806640625 0.69140625 0.689453126953125 0.6826171875 0.693359373046875 0.6689453125 0.693359373046875 0.6572265625 0.6875 0.6416015625 0.6650390625 0.625 0.6572265625 0.623046873046875
10 0.6650390625 0.6171875 0.66015625 0.6240234375 0.6748046875 0.630859373046875 0.689453126953125 0.6435546875 0.693359373046875 0.6552734375 0.69140625 0.6826171875 0.7001953125 0.6875 0.705078126953125 0.6865234375 0.720703126953125 0.6748046875 0.72265625 0.6669921875 0.72265625 0.6455078125 0.716796873046875 0.6318359375 0.7001953125 0.6171875 0.6884765625 0.61328125 0.6748046875 0.61328125 0.6650390625 0.6171875
10 0.5908203125 0.609375 0.5830078125 0.607421873046875 0.5634765625 0.607421873046875 0.5595703125 0.609375 0.552734373046875 0.6181640625 0.541015626953125 0.6416015625 0.541015626953125 0.6552734375 0.544921873046875 0.6591796875 0.544921873046875 0.6630859375 0.55078125 0.6728515625 0.5595703125 0.6796875 0.56640625 0.6787109375 0.5732421875 0.67578125 0.6005859375 0.67578125 0.60546875 0.6689453125 0.60546875 0.6611328125 0.61328125 0.6455078125 0.61328125 0.6337890625 0.609375 0.6240234375 0.5908203125 0.609375
10 0.619140626953125 0.6416015625 0.642578126953125 0.6259765625 0.642578126953125 0.6220703125 0.6376953125 0.6171875 0.6259765625 0.6171875 0.6162109375 0.62109375 0.611328126953125 0.6259765625 0.61328125 0.6416015625 0.619140626953125 0.6416015625
10 0.553262177734375 0.5670225576171875 0.537129318359375 0.561803103515625 0.517200490234375 0.565599068359375 0.504863599609375 0.5822064248046875 0.49110321875 0.6026097470703125 0.494424689453125 0.6249110546875 0.514353517578125 0.641992904296875 0.538078310546875 0.6386714345703125 0.5641755830078125 0.60593121875 0.5608541123046875 0.581731927734375 0.553262177734375 0.5670225576171875
10 0.502965615234375 0.5803084423828125 0.545670244140625 0.560379615234375 0.532384359375 0.545670244140625 0.5167259970703125 0.5423487734375 0.4996441435546875 0.5589561298828125 0.5005931376953126 0.5774614658203125 0.502965615234375 0.5803084423828125
10 0.5107421875 0.642578126953125 0.4951171875 0.642578126953125 0.484375 0.6552734375 0.484375 0.6669921875 0.48828125 0.6728515625 0.4921875 0.6865234375 0.4990234375 0.6953125 0.5166015625 0.705078126953125 0.5244140625 0.712890626953125 0.533203126953125 0.7119140625 0.5400390625 0.7109375 0.544921873046875 0.7060546875 0.552734373046875 0.6865234375 0.55078125 0.6767578125 0.541015626953125 0.6572265625 0.5341796875 0.650390626953125 0.5263671875 0.646484373046875 0.5107421875 0.642578126953125
10 0.419921873046875 0.6708984375 0.416015626953125 0.6787109375 0.4169921875 0.69140625 0.4248046875 0.69140625 0.4267578125 0.689453126953125 0.4462890625 0.689453126953125 0.4521484375 0.69140625 0.4609375 0.6982421875 0.470703126953125 0.7158203125 0.4765625 0.7158203125 0.48828125 0.7099609375 0.4921875 0.6982421875 0.4921875 0.6865234375 0.486328126953125 0.6708984375 0.4736328125 0.65625 0.4462890625 0.654296873046875 0.4306640625 0.662109373046875 0.419921873046875 0.6708984375
10 0.4892578125 0.712890626953125 0.5029296875 0.71484375 0.5126953125 0.720703126953125 0.5166015625 0.720703126953125 0.5244140625 0.728515626953125 0.52734375 0.7275390625 0.52734375 0.7197265625 0.5234375 0.7119140625 0.5107421875 0.701171873046875 0.4990234375 0.6953125 0.4931640625 0.6953125 0.490234373046875 0.6982421875 0.48828125 0.7021484375 0.4892578125 0.712890626953125
10 0.4990234375 0.712890626953125 0.4853515625 0.712890626953125 0.4775390625 0.716796873046875 0.470703126953125 0.7236328125 0.47265625 0.7490234375 0.46484375 0.7705078125 0.46484375 0.7841796875 0.4755859375 0.79296875 0.4853515625 0.79296875 0.4873046875 0.791015626953125 0.51171875 0.7919921875 0.5166015625 0.791015626953125 0.5234375 0.7841796875 0.52734375 0.7763671875 0.53125 0.7607421875 0.53125 0.7373046875 0.52734375 0.7294921875 0.5185546875 0.720703126953125 0.4990234375 0.712890626953125
10 0.4169921875 0.693359373046875 0.4091796875 0.69921875 0.39453125 0.7158203125 0.39453125 0.7216796875 0.3828125 0.7431640625 0.384765626953125 0.7646484375 0.3916015625 0.775390626953125 0.4052734375 0.77734375 0.4248046875 0.7890625 0.435546873046875 0.7880859375 0.4521484375 0.78125 0.462890626953125 0.7705078125 0.470703126953125 0.7529296875 0.46875 0.7119140625 0.4580078125 0.6953125 0.4443359375 0.689453126953125 0.4287109375 0.689453126953125 0.4169921875 0.693359373046875
10 0.4775390625 0.658203126953125 0.482421873046875 0.6572265625 0.4921875 0.6435546875 0.4921875 0.6318359375 0.4892578125 0.626953126953125 0.4833984375 0.62890625 0.4755859375 0.626953126953125 0.462890626953125 0.6494140625 0.4658203125 0.654296873046875 0.4775390625 0.658203126953125
10 0.5771484375 0.67578125 0.5654296875 0.6796875 0.552734373046875 0.6923828125 0.548828126953125 0.7001953125 0.548828126953125 0.7255859375 0.55078125 0.7314453125 0.5556640625 0.736328126953125 0.5673828125 0.73828125 0.5888671875 0.751953126953125 0.591796873046875 0.7509765625 0.599609373046875 0.7353515625 0.6103515625 0.724609373046875 0.6337890625 0.71875 0.634765626953125 0.7119140625 0.62890625 0.7021484375 0.6064453125 0.681640626953125 0.5908203125 0.67578125 0.5771484375 0.67578125
10 0.537109373046875 0.7490234375 0.53125 0.7607421875 0.52734375 0.7841796875 0.529296873046875 0.7861328125 0.529296873046875 0.7939453125 0.548828126953125 0.8115234375 0.552734373046875 0.8212890625 0.5576171875 0.826171873046875 0.5673828125 0.830078126953125 0.57421875 0.8291015625 0.5888671875 0.8203125 0.595703126953125 0.8134765625 0.59375 0.7626953125 0.5830078125 0.748046873046875 0.5693359375 0.740234373046875 0.5615234375 0.73828125 0.5458984375 0.7421875 0.537109373046875 0.7490234375
10 0.5517578125 0.732421873046875 0.5439453125 0.73046875 0.53125 0.7373046875 0.533203126953125 0.7509765625 0.53515625 0.7509765625 0.5546875 0.7392578125 0.5517578125 0.732421873046875
10 0.6142578125 0.72265625 0.6015625 0.7333984375 0.59375 0.7529296875 0.595703126953125 0.7998046875 0.603515626953125 0.8115234375 0.6162109375 0.8203125 0.6337890625 0.82421875 0.65625 0.8232421875 0.6650390625 0.8203125 0.673828126953125 0.8115234375 0.677734373046875 0.8017578125 0.677734373046875 0.7587890625 0.67578125 0.7529296875 0.666015626953125 0.7353515625 0.6455078125 0.720703126953125 0.6142578125 0.72265625
10 0.6572265625 0.701171873046875 0.646484373046875 0.7099609375 0.64453125 0.7197265625 0.6572265625 0.7265625 0.666015626953125 0.7353515625 0.677734373046875 0.7568359375 0.677734373046875 0.7646484375 0.6806640625 0.76953125 0.703125 0.7705078125 0.7109375 0.7646484375 0.71875 0.7392578125 0.71875 0.7294921875 0.712890626953125 0.7158203125 0.7041015625 0.705078126953125 0.6865234375 0.6953125 0.6689453125 0.6953125 0.6572265625 0.701171873046875
10 0.7001953125 0.703125 0.7060546875 0.708984373046875 0.708984373046875 0.7080078125 0.7109375 0.7021484375 0.7060546875 0.69140625 0.6962890625 0.685546873046875 0.6904296875 0.685546873046875 0.68359375 0.6904296875 0.68359375 0.6943359375 0.6865234375 0.697265626953125 0.7001953125 0.703125
10 0.6826171875 0.771484373046875 0.677734373046875 0.7802734375 0.677734373046875 0.8056640625 0.666015626953125 0.8271484375 0.666015626953125 0.8447265625 0.6787109375 0.857421873046875 0.703125 0.8583984375 0.7119140625 0.857421873046875 0.720703126953125 0.8486328125 0.7265625 0.8349609375 0.728515626953125 0.8115234375 0.720703126953125 0.7880859375 0.7080078125 0.775390626953125 0.7001953125 0.771484373046875 0.6826171875 0.771484373046875
10 0.7177734375 0.75 0.7109375 0.7666015625 0.70703125 0.7705078125 0.70703125 0.7744140625 0.720703126953125 0.7880859375 0.724609373046875 0.8017578125 0.7314453125 0.80859375 0.736328126953125 0.8076171875 0.7470703125 0.806640626953125 0.7578125 0.8017578125 0.76171875 0.7900390625 0.759765626953125 0.7783203125 0.755859373046875 0.7705078125 0.7431640625 0.7578125 0.7314453125 0.75 0.7177734375 0.75
10 0.779296873046875 0.8232421875 0.7666015625 0.8125 0.7548828125 0.80859375 0.7333984375 0.80859375 0.728515626953125 0.8115234375 0.7265625 0.8349609375 0.72265625 0.8466796875 0.716796873046875 0.8544921875 0.716796873046875 0.8603515625 0.7373046875 0.88671875 0.74609375 0.8857421875 0.7607421875 0.884765626953125 0.7744140625 0.876953126953125 0.78125 0.8701171875 0.78515625 0.8603515625 0.787109373046875 0.8427734375 0.78515625 0.8408203125 0.78515625 0.8330078125 0.779296873046875 0.8232421875
10 0.3798828125 0.779296873046875 0.3681640625 0.78515625 0.359375 0.7939453125 0.3515625 0.8115234375 0.3515625 0.8349609375 0.375 0.8564453125 0.3828125 0.8818359375 0.3896484375 0.890625 0.408203126953125 0.8896484375 0.4169921875 0.888671873046875 0.43359375 0.8720703125 0.439453126953125 0.8603515625 0.4375 0.8232421875 0.42578125 0.7958984375 0.4189453125 0.7890625 0.4013671875 0.779296873046875 0.3798828125 0.779296873046875
10 0.3544921875 0.673828126953125 0.3310546875 0.67578125 0.3232421875 0.6796875 0.3125 0.6904296875 0.3046875 0.7041015625 0.306640626953125 0.7275390625 0.3154296875 0.7421875 0.35546875 0.7587890625 0.3623046875 0.7578125 0.3759765625 0.75 0.388671873046875 0.7294921875 0.392578126953125 0.7197265625 0.390625 0.6962890625 0.384765626953125 0.6865234375 0.3759765625 0.6796875 0.3544921875 0.673828126953125
10 0.380859373046875 0.6748046875 0.37890625 0.6650390625 0.3603515625 0.6484375 0.3525390625 0.6484375 0.3505859375 0.646484373046875 0.3212890625 0.6484375 0.3056640625 0.658203126953125 0.30078125 0.6650390625 0.298828126953125 0.7001953125 0.3046875 0.7021484375 0.3125 0.6904296875 0.3251953125 0.677734373046875 0.3291015625 0.67578125 0.3408203125 0.67578125 0.3427734375 0.673828126953125 0.3544921875 0.673828126953125 0.3779296875 0.6796875 0.380859373046875 0.6748046875
10 0.23828125 0.6435546875 0.2412109375 0.646484373046875 0.2587890625 0.650390626953125 0.259765626953125 0.6611328125 0.2529296875 0.666015626953125 0.2490234375 0.666015626953125 0.2421875 0.6748046875 0.2470703125 0.681640626953125 0.271484373046875 0.6982421875 0.26953125 0.7041015625 0.2744140625 0.708984373046875 0.2783203125 0.7109375 0.28515625 0.7099609375 0.296875 0.6982421875 0.298828126953125 0.6669921875 0.29296875 0.6552734375 0.2802734375 0.642578126953125 0.2626953125 0.6328125 0.2490234375 0.630859373046875 0.23828125 0.6396484375 0.23828125 0.6435546875
10 0.2275390625 0.716796873046875 0.21875 0.7255859375 0.21875 0.7314453125 0.212890626953125 0.7470703125 0.212890626953125 0.7587890625 0.21875 0.7646484375 0.2265625 0.7861328125 0.2333984375 0.79296875 0.26171875 0.7919921875 0.267578126953125 0.7861328125 0.27734375 0.7587890625 0.29296875 0.7431640625 0.29296875 0.7333984375 0.2763671875 0.712890626953125 0.2666015625 0.708984373046875 0.2451171875 0.708984373046875 0.2275390625 0.716796873046875
10 0.3349609375 0.75 0.3193359375 0.744140626953125 0.2939453125 0.744140626953125 0.279296873046875 0.7568359375 0.271484373046875 0.7744140625 0.2734375 0.8017578125 0.2900390625 0.826171873046875 0.3076171875 0.83203125 0.33203125 0.8310546875 0.3388671875 0.828125 0.34765625 0.8193359375 0.349609373046875 0.8076171875 0.361328126953125 0.7861328125 0.359375 0.7763671875 0.353515626953125 0.7646484375 0.3427734375 0.75390625 0.3349609375 0.75
10 0.279296873046875 0.8212890625 0.2734375 0.8095703125 0.2626953125 0.798828126953125 0.2490234375 0.794921873046875 0.2236328125 0.796875 0.2138671875 0.80078125 0.201171873046875 0.8115234375 0.19921875 0.8427734375 0.205078126953125 0.8623046875 0.2080078125 0.865234373046875 0.212890626953125 0.8642578125 0.2236328125 0.857421873046875 0.2353515625 0.853515626953125 0.2587890625 0.853515626953125 0.2685546875 0.857421873046875 0.2734375 0.8564453125 0.28125 0.8388671875 0.279296873046875 0.8349609375 0.279296873046875 0.8212890625
10 0.3330078125 0.8359375 0.3056640625 0.84765625 0.291015626953125 0.8603515625 0.28515625 0.8740234375 0.283203126953125 0.8974609375 0.2890625 0.9150390625 0.3095703125 0.9296875 0.3232421875 0.935546873046875 0.34765625 0.9345703125 0.3603515625 0.9296875 0.376953126953125 0.9111328125 0.3828125 0.8974609375 0.3828125 0.8818359375 0.375 0.8583984375 0.3642578125 0.845703126953125 0.3427734375 0.8359375 0.3330078125 0.8359375
10 0.2392578125 0.853515626953125 0.2255859375 0.857421873046875 0.2109375 0.8681640625 0.1953125 0.8916015625 0.181640626953125 0.9052734375 0.169921873046875 0.9267578125 0.169921873046875 0.9482421875 0.17578125 0.9638671875 0.1923828125 0.974609373046875 0.212890626953125 0.9755859375 0.2392578125 0.962890626953125 0.259765626953125 0.9404296875 0.275390626953125 0.9150390625 0.28125 0.8994140625 0.28125 0.8759765625 0.2685546875 0.857421873046875 0.2587890625 0.853515626953125 0.2392578125 0.853515626953125
10 0.26953125 0.9345703125 0.24609375 0.9599609375 0.236328126953125 0.9794921875 0.2373046875 1 0.33203125 0.9990234375 0.333984373046875 0.9892578125 0.333984373046875 0.9560546875 0.33203125 0.9521484375 0.3115234375 0.93359375 0.2861328125 0.921875 0.2783203125 0.921875 0.2734375 0.9267578125 0.26953125 0.9345703125
10 0.1552734375 1 0.234375 0.9990234375 0.2275390625 0.986328126953125 0.1962890625 0.978515626953125 0.1884765625 0.974609373046875 0.1728515625 0.974609373046875 0.1689453125 0.9765625 0.162109373046875 0.9833984375 0.154296873046875 0.9970703125 0.1552734375 1
10 0.3798828125 0.91015625 0.369140626953125 0.9248046875 0.345703126953125 0.9462890625 0.3359375 0.9658203125 0.3359375 0.9814453125 0.3466796875 1 0.412109373046875 0.9990234375 0.427734373046875 0.9716796875 0.443359373046875 0.9619140625 0.4453125 0.9365234375 0.4375 0.9189453125 0.4287109375 0.91015625 0.4130859375 0.904296873046875 0.3935546875 0.904296873046875 0.3798828125 0.91015625
10 0.416015626953125 0.9970703125 0.4169921875 1 0.515625 0.9990234375 0.513671873046875 0.9931640625 0.5009765625 0.98046875 0.4873046875 0.970703126953125 0.4697265625 0.962890626953125 0.4482421875 0.962890626953125 0.4326171875 0.96875 0.427734373046875 0.9736328125 0.416015626953125 0.9970703125
10 0.427734373046875 0.8837890625 0.41796875 0.8935546875 0.416015626953125 0.9013671875 0.4375 0.9169921875 0.4453125 0.9345703125 0.4453125 0.9501953125 0.4501953125 0.958984373046875 0.4560546875 0.9609375 0.48828125 0.9599609375 0.5 0.9541015625 0.5 0.8955078125 0.4921875 0.8837890625 0.4736328125 0.869140626953125 0.4560546875 0.859375 0.4482421875 0.857421873046875 0.4423828125 0.859375 0.427734373046875 0.8837890625
10 0.4775390625 0.794921873046875 0.458984373046875 0.8076171875 0.451171873046875 0.8232421875 0.453125 0.8505859375 0.4619140625 0.861328126953125 0.4931640625 0.87890625 0.513671873046875 0.8779296875 0.5380859375 0.869140626953125 0.548828126953125 0.8603515625 0.552734373046875 0.8388671875 0.55078125 0.8173828125 0.5419921875 0.8046875 0.5244140625 0.794921873046875 0.4970703125 0.791015626953125 0.4775390625 0.794921873046875
10 0.5693359375 0.8671875 0.5419921875 0.8671875 0.5205078125 0.876953126953125 0.509765626953125 0.8876953125 0.501953126953125 0.9033203125 0.5 0.9208984375 0.501953126953125 0.9228515625 0.501953126953125 0.9365234375 0.505859373046875 0.9462890625 0.5224609375 0.958984373046875 0.541015626953125 0.9580078125 0.5595703125 0.955078126953125 0.56640625 0.9501953125 0.578125 0.9306640625 0.580078126953125 0.9169921875 0.58984375 0.9013671875 0.58984375 0.8916015625 0.5859375 0.8837890625 0.5693359375 0.8671875
10 0.51171875 0.9814453125 0.51171875 0.9892578125 0.5185546875 1 0.619140626953125 0.9990234375 0.615234373046875 0.9853515625 0.5986328125 0.966796873046875 0.5888671875 0.9609375 0.5732421875 0.95703125 0.5498046875 0.95703125 0.5361328125 0.9609375 0.5224609375 0.96875 0.51171875 0.9814453125
10 0.6064453125 0.892578126953125 0.5859375 0.9072265625 0.580078126953125 0.9208984375 0.58203125 0.9541015625 0.5986328125 0.96484375 0.61328125 0.9794921875 0.6201171875 0.9921875 0.6279296875 0.99609375 0.64453125 0.9951171875 0.6513671875 0.9921875 0.66796875 0.9736328125 0.673828126953125 0.9619140625 0.67578125 0.9365234375 0.6640625 0.9130859375 0.6474609375 0.896484373046875 0.6337890625 0.890625 0.6064453125 0.892578126953125
10 0.5966796875 0.818359373046875 0.57421875 0.8310546875 0.5703125 0.8408203125 0.5703125 0.8642578125 0.5859375 0.8798828125 0.5947265625 0.89453125 0.6005859375 0.89453125 0.6064453125 0.890625 0.6396484375 0.890625 0.6494140625 0.896484373046875 0.65625 0.8955078125 0.6640625 0.8857421875 0.666015626953125 0.8642578125 0.658203126953125 0.8427734375 0.6474609375 0.830078126953125 0.6298828125 0.82421875 0.6220703125 0.82421875 0.6083984375 0.818359373046875 0.5966796875 0.818359373046875
10 0.7080078125 0.859375 0.6728515625 0.859375 0.666015626953125 0.8642578125 0.66796875 0.8720703125 0.66015625 0.8955078125 0.66015625 0.9052734375 0.669921873046875 0.9228515625 0.6748046875 0.927734373046875 0.6796875 0.9267578125 0.7001953125 0.916015626953125 0.7119140625 0.912109373046875 0.7314453125 0.912109373046875 0.736328126953125 0.9072265625 0.736328126953125 0.8955078125 0.728515626953125 0.8779296875 0.7158203125 0.86328125 0.7080078125 0.859375
10 0.677734373046875 0.9443359375 0.67578125 0.9697265625 0.673828126953125 0.9716796875 0.6767578125 1 0.771484373046875 0.9990234375 0.76953125 0.9560546875 0.7578125 0.9306640625 0.7490234375 0.919921873046875 0.7314453125 0.912109373046875 0.7177734375 0.912109373046875 0.6923828125 0.919921873046875 0.68359375 0.9287109375 0.677734373046875 0.9443359375
10 0.755859373046875 0.9267578125 0.7705078125 0.953125 0.779296873046875 0.9521484375 0.783203126953125 0.9482421875 0.7890625 0.9345703125 0.7890625 0.9189453125 0.78125 0.8955078125 0.7666015625 0.88671875 0.7373046875 0.888671873046875 0.736328126953125 0.9111328125 0.755859373046875 0.9267578125
15 0.177734373046875 0.1533203125 0.144170072265625 0.142644462890625 0.144170072265625 0.099927404296875 0.105267037109375 0.0259353564453125 0.102215818359375 0.077043267578125 0.0849609375 0 0.07421875 0.0048828125 0.072265626953125 0.0947265625 0.0556640625 0.1015625 0.01953125 0.0830078125 0.05078125 0.1669921875 0.0390625 0.1806640625 0.046875 0.1865234375 0.029296873046875 0.1884765625 0.0390625 0.1943359375 0.04296875 0.2333984375 0.060546873046875 0.2587890625 0.02734375 0.2998046875 0.021484373046875 0.3271484375 0.01171875 0.3291015625 0.009765626953125 0.3681640625 0.0341796875 0.412109373046875 0.0498046875 0.408203126953125 0.0654296875 0.421875 0.0947265625 0.388671873046875 0.1103515625 0.40234375 0.1494140625 0.388671873046875 0.1640625 0.4189453125 0.17578125 0.4228515625 0.185546873046875 0.4033203125 0.19140625 0.3388671875 0.16796875 0.2607421875 0.19140625 0.2236328125 0.18359375 0.2041015625 0.16796875 0.1982421875 0.162109373046875 0.1689453125 0.177734373046875 0.1533203125
15 0 0.2177734375 0.025390626953125 0.2197265625 0.046875 0.1826171875 0.025390626953125 0.0888671875 0.0615234375 0.1015625 0.076171873046875 0.0869140625 0.078125 0.0146484375 0.0693359375 0 0 0.0009765625 0 0.2177734375
15 0.27734375 0.2080078125 0.2670669482421875 0.1864656640625 0.3145856171875 0.1154884111328125 0.285713513671875 0.121503431640625 0.282706005859375 0.102856865234375 0.253232400390625 0.127518455078125 0.232781328125 0.120300427734375 0.2119140625 0.189453126953125 0.20703125 0.1943359375 0.197265626953125 0.2099609375 0.1953125 0.2431640625 0.1796875 0.2646484375 0.177734373046875 0.2783203125 0.1865234375 0.291015626953125 0.216796873046875 0.2919921875 0.2265625 0.2861328125 0.228515626953125 0.2724609375 0.2333984375 0.267578126953125 0.2451171875 0.263671873046875 0.2626953125 0.25 0.2724609375 0.248046873046875 0.27734375 0.2392578125 0.27734375 0.2080078125
15 0.1884765625 0 0.1474609375 0.0078125 0.140625 0.0302734375 0.14453125 0.0908203125 0.17578125 0.0947265625 0.21484375 0.0615234375 0.1884765625 0
15 0.2392578125 0.126953126953125 0.2470703125 0.125 0.2509765625 0.119140626953125 0.2626953125 0.115234373046875 0.267578126953125 0.1025390625 0.2734375 0.0986328125 0.2724609375 0.087890626953125 0.2685546875 0.09375 0.265625 0.0927734375 0.265625 0.0869140625 0.26953125 0.0810546875 0.26953125 0.0654296875 0.2646484375 0.060546873046875 0.2529296875 0.05859375 0.2451171875 0.05859375 0.2392578125 0.0625 0.236328126953125 0.0595703125 0.236328126953125 0.0458984375 0.2314453125 0.037109373046875 0.224609373046875 0.0419921875 0.21484375 0.0693359375 0.205078126953125 0.0869140625 0.1962890625 0.091796873046875 0.1806640625 0.09375 0.17578125 0.1025390625 0.1884765625 0.123046873046875 0.1943359375 0.126953126953125 0.2041015625 0.125 0.2099609375 0.130859373046875 0.21484375 0.1298828125 0.2197265625 0.12109375 0.2255859375 0.125 0.232421873046875 0.1220703125 0.2265625 0.1181640625 0.2275390625 0.11328125 0.2333984375 0.119140626953125 0.23828125 0.1201171875 0.2392578125 0.126953126953125
15 0 0.7177734375 0.0615234375 0.7421875 0.0751953125 0.736328126953125 0.0888671875 0.751953126953125 0.1240234375 0.7421875 0.1494140625 0.75390625 0.138671873046875 0.7763671875 0.146484373046875 0.8115234375 0.1845703125 0.78515625 0.203125 0.7587890625 0.216796873046875 0.7080078125 0.240234373046875 0.6787109375 0.234375 0.6376953125 0.326171873046875 0.5791015625 0.24609375 0.5556640625 0.251953126953125 0.5244140625 0.287109373046875 0.4638671875 0.2470703125 0.462890626953125 0.2294921875 0.447265626953125 0.1787109375 0.44921875 0.1455078125 0.392578126953125 0.130859373046875 0.4052734375 0.13671875 0.4111328125 0.1201171875 0.443359373046875 0.09375 0.4033203125 0.076171873046875 0.4423828125 0.0693359375 0.515625 0.005859373046875 0.5244140625 0.0234375 0.5595703125 0 0.5732421875 0 0.6103515625 0.015625 0.6162109375 0.0146484375 0.625 0 0.6259765625 0 0.7177734375
15 0.185546873046875 0.7802734375 0.1826171875 0.775390626953125 0.1767578125 0.779296873046875 0.17578125 0.7705078125 0.1904296875 0.765625 0.19140625 0.7587890625 0.177734373046875 0.7548828125 0.1904296875 0.75390625 0.19140625 0.7451171875 0.1728515625 0.744140626953125 0.171875 0.7548828125 0.1474609375 0.77734375 0.140625 0.7724609375 0.146484373046875 0.7626953125 0.1337890625 0.7421875 0.1171875 0.7451171875 0.123046873046875 0.7548828125 0.1064453125 0.77734375 0.095703126953125 0.7705078125 0.10546875 0.7626953125 0.0966796875 0.759765626953125 0.0634765625 0.759765626953125 0.0224609375 0.775390626953125 0.0009765625 0.7734375 0 0.8876953125 0.0458984375 0.890625 0.0517578125 0.8828125 0.0712890625 0.880859373046875 0.0986328125 0.884765626953125 0.10546875 0.8935546875 0.10546875 0.9189453125 0.08984375 0.9990234375 0.140625 0.9990234375 0.166015626953125 0.9599609375 0.162109373046875 0.9423828125 0.169921873046875 0.9033203125 0.19921875 0.8740234375 0.185546873046875 0.8408203125 0.185546873046875 0.8115234375 0.166015626953125 0.8017578125 0.185546873046875 0.7802734375
15 0.181640626953125 0.4228515625 0.1884765625 0.439453126953125 0.2109375 0.4443359375 0.2412109375 0.44140625 0.2734375 0.4052734375 0.3037109375 0.306640626953125 0.2705078125 0.33203125 0.2626953125 0.30078125 0.2431640625 0.3203125 0.228515626953125 0.3193359375 0.181640626953125 0.4228515625