10 0.1650390625 0.291015626953125 0.2265625 0.3017578125 0.2998046875 0.279296873046875 0.333984373046875 0.2216796875 0.3125 0.1552734375 0.2509765625 0.111328126953125 0.158203126953125 0.1767578125 0.126953126953125 0.2412109375 0.1328125 0.2646484375 0.1650390625 0.291015626953125
10 0.1435546875 0.138671873046875 0.17578125 0.1396484375 0.1962890625 0.1328125 0.228515626953125 0.0927734375 0.228515626953125 0.0341796875 0.2099609375 0 0.029296873046875 0.0009765625 0.033203126953125 0.0498046875 0.0693359375 0.08984375 0.1435546875 0.138671873046875
10 0 0.2666015625 0.02734375 0.2685546875 0.0712890625 0.24609375 0.1064453125 0.255859373046875 0.119140626953125 0.2470703125 0.146484373046875 0.1748046875 0.1416015625 0.142578126953125 0.0830078125 0.111328126953125 0 0.1240234375 0 0.2666015625
10 0.1162109375 0.318359373046875 0.078125 0.3583984375 0.078125 0.4150390625 0.1396484375 0.49609375 0.18359375 0.5087890625 0.2197265625 0.498046873046875 0.24609375 0.4755859375 0.259765626953125 0.4365234375 0.25390625 0.3896484375 0.232421873046875 0.3505859375 0.2021484375 0.326171873046875 0.1533203125 0.3125 0.1162109375 0.318359373046875
10 0.1328125 0.3056640625 0.0732421875 0.275390626953125 0.0009765625 0.271484373046875 0 0.3955078125 0.068359373046875 0.3974609375 0.0859375 0.3369140625 0.1328125 0.3056640625
10 0 0.5966796875 0.041015626953125 0.5986328125 0.0869140625 0.576171873046875 0.10546875 0.5517578125 0.103515626953125 0.4638671875 0.0634765625 0.40234375 0.0126953125 0.396484373046875 0 0.4013671875 0 0.5966796875
10 0.109375 0.6865234375 0.1611328125 0.728515626953125 0.220703126953125 0.7314453125 0.2607421875 0.71875 0.283203126953125 0.6943359375 0.29296875 0.6630859375 0.287109373046875 0.6005859375 0.2353515625 0.55078125 0.1650390625 0.544921873046875 0.111328126953125 0.5986328125 0.109375 0.6865234375
10 0.298828126953125 0.4892578125 0.3046875 0.5205078125 0.3291015625 0.5546875 0.359375 0.5654296875 0.4267578125 0.5546875 0.46875 0.5263671875 0.4765625 0.4814453125 0.4677734375 0.439453126953125 0.4248046875 0.447265626953125 0.3486328125 0.42578125 0.30859375 0.4580078125 0.298828126953125 0.4892578125
10 0.296875 0.6552734375 0.294921873046875 0.7060546875 0.306640626953125 0.7333984375 0.3427734375 0.763671873046875 0.3828125 0.7646484375 0.4423828125 0.744140626953125 0.455078126953125 0.7294921875 0.4453125 0.7021484375 0.45703125 0.6611328125 0.455078126953125 0.6025390625 0.4130859375 0.564453126953125 0.3427734375 0.576171873046875 0.296875 0.6552734375
10 0.16796875 0.5361328125 0.2275390625 0.544921873046875 0.291015626953125 0.5966796875 0.318359373046875 0.5751953125 0.3203125 0.5556640625 0.298828126953125 0.5146484375 0.30078125 0.4677734375 0.2607421875 0.453125 0.2294921875 0.494140626953125 0.1748046875 0.51171875 0.16796875 0.5361328125
10 0.3486328125 0.41015625 0.3818359375 0.43359375 0.431640626953125 0.4443359375 0.4873046875 0.421875 0.533203126953125 0.3583984375 0.533203126953125 0.2763671875 0.4755859375 0.23046875 0.3701171875 0.28515625 0.328125 0.3505859375 0.33203125 0.3876953125 0.3486328125 0.41015625
10 0.2646484375 0.396484373046875 0.337890626953125 0.4248046875 0.3515625 0.4150390625 0.33203125 0.3916015625 0.326171873046875 0.3525390625 0.357421873046875 0.2822265625 0.3193359375 0.265625 0.2373046875 0.3046875 0.228515626953125 0.3388671875 0.2646484375 0.396484373046875
10 0.482421873046875 0.2080078125 0.5107421875 0.25 0.560546873046875 0.2607421875 0.634765626953125 0.2177734375 0.642578126953125 0.1611328125 0.6123046875 0.095703126953125 0.5791015625 0.07421875 0.5341796875 0.068359373046875 0.5048828125 0.078125 0.4765625 0.1064453125 0.482421873046875 0.2080078125
10 0.755859373046875 0.1806640625 0.6513671875 0.12109375 0.640625 0.2138671875 0.619140626953125 0.2373046875 0.681640626953125 0.2568359375 0.734375 0.2255859375 0.755859373046875 0.1806640625
10 0.673828126953125 0.4150390625 0.71484375 0.3974609375 0.728515626953125 0.3291015625 0.6884765625 0.275390626953125 0.6220703125 0.255859373046875 0.568359373046875 0.3056640625 0.568359373046875 0.3447265625 0.6181640625 0.40234375 0.673828126953125 0.4150390625
10 0.5322265625 0.5546875 0.611328126953125 0.5751953125 0.669921873046875 0.5478515625 0.671875 0.4892578125 0.6103515625 0.42578125 0.5634765625 0.412109373046875 0.5087890625 0.4140625 0.486328126953125 0.4580078125 0.486328126953125 0.5068359375 0.5322265625 0.5546875
10 0.5107421875 0.697265626953125 0.55859375 0.7216796875 0.6044921875 0.712890626953125 0.630859373046875 0.6904296875 0.630859373046875 0.5986328125 0.6103515625 0.578125 0.5166015625 0.55859375 0.490234373046875 0.5927734375 0.490234373046875 0.6611328125 0.5107421875 0.697265626953125
10 0.453125 0.6845703125 0.47265625 0.6884765625 0.4697265625 0.6796875 0.453125 0.6845703125
10 0.6669921875 0.576171873046875 0.63671875 0.6044921875 0.638671873046875 0.6630859375 0.6787109375 0.701171873046875 0.76171875 0.7255859375 0.7978515625 0.71484375 0.82421875 0.6884765625 0.830078126953125 0.6513671875 0.818359373046875 0.6240234375 0.7900390625 0.59375 0.7490234375 0.57421875 0.6904296875 0.568359373046875 0.6669921875 0.576171873046875
10 0.4521484375 0.8125 0.501953126953125 0.8212890625 0.55859375 0.7958984375 0.560546873046875 0.7392578125 0.4853515625 0.67578125 0.4580078125 0.671875 0.453125 0.7373046875 0.4130859375 0.75390625 0.404296873046875 0.7724609375 0.4521484375 0.8125
10 0.642578126953125 0.7275390625 0.63671875 0.7607421875 0.66015625 0.8232421875 0.6982421875 0.865234373046875 0.765625 0.8759765625 0.7919921875 0.87109375 0.8046875 0.8466796875 0.806640626953125 0.8037109375 0.79296875 0.7666015625 0.7607421875 0.728515626953125 0.6806640625 0.70703125 0.6572265625 0.7109375 0.642578126953125 0.7275390625
10 0.537109373046875 0.8349609375 0.5791015625 0.876953126953125 0.599609373046875 0.8798828125 0.6474609375 0.859375 0.662109373046875 0.8310546875 0.6298828125 0.7578125 0.5791015625 0.75 0.564453126953125 0.7607421875 0.560546873046875 0.7998046875 0.5390625 0.8115234375 0.537109373046875 0.8349609375
10 0.7158203125 0.94140625 0.74609375 0.9443359375 0.7666015625 0.939453126953125 0.78125 0.9208984375 0.7890625 0.8740234375 0.7138671875 0.873046873046875 0.6650390625 0.84375 0.658203126953125 0.8720703125 0.6796875 0.9169921875 0.7158203125 0.94140625
10 0.806640626953125 0.6025390625 0.83984375 0.5810546875 0.85546875 0.5146484375 0.8115234375 0.44921875 0.7568359375 0.4453125 0.712890626953125 0.4912109375 0.708984373046875 0.5517578125 0.7177734375 0.56640625 0.806640626953125 0.6025390625
10 1 0.4169921875 0.9765625 0.3720703125 0.9541015625 0.35546875 0.8798828125 0.357421873046875 0.83203125 0.4052734375 0.830078126953125 0.4482421875 0.861328126953125 0.5224609375 0.857421873046875 0.5595703125 0.892578126953125 0.5673828125 0.9697265625 0.51171875 1 0.4736328125 1 0.4169921875
10 0.802734373046875 0.7158203125 0.841796873046875 0.7392578125 0.8828125 0.7197265625 0.90625 0.6376953125 0.90234375 0.5966796875 0.8642578125 0.56640625 0.8505859375 0.56640625 0.814453126953125 0.6064453125 0.830078126953125 0.6728515625 0.802734373046875 0.7158203125
10 1 0.6416015625 0.9306640625 0.638671873046875 0.89453125 0.6728515625 0.892578126953125 0.7392578125 0.9423828125 0.787109373046875 1 0.7919921875 1 0.6416015625
10 0.798828126953125 0.8701171875 0.845703126953125 0.8837890625 0.9091796875 0.857421873046875 0.931640626953125 0.8173828125 0.9296875 0.7841796875 0.8837890625 0.740234373046875 0.8134765625 0.74609375 0.796875 0.7587890625 0.80859375 0.8056640625 0.798828126953125 0.8701171875
10 1 0.7958984375 0.9521484375 0.796875 0.9296875 0.8369140625 0.931640626953125 0.8818359375 0.96484375 0.9482421875 1 0.9599609375 1 0.7958984375
10 0.94921875 0.9990234375 0.9609375 0.9462890625 0.9130859375 0.873046873046875 0.8173828125 0.884765626953125 0.798828126953125 0.9013671875 0.791015626953125 0.9423828125 0.80078125 0.9755859375 0.8232421875 1 0.94921875 0.9990234375
10 0.908203126953125 0.5810546875 0.9248046875 0.630859373046875 1 0.6376953125 0.9990234375 0.48828125 0.927734373046875 0.5498046875 0.908203126953125 0.5810546875
10 0.8046875 0.3115234375 0.8759765625 0.30859375 0.908203126953125 0.2783203125 0.8466796875 0.234375 0.7705078125 0.201171873046875 0.736328126953125 0.2353515625 0.73828125 0.2724609375 0.7607421875 0.30859375 0.8046875 0.3115234375
10 0.7412109375 0.44140625 0.822265626953125 0.4404296875 0.8359375 0.3896484375 0.89453125 0.3427734375 0.8623046875 0.30859375 0.7646484375 0.330078126953125 0.740234373046875 0.3505859375 0.7265625 0.3876953125 0.724609373046875 0.4189453125 0.7412109375 0.44140625
10 0.73046875 0.4384765625 0.7080078125 0.4140625 0.6455078125 0.419921873046875 0.6328125 0.4384765625 0.67578125 0.4931640625 0.67578125 0.5458984375 0.697265626953125 0.5478515625 0.73046875 0.4384765625
10 0.248046873046875 0.0009765625 0.2705078125 0.04296875 0.326171873046875 0.0732421875 0.3984375 0.0498046875 0.3955078125 0 0.248046873046875 0.0009765625
10 0.4130859375 0 0.4140625 0.0556640625 0.4423828125 0.078125 0.48046875 0.0810546875 0.5244140625 0.0625 0.53125 0.0419921875 0.4736328125 0 0.4130859375 0
10 0.345703126953125 0.2236328125 0.3681640625 0.2421875 0.416015626953125 0.2490234375 0.4609375 0.2255859375 0.46875 0.1396484375 0.45703125 0.1005859375 0.4306640625 0.076171873046875 0.3759765625 0.05859375 0.330078126953125 0.0869140625 0.314453126953125 0.1337890625 0.345703126953125 0.2236328125
10 0.515625 0.3974609375 0.5205078125 0.408203126953125 0.6171875 0.4267578125 0.6171875 0.4052734375 0.5458984375 0.35546875 0.515625 0.3974609375