10 0.484375 0.5986328125 0.4921875 0.6259765625 0.5078125 0.6279296875 0.57421875 0.62109375 0.5989583330078125 0.5947265625 0.5885416669921875 0.5498046875 0.5481770830078125 0.525390625 0.48828125 0.533203125 0.4505208330078125 0.5595703125 0.453125 0.5751953125 0.484375 0.5986328125
10 0.3997395830078125 0.482421875 0.453125 0.4853515625 0.4765625 0.4736328125 0.484375 0.4560546875 0.4713541669921875 0.4111328125 0.41796875 0.3671875 0.3684895830078125 0.3671875 0.3359375 0.3974609375 0.3619791669921875 0.4482421875 0.3997395830078125 0.482421875
10 0.4817708330078125 0.4267578125 0.4947916669921875 0.4287109375 0.515625 0.4150390625 0.5234375 0.3955078125 0.5104166669921875 0.3681640625 0.4752604169921875 0.345703125 0.41796875 0.33984375 0.3958333330078125 0.3603515625 0.4309895830078125 0.373046875 0.4817708330078125 0.4267578125
10 0.2239583330078125 0.3740234375 0.2421875 0.4111328125 0.2526041669921875 0.4130859375 0.2877604169921875 0.400390625 0.3268229169921875 0.404296875 0.3541666669921875 0.3740234375 0.3411458330078125 0.3388671875 0.3190104169921875 0.322265625 0.2721354169921875 0.31640625 0.2369791669921875 0.3369140625 0.2239583330078125 0.3740234375
10 0.3580729169921875 0.328125 0.32421875 0.322265625 0.3619791669921875 0.3701171875 0.3828125 0.3623046875 0.375 0.3427734375 0.3580729169921875 0.328125
10 0.4114583330078125 0.3427734375 0.4088541669921875 0.3193359375 0.3815104169921875 0.3046875 0.3424479169921875 0.310546875 0.3359375 0.3212890625 0.3606770830078125 0.330078125 0.390625 0.3583984375 0.4114583330078125 0.3427734375
10 0.265625 0.2978515625 0.2903645830078125 0.296875 0.3255208330078125 0.2705078125 0.3229166669921875 0.2353515625 0.29296875 0.216796875 0.24609375 0.21875 0.2239583330078125 0.2373046875 0.2265625 0.2822265625 0.265625 0.2978515625
10 0.1692708330078125 0.2880859375 0.2083333330078125 0.2724609375 0.2239583330078125 0.2275390625 0.1940104169921875 0.201171875 0.1549479169921875 0.193359375 0.1041666669921875 0.2216796875 0.0963541669921875 0.2451171875 0.10546875 0.26171875 0.1692708330078125 0.2880859375
10 0 0.5908203125 0.0260416669921875 0.6103515625 0.0768229169921875 0.587890625 0.1653645830078125 0.59375 0.1770833330078125 0.5810546875 0.1692708330078125 0.5380859375 0.1145833330078125 0.4873046875 0.08984375 0.4765625 0.03515625 0.4765625 0 0.4970703125 0 0.5908203125
10 0.1901041669921875 0.5654296875 0.21875 0.5224609375 0.2057291669921875 0.4677734375 0.1549479169921875 0.44140625 0.0950520830078125 0.453125 0.078125 0.4736328125 0.1080729169921875 0.482421875 0.1510416669921875 0.5146484375 0.1901041669921875 0.5654296875
10 0.0026041669921875 0.6533203125 0 0.7001953125 0.0130208330078125 0.7177734375 0.04296875 0.740234375 0.0885416669921875 0.7490234375 0.1653645830078125 0.7265625 0.2083333330078125 0.6787109375 0.2057291669921875 0.6416015625 0.1875 0.6123046875 0.1315104169921875 0.587890625 0.0794270830078125 0.587890625 0.04296875 0.6015625 0.0026041669921875 0.6533203125
10 0.3177083330078125 0.6396484375 0.3307291669921875 0.6005859375 0.3059895830078125 0.564453125 0.23828125 0.552734375 0.1848958330078125 0.5751953125 0.1692708330078125 0.5966796875 0.2161458330078125 0.6552734375 0.3177083330078125 0.6396484375
10 0.19140625 0.7578125 0.2526041669921875 0.7568359375 0.3971354169921875 0.7421875 0.421875 0.6943359375 0.4088541669921875 0.6650390625 0.3736979169921875 0.646484375 0.31640625 0.640625 0.21484375 0.65625 0.1770833330078125 0.7373046875 0.19140625 0.7578125
10 0.0885416669921875 0.7529296875 0.09765625 0.76171875 0.1666666669921875 0.7607421875 0.1848958330078125 0.7587890625 0.16796875 0.7265625 0.0885416669921875 0.7529296875
10 0.3919270830078125 0.65234375 0.4231770830078125 0.681640625 0.4375 0.6806640625 0.46875 0.6669921875 0.4895833330078125 0.6396484375 0.4791666669921875 0.5927734375 0.4231770830078125 0.56640625 0.3606770830078125 0.580078125 0.3359375 0.6044921875 0.3385416669921875 0.6357421875 0.3919270830078125 0.65234375
10 0.30078125 0.560546875 0.3385416669921875 0.5888671875 0.3619791669921875 0.5712890625 0.3723958330078125 0.5458984375 0.3723958330078125 0.4833984375 0.34765625 0.4609375 0.2955729169921875 0.458984375 0.2604166669921875 0.4775390625 0.2291666669921875 0.5498046875 0.30078125 0.560546875
10 0.44140625 0.568359375 0.4713541669921875 0.5400390625 0.4557291669921875 0.5029296875 0.42578125 0.48828125 0.3723958330078125 0.4833984375 0.3645833330078125 0.5693359375 0.3776041669921875 0.5751953125 0.44140625 0.568359375
10 0.5677083330078125 0.5283203125 0.5221354169921875 0.494140625 0.4856770830078125 0.490234375 0.4609375 0.5048828125 0.4817708330078125 0.5361328125 0.5299479169921875 0.5234375 0.5677083330078125 0.5283203125
10 0.4661458330078125 0.4990234375 0.5 0.4873046875 0.4830729169921875 0.470703125 0.453125 0.4873046875 0.4661458330078125 0.4990234375
10 0.4895833330078125 0.4345703125 0.4947916669921875 0.4716796875 0.5169270830078125 0.484375 0.5338541669921875 0.4833984375 0.57421875 0.4609375 0.59765625 0.4609375 0.6067708330078125 0.4462890625 0.5963541669921875 0.4130859375 0.55859375 0.388671875 0.5247395830078125 0.392578125 0.515625 0.4169921875 0.4895833330078125 0.4345703125
10 0.6171875 0.5498046875 0.6223958330078125 0.5126953125 0.6458333330078125 0.4892578125 0.6106770830078125 0.462890625 0.5690104169921875 0.462890625 0.5416666669921875 0.4833984375 0.5364583330078125 0.5009765625 0.58984375 0.548828125 0.6171875 0.5498046875
10 0.7421875 0.5810546875 0.7317708330078125 0.5205078125 0.7018229169921875 0.490234375 0.6575520830078125 0.484375 0.6197916669921875 0.5205078125 0.6328125 0.5830078125 0.7161458330078125 0.6064453125 0.7421875 0.5810546875
10 0.6145833330078125 0.6494140625 0.6302083330078125 0.6923828125 0.6536458330078125 0.6943359375 0.6861979169921875 0.69140625 0.703125 0.6806640625 0.7317708330078125 0.6533203125 0.7317708330078125 0.6298828125 0.6888020830078125 0.595703125 0.60546875 0.5859375 0.5807291669921875 0.6240234375 0.6145833330078125 0.6494140625
10 0.5234375 0.7294921875 0.6223958330078125 0.7177734375 0.625 0.6669921875 0.6041666669921875 0.6396484375 0.5716145830078125 0.62109375 0.5065104169921875 0.62890625 0.4661458330078125 0.6728515625 0.4739583330078125 0.7216796875 0.5234375 0.7294921875
10 0.4244791669921875 0.6845703125 0.4036458330078125 0.7373046875 0.4296875 0.7412109375 0.4713541669921875 0.7333984375 0.43359375 0.68359375 0.4244791669921875 0.6845703125
10 0.71484375 0.671875 0.6861979169921875 0.69140625 0.6276041669921875 0.7001953125 0.62890625 0.71875 0.6614583330078125 0.7177734375 0.7239583330078125 0.7021484375 0.71484375 0.671875
10 0.8046875 0.5869140625 0.8489583330078125 0.5693359375 0.8515625 0.5419921875 0.8190104169921875 0.51171875 0.7643229169921875 0.498046875 0.7317708330078125 0.5166015625 0.7447916669921875 0.5595703125 0.7721354169921875 0.58203125 0.8046875 0.5869140625
10 0.859375 0.4833984375 0.8541666669921875 0.4599609375 0.82421875 0.44140625 0.7981770830078125 0.4453125 0.7734375 0.4658203125 0.7630208330078125 0.4951171875 0.8411458330078125 0.5166015625 0.859375 0.4833984375
10 0.7942708330078125 0.4462890625 0.7942708330078125 0.4169921875 0.76171875 0.400390625 0.70703125 0.40625 0.6901041669921875 0.4208984375 0.6927083330078125 0.4521484375 0.7630208330078125 0.4638671875 0.7942708330078125 0.4462890625
10 0.6653645830078125 0.41015625 0.62890625 0.416015625 0.6145833330078125 0.4443359375 0.6549479169921875 0.482421875 0.6822916669921875 0.4814453125 0.6875 0.4208984375 0.6653645830078125 0.41015625
10 0.7200520830078125 0.462890625 0.6901041669921875 0.4853515625 0.7317708330078125 0.5126953125 0.7604166669921875 0.4951171875 0.7630208330078125 0.4755859375 0.7200520830078125 0.462890625
10 0.5924479169921875 0.38671875 0.578125 0.3955078125 0.6119791669921875 0.4345703125 0.640625 0.4091796875 0.62109375 0.388671875 0.5924479169921875 0.38671875
10 0.7161458330078125 0.3955078125 0.7161458330078125 0.3662109375 0.6653645830078125 0.349609375 0.6341145830078125 0.353515625 0.6145833330078125 0.3837890625 0.64453125 0.408203125 0.6901041669921875 0.4111328125 0.7161458330078125 0.3955078125
10 0.6119791669921875 0.3740234375 0.63671875 0.3515625 0.671875 0.3466796875 0.6692708330078125 0.3232421875 0.6497395830078125 0.310546875 0.6028645830078125 0.3203125 0.5755208330078125 0.3388671875 0.5859375 0.3662109375 0.6119791669921875 0.3740234375
10 0.5338541669921875 0.3583984375 0.55859375 0.388671875 0.5833333330078125 0.3935546875 0.5989583330078125 0.3798828125 0.5690104169921875 0.353515625 0.5338541669921875 0.3583984375
10 0.56640625 0.3515625 0.5755208330078125 0.3310546875 0.5481770830078125 0.314453125 0.5143229169921875 0.314453125 0.4973958330078125 0.3232421875 0.4973958330078125 0.3349609375 0.5338541669921875 0.3583984375 0.56640625 0.3515625
10 0.734375 0.3330078125 0.7174479169921875 0.326171875 0.67578125 0.330078125 0.671875 0.3466796875 0.7291666669921875 0.3720703125 0.7421875 0.3603515625 0.734375 0.3330078125
10 0.828125 0.3916015625 0.81640625 0.37109375 0.7669270830078125 0.359375 0.734375 0.3740234375 0.73046875 0.400390625 0.76171875 0.400390625 0.8072916669921875 0.4189453125 0.828125 0.3916015625
10 0.90625 0.5205078125 0.9322916669921875 0.5009765625 0.9322916669921875 0.4775390625 0.9127604169921875 0.4609375 0.8841145830078125 0.4609375 0.8619791669921875 0.4716796875 0.8515625 0.5068359375 0.8580729169921875 0.515625 0.90625 0.5205078125
10 0.9166666669921875 0.5537109375 0.9114583330078125 0.5341796875 0.8815104169921875 0.517578125 0.83984375 0.51953125 0.8541666669921875 0.5478515625 0.8515625 0.5693359375 0.8958333330078125 0.5771484375 0.9166666669921875 0.5537109375
10 0.9583333330078125 0.5673828125 0.9583333330078125 0.5478515625 0.9309895830078125 0.525390625 0.90625 0.5283203125 0.9166666669921875 0.5537109375 0.8984375 0.5791015625 0.9088541669921875 0.5810546875 0.9583333330078125 0.5673828125
10 0.9088541669921875 0.6708984375 0.9375 0.6494140625 0.9270833330078125 0.6064453125 0.8763020830078125 0.572265625 0.83203125 0.576171875 0.8072916669921875 0.5908203125 0.8046875 0.6123046875 0.85546875 0.65625 0.9088541669921875 0.6708984375
10 0.9739583330078125 0.6728515625 0.9947916669921875 0.6689453125 0.9921875 0.6025390625 0.95703125 0.578125 0.9205729169921875 0.578125 0.90625 0.5869140625 0.9375 0.6220703125 0.9296875 0.6650390625 0.9739583330078125 0.6728515625
10 0.4973958330078125 0.2978515625 0.4700520830078125 0.26953125 0.4205729169921875 0.265625 0.390625 0.2802734375 0.390625 0.3056640625 0.4153645830078125 0.32421875 0.4817708330078125 0.3232421875 0.4973958330078125 0.2978515625
10 0.5 0.3427734375 0.4700520830078125 0.322265625 0.43359375 0.3203125 0.4166666669921875 0.3330078125 0.41796875 0.33984375 0.4674479169921875 0.34375 0.5052083330078125 0.3603515625 0.5 0.3427734375
10 0.359375 0.2685546875 0.3567708330078125 0.2392578125 0.33984375 0.22265625 0.3059895830078125 0.21875 0.3229166669921875 0.2373046875 0.3255208330078125 0.2744140625 0.3463541669921875 0.2802734375 0.359375 0.2685546875
10 0.3307291669921875 0.3154296875 0.3411458330078125 0.2919921875 0.3190104169921875 0.27734375 0.2942708330078125 0.2998046875 0.3307291669921875 0.3154296875
10 0.3854166669921875 0.2841796875 0.35546875 0.27734375 0.3411458330078125 0.2958984375 0.3502604169921875 0.306640625 0.3645833330078125 0.3056640625 0.3828125 0.3037109375 0.3854166669921875 0.2841796875
10 0.3216145830078125 0.322265625 0.3255208330078125 0.3154296875 0.2747395830078125 0.296875 0.2552083330078125 0.3037109375 0.2526041669921875 0.3232421875 0.2721354169921875 0.31640625 0.3216145830078125 0.322265625
10 0.2161458330078125 0.4521484375 0.2135416669921875 0.4755859375 0.21875 0.4912109375 0.2421875 0.5068359375 0.26953125 0.466796875 0.29296875 0.458984375 0.359375 0.4599609375 0.3567708330078125 0.4365234375 0.3268229169921875 0.408203125 0.2799479169921875 0.40234375 0.234375 0.4287109375 0.2161458330078125 0.4521484375
10 0.203125 0.4560546875 0.2395833330078125 0.4228515625 0.234375 0.3896484375 0.1888020830078125 0.361328125 0.1263020830078125 0.361328125 0.0963541669921875 0.3994140625 0.1171875 0.4404296875 0.16015625 0.44140625 0.203125 0.4560546875
10 0 0.4873046875 0.0104166669921875 0.4892578125 0.0299479169921875 0.4765625 0.0716145830078125 0.47265625 0.1119791669921875 0.4443359375 0.09375 0.4052734375 0.0611979169921875 0.384765625 0 0.3916015625 0 0.4873046875
10 0.0533854169921875 0.35546875 0.0065104169921875 0.361328125 0.0026041669921875 0.3896484375 0.0638020830078125 0.384765625 0.0703125 0.3623046875 0.0533854169921875 0.35546875
10 0.09375 0.4013671875 0.1263020830078125 0.361328125 0.1640625 0.3564453125 0.1640625 0.3466796875 0.13671875 0.330078125 0.09765625 0.330078125 0.0755208330078125 0.3466796875 0.0677083330078125 0.3857421875 0.09375 0.4013671875
10 0.1666666669921875 0.3095703125 0.1419270830078125 0.27734375 0.1028645830078125 0.263671875 0.0677083330078125 0.2822265625 0.0794270830078125 0.33984375 0.1263020830078125 0.328125 0.1640625 0.3427734375 0.1666666669921875 0.3095703125
10 0.1692708330078125 0.3486328125 0.1731770830078125 0.357421875 0.2239583330078125 0.3740234375 0.2252604169921875 0.3359375 0.20703125 0.33203125 0.1692708330078125 0.3486328125
10 0.163823205078125 0.2963082060546875 0.167253318359375 0.3472751767578125 0.2085746875 0.3275536123046875 0.227539689453125 0.345380771484375 0.245236455078125 0.322176458984375 0.1991534140625 0.2821340048828125 0.163823205078125 0.2963082060546875
10 0 0.3544921875 0.00390625 0.357421875 0.03125 0.3564453125 0.0455729169921875 0.35546875 0.0651041669921875 0.3447265625 0.0703125 0.3349609375 0.0703125 0.3095703125 0.0677083330078125 0.3076171875 0.0651041669921875 0.2939453125 0.0572916669921875 0.2822265625 0.0481770830078125 0.275390625 0.04296875 0.2734375 0.0169270830078125 0.2734375 0.0143229169921875 0.275390625 0.0065104169921875 0.275390625 0 0.2802734375 0 0.3544921875
10 0.0494791669921875 0.2587890625 0.0442708330078125 0.2529296875 0.0442708330078125 0.2490234375 0.0390625 0.2412109375 0.0234375 0.2294921875 0.0234375 0.2275390625 0.015625 0.2236328125 0.0143229169921875 0.220703125 0.0013020830078125 0.21875 0 0.2763671875 0.0078125 0.2763671875 0.0169270830078125 0.275390625 0.01953125 0.2734375 0.04296875 0.2734375 0.0455729169921875 0.275390625 0.05078125 0.275390625 0.0520833330078125 0.2666015625 0.0494791669921875 0.2646484375 0.0494791669921875 0.2587890625
10 0.0638020830078125 0.224609375 0.046875 0.2353515625 0.046875 0.2412109375 0.0442708330078125 0.2451171875 0.046875 0.2470703125 0.046875 0.2529296875 0.0546875 0.2666015625 0.0546875 0.2724609375 0.0572916669921875 0.2744140625 0.0572916669921875 0.2783203125 0.0638020830078125 0.283203125 0.0677083330078125 0.2822265625 0.08984375 0.267578125 0.09765625 0.265625 0.1015625 0.2626953125 0.1015625 0.2568359375 0.0963541669921875 0.2529296875 0.0963541669921875 0.2255859375 0.08984375 0.22265625 0.0638020830078125 0.224609375
10 0.00390625 0.22265625 0.0091145830078125 0.22265625 0.0143229169921875 0.2265625 0.0169270830078125 0.2265625 0.03515625 0.240234375 0.0442708330078125 0.2392578125 0.0520833330078125 0.2294921875 0.0598958330078125 0.2255859375 0.0598958330078125 0.2216796875 0.0247395830078125 0.19921875 0.0091145830078125 0.193359375 0.0013020830078125 0.193359375 0 0.2197265625 0.00390625 0.22265625
10 0.0611979169921875 0.158203125 0.0481770830078125 0.162109375 0.0364583330078125 0.1767578125 0.0364583330078125 0.1923828125 0.0416666669921875 0.2041015625 0.0690104169921875 0.22265625 0.1015625 0.2216796875 0.140625 0.1962890625 0.140625 0.1884765625 0.1354166669921875 0.1806640625 0.1106770830078125 0.166015625 0.10546875 0.1640625 0.0950520830078125 0.1640625 0.0872395830078125 0.16015625 0.0611979169921875 0.158203125
10 0.2513020830078125 0.154296875 0.2434895830078125 0.150390625 0.22265625 0.150390625 0.2200520830078125 0.15234375 0.2096354169921875 0.15234375 0.1966145830078125 0.15625 0.1848958330078125 0.1650390625 0.1848958330078125 0.1689453125 0.1796875 0.1748046875 0.1796875 0.1923828125 0.1861979169921875 0.197265625 0.2018229169921875 0.203125 0.2252604169921875 0.224609375 0.234375 0.2236328125 0.24609375 0.21875 0.26171875 0.21875 0.2643229169921875 0.216796875 0.2721354169921875 0.216796875 0.2760416669921875 0.2138671875 0.2760416669921875 0.1806640625 0.2734375 0.1748046875 0.2513020830078125 0.154296875