10 0.482421873046875 0.4365234375 0.5126953125 0.46484375 0.53515625 0.4658203125 0.572265626953125 0.4423828125 0.58984375 0.3876953125 0.580078126953125 0.3447265625 0.5498046875 0.318359373046875 0.5126953125 0.3203125 0.49609375 0.3349609375 0.4765625 0.4033203125 0.482421873046875 0.4365234375
10 0.3466796875 0.5234375 0.3720703125 0.5390625 0.3984375 0.5380859375 0.439453126953125 0.5146484375 0.453125 0.4794921875 0.44921875 0.4501953125 0.4189453125 0.3984375 0.3603515625 0.396484373046875 0.322265626953125 0.4287109375 0.322265626953125 0.4873046875 0.3466796875 0.5234375
10 0.27734375 0.4072265625 0.318359373046875 0.3759765625 0.32421875 0.3330078125 0.2919921875 0.2890625 0.2587890625 0.28515625 0.2109375 0.3115234375 0.1953125 0.3603515625 0.2236328125 0.404296873046875 0.27734375 0.4072265625
10 0.20703125 0.3974609375 0.189453126953125 0.3525390625 0.1513671875 0.328125 0.1123046875 0.33203125 0.107421873046875 0.3427734375 0.12109375 0.3642578125 0.197265626953125 0.4365234375 0.20703125 0.3974609375
10 0.23046875 0.2958984375 0.228515626953125 0.2705078125 0.1826171875 0.2421875 0.1396484375 0.25 0.11328125 0.2802734375 0.111328126953125 0.3154296875 0.19140625 0.3408203125 0.23046875 0.2958984375
10 0.087890626953125 0.2490234375 0.0458984375 0.216796873046875 0.0009765625 0.2109375 0 0.2275390625 0.095703126953125 0.3212890625 0.103515626953125 0.3037109375 0.087890626953125 0.2490234375
10 0.095703126953125 0.3193359375 0.09765625 0.2666015625 0.056640626953125 0.2216796875 0.072265626953125 0.1923828125 0.068359373046875 0.1591796875 0.0380859375 0.126953126953125 0.0009765625 0.115234373046875 0 0.2255859375 0.095703126953125 0.3193359375
10 0.3203125 0.3056640625 0.330078126953125 0.2744140625 0.3134765625 0.24609375 0.2685546875 0.2265625 0.23046875 0.2412109375 0.224609373046875 0.2587890625 0.2373046875 0.2890625 0.2822265625 0.28515625 0.3203125 0.3056640625
10 0.349609373046875 0.2236328125 0.3740234375 0.2421875 0.400390626953125 0.2451171875 0.43359375 0.2255859375 0.44140625 0.1982421875 0.4609375 0.1806640625 0.45703125 0.1552734375 0.4248046875 0.12890625 0.3837890625 0.134765626953125 0.34765625 0.1728515625 0.349609373046875 0.2236328125
10 0.33984375 0.2685546875 0.365234373046875 0.2451171875 0.34765625 0.2216796875 0.345703126953125 0.1787109375 0.3251953125 0.1640625 0.2919921875 0.1640625 0.271484373046875 0.1845703125 0.265625 0.2197265625 0.33984375 0.2685546875
10 0.4287109375 0.3515625 0.478515626953125 0.3564453125 0.5078125 0.3173828125 0.505859373046875 0.2783203125 0.4443359375 0.23828125 0.4013671875 0.248046873046875 0.38671875 0.2744140625 0.38671875 0.3115234375 0.400390626953125 0.3349609375 0.4287109375 0.3515625
10 0.384765626953125 0.3076171875 0.39453125 0.2509765625 0.3720703125 0.24609375 0.3515625 0.2919921875 0.384765626953125 0.3076171875
10 0.330078126953125 0.4130859375 0.3818359375 0.392578126953125 0.40234375 0.3564453125 0.39453125 0.3291015625 0.3662109375 0.30078125 0.3203125 0.3095703125 0.32421875 0.3564453125 0.306640626953125 0.4013671875 0.330078126953125 0.4130859375
10 0.31640625 0.4462890625 0.2861328125 0.412109373046875 0.2275390625 0.41015625 0.201171873046875 0.4443359375 0.275390626953125 0.5185546875 0.3125 0.4990234375 0.31640625 0.4462890625
10 0.37109375 0.5439453125 0.3232421875 0.509765626953125 0.2802734375 0.515625 0.275390626953125 0.5322265625 0.34765625 0.6064453125 0.37890625 0.5810546875 0.37109375 0.5439453125
10 0.44921875 0.6513671875 0.455078126953125 0.6123046875 0.4208984375 0.5859375 0.3837890625 0.5859375 0.349609373046875 0.6142578125 0.3671875 0.6591796875 0.412109373046875 0.6787109375 0.44921875 0.6513671875
10 0.48828125 0.6123046875 0.5390625 0.5732421875 0.54296875 0.5361328125 0.5087890625 0.494140626953125 0.4638671875 0.482421873046875 0.40625 0.5576171875 0.4189453125 0.583984373046875 0.4658203125 0.611328126953125 0.48828125 0.6123046875
10 0.4453125 0.4306640625 0.4560546875 0.484375 0.513671873046875 0.4951171875 0.515625 0.4697265625 0.4736328125 0.423828126953125 0.4453125 0.4306640625
10 0.48046875 0.3642578125 0.4091796875 0.357421873046875 0.390625 0.3896484375 0.4169921875 0.396484373046875 0.44921875 0.4267578125 0.474609373046875 0.4208984375 0.48046875 0.3642578125
10 0.564453126953125 0.5498046875 0.6044921875 0.5234375 0.630859373046875 0.4873046875 0.626953126953125 0.4638671875 0.5927734375 0.435546873046875 0.5771484375 0.435546873046875 0.51953125 0.4892578125 0.544921873046875 0.5458984375 0.564453126953125 0.5498046875
10 0.62109375 0.4189453125 0.658203126953125 0.3916015625 0.6640625 0.3447265625 0.6318359375 0.310546873046875 0.5771484375 0.30078125 0.556640626953125 0.3193359375 0.583984373046875 0.3505859375 0.587890626953125 0.4130859375 0.62109375 0.4189453125
10 0.513671873046875 0.3212890625 0.552734373046875 0.3154296875 0.5361328125 0.298828126953125 0.5146484375 0.296875 0.513671873046875 0.3212890625
10 0.4833984375 0.25390625 0.521484373046875 0.2939453125 0.54296875 0.2841796875 0.5546875 0.2587890625 0.546875 0.2158203125 0.5048828125 0.18359375 0.4599609375 0.18359375 0.439453126953125 0.2021484375 0.4375 0.2333984375 0.4833984375 0.25390625
10 0.64453125 0.2744140625 0.6201171875 0.24609375 0.5810546875 0.244140626953125 0.552734373046875 0.2646484375 0.5556640625 0.3125 0.6044921875 0.298828126953125 0.6484375 0.3173828125 0.64453125 0.2744140625
10 0.69921875 0.4091796875 0.6689453125 0.38671875 0.611328126953125 0.4345703125 0.6328125 0.4736328125 0.65234375 0.4755859375 0.703125 0.4326171875 0.69921875 0.4091796875
10 0.3984375 0.1240234375 0.38671875 0.0947265625 0.3525390625 0.076171873046875 0.3134765625 0.091796873046875 0.296875 0.1259765625 0.3017578125 0.158203126953125 0.345703126953125 0.1689453125 0.3984375 0.1240234375
10 0.291015626953125 0.1181640625 0.33984375 0.0751953125 0.34375 0.0361328125 0.3271484375 0.01171875 0.2724609375 0 0.251953126953125 0.0244140625 0.248046873046875 0.0869140625 0.2646484375 0.111328126953125 0.291015626953125 0.1181640625