10 0.404296873046875 0.1572265625 0.4228515625 0.166015626953125 0.474609373046875 0.1279296875 0.47265625 0.0986328125 0.4443359375 0.078125 0.4052734375 0.091796873046875 0.39453125 0.1142578125 0.404296873046875 0.1572265625
10 0.5068359375 0.171875 0.541015626953125 0.1474609375 0.5244140625 0.09765625 0.4912109375 0.091796873046875 0.4765625 0.1044921875 0.474609373046875 0.1357421875 0.5068359375 0.171875
10 0.5478515625 0.232421873046875 0.58984375 0.2041015625 0.59765625 0.1767578125 0.5556640625 0.140625 0.501953126953125 0.1845703125 0.50390625 0.2119140625 0.5478515625 0.232421873046875
10 0.4755859375 0.2265625 0.49609375 0.2060546875 0.50390625 0.1572265625 0.4638671875 0.138671873046875 0.427734373046875 0.1787109375 0.4296875 0.2099609375 0.4755859375 0.2265625
10 0.4130859375 0.24609375 0.4296875 0.2255859375 0.427734373046875 0.1708984375 0.4033203125 0.16015625 0.380859373046875 0.1689453125 0.376953126953125 0.2236328125 0.4130859375 0.24609375
10 0.40625 0.3154296875 0.4462890625 0.33984375 0.490234373046875 0.3017578125 0.490234373046875 0.2685546875 0.4716796875 0.248046873046875 0.4326171875 0.251953126953125 0.400390626953125 0.2841796875 0.40625 0.3154296875
10 0.44921875 0.3642578125 0.4111328125 0.322265626953125 0.37109375 0.3369140625 0.3798828125 0.388671873046875 0.4267578125 0.390625 0.44921875 0.3642578125
10 0.3916015625 0.462890626953125 0.431640626953125 0.4365234375 0.4208984375 0.388671873046875 0.3935546875 0.384765626953125 0.37109375 0.4013671875 0.3671875 0.4326171875 0.3916015625 0.462890626953125
10 0.2890625 0.5712890625 0.3115234375 0.59765625 0.3505859375 0.59765625 0.404296873046875 0.5537109375 0.3701171875 0.501953126953125 0.3212890625 0.51171875 0.2890625 0.5439453125 0.2890625 0.5712890625
10 0.4033203125 0.458984373046875 0.380859373046875 0.4912109375 0.38671875 0.5244140625 0.4130859375 0.548828126953125 0.4365234375 0.548828126953125 0.5029296875 0.51953125 0.51953125 0.4677734375 0.5009765625 0.43359375 0.4580078125 0.421875 0.4033203125 0.458984373046875
10 0.3876953125 0.564453126953125 0.35546875 0.6044921875 0.35546875 0.6474609375 0.3876953125 0.66796875 0.4189453125 0.66796875 0.44921875 0.6318359375 0.45703125 0.5908203125 0.443359373046875 0.5595703125 0.4189453125 0.552734373046875 0.3876953125 0.564453126953125
10 0.5009765625 0.603515626953125 0.521484373046875 0.5791015625 0.517578126953125 0.5400390625 0.5009765625 0.521484373046875 0.4443359375 0.544921873046875 0.4599609375 0.603515626953125 0.5009765625 0.603515626953125
10 0.439453126953125 0.7353515625 0.4423828125 0.662109373046875 0.3671875 0.6748046875 0.365234373046875 0.7138671875 0.4013671875 0.74609375 0.439453126953125 0.7353515625
10 0.291015626953125 0.7587890625 0.291015626953125 0.7978515625 0.3291015625 0.84375 0.3779296875 0.8515625 0.400390626953125 0.8330078125 0.408203126953125 0.7724609375 0.3818359375 0.7265625 0.3271484375 0.720703126953125 0.291015626953125 0.7587890625
10 0.380859373046875 0.8583984375 0.4033203125 0.880859373046875 0.4443359375 0.87890625 0.470703126953125 0.8486328125 0.46875 0.7802734375 0.4404296875 0.75 0.404296873046875 0.7548828125 0.380859373046875 0.8583984375
10 0.443359373046875 0.6943359375 0.4453125 0.7392578125 0.4873046875 0.78125 0.5439453125 0.77734375 0.580078126953125 0.7431640625 0.578125 0.6806640625 0.5498046875 0.66015625 0.4638671875 0.66015625 0.443359373046875 0.6943359375
10 0.47265625 0.7919921875 0.474609373046875 0.8427734375 0.5009765625 0.888671873046875 0.5498046875 0.896484373046875 0.5703125 0.8798828125 0.578125 0.8427734375 0.5537109375 0.779296873046875 0.4833984375 0.78125 0.47265625 0.7919921875
10 0.4248046875 1 0.453125 0.9326171875 0.45093828125 0.909323634765625 0.4267578125 0.896484373046875 0.3896484375 0.88671875 0.3251953125 0.921875 0.3125 0.9482421875 0.3232421875 1 0.4248046875 1
10 0.5625 0.9990234375 0.55078125 0.9462890625 0.5068359375 0.921875 0.4775390625 0.9296875 0.43359375 0.9833984375 0.4306640625 1 0.5625 0.9990234375
10 0.46484375 0.9013671875 0.4501953125 0.87890625 0.4033203125 0.880859373046875 0.3994140625 0.890625 0.4462890625 0.91796875 0.46484375 0.9013671875
10 0.4931640625 0.896484373046875 0.4853515625 0.91796875 0.55859375 0.9482421875 0.5673828125 0.8984375 0.4931640625 0.896484373046875
10 0.45703125 0.8681640625 0.4619140625 0.884765626953125 0.490234373046875 0.8857421875 0.4736328125 0.849609373046875 0.45703125 0.8681640625
10 0.6845703125 1 0.6953125 0.9755859375 0.681640626953125 0.9267578125 0.6474609375 0.90625 0.5927734375 0.908203126953125 0.568359373046875 0.9462890625 0.5693359375 1 0.6845703125 1
10 0.65234375 0.8291015625 0.650390626953125 0.8974609375 0.6904296875 0.935546873046875 0.7333984375 0.94140625 0.767578126953125 0.9208984375 0.779296873046875 0.8740234375 0.7587890625 0.830078126953125 0.7314453125 0.81640625 0.65234375 0.8291015625
10 0.7109375 0.9462890625 0.7314453125 1 0.794921873046875 0.9990234375 0.7666015625 0.927734373046875 0.7109375 0.9462890625
10 0.69140625 0.9833984375 0.6884765625 1 0.728515626953125 0.9990234375 0.7041015625 0.974609373046875 0.69140625 0.9833984375
10 0.78125 0.9462890625 0.8056640625 1 0.890625 0.9990234375 0.896484373046875 0.9228515625 0.8701171875 0.876953126953125 0.8076171875 0.873046873046875 0.78125 0.8994140625 0.78125 0.9462890625
10 0.9189453125 0.9765625 0.9599609375 0.978515626953125 0.98046875 0.9638671875 0.98046875 0.9150390625 0.9462890625 0.86328125 0.9169921875 0.845703126953125 0.8671875 0.8623046875 0.9189453125 0.9765625
10 0.89453125 0.9912109375 0.8935546875 1 0.958984373046875 0.9990234375 0.9228515625 0.978515626953125 0.89453125 0.9912109375
10 0.7744140625 0.849609373046875 0.814453126953125 0.8427734375 0.7939453125 0.763671873046875 0.7333984375 0.75 0.708984373046875 0.7705078125 0.7119140625 0.8125 0.7744140625 0.849609373046875
10 0.8330078125 0.84765625 0.8701171875 0.85546875 0.9140625 0.8232421875 0.916015626953125 0.7919921875 0.8896484375 0.744140626953125 0.8525390625 0.740234373046875 0.822265626953125 0.7763671875 0.8330078125 0.84765625
10 0.9658203125 0.880859373046875 0.9931640625 0.875 1 0.7958984375 0.9755859375 0.78125 0.919921873046875 0.7939453125 0.919921873046875 0.8427734375 0.9658203125 0.880859373046875
10 0.904296873046875 0.6396484375 0.9228515625 0.669921873046875 0.990234373046875 0.6689453125 0.998046873046875 0.6220703125 0.9716796875 0.587890626953125 0.9306640625 0.583984373046875 0.904296873046875 0.6064453125 0.904296873046875 0.6396484375
10 0.900390626953125 0.7138671875 0.900390626953125 0.7529296875 0.9326171875 0.783203126953125 0.9716796875 0.77734375 0.994140626953125 0.7548828125 1 0.7021484375 0.9775390625 0.671875 0.9287109375 0.67578125 0.900390626953125 0.7138671875
10 0.78515625 0.6787109375 0.787109373046875 0.7197265625 0.8134765625 0.748046873046875 0.8720703125 0.734375 0.890625 0.6943359375 0.884765626953125 0.6630859375 0.8525390625 0.6328125 0.8056640625 0.642578126953125 0.78515625 0.6787109375
10 0.7431640625 0.720703126953125 0.7724609375 0.71875 0.794921873046875 0.6396484375 0.7607421875 0.62109375 0.708984373046875 0.6376953125 0.705078126953125 0.6865234375 0.7431640625 0.720703126953125
10 0.646484373046875 0.7705078125 0.6708984375 0.78515625 0.6923828125 0.78125 0.73828125 0.7353515625 0.736328126953125 0.7138671875 0.7099609375 0.693359373046875 0.65234375 0.7177734375 0.646484373046875 0.7705078125
10 0.61328125 0.6416015625 0.611328126953125 0.6787109375 0.6337890625 0.708984373046875 0.6572265625 0.712890626953125 0.697265626953125 0.6884765625 0.705078126953125 0.6494140625 0.6865234375 0.62109375 0.6357421875 0.6171875 0.61328125 0.6416015625
10 0.640625 0.8544921875 0.646484373046875 0.8095703125 0.5673828125 0.798828126953125 0.5703125 0.8876953125 0.6181640625 0.88671875 0.640625 0.8544921875
10 0.517578126953125 0.6123046875 0.5224609375 0.654296873046875 0.5751953125 0.67578125 0.59765625 0.6669921875 0.609375 0.6083984375 0.5830078125 0.568359373046875 0.5556640625 0.5625 0.5302734375 0.57421875 0.517578126953125 0.6123046875
10 0.556640626953125 0.7783203125 0.6005859375 0.810546873046875 0.6396484375 0.802734373046875 0.64453125 0.7587890625 0.630859373046875 0.7138671875 0.5986328125 0.669921873046875 0.580078126953125 0.6787109375 0.556640626953125 0.7783203125
10 0.59375 0.5380859375 0.591796873046875 0.5693359375 0.6142578125 0.607421873046875 0.6572265625 0.6171875 0.6796875 0.6025390625 0.6875 0.5595703125 0.6728515625 0.525390626953125 0.6337890625 0.513671873046875 0.59375 0.5380859375
10 0.5419921875 0.5234375 0.556640626953125 0.4990234375 0.51953125 0.4775390625 0.505859373046875 0.5185546875 0.5146484375 0.53125 0.5419921875 0.5234375
10 0.5546875 0.5576171875 0.55078125 0.5263671875 0.51953125 0.5341796875 0.5234375 0.5732421875 0.5439453125 0.5703125 0.5546875 0.5576171875
10 0.6064453125 0.482421873046875 0.5791015625 0.484375 0.55859375 0.5087890625 0.5654296875 0.55859375 0.62109375 0.5166015625 0.6064453125 0.482421873046875
10 0.517578126953125 0.4287109375 0.51953125 0.4638671875 0.5439453125 0.48828125 0.5712890625 0.490234373046875 0.607421873046875 0.4658203125 0.603515626953125 0.4365234375 0.5732421875 0.40234375 0.5400390625 0.404296873046875 0.517578126953125 0.4287109375
10 0.5048828125 0.4375 0.521484373046875 0.4150390625 0.4892578125 0.369140626953125 0.4462890625 0.369140626953125 0.43359375 0.3837890625 0.4384765625 0.427734373046875 0.5048828125 0.4375
10 0.58203125 0.3779296875 0.5859375 0.4111328125 0.6181640625 0.4453125 0.6455078125 0.447265626953125 0.681640626953125 0.4189453125 0.6796875 0.3837890625 0.6513671875 0.34765625 0.6025390625 0.353515626953125 0.58203125 0.3779296875
10 0.625 0.4755859375 0.6298828125 0.51171875 0.6826171875 0.529296873046875 0.7041015625 0.521484373046875 0.720703126953125 0.4931640625 0.71875 0.4638671875 0.6884765625 0.435546873046875 0.6513671875 0.4453125 0.625 0.4755859375
10 0.7451171875 0.59765625 0.7578125 0.5771484375 0.75 0.5341796875 0.7275390625 0.517578126953125 0.6884765625 0.529296873046875 0.68359375 0.6025390625 0.7451171875 0.59765625
10 0.763671873046875 0.5732421875 0.763671873046875 0.6103515625 0.7958984375 0.634765626953125 0.8564453125 0.6328125 0.875 0.6142578125 0.87109375 0.5751953125 0.8427734375 0.5546875 0.7900390625 0.55078125 0.763671873046875 0.5732421875
10 0.921875 0.5849609375 0.92578125 0.5537109375 0.9052734375 0.529296873046875 0.8603515625 0.525390626953125 0.837890626953125 0.5380859375 0.8818359375 0.6015625 0.921875 0.5849609375
10 0.9970703125 0.515625 0.9599609375 0.5078125 0.92578125 0.5302734375 0.9326171875 0.572265626953125 1 0.5966796875 0.9970703125 0.515625
10 0.9052734375 0.52734375 0.947265626953125 0.5068359375 0.9150390625 0.455078126953125 0.8974609375 0.453125 0.85546875 0.4833984375 0.8662109375 0.5234375 0.9052734375 0.52734375
10 0.71875 0.5087890625 0.7607421875 0.53125 0.7861328125 0.529296873046875 0.806640626953125 0.4970703125 0.8046875 0.4384765625 0.7529296875 0.421875 0.720703126953125 0.4443359375 0.71875 0.5087890625
10 0.8134765625 0.541015626953125 0.837890626953125 0.5185546875 0.84375 0.4912109375 0.830078126953125 0.4619140625 0.806640626953125 0.4521484375 0.7890625 0.5322265625 0.8134765625 0.541015626953125
10 0.9990234375 0.423828126953125 0.9677734375 0.4375 0.9453125 0.4677734375 0.9560546875 0.505859373046875 1 0.5146484375 0.9990234375 0.423828126953125
10 0.81640625 0.4462890625 0.8388671875 0.470703126953125 0.8623046875 0.47265625 0.896484373046875 0.4521484375 0.90625 0.4091796875 0.8779296875 0.37890625 0.837890626953125 0.3837890625 0.81640625 0.4462890625
10 0.7646484375 0.421875 0.8095703125 0.443359373046875 0.83203125 0.4208984375 0.8359375 0.3857421875 0.8232421875 0.3671875 0.7861328125 0.359375 0.76171875 0.3974609375 0.7646484375 0.421875
10 0.685546873046875 0.3662109375 0.685546873046875 0.4150390625 0.6982421875 0.4296875 0.7275390625 0.435546873046875 0.7578125 0.4169921875 0.771484373046875 0.3720703125 0.7568359375 0.341796873046875 0.7236328125 0.3359375 0.685546873046875 0.3662109375
10 0.53125 0.2626953125 0.5390625 0.3134765625 0.5634765625 0.326171873046875 0.6123046875 0.3203125 0.6328125 0.2841796875 0.62890625 0.2548828125 0.5869140625 0.23046875 0.5556640625 0.234375 0.53125 0.2626953125
10 0.5078125 0.3916015625 0.5341796875 0.40625 0.5673828125 0.400390626953125 0.607421873046875 0.3486328125 0.5986328125 0.328125 0.5478515625 0.326171873046875 0.50390625 0.3505859375 0.5078125 0.3916015625
10 0.640625 0.2197265625 0.62890625 0.2529296875 0.64453125 0.3095703125 0.6728515625 0.32421875 0.7119140625 0.310546873046875 0.734375 0.2724609375 0.720703126953125 0.2373046875 0.6826171875 0.21875 0.640625 0.2197265625
10 0.72265625 0.3310546875 0.7822265625 0.359375 0.806640626953125 0.3173828125 0.806640626953125 0.2744140625 0.7880859375 0.25390625 0.7666015625 0.25390625 0.724609373046875 0.2919921875 0.72265625 0.3310546875
10 0.8525390625 0.376953126953125 0.86328125 0.3349609375 0.80859375 0.3134765625 0.7890625 0.3564453125 0.8349609375 0.380859373046875 0.8525390625 0.376953126953125
10 0.9072265625 0.39453125 0.966796873046875 0.3623046875 0.9609375 0.3271484375 0.9326171875 0.30859375 0.869140626953125 0.3369140625 0.869140626953125 0.3623046875 0.9072265625 0.39453125
10 0.986328126953125 0.4130859375 0.9677734375 0.375 0.904296873046875 0.3994140625 0.90234375 0.4501953125 0.9248046875 0.458984373046875 0.986328126953125 0.4130859375
10 0.830078126953125 0.3037109375 0.8720703125 0.330078126953125 0.91796875 0.3017578125 0.9296875 0.2509765625 0.9130859375 0.23046875 0.8896484375 0.23046875 0.826171873046875 0.2666015625 0.830078126953125 0.3037109375
10 0.71875 0.2294921875 0.7412109375 0.259765626953125 0.7998046875 0.25390625 0.8203125 0.2255859375 0.7783203125 0.18359375 0.7529296875 0.185546873046875 0.72265625 0.2099609375 0.71875 0.2294921875
10 0.5078125 0.3388671875 0.4912109375 0.3203125 0.4736328125 0.32421875 0.4609375 0.3583984375 0.4931640625 0.3671875 0.5078125 0.3388671875
10 0.376953126953125 0.2783203125 0.3798828125 0.328125 0.3984375 0.3193359375 0.41015625 0.2685546875 0.376953126953125 0.2783203125
10 0.5185546875 0.33203125 0.5380859375 0.322265626953125 0.546875 0.2392578125 0.5224609375 0.23828125 0.494140626953125 0.2626953125 0.5 0.3232421875 0.5185546875 0.33203125
10 0.48046875 0.2314453125 0.4873046875 0.26171875 0.5390625 0.2353515625 0.5126953125 0.21875 0.48046875 0.2314453125
10 0.48046875 0.2294921875 0.4384765625 0.224609373046875 0.419921873046875 0.2392578125 0.4189453125 0.259765626953125 0.4677734375 0.25 0.48046875 0.2294921875
10 0.576171873046875 0.2216796875 0.6220703125 0.248046873046875 0.638671873046875 0.2294921875 0.6240234375 0.201171873046875 0.576171873046875 0.2216796875
10 0.603515626953125 0.1943359375 0.6396484375 0.216796873046875 0.693359373046875 0.2177734375 0.6953125 0.1630859375 0.6708984375 0.14453125 0.6435546875 0.142578126953125 0.60546875 0.1748046875 0.603515626953125 0.1943359375
10 0.748046873046875 0.1826171875 0.7158203125 0.154296873046875 0.693359373046875 0.1591796875 0.69140625 0.2158203125 0.7041015625 0.22265625 0.748046873046875 0.1826171875
10 0.5986328125 0.17578125 0.640625 0.1396484375 0.6123046875 0.09765625 0.5732421875 0.095703126953125 0.55859375 0.1142578125 0.556640626953125 0.1357421875 0.5986328125 0.17578125
10 0.6962890625 0.15234375 0.7431640625 0.169921873046875 0.763671873046875 0.1533203125 0.77734375 0.1025390625 0.7587890625 0.080078126953125 0.7314453125 0.076171873046875 0.6875 0.1240234375 0.6962890625 0.15234375
10 0.69921875 0.0966796875 0.6689453125 0.095703126953125 0.646484373046875 0.1201171875 0.6455078125 0.140625 0.6787109375 0.146484373046875 0.69921875 0.0966796875
10 0.86328125 0.2021484375 0.8330078125 0.16015625 0.76953125 0.1748046875 0.8251953125 0.22265625 0.8466796875 0.2265625 0.86328125 0.2021484375
10 0.720703126953125 0.3349609375 0.7138671875 0.3125 0.6474609375 0.328125 0.642578126953125 0.3427734375 0.6708984375 0.36328125 0.720703126953125 0.3349609375
10 0.869140626953125 0.2119140625 0.8837890625 0.228515626953125 0.9365234375 0.228515626953125 0.958984373046875 0.2041015625 0.958984373046875 0.1806640625 0.9365234375 0.1640625 0.87109375 0.1806640625 0.869140626953125 0.2119140625
10 0.853515626953125 0.2412109375 0.8427734375 0.2265625 0.818359373046875 0.2255859375 0.794921873046875 0.2587890625 0.8115234375 0.28515625 0.853515626953125 0.2412109375
10 0.9423828125 0.30859375 0.95703125 0.2861328125 0.951171873046875 0.2373046875 0.9443359375 0.224609373046875 0.923828126953125 0.2314453125 0.919921873046875 0.3056640625 0.9423828125 0.30859375
10 0.9580078125 0.314453126953125 0.96484375 0.3701171875 0.9990234375 0.388671873046875 1 0.3212890625 0.9580078125 0.314453126953125
10 0.953125 0.2529296875 0.9453125 0.3115234375 0.9990234375 0.3203125 1 0.2568359375 0.953125 0.2529296875
10 0.9990234375 0.18359375 0.9677734375 0.1953125 0.955078126953125 0.2177734375 0.9638671875 0.24609375 1 0.2529296875 0.9990234375 0.18359375
10 0.9677734375 0.193359373046875 1 0.1806640625 0.9970703125 0.1171875 0.9677734375 0.1171875 0.94140625 0.1357421875 0.9375 0.1611328125 0.9677734375 0.193359373046875
10 0.8857421875 0.1328125 0.8828125 0.1689453125 0.9091796875 0.1640625 0.91796875 0.1416015625 0.8857421875 0.1328125
10 0.8623046875 0.185546873046875 0.8828125 0.1650390625 0.8701171875 0.11328125 0.8388671875 0.11328125 0.81640625 0.1396484375 0.814453126953125 0.1533203125 0.8623046875 0.185546873046875