10 0.3723958330078125 0.2939453125 0.3802083330078125 0.3349609375 0.4674479169921875 0.37890625 0.5247395830078125 0.3671875 0.5598958330078125 0.3173828125 0.5221354169921875 0.2734375 0.4596354169921875 0.25 0.4075520830078125 0.255859375 0.3723958330078125 0.2939453125
10 0.6328125 0.2373046875 0.6302083330078125 0.2587890625 0.66015625 0.31640625 0.7018229169921875 0.32421875 0.734375 0.3076171875 0.75 0.2705078125 0.71484375 0.220703125 0.66796875 0.21484375 0.6328125 0.2373046875
10 0.6796875 0.4912109375 0.7044270830078125 0.517578125 0.8229166669921875 0.5068359375 0.8333333330078125 0.4462890625 0.8111979169921875 0.4140625 0.73046875 0.400390625 0.6796875 0.4326171875 0.6796875 0.4912109375
10 0.73828125 0.5078125 0.6953125 0.5439453125 0.6901041669921875 0.5791015625 0.7096354169921875 0.60546875 0.80859375 0.62109375 0.8385416669921875 0.6103515625 0.8515625 0.5537109375 0.8385416669921875 0.5263671875 0.8138020830078125 0.509765625 0.73828125 0.5078125
10 0.6731770830078125 0.6953125 0.76953125 0.705078125 0.84375 0.6982421875 0.8333333330078125 0.6435546875 0.7825520830078125 0.609375 0.7044270830078125 0.607421875 0.6640625 0.6337890625 0.6731770830078125 0.6953125
10 0.4479166669921875 0.6435546875 0.4518229169921875 0.705078125 0.6341145830078125 0.705078125 0.6614583330078125 0.6943359375 0.6510416669921875 0.6435546875 0.5950520830078125 0.6171875 0.49609375 0.61328125 0.46484375 0.623046875 0.4479166669921875 0.6435546875
10 0.2955729169921875 0.591796875 0.2708333330078125 0.6201171875 0.2682291669921875 0.6533203125 0.29296875 0.705078125 0.4127604169921875 0.70703125 0.4453125 0.6962890625 0.4401041669921875 0.6337890625 0.4075520830078125 0.5859375 0.3294270830078125 0.578125 0.2955729169921875 0.591796875
10 0.0026041669921875 0.5927734375 0.0065104169921875 0.708984375 0.1705729169921875 0.70703125 0.2057291669921875 0.6826171875 0.2161458330078125 0.6630859375 0.2109375 0.5966796875 0.15234375 0.556640625 0.0768229169921875 0.55078125 0.0026041669921875 0.5927734375
10 0.2486979169921875 0.70703125 0.265625 0.6767578125 0.2630208330078125 0.6220703125 0.23828125 0.599609375 0.2083333330078125 0.5966796875 0.1822916669921875 0.7060546875 0.2486979169921875 0.70703125
10 0.1458333330078125 0.4970703125 0.1184895830078125 0.474609375 0.00390625 0.45703125 0.0013020830078125 0.587890625 0.1432291669921875 0.5498046875 0.1458333330078125 0.4970703125
10 0.1497395830078125 0.49609375 0.1484375 0.5517578125 0.1966145830078125 0.580078125 0.2330729169921875 0.58984375 0.2890625 0.5595703125 0.2942708330078125 0.5107421875 0.27734375 0.4921875 0.2200520830078125 0.482421875 0.1497395830078125 0.49609375
10 0.3020833330078125 0.4990234375 0.296875 0.5498046875 0.31640625 0.57421875 0.4283854169921875 0.58984375 0.4609375 0.5693359375 0.4635416669921875 0.5205078125 0.4205729169921875 0.484375 0.35546875 0.470703125 0.3020833330078125 0.4990234375
10 0.4986979169921875 0.5234375 0.484375 0.5400390625 0.4817708330078125 0.5830078125 0.5091145830078125 0.609375 0.6419270830078125 0.630859375 0.6796875 0.6005859375 0.6770833330078125 0.5615234375 0.6002604169921875 0.5078125 0.5403645830078125 0.5078125 0.4986979169921875 0.5234375
10 0.3411458330078125 0.3798828125 0.3359375 0.3974609375 0.3919270830078125 0.447265625 0.43359375 0.44921875 0.5234375 0.4130859375 0.50390625 0.37890625 0.41015625 0.359375 0.3763020830078125 0.361328125 0.3411458330078125 0.3798828125
10 0.4557291669921875 0.4326171875 0.4296875 0.4638671875 0.4375 0.4951171875 0.46484375 0.515625 0.4934895830078125 0.51953125 0.5703125 0.4931640625 0.5833333330078125 0.4501953125 0.5455729169921875 0.41796875 0.48828125 0.416015625 0.4557291669921875 0.4326171875
10 0.1822916669921875 0.4013671875 0.1822916669921875 0.4306640625 0.2109375 0.4658203125 0.29296875 0.5 0.3671875 0.4560546875 0.3567708330078125 0.4208984375 0.2747395830078125 0.37109375 0.2122395830078125 0.376953125 0.1822916669921875 0.4013671875
10 0.0026041669921875 0.4365234375 0.00390625 0.455078125 0.1471354169921875 0.494140625 0.2005208330078125 0.4833984375 0.203125 0.4638671875 0.1822916669921875 0.4365234375 0.10546875 0.404296875 0.04296875 0.40234375 0.0026041669921875 0.4365234375
10 0.2330729169921875 0.369140625 0.32421875 0.384765625 0.3723958330078125 0.3583984375 0.3619791669921875 0.3115234375 0.3216145830078125 0.283203125 0.26171875 0.28125 0.2213541669921875 0.3134765625 0.2330729169921875 0.369140625
10 0 0.1767578125 0.04296875 0.205078125 0.08984375 0.208984375 0.1328125 0.1728515625 0.1276041669921875 0.1337890625 0.0638020830078125 0.078125 0.0013020830078125 0.068359375 0 0.1767578125
10 0.2083333330078125 0.1904296875 0.2057291669921875 0.2451171875 0.23828125 0.28515625 0.3255208330078125 0.2724609375 0.3359375 0.2333984375 0.3033854169921875 0.1640625 0.2513020830078125 0.154296875 0.2161458330078125 0.1728515625 0.2083333330078125 0.1904296875
10 0.19921875 0.251953125 0.2135416669921875 0.1748046875 0.1861979169921875 0.1640625 0.1471354169921875 0.166015625 0.1041666669921875 0.2060546875 0.1471354169921875 0.25390625 0.19921875 0.251953125
10 0.3854166669921875 0.1865234375 0.3580729169921875 0.169921875 0.3190104169921875 0.169921875 0.3359375 0.2431640625 0.38671875 0.23828125 0.3854166669921875 0.1865234375
10 0.3984375 0.2353515625 0.4283854169921875 0.248046875 0.4802256435546875 0.210742822265625 0.5 0.1787109375 0.48046875 0.166015625 0.4544270830078125 0.166015625 0.4036458330078125 0.1943359375 0.3984375 0.2353515625
10 0.5872395830078125 0.337890625 0.6158854169921875 0.3359375 0.6458333330078125 0.3056640625 0.640625 0.2705078125 0.5989583330078125 0.2412109375 0.5625 0.2958984375 0.5872395830078125 0.337890625
10 0.4583333330078125 0.2470703125 0.55078125 0.29296875 0.5716145830078125 0.287109375 0.5989583330078125 0.2451171875 0.5911458330078125 0.2177734375 0.51171875 0.181640625 0.4583333330078125 0.2001953125 0.4583333330078125 0.2470703125
10 0.4140625 0.2490234375 0.3658854169921875 0.240234375 0.3333333330078125 0.2548828125 0.3229166669921875 0.2822265625 0.3658854169921875 0.310546875 0.4140625 0.2490234375
10 0.5169270830078125 0.38671875 0.55078125 0.37890625 0.5755208330078125 0.3486328125 0.5729166669921875 0.3232421875 0.5520833330078125 0.3037109375 0.5052083330078125 0.3759765625 0.5169270830078125 0.38671875
10 0.1171875 0.3271484375 0.1705729169921875 0.37109375 0.2096354169921875 0.373046875 0.2213541669921875 0.3642578125 0.234375 0.2861328125 0.1966145830078125 0.25390625 0.1458333330078125 0.2587890625 0.1171875 0.3271484375
10 0.0924479169921875 0.31640625 0.1328125 0.3017578125 0.1432291669921875 0.2548828125 0.10546875 0.216796875 0.00390625 0.2109375 0.00390625 0.322265625 0.0924479169921875 0.31640625
10 0.0026041669921875 0.3310546875 0 0.3935546875 0.01171875 0.404296875 0.1393229169921875 0.41015625 0.15625 0.3974609375 0.1614583330078125 0.3642578125 0.1158854169921875 0.330078125 0.03515625 0.3203125 0.0026041669921875 0.3310546875