10 0.302734373046875 0.2373046875 0.298828126953125 0.2939453125 0.310546873046875 0.3271484375 0.3525390625 0.361328126953125 0.39453125 0.3681640625 0.4365234375 0.326171873046875 0.4892578125 0.310546873046875 0.49609375 0.2978515625 0.49609375 0.2314453125 0.4638671875 0.193359373046875 0.3583984375 0.189453126953125 0.3271484375 0.205078126953125 0.302734373046875 0.2373046875
10 0.388671873046875 0.3994140625 0.390625 0.4404296875 0.408203126953125 0.4716796875 0.4267578125 0.484375 0.48046875 0.4912109375 0.533203126953125 0.4677734375 0.564453126953125 0.3994140625 0.5625 0.3662109375 0.548828126953125 0.3447265625 0.4951171875 0.314453126953125 0.4482421875 0.322265626953125 0.4189453125 0.341796873046875 0.388671873046875 0.3994140625
10 0.501953126953125 0.2568359375 0.5 0.3095703125 0.5419921875 0.3359375 0.5693359375 0.376953126953125 0.591796873046875 0.3779296875 0.6416015625 0.359375 0.70703125 0.2685546875 0.6953125 0.2138671875 0.6533203125 0.1796875 0.6103515625 0.17578125 0.5751953125 0.1875 0.5166015625 0.232421873046875 0.501953126953125 0.2568359375
10 0.7119140625 0.30859375 0.654296873046875 0.3701171875 0.65234375 0.4287109375 0.7138671875 0.482421873046875 0.787109373046875 0.4853515625 0.8466796875 0.4765625 0.865234373046875 0.4541015625 0.880859373046875 0.4150390625 0.875 0.3623046875 0.8447265625 0.326171873046875 0.8076171875 0.306640626953125 0.7587890625 0.298828126953125 0.7119140625 0.30859375
10 0.5546875 0.5576171875 0.5830078125 0.609375 0.640625 0.6298828125 0.697265626953125 0.6083984375 0.720703126953125 0.5712890625 0.724609373046875 0.5302734375 0.7041015625 0.48046875 0.6650390625 0.453125 0.6201171875 0.447265626953125 0.5703125 0.4794921875 0.5546875 0.5576171875
10 0.626953126953125 0.6396484375 0.6318359375 0.66796875 0.6669921875 0.6796875 0.7060546875 0.716796873046875 0.7265625 0.7177734375 0.7958984375 0.6796875 0.8203125 0.6416015625 0.8203125 0.5869140625 0.7958984375 0.5546875 0.7724609375 0.544921873046875 0.7314453125 0.546875 0.6943359375 0.615234373046875 0.626953126953125 0.6396484375
10 0.509765626953125 0.7470703125 0.509765626953125 0.7880859375 0.5361328125 0.828125 0.60546875 0.8466796875 0.6669921875 0.830078126953125 0.69140625 0.8095703125 0.708984373046875 0.7763671875 0.708984373046875 0.7373046875 0.6669921875 0.68359375 0.5869140625 0.669921873046875 0.529296873046875 0.7001953125 0.509765626953125 0.7470703125
10 0.3056640625 0.546875 0.27734375 0.5830078125 0.29296875 0.6708984375 0.3427734375 0.708984373046875 0.43359375 0.7119140625 0.4775390625 0.697265626953125 0.51171875 0.6474609375 0.513671873046875 0.6162109375 0.4921875 0.5712890625 0.4501953125 0.544921873046875 0.3955078125 0.529296873046875 0.3564453125 0.529296873046875 0.3056640625 0.546875
10 0.306640626953125 0.7763671875 0.318359373046875 0.8193359375 0.3466796875 0.845703126953125 0.39453125 0.8466796875 0.4443359375 0.8359375 0.474609373046875 0.8017578125 0.49609375 0.7431640625 0.4853515625 0.6953125 0.4404296875 0.712890626953125 0.3388671875 0.7109375 0.322265626953125 0.7236328125 0.306640626953125 0.7763671875
10 0.09375 0.4580078125 0.07421875 0.5068359375 0.076171873046875 0.5458984375 0.1142578125 0.59765625 0.19921875 0.6123046875 0.2529296875 0.599609373046875 0.28515625 0.5673828125 0.302734373046875 0.5380859375 0.306640626953125 0.4951171875 0.2724609375 0.4453125 0.2060546875 0.421875 0.1669921875 0.423828126953125 0.09375 0.4580078125
10 0.017578126953125 0.6552734375 0.017578126953125 0.7138671875 0.0576171875 0.763671873046875 0.11328125 0.7724609375 0.1552734375 0.7578125 0.19140625 0.7255859375 0.205078126953125 0.6943359375 0.205078126953125 0.6416015625 0.1923828125 0.6171875 0.1201171875 0.603515626953125 0.0810546875 0.576171873046875 0.017578126953125 0.6552734375
10 0.306640626953125 0.4853515625 0.306640626953125 0.5205078125 0.31640625 0.5244140625 0.3564453125 0.505859373046875 0.396484373046875 0.4658203125 0.390625 0.3779296875 0.3310546875 0.353515626953125 0.2744140625 0.376953126953125 0.240234373046875 0.4248046875 0.29296875 0.4619140625 0.306640626953125 0.4853515625
10 0.2138671875 0.365234373046875 0.267578126953125 0.3818359375 0.318359373046875 0.3466796875 0.298828126953125 0.3017578125 0.2958984375 0.240234373046875 0.2158203125 0.2578125 0.197265626953125 0.2744140625 0.1875 0.3076171875 0.189453126953125 0.3310546875 0.2138671875 0.365234373046875
10 0.1015625 0.4482421875 0.1689453125 0.421875 0.2333984375 0.42578125 0.248046873046875 0.3916015625 0.1865234375 0.34765625 0.1064453125 0.3515625 0.076171873046875 0.3779296875 0.078125 0.4248046875 0.1015625 0.4482421875
10 0.072265626953125 0.3857421875 0.0419921875 0.337890626953125 0.0009765625 0.326171873046875 0 0.4677734375 0.041015626953125 0.4814453125 0.068359373046875 0.4521484375 0.072265626953125 0.3857421875
10 0.0537109375 0.3125 0.078125 0.2802734375 0.080078126953125 0.1904296875 0.0537109375 0.146484373046875 0.0009765625 0.125 0 0.3212890625 0.033203126953125 0.3212890625 0.0537109375 0.3125
10 0.087890626953125 0.2744140625 0.1201171875 0.30859375 0.16796875 0.3173828125 0.18359375 0.3115234375 0.197265626953125 0.2705078125 0.23828125 0.2392578125 0.236328126953125 0.2177734375 0.1650390625 0.140625 0.1123046875 0.13671875 0.080078126953125 0.1689453125 0.087890626953125 0.2744140625
10 0.158203126953125 0.1005859375 0.1875 0.1669921875 0.2177734375 0.19140625 0.248046873046875 0.1923828125 0.3173828125 0.17578125 0.349609373046875 0.1298828125 0.3515625 0.0966796875 0.337890626953125 0.0673828125 0.2744140625 0.00390625 0.2001953125 0 0.166015626953125 0.0322265625 0.158203126953125 0.1005859375
10 0.51171875 0.2333984375 0.5751953125 0.185546873046875 0.619140626953125 0.1689453125 0.615234373046875 0.1416015625 0.5888671875 0.10546875 0.5107421875 0.1015625 0.451171873046875 0.1474609375 0.443359373046875 0.1806640625 0.51171875 0.2333984375
10 0.51953125 0.0869140625 0.51171875 0.0009765625 0.3798828125 0 0.369140626953125 0.0205078125 0.37890625 0.0888671875 0.4111328125 0.12890625 0.447265626953125 0.1376953125 0.51953125 0.0869140625
10 0.62890625 0.1201171875 0.689453126953125 0.0771484375 0.701171873046875 0.0478515625 0.697265626953125 0.0029296875 0.5185546875 0 0.51953125 0.0419921875 0.537109373046875 0.0810546875 0.6103515625 0.12109375 0.62890625 0.1201171875
10 0.6640625 0.1357421875 0.666015626953125 0.1806640625 0.69921875 0.2158203125 0.70703125 0.2431640625 0.734375 0.2509765625 0.8017578125 0.220703126953125 0.830078126953125 0.1787109375 0.826171873046875 0.0888671875 0.7958984375 0.048828126953125 0.7724609375 0.0390625 0.7431640625 0.037109373046875 0.7138671875 0.05078125 0.6640625 0.1357421875
10 0.828125 0.8076171875 0.869140626953125 0.7861328125 0.87890625 0.7470703125 0.86328125 0.7060546875 0.8056640625 0.673828126953125 0.73828125 0.7197265625 0.740234373046875 0.7724609375 0.7646484375 0.80078125 0.828125 0.8076171875
10 0.365234373046875 0.5048828125 0.3623046875 0.52734375 0.4541015625 0.544921873046875 0.515625 0.5849609375 0.541015626953125 0.5673828125 0.552734373046875 0.5263671875 0.552734373046875 0.4970703125 0.5341796875 0.47265625 0.4853515625 0.4921875 0.4267578125 0.486328126953125 0.3994140625 0.47265625 0.365234373046875 0.5048828125
10 0.5595703125 0.67578125 0.6181640625 0.66796875 0.6171875 0.6337890625 0.5634765625 0.595703126953125 0.5244140625 0.59765625 0.494140626953125 0.6845703125 0.521484373046875 0.7099609375 0.5595703125 0.67578125
10 0.712890626953125 0.4873046875 0.7333984375 0.537109373046875 0.8046875 0.5478515625 0.841796873046875 0.5166015625 0.8505859375 0.474609373046875 0.712890626953125 0.4873046875
10 0.28515625 0.7314453125 0.3134765625 0.72265625 0.326171873046875 0.7060546875 0.2890625 0.6689453125 0.2734375 0.5947265625 0.2080078125 0.615234373046875 0.232421873046875 0.7138671875 0.2529296875 0.728515626953125 0.28515625 0.7314453125
10 0.2236328125 0.8515625 0.27734375 0.8603515625 0.3037109375 0.85546875 0.3203125 0.8388671875 0.306640626953125 0.7978515625 0.30859375 0.7392578125 0.2216796875 0.73046875 0.197265626953125 0.7685546875 0.197265626953125 0.8173828125 0.2236328125 0.8515625
10 0.07421875 0.8896484375 0.1513671875 0.87109375 0.177734373046875 0.8505859375 0.1875 0.8037109375 0.1767578125 0.76171875 0.0673828125 0.7734375 0.009765626953125 0.8408203125 0.0322265625 0.8828125 0.07421875 0.8896484375
10 0.08984375 0.0771484375 0.0595703125 0.048828126953125 0.0009765625 0.029296873046875 0 0.1220703125 0.076171873046875 0.1591796875 0.10546875 0.1318359375 0.08984375 0.0771484375
10 0.044921873046875 0.5029296875 0.0029296875 0.470703126953125 0.001953126953125 0.6513671875 0.033203126953125 0.6279296875 0.056640626953125 0.5830078125 0.044921873046875 0.5029296875
10 0.3564453125 0.189453126953125 0.4365234375 0.1875 0.439453126953125 0.1591796875 0.4111328125 0.13671875 0.3701171875 0.138671873046875 0.31640625 0.1904296875 0.31640625 0.2138671875 0.3564453125 0.189453126953125