10 0.7568359375 0.255859373046875 0.6884765625 0.255859373046875 0.654296873046875 0.2900390625 0.654296873046875 0.3291015625 0.7001953125 0.36328125 0.7626953125 0.361328126953125 0.796875 0.3212890625 0.791015626953125 0.2802734375 0.7568359375 0.255859373046875
10 0.5712890625 0.166015626953125 0.533203126953125 0.2060546875 0.51953125 0.2470703125 0.5537109375 0.275390626953125 0.5869140625 0.275390626953125 0.619140626953125 0.2431640625 0.615234373046875 0.2021484375 0.5712890625 0.166015626953125
10 0.6337890625 0.06640625 0.54296875 0.0732421875 0.57421875 0.1572265625 0.6083984375 0.1796875 0.6474609375 0.17578125 0.66796875 0.1572265625 0.677734373046875 0.0947265625 0.6337890625 0.06640625
10 0.5107421875 0.255859373046875 0.4345703125 0.283203126953125 0.421875 0.3232421875 0.4501953125 0.36328125 0.5087890625 0.3671875 0.556640626953125 0.3447265625 0.5703125 0.3193359375 0.564453126953125 0.3037109375 0.5107421875 0.255859373046875
10 0.3818359375 0.271484373046875 0.3115234375 0.26953125 0.279296873046875 0.2939453125 0.2734375 0.3291015625 0.2978515625 0.373046873046875 0.3662109375 0.37890625 0.40625 0.3525390625 0.408203126953125 0.3037109375 0.3818359375 0.271484373046875
10 0.4619140625 0.162109373046875 0.4130859375 0.15625 0.380859373046875 0.1806640625 0.373046873046875 0.2275390625 0.3994140625 0.26953125 0.4404296875 0.279296873046875 0.490234373046875 0.2490234375 0.490234373046875 0.2001953125 0.4619140625 0.162109373046875
10 0.5263671875 0.06640625 0.4873046875 0.05859375 0.447265626953125 0.0927734375 0.44140625 0.1357421875 0.4990234375 0.1953125 0.5283203125 0.201171873046875 0.56640625 0.1669921875 0.564453126953125 0.1044921875 0.5263671875 0.06640625
10 0.5771484375 0 0.5703125 0.0498046875 0.5869140625 0.064453126953125 0.6435546875 0.064453126953125 0.67578125 0.0263671875 0.6806640625 0 0.5771484375 0
10 0.4921875 0.0029296875 0.5302734375 0.0234375 0.5712890625 0 0.4921875 0.0029296875
10 0.4853515625 0 0.4462890625 0.001953126953125 0.416015626953125 0.0361328125 0.412109373046875 0.0810546875 0.4365234375 0.107421873046875 0.5166015625 0.05859375 0.515625 0.0322265625 0.4853515625 0
10 0.3974609375 0.07421875 0.3447265625 0.0859375 0.328125 0.1044921875 0.337890626953125 0.1669921875 0.3451724013671875 0.1856836953125 0.3759765625 0.1875 0.4296875 0.1474609375 0.4296875 0.1083984375 0.3974609375 0.07421875
10 0.3330078125 0.177734373046875 0.30859375 0.2216796875 0.3369140625 0.251953126953125 0.37109375 0.2275390625 0.369140626953125 0.2060546875 0.3330078125 0.177734373046875
10 0.3720703125 0.23046875 0.337890626953125 0.2490234375 0.3369140625 0.267578126953125 0.4091796875 0.306640626953125 0.4140625 0.2939453125 0.3720703125 0.23046875
10 0.2998046875 0.21875 0.2451171875 0.212890626953125 0.23046875 0.2236328125 0.22265625 0.2744140625 0.2685546875 0.318359373046875 0.326171873046875 0.2666015625 0.326171873046875 0.2490234375 0.2998046875 0.21875
10 0.2216796875 0.28125 0.1806640625 0.28125 0.1513671875 0.29296875 0.12890625 0.3291015625 0.1591796875 0.376953126953125 0.2099609375 0.380859373046875 0.251953126953125 0.3583984375 0.255859373046875 0.3056640625 0.2216796875 0.28125
10 0.0673828125 0.283203126953125 0.0009765625 0.283203126953125 0 0.3818359375 0.0830078125 0.37890625 0.1015625 0.3603515625 0.103515626953125 0.3212890625 0.0673828125 0.283203126953125
10 0.083984373046875 0.2490234375 0.07421875 0.2822265625 0.1064453125 0.318359373046875 0.1259765625 0.3203125 0.15625 0.2841796875 0.115234373046875 0.2412109375 0.083984373046875 0.2490234375
10 0.2021484375 0.154296873046875 0.1396484375 0.138671873046875 0.11328125 0.1552734375 0.103515626953125 0.2060546875 0.126953126953125 0.2587890625 0.1728515625 0.28125 0.22265625 0.2568359375 0.224609373046875 0.1904296875 0.2021484375 0.154296873046875
10 0.3037109375 0.091796873046875 0.2763671875 0.091796873046875 0.224609373046875 0.1494140625 0.2265625 0.1904296875 0.2587890625 0.2109375 0.3134765625 0.205078126953125 0.330078126953125 0.1748046875 0.328125 0.1181640625 0.3037109375 0.091796873046875
10 0.2529296875 0 0.251953126953125 0.0244140625 0.2841796875 0.08203125 0.3291015625 0.091796873046875 0.388671873046875 0.0517578125 0.39453125 0.0068359375 0.2529296875 0
10 0.2333984375 0.015625 0.1611328125 0.015625 0.130859373046875 0.0498046875 0.123046873046875 0.1318359375 0.2041015625 0.146484373046875 0.2470703125 0.130859373046875 0.2734375 0.0927734375 0.26953125 0.0537109375 0.2333984375 0.015625
10 0.0810546875 0.138671873046875 0.05078125 0.1708984375 0.052734373046875 0.2021484375 0.0830078125 0.23828125 0.109375 0.2333984375 0.1220703125 0.13671875 0.0810546875 0.138671873046875
10 0.0458984375 0.197265626953125 0 0.1943359375 0.0009765625 0.28125 0.0673828125 0.275390626953125 0.07421875 0.2392578125 0.0458984375 0.197265626953125
10 0.0556640625 0.041015626953125 0.0078125 0.0673828125 0.00390625 0.0947265625 0.0244140625 0.126953126953125 0.0634765625 0.146484373046875 0.11328125 0.1279296875 0.1171875 0.0810546875 0.0556640625 0.041015626953125
10 0.0009765625 0.09375 0.0009765625 0.181640626953125 0.0234375 0.1630859375 0.0234375 0.1337890625 0.0009765625 0.09375
10 0.0009765625 0 0 0.0517578125 0.0439453125 0.04296875 0.0615234375 0 0.0009765625 0
10 0.1357421875 0 0.134765626953125 0.0205078125 0.2470703125 0.021484373046875 0.2509765625 0 0.1357421875 0