10 0.330078126953125 0.2373046875 0.357421873046875 0.2099609375 0.349609373046875 0.1533203125 0.3251953125 0.125 0.2763671875 0.115234373046875 0.248046873046875 0.1474609375 0.248046873046875 0.1923828125 0.3056640625 0.232421873046875 0.330078126953125 0.2373046875
10 0.376953126953125 0.1552734375 0.416015626953125 0.1279296875 0.408203126953125 0.0771484375 0.3662109375 0.04296875 0.3134765625 0.046875 0.298828126953125 0.0654296875 0.302734373046875 0.1005859375 0.3603515625 0.154296873046875 0.376953126953125 0.1552734375
10 0.3955078125 0.232421873046875 0.44140625 0.2451171875 0.4775390625 0.234375 0.498046873046875 0.2138671875 0.505859373046875 0.1650390625 0.4794921875 0.138671873046875 0.4150390625 0.1328125 0.37109375 0.1708984375 0.369140626953125 0.2001953125 0.3955078125 0.232421873046875
10 0.57421875 0.2060546875 0.6015625 0.1787109375 0.59765625 0.1298828125 0.5537109375 0.107421873046875 0.5087890625 0.1171875 0.498046873046875 0.1474609375 0.509765626953125 0.1943359375 0.5263671875 0.205078126953125 0.57421875 0.2060546875
10 0.6640625 0.2001953125 0.697265626953125 0.1767578125 0.705078126953125 0.1298828125 0.6767578125 0.087890626953125 0.6474609375 0.07421875 0.607421873046875 0.1162109375 0.60546875 0.1708984375 0.6318359375 0.197265626953125 0.6640625 0.2001953125
10 0.6865234375 0.232421873046875 0.736328126953125 0.2431640625 0.767578126953125 0.2294921875 0.7734375 0.1845703125 0.7490234375 0.158203126953125 0.7080078125 0.15234375 0.69921875 0.1767578125 0.673828126953125 0.1962890625 0.671875 0.2138671875 0.6865234375 0.232421873046875
10 0.486328126953125 0.0009765625 0.3681640625 0 0.369140626953125 0.0400390625 0.4150390625 0.08203125 0.4375 0.0830078125 0.470703126953125 0.0595703125 0.486328126953125 0.0009765625
10 0.4970703125 0 0.482421873046875 0.0263671875 0.47265625 0.0595703125 0.478515626953125 0.0927734375 0.4951171875 0.109375 0.517578126953125 0.1123046875 0.5498046875 0.10546875 0.57421875 0.0654296875 0.57421875 0.0185546875 0.5556640625 0 0.4970703125 0
10 0.5830078125 0 0.57421875 0.0126953125 0.576171873046875 0.0615234375 0.560546873046875 0.1025390625 0.59765625 0.1181640625 0.634765626953125 0.0888671875 0.650390626953125 0.0615234375 0.650390626953125 0.0283203125 0.6298828125 0 0.5830078125 0
10 0.6494140625 0 0.65625 0.0537109375 0.697265626953125 0.0712890625 0.7587890625 0.048828126953125 0.771484373046875 0.0009765625 0.6494140625 0
10 0.755859373046875 0.1572265625 0.791015626953125 0.1357421875 0.796875 0.1005859375 0.7783203125 0.068359373046875 0.7431640625 0.05078125 0.6982421875 0.07421875 0.689453126953125 0.0986328125 0.7119140625 0.14453125 0.755859373046875 0.1572265625
10 0.416015626953125 0.0908203125 0.4208984375 0.130859373046875 0.484375 0.1396484375 0.48828125 0.1142578125 0.4677734375 0.08203125 0.416015626953125 0.0908203125
10 0.298828126953125 0.1083984375 0.294921873046875 0.0673828125 0.2744140625 0.048828126953125 0.2353515625 0.041015626953125 0.20703125 0.0693359375 0.22265625 0.1162109375 0.251953126953125 0.1298828125 0.298828126953125 0.1083984375
10 0.212890626953125 0.1220703125 0.205078126953125 0.0615234375 0.1474609375 0.037109373046875 0.0947265625 0.05078125 0.08203125 0.0791015625 0.09375 0.1181640625 0.185546873046875 0.1474609375 0.212890626953125 0.1220703125
10 0.0859375 0.0576171875 0.109375 0.0361328125 0.091796873046875 0.0029296875 0.0009765625 0 0 0.0517578125 0.01171875 0.0830078125 0.078125 0.0966796875 0.0859375 0.0576171875
10 0.18359375 0.2392578125 0.181640626953125 0.1669921875 0.1435546875 0.1328125 0.1064453125 0.1328125 0.08203125 0.1533203125 0.072265626953125 0.2255859375 0.16015625 0.2626953125 0.18359375 0.2392578125
10 0.03125 0.3193359375 0.044921873046875 0.3427734375 0.080078126953125 0.3505859375 0.1201171875 0.328125 0.1494140625 0.33984375 0.171875 0.3193359375 0.158203126953125 0.2744140625 0.1142578125 0.23828125 0.0615234375 0.2421875 0.029296873046875 0.2822265625 0.03125 0.3193359375
10 0.220703126953125 0.3134765625 0.3046875 0.2861328125 0.3046875 0.2373046875 0.2822265625 0.208984373046875 0.2353515625 0.205078126953125 0.193359373046875 0.2412109375 0.1875 0.2900390625 0.2041015625 0.3125 0.220703126953125 0.3134765625
10 0.419921873046875 0.3818359375 0.458984373046875 0.3623046875 0.47265625 0.3056640625 0.4345703125 0.25390625 0.3896484375 0.24609375 0.3515625 0.2802734375 0.33984375 0.3291015625 0.3759765625 0.375 0.419921873046875 0.3818359375
10 0.482421873046875 0.3466796875 0.515625 0.3173828125 0.517578126953125 0.2939453125 0.505859373046875 0.2529296875 0.4697265625 0.23828125 0.435546873046875 0.2509765625 0.470703126953125 0.2939453125 0.46875 0.3447265625 0.482421873046875 0.3466796875
10 0.52734375 0.3037109375 0.564453126953125 0.2822265625 0.5703125 0.2529296875 0.5478515625 0.220703126953125 0.5068359375 0.205078126953125 0.482421873046875 0.2392578125 0.50390625 0.2490234375 0.517578126953125 0.2998046875 0.52734375 0.3037109375
10 0.6025390625 0.3203125 0.634765626953125 0.3212890625 0.669921873046875 0.2958984375 0.6796875 0.2685546875 0.67578125 0.2353515625 0.6533203125 0.21484375 0.5966796875 0.23046875 0.5703125 0.2744140625 0.572265626953125 0.2958984375 0.6025390625 0.3203125
10 0.6875 0.4013671875 0.708984373046875 0.3876953125 0.720703126953125 0.3427734375 0.7001953125 0.310546873046875 0.6689453125 0.30078125 0.615234373046875 0.3310546875 0.615234373046875 0.3642578125 0.6259765625 0.3828125 0.6875 0.4013671875
10 0.54296875 0.4267578125 0.5927734375 0.404296873046875 0.611328126953125 0.3701171875 0.607421873046875 0.3291015625 0.5732421875 0.302734373046875 0.5068359375 0.326171873046875 0.474609373046875 0.3662109375 0.4951171875 0.421875 0.54296875 0.4267578125
10 0.6884765625 0.533203126953125 0.70703125 0.5322265625 0.7421875 0.5166015625 0.748046873046875 0.4541015625 0.7177734375 0.412109373046875 0.6865234375 0.408203126953125 0.6552734375 0.419921873046875 0.636403505859375 0.4486020546875 0.662109373046875 0.5126953125 0.6884765625 0.533203126953125
10 0.625 0.5087890625 0.642578126953125 0.5009765625 0.646484373046875 0.4619140625 0.6064453125 0.40625 0.53125 0.4365234375 0.53125 0.4521484375 0.5703125 0.4873046875 0.5771484375 0.5078125 0.625 0.5087890625
10 0.5634765625 0.619140626953125 0.599609373046875 0.6240234375 0.6533203125 0.60546875 0.689453126953125 0.5419921875 0.6494140625 0.501953126953125 0.5810546875 0.515625 0.537109373046875 0.5478515625 0.533203126953125 0.5732421875 0.548828126953125 0.6064453125 0.5634765625 0.619140626953125
10 0.4814453125 0.533203126953125 0.5068359375 0.56640625 0.525390626953125 0.5673828125 0.5390625 0.5419921875 0.57421875 0.5146484375 0.57421875 0.4970703125 0.5283203125 0.453125 0.4853515625 0.45703125 0.462890626953125 0.4794921875 0.458984373046875 0.5224609375 0.4814453125 0.533203126953125
10 0.6103515625 0.384765626953125 0.6015625 0.4013671875 0.638671873046875 0.4423828125 0.671875 0.4052734375 0.6533203125 0.390625 0.6103515625 0.384765626953125
10 0.4658203125 0.36328125 0.3828125 0.3876953125 0.3828125 0.4072265625 0.3994140625 0.427734373046875 0.455078126953125 0.4404296875 0.482421873046875 0.4130859375 0.4658203125 0.36328125
10 0.451171873046875 0.5185546875 0.462890626953125 0.4716796875 0.4482421875 0.44140625 0.3896484375 0.423828126953125 0.337890626953125 0.4873046875 0.361328126953125 0.5341796875 0.400390626953125 0.5498046875 0.451171873046875 0.5185546875
10 0.408203126953125 0.6474609375 0.44921875 0.6572265625 0.490234373046875 0.6416015625 0.5074376982421875 0.624290640625 0.501953126953125 0.6025390625 0.494140626953125 0.5478515625 0.4619140625 0.52734375 0.4169921875 0.5390625 0.3984375 0.5849609375 0.408203126953125 0.6474609375
10 0.5830078125 0.71875 0.63671875 0.7294921875 0.6630859375 0.720703126953125 0.69140625 0.6845703125 0.68359375 0.6337890625 0.6435546875 0.6171875 0.5888671875 0.6328125 0.564453126953125 0.6611328125 0.564453126953125 0.6904296875 0.5830078125 0.71875
10 0.578125 0.6337890625 0.55078125 0.6123046875 0.5283203125 0.572265626953125 0.5087890625 0.57421875 0.5 0.6396484375 0.5126953125 0.658203126953125 0.548828126953125 0.6611328125 0.578125 0.6337890625
10 0.455078126953125 0.7763671875 0.4833984375 0.767578126953125 0.52734375 0.7236328125 0.52734375 0.6884765625 0.5029296875 0.654296873046875 0.4365234375 0.66015625 0.404296873046875 0.7060546875 0.40234375 0.7626953125 0.455078126953125 0.7763671875
10 0.6728515625 0.720703126953125 0.591796873046875 0.7392578125 0.62109375 0.7783203125 0.626953126953125 0.8115234375 0.63671875 0.8115234375 0.673828126953125 0.7705078125 0.6728515625 0.720703126953125
10 0.494140626953125 0.8525390625 0.548828126953125 0.8798828125 0.5849609375 0.87109375 0.61328125 0.8447265625 0.626953126953125 0.8115234375 0.619140626953125 0.7744140625 0.5830078125 0.7421875 0.5322265625 0.75 0.486328126953125 0.7958984375 0.494140626953125 0.8525390625
10 0.689453126953125 0.9990234375 0.720703126953125 0.9599609375 0.724609373046875 0.9013671875 0.7041015625 0.873046873046875 0.6552734375 0.86328125 0.6171875 0.8994140625 0.60546875 0.9677734375 0.6396484375 0.994140626953125 0.689453126953125 0.9990234375
10 0.505859373046875 0.9736328125 0.5390625 0.9443359375 0.5390625 0.8896484375 0.4912109375 0.85546875 0.4599609375 0.857421873046875 0.4375 0.8720703125 0.41796875 0.9345703125 0.4443359375 0.96484375 0.505859373046875 0.9736328125
10 0.3330078125 0.94921875 0.375 0.9541015625 0.412109373046875 0.9267578125 0.43359375 0.8818359375 0.42578125 0.8408203125 0.3876953125 0.810546873046875 0.3525390625 0.814453126953125 0.3134765625 0.845703126953125 0.28125 0.9150390625 0.3330078125 0.94921875
10 0.267578126953125 0.8291015625 0.26953125 0.8681640625 0.283203126953125 0.8720703125 0.298828126953125 0.8681640625 0.3203125 0.8193359375 0.353515626953125 0.8017578125 0.353515626953125 0.7705078125 0.3369140625 0.751953126953125 0.2685546875 0.75 0.234375 0.7822265625 0.267578126953125 0.8291015625
10 0.4921875 0.7783203125 0.4033203125 0.767578126953125 0.392578126953125 0.7783203125 0.39453125 0.8056640625 0.447265626953125 0.8603515625 0.484375 0.8427734375 0.4921875 0.7783203125
10 0.2626953125 0.7421875 0.306640626953125 0.7529296875 0.3212890625 0.751953126953125 0.37109375 0.7099609375 0.37890625 0.6669921875 0.3466796875 0.619140626953125 0.2861328125 0.60546875 0.24609375 0.6630859375 0.23828125 0.6982421875 0.2626953125 0.7421875
10 0.232421873046875 0.6962890625 0.26171875 0.6357421875 0.2333984375 0.6015625 0.1767578125 0.615234373046875 0.15234375 0.6416015625 0.1748046875 0.69140625 0.21875 0.7021484375 0.232421873046875 0.6962890625
10 0.3603515625 0.7734375 0.380859373046875 0.7763671875 0.400390626953125 0.7626953125 0.404296873046875 0.7021484375 0.42578125 0.6650390625 0.4052734375 0.650390626953125 0.37890625 0.6533203125 0.37890625 0.7021484375 0.341796873046875 0.7470703125 0.3603515625 0.7734375
10 0.3359375 0.5107421875 0.3115234375 0.486328126953125 0.232421873046875 0.5244140625 0.2529296875 0.576171873046875 0.30078125 0.5849609375 0.33984375 0.5439453125 0.3359375 0.5107421875
10 0.3486328125 0.537109373046875 0.294921873046875 0.6025390625 0.357421873046875 0.6162109375 0.39453125 0.5849609375 0.396484373046875 0.5576171875 0.3486328125 0.537109373046875
10 0.662109373046875 0.5986328125 0.642578126953125 0.6142578125 0.69140625 0.6357421875 0.69921875 0.5927734375 0.6728515625 0.56640625 0.662109373046875 0.5986328125
10 0.53125 0.7490234375 0.5673828125 0.740234373046875 0.57421875 0.7138671875 0.55859375 0.6728515625 0.5263671875 0.66015625 0.515625 0.6689453125 0.529296873046875 0.6943359375 0.5234375 0.7451171875 0.53125 0.7490234375
10 0.3828125 0.6513671875 0.408203126953125 0.6494140625 0.3974609375 0.58984375 0.36328125 0.6220703125 0.3828125 0.6513671875
10 0.1787109375 0.5 0.248046873046875 0.5166015625 0.287109373046875 0.4912109375 0.291015626953125 0.4580078125 0.279296873046875 0.4248046875 0.2275390625 0.390625 0.1650390625 0.392578126953125 0.142578126953125 0.4208984375 0.150390626953125 0.4736328125 0.1787109375 0.5
10 0.2509765625 0.400390626953125 0.291015626953125 0.4052734375 0.3173828125 0.396484373046875 0.337890626953125 0.3720703125 0.3359375 0.3193359375 0.2880859375 0.29296875 0.2333984375 0.3046875 0.2109375 0.3310546875 0.216796873046875 0.3740234375 0.2509765625 0.400390626953125
10 0.2099609375 0.322265626953125 0.1728515625 0.32421875 0.150390626953125 0.3447265625 0.14453125 0.3740234375 0.16015625 0.3955078125 0.21875 0.3837890625 0.2099609375 0.322265626953125
10 0.119140626953125 0.4892578125 0.142578126953125 0.4697265625 0.1484375 0.3916015625 0.1259765625 0.357421873046875 0.0869140625 0.349609373046875 0.05078125 0.3759765625 0.048828126953125 0.4111328125 0.072265626953125 0.4697265625 0.119140626953125 0.4892578125
10 0.166015626953125 0.6162109375 0.2236328125 0.59765625 0.236328126953125 0.5458984375 0.2158203125 0.515625 0.1494140625 0.49609375 0.09765625 0.5244140625 0.083984373046875 0.5693359375 0.1044921875 0.599609373046875 0.166015626953125 0.6162109375
10 0.208984373046875 0.9267578125 0.25390625 0.8955078125 0.267578126953125 0.8466796875 0.2373046875 0.79296875 0.1845703125 0.78125 0.1328125 0.8134765625 0.115234373046875 0.8642578125 0.1494140625 0.91796875 0.208984373046875 0.9267578125
10 0 0.7958984375 0.052734373046875 0.8115234375 0.0810546875 0.802734373046875 0.10546875 0.7783203125 0.11328125 0.7314453125 0.0888671875 0.6953125 0.0400390625 0.685546873046875 0 0.7373046875 0 0.7958984375
10 0.0244140625 0.90625 0.109375 0.9111328125 0.125 0.9013671875 0.115234373046875 0.8486328125 0.126953126953125 0.8173828125 0.1142578125 0.8046875 0.0400390625 0.814453126953125 0.005859373046875 0.8466796875 0.001953126953125 0.8720703125 0.0244140625 0.90625
10 0.1328125 0.8095703125 0.1689453125 0.783203126953125 0.22265625 0.7802734375 0.2265625 0.7412109375 0.2060546875 0.7109375 0.1455078125 0.705078126953125 0.119140626953125 0.7177734375 0.11328125 0.7939453125 0.1328125 0.8095703125
10 0.060546873046875 0.6181640625 0.0380859375 0.5859375 0.0009765625 0.5625 0 0.6591796875 0.03515625 0.6728515625 0.05859375 0.6552734375 0.060546873046875 0.6181640625
10 0.158203126953125 0.7080078125 0.181640626953125 0.6982421875 0.1513671875 0.640625 0.12890625 0.7060546875 0.158203126953125 0.7080078125
10 0.0478515625 0.58984375 0.076171873046875 0.5908203125 0.0859375 0.5830078125 0.08203125 0.5478515625 0.10546875 0.5087890625 0.1015625 0.4951171875 0.0576171875 0.47265625 0.0009765625 0.4921875 0 0.5556640625 0.0478515625 0.58984375
10 0.021484373046875 0.3349609375 0.04296875 0.2509765625 0.0009765625 0.2421875 0 0.3349609375 0.021484373046875 0.3349609375
10 0.048828126953125 0.4169921875 0.04296875 0.3759765625 0.0146484375 0.345703126953125 0 0.3466796875 0.00390625 0.4873046875 0.037109373046875 0.4677734375 0.048828126953125 0.4169921875
10 0.08203125 0.1533203125 0.103515626953125 0.1337890625 0.0947265625 0.123046873046875 0.0673828125 0.125 0.041015626953125 0.1533203125 0.0390625 0.1884765625 0.0703125 0.2236328125 0.08203125 0.1533203125
10 0.0009765625 0.18359375 0 0.2412109375 0.041015626953125 0.2451171875 0.05078125 0.2216796875 0.04296875 0.2001953125 0.0009765625 0.18359375
10 0.19140625 0.0009765625 0.185546873046875 0.0419921875 0.208984373046875 0.0556640625 0.2578125 0.0341796875 0.2607421875 0 0.19140625 0.0009765625
10 0.3037109375 0 0.2890625 0.0380859375 0.3046875 0.0537109375 0.3642578125 0.041015626953125 0.3671875 0.0009765625 0.3037109375 0