10 0.2529296875 0.251953126953125 0.2998046875 0.236328126953125 0.39453125 0.2763671875 0.439453126953125 0.2333984375 0.431640626953125 0.1904296875 0.4150390625 0.166015626953125 0.3212890625 0.130859373046875 0.2802734375 0.134765626953125 0.25390625 0.1552734375 0.240234373046875 0.1884765625 0.2529296875 0.251953126953125
10 0.22265625 0.3544921875 0.2412109375 0.3828125 0.2939453125 0.412109373046875 0.3515625 0.4130859375 0.3759765625 0.40625 0.3984375 0.3798828125 0.408203126953125 0.3408203125 0.3984375 0.2958984375 0.3623046875 0.259765626953125 0.2861328125 0.23828125 0.2265625 0.2802734375 0.22265625 0.3544921875
10 0.400390626953125 0.2978515625 0.416015626953125 0.3642578125 0.4326171875 0.3828125 0.455078126953125 0.3857421875 0.5517578125 0.37109375 0.580078126953125 0.3427734375 0.583984373046875 0.2841796875 0.5400390625 0.224609373046875 0.4775390625 0.22265625 0.4326171875 0.2421875 0.404296873046875 0.2685546875 0.400390626953125 0.2978515625
10 0.56640625 0.2158203125 0.5625 0.2431640625 0.59375 0.3056640625 0.646484373046875 0.3154296875 0.7119140625 0.291015626953125 0.73828125 0.2685546875 0.75390625 0.2353515625 0.75 0.1845703125 0.7099609375 0.15234375 0.6533203125 0.15625 0.5888671875 0.19140625 0.56640625 0.2158203125
10 0.69921875 0.1162109375 0.705078126953125 0.1474609375 0.7734375 0.2080078125 0.806640626953125 0.1943359375 0.8515625 0.1162109375 0.8359375 0.0537109375 0.8232421875 0.037109373046875 0.7880859375 0.025390626953125 0.7548828125 0.03125 0.716796873046875 0.0615234375 0.69921875 0.1162109375
10 1 0.1611328125 0.9150390625 0.130859373046875 0.8525390625 0.138671873046875 0.810546873046875 0.1923828125 0.810546873046875 0.2353515625 0.8740234375 0.28515625 0.94140625 0.2880859375 1 0.2470703125 1 0.1611328125
10 0.7109375 0.3349609375 0.75390625 0.3681640625 0.7919921875 0.3515625 0.8291015625 0.3515625 0.84765625 0.3271484375 0.84765625 0.2880859375 0.7978515625 0.232421873046875 0.7568359375 0.234375 0.708984373046875 0.3173828125 0.7109375 0.3349609375
10 0.7646484375 0.36328125 0.71484375 0.4189453125 0.716796873046875 0.4599609375 0.734375 0.4912109375 0.7646484375 0.51953125 0.80078125 0.5341796875 0.8740234375 0.525390626953125 0.904296873046875 0.4970703125 0.9140625 0.4658203125 0.908203126953125 0.4267578125 0.8828125 0.3876953125 0.8388671875 0.357421873046875 0.8134765625 0.353515626953125 0.7646484375 0.36328125
10 0.9453125 0.3837890625 0.9052734375 0.353515626953125 0.8427734375 0.353515626953125 0.904296873046875 0.4169921875 0.91796875 0.4775390625 0.951171873046875 0.4404296875 0.9453125 0.3837890625
10 0.583984373046875 0.3740234375 0.62109375 0.4072265625 0.634765626953125 0.4501953125 0.68359375 0.4716796875 0.712890626953125 0.4443359375 0.71484375 0.4150390625 0.7421875 0.3759765625 0.736328126953125 0.3623046875 0.6865234375 0.328125 0.6298828125 0.330078126953125 0.5927734375 0.345703126953125 0.583984373046875 0.3740234375
10 0.419921873046875 0.4189453125 0.4140625 0.4482421875 0.4228515625 0.4609375 0.521484373046875 0.5068359375 0.5595703125 0.466796873046875 0.630859373046875 0.4501953125 0.625 0.4169921875 0.5947265625 0.384765626953125 0.5693359375 0.375 0.4931640625 0.376953126953125 0.4462890625 0.392578126953125 0.419921873046875 0.4189453125
10 0.333984373046875 0.5205078125 0.34375 0.5947265625 0.3837890625 0.625 0.466796873046875 0.6611328125 0.4990234375 0.6484375 0.5390625 0.6005859375 0.5234375 0.5380859375 0.4853515625 0.494140626953125 0.4404296875 0.470703126953125 0.4228515625 0.46484375 0.3701171875 0.4765625 0.333984373046875 0.5205078125
10 0.5634765625 0.466796873046875 0.54296875 0.4833984375 0.529296873046875 0.5185546875 0.529296873046875 0.5478515625 0.548828126953125 0.5947265625 0.6181640625 0.6484375 0.673828126953125 0.6533203125 0.7060546875 0.638671873046875 0.7265625 0.6142578125 0.734375 0.5712890625 0.724609373046875 0.5439453125 0.6796875 0.4775390625 0.6591796875 0.46484375 0.5966796875 0.455078126953125 0.5634765625 0.466796873046875
10 0.73828125 0.6376953125 0.744140626953125 0.6767578125 0.7646484375 0.705078126953125 0.7978515625 0.724609373046875 0.8359375 0.7236328125 0.873046873046875 0.7001953125 0.9140625 0.6162109375 0.892578126953125 0.5478515625 0.8505859375 0.529296873046875 0.8134765625 0.533203126953125 0.7802734375 0.5546875 0.759765626953125 0.5771484375 0.73828125 0.6376953125
10 0.5908203125 0.63671875 0.57421875 0.6455078125 0.5625 0.6708984375 0.564453126953125 0.7099609375 0.5810546875 0.734375 0.6328125 0.7646484375 0.6748046875 0.751953126953125 0.740234373046875 0.7568359375 0.7578125 0.7138671875 0.7294921875 0.63671875 0.7138671875 0.6328125 0.6728515625 0.65625 0.6376953125 0.65625 0.5908203125 0.63671875
10 0.75390625 0.7744140625 0.796875 0.8115234375 0.82421875 0.8740234375 0.837890626953125 0.8759765625 0.87890625 0.7958984375 0.93359375 0.7705078125 0.919921873046875 0.7216796875 0.8896484375 0.703125 0.8330078125 0.728515626953125 0.7763671875 0.724609373046875 0.75390625 0.7548828125 0.75390625 0.7744140625
10 1 0.7880859375 0.9111328125 0.78515625 0.8828125 0.8037109375 0.8515625 0.8525390625 0.861328126953125 0.9287109375 0.9091796875 1 1 0.9990234375 1 0.7880859375
10 0.6474609375 0.759765626953125 0.625 0.7841796875 0.607421873046875 0.8544921875 0.6845703125 0.951171873046875 0.74609375 0.9619140625 0.7705078125 0.953125 0.810546873046875 0.9150390625 0.8203125 0.8857421875 0.814453126953125 0.8466796875 0.783203126953125 0.7998046875 0.7392578125 0.76953125 0.6962890625 0.75390625 0.6474609375 0.759765626953125
10 0.8349609375 0.884765626953125 0.822265626953125 0.8876953125 0.8125 0.9189453125 0.7763671875 0.953125 0.7236328125 0.96875 0.712890626953125 0.9951171875 0.88671875 0.9990234375 0.8349609375 0.884765626953125
10 0.5849609375 0.849609373046875 0.5068359375 0.85546875 0.451171873046875 0.9267578125 0.4482421875 1 0.701171873046875 0.9990234375 0.638671873046875 0.8896484375 0.5849609375 0.849609373046875
10 0.3037109375 0.83984375 0.291015626953125 0.8623046875 0.291015626953125 0.9248046875 0.3046875 0.9560546875 0.3759765625 0.990234373046875 0.419921873046875 0.9931640625 0.443359373046875 0.9853515625 0.44921875 0.9248046875 0.4609375 0.8974609375 0.501953126953125 0.8583984375 0.49609375 0.8388671875 0.4658203125 0.826171873046875 0.3837890625 0.8515625 0.3037109375 0.83984375
10 0.3330078125 0.640625 0.3134765625 0.64453125 0.267578126953125 0.6962890625 0.265625 0.7841796875 0.3076171875 0.830078126953125 0.40625 0.8427734375 0.4521484375 0.828125 0.482421873046875 0.7958984375 0.48828125 0.7529296875 0.4765625 0.6884765625 0.4248046875 0.64453125 0.3759765625 0.65625 0.3466796875 0.654296873046875 0.3330078125 0.640625
10 0.625 0.7705078125 0.5830078125 0.736328126953125 0.5478515625 0.734375 0.49609375 0.8017578125 0.494140626953125 0.8330078125 0.5087890625 0.8515625 0.6015625 0.8525390625 0.625 0.7705078125
10 0.54296875 0.7333984375 0.544921873046875 0.6904296875 0.5224609375 0.66015625 0.47265625 0.6748046875 0.48828125 0.7490234375 0.484375 0.8017578125 0.4921875 0.8017578125 0.54296875 0.7333984375
10 0.2119140625 0.5546875 0.19140625 0.5966796875 0.2490234375 0.6171875 0.291015626953125 0.6591796875 0.3359375 0.6279296875 0.2900390625 0.599609373046875 0.275390626953125 0.5673828125 0.2919921875 0.548828126953125 0.3271484375 0.5546875 0.33203125 0.5361328125 0.2685546875 0.51953125 0.2119140625 0.5546875
10 0.087890626953125 0.6982421875 0.1025390625 0.759765626953125 0.1455078125 0.78515625 0.185546873046875 0.7861328125 0.251953126953125 0.7646484375 0.263671873046875 0.7001953125 0.28125 0.6669921875 0.2548828125 0.625 0.2060546875 0.6015625 0.1357421875 0.6171875 0.109375 0.6474609375 0.087890626953125 0.6982421875
10 0.23828125 0.9990234375 0.259765626953125 0.9638671875 0.287109373046875 0.9443359375 0.287109373046875 0.8291015625 0.2314453125 0.79296875 0.1240234375 0.80859375 0.11328125 0.8349609375 0.146484373046875 0.9990234375 0.23828125 0.9990234375
10 0.142578126953125 0.4580078125 0.125 0.5048828125 0.1416015625 0.51953125 0.2021484375 0.5078125 0.197265626953125 0.5302734375 0.23046875 0.5361328125 0.298828126953125 0.5029296875 0.310546873046875 0.4541015625 0.294921873046875 0.4208984375 0.2333984375 0.37890625 0.2138671875 0.349609373046875 0.154296873046875 0.3896484375 0.166015626953125 0.4326171875 0.142578126953125 0.4580078125
10 0.22265625 0.2861328125 0.248046873046875 0.2568359375 0.2392578125 0.21875 0.1865234375 0.228515626953125 0.16015625 0.2626953125 0.1640625 0.3173828125 0.208984373046875 0.3369140625 0.22265625 0.2861328125
10 0.521484373046875 0.1884765625 0.505859373046875 0.2158203125 0.55859375 0.2333984375 0.6064453125 0.171875 0.5576171875 0.16796875 0.521484373046875 0.1884765625
10 0.390625 0.0009765625 0.2431640625 0 0.23828125 0.0107421875 0.2451171875 0.029296873046875 0.3515625 0.0341796875 0.3837890625 0.03125 0.390625 0.0009765625
10 0.4111328125 0 0.40234375 0.0087890625 0.3974609375 0.03515625 0.455078126953125 0.0537109375 0.51953125 0.0419921875 0.5029296875 0 0.4111328125 0
10 0.064453126953125 0.0029296875 0.0791015625 0.046875 0.1171875 0.0498046875 0.119140626953125 0.0302734375 0.0966796875 0 0.064453126953125 0.0029296875
10 0.1240234375 0.310546873046875 0.1279296875 0.294921873046875 0.1416015625 0.30078125 0.140625 0.2880859375 0.0888671875 0.25390625 0.0400390625 0.248046873046875 0.025390626953125 0.3935546875 0.1240234375 0.310546873046875
10 0.94140625 0.6142578125 0.96484375 0.5380859375 0.947265626953125 0.5009765625 0.9150390625 0.484375 0.87890625 0.5341796875 0.904296873046875 0.5654296875 0.923828126953125 0.6298828125 0.94140625 0.6142578125
10 0.736328126953125 0.6162109375 0.77734375 0.5439453125 0.7119140625 0.478515626953125 0.6845703125 0.474609373046875 0.6875 0.5126953125 0.705078126953125 0.5185546875 0.73046875 0.5576171875 0.728515626953125 0.6162109375 0.736328126953125 0.6162109375
10 1 0.1552734375 0.9951171875 0.046875 0.96875 0.0634765625 0.943359373046875 0.1279296875 1 0.1552734375