10 0.353515626953125 0.3935546875 0.36328125 0.4794921875 0.3896484375 0.505859373046875 0.435546873046875 0.5107421875 0.5224609375 0.5 0.560546873046875 0.4462890625 0.5625 0.4072265625 0.548828126953125 0.3720703125 0.4990234375 0.333984373046875 0.4130859375 0.33203125 0.375 0.3583984375 0.353515626953125 0.3935546875
10 0.16796875 0.5947265625 0.2216796875 0.6328125 0.322265626953125 0.6689453125 0.36328125 0.6357421875 0.37109375 0.5400390625 0.3388671875 0.5078125 0.2841796875 0.478515626953125 0.2333984375 0.4765625 0.1943359375 0.490234373046875 0.158203126953125 0.5458984375 0.16796875 0.5947265625
10 0.380859373046875 0.6943359375 0.4404296875 0.73046875 0.466796873046875 0.7333984375 0.525390626953125 0.7099609375 0.55859375 0.6357421875 0.54296875 0.5498046875 0.5166015625 0.51953125 0.4814453125 0.5078125 0.3974609375 0.529296873046875 0.365234373046875 0.5888671875 0.380859373046875 0.6943359375
10 0.552734373046875 0.7783203125 0.6572265625 0.826171873046875 0.708984373046875 0.8369140625 0.736328126953125 0.8115234375 0.724609373046875 0.6845703125 0.6376953125 0.623046873046875 0.6005859375 0.623046873046875 0.5634765625 0.638671873046875 0.53125 0.7080078125 0.53515625 0.7490234375 0.552734373046875 0.7783203125
10 0.728515626953125 0.7060546875 0.7421875 0.7998046875 0.8037109375 0.845703126953125 0.8828125 0.8544921875 0.9091796875 0.84375 0.962890626953125 0.7783203125 0.943359373046875 0.6923828125 0.9208984375 0.666015626953125 0.8544921875 0.6328125 0.8134765625 0.634765626953125 0.7646484375 0.65625 0.728515626953125 0.7060546875
10 0.650390626953125 0.6005859375 0.66015625 0.6220703125 0.6904296875 0.650390626953125 0.7421875 0.6630859375 0.8369140625 0.623046873046875 0.896484373046875 0.5693359375 0.90234375 0.4951171875 0.8525390625 0.4296875 0.7568359375 0.42578125 0.6865234375 0.474609373046875 0.65625 0.5205078125 0.650390626953125 0.6005859375
10 0.560546873046875 0.5986328125 0.568359373046875 0.6181640625 0.5859375 0.6259765625 0.654296873046875 0.6201171875 0.6484375 0.5751953125 0.662109373046875 0.5009765625 0.6533203125 0.4921875 0.5927734375 0.4921875 0.5546875 0.5166015625 0.546875 0.5478515625 0.560546873046875 0.5986328125
10 0.271484373046875 0.3720703125 0.279296873046875 0.4736328125 0.373046873046875 0.5205078125 0.380859373046875 0.5068359375 0.353515626953125 0.4580078125 0.3515625 0.3935546875 0.38671875 0.3388671875 0.3447265625 0.3125 0.2998046875 0.318359373046875 0.28515625 0.3291015625 0.271484373046875 0.3720703125
10 0.55859375 0.3701171875 0.57421875 0.4287109375 0.6044921875 0.453125 0.650390626953125 0.4560546875 0.7294921875 0.431640626953125 0.7734375 0.3818359375 0.779296873046875 0.3310546875 0.7412109375 0.29296875 0.6689453125 0.279296873046875 0.6064453125 0.296875 0.568359373046875 0.3251953125 0.55859375 0.3701171875
10 0.30859375 0.2431640625 0.3525390625 0.310546873046875 0.40625 0.3291015625 0.4580078125 0.3125 0.486328126953125 0.2861328125 0.494140626953125 0.2451171875 0.484375 0.2080078125 0.4326171875 0.140625 0.3369140625 0.138671873046875 0.30078125 0.1806640625 0.30859375 0.2431640625
10 0.541015626953125 0.2939453125 0.6591796875 0.2578125 0.67578125 0.1728515625 0.5927734375 0.142578126953125 0.5087890625 0.150390626953125 0.498046873046875 0.1904296875 0.501953126953125 0.2685546875 0.5185546875 0.2890625 0.541015626953125 0.2939453125
10 0.9287109375 0.599609373046875 0.8876953125 0.587890626953125 0.849609373046875 0.6181640625 0.8505859375 0.630859373046875 0.939453126953125 0.6767578125 0.95703125 0.6318359375 0.9287109375 0.599609373046875
10 0.912109373046875 0.4423828125 0.91015625 0.4033203125 0.8505859375 0.34765625 0.8076171875 0.3515625 0.7578125 0.4150390625 0.8564453125 0.431640626953125 0.8984375 0.4677734375 0.912109373046875 0.4423828125
10 1 0.2412109375 0.9130859375 0.240234373046875 0.87890625 0.2763671875 0.884765626953125 0.3466796875 0.9248046875 0.3984375 0.98828125 0.4013671875 1 0.3974609375 1 0.2412109375
10 0.783203126953125 0.2509765625 0.83203125 0.2197265625 0.837890626953125 0.1611328125 0.8154296875 0.1328125 0.7548828125 0.123046873046875 0.689453126953125 0.1904296875 0.689453126953125 0.2314453125 0.7138671875 0.244140626953125 0.783203126953125 0.2509765625
10 0.78515625 0.2705078125 0.7724609375 0.251953126953125 0.6904296875 0.24609375 0.6640625 0.2607421875 0.6708984375 0.27734375 0.7373046875 0.29296875 0.77734375 0.3193359375 0.78515625 0.2705078125
10 0.677734373046875 0.1689453125 0.6796875 0.1025390625 0.6396484375 0.01953125 0.5458984375 0.017578126953125 0.513671873046875 0.0400390625 0.5078125 0.0849609375 0.5205078125 0.138671873046875 0.5888671875 0.140625 0.677734373046875 0.1689453125
10 0.767578126953125 0.0927734375 0.7685546875 0.119140626953125 0.91015625 0.1611328125 0.919921873046875 0.1533203125 0.921875 0.1025390625 0.9091796875 0.056640626953125 0.8798828125 0.044921873046875 0.8720703125 0.056640626953125 0.8212890625 0.05078125 0.7822265625 0.0703125 0.767578126953125 0.0927734375