10 0.224609373046875 0.3818359375 0.2607421875 0.373046873046875 0.26953125 0.3583984375 0.265625 0.2998046875 0.2373046875 0.28125 0.203125 0.2998046875 0.19140625 0.3291015625 0.19921875 0.3701171875 0.224609373046875 0.3818359375
10 0.3720703125 0.361328126953125 0.373046873046875 0.3349609375 0.3583984375 0.310546873046875 0.3212890625 0.3046875 0.302734373046875 0.3251953125 0.302734373046875 0.3447265625 0.337890626953125 0.3662109375 0.3720703125 0.361328126953125
10 0.4765625 0.3603515625 0.4599609375 0.333984373046875 0.4248046875 0.326171873046875 0.408203126953125 0.3369140625 0.404296873046875 0.3701171875 0.4130859375 0.3828125 0.470703126953125 0.3916015625 0.4765625 0.3603515625
10 0.59765625 0.4521484375 0.595703126953125 0.3955078125 0.5615234375 0.369140626953125 0.5244140625 0.37109375 0.505859373046875 0.4072265625 0.5400390625 0.447265626953125 0.580078126953125 0.4580078125 0.59765625 0.4521484375
10 0.64453125 0.4599609375 0.6376953125 0.423828126953125 0.599609373046875 0.4208984375 0.6025390625 0.458984373046875 0.64453125 0.4599609375
10 0.4296875 0.4794921875 0.458984373046875 0.4560546875 0.466796873046875 0.4189453125 0.4560546875 0.396484373046875 0.4208984375 0.384765626953125 0.384765626953125 0.4072265625 0.365234373046875 0.4482421875 0.3779296875 0.474609373046875 0.4296875 0.4794921875
10 0.43359375 0.4794921875 0.45703125 0.4951171875 0.4873046875 0.48828125 0.5107421875 0.455078126953125 0.533203126953125 0.4482421875 0.517578126953125 0.4169921875 0.4833984375 0.39453125 0.458984373046875 0.3974609375 0.4609375 0.4521484375 0.43359375 0.4794921875
10 0.4013671875 0.369140626953125 0.3544921875 0.361328126953125 0.330078126953125 0.3720703125 0.328125 0.4208984375 0.365234373046875 0.4326171875 0.408203126953125 0.3876953125 0.4013671875 0.369140626953125
10 0.322265626953125 0.4169921875 0.330078126953125 0.3662109375 0.3134765625 0.34765625 0.2880859375 0.345703126953125 0.26953125 0.3759765625 0.2716140205078125 0.4056014140625 0.302734373046875 0.4267578125 0.322265626953125 0.4169921875
10 0.16796875 0.4794921875 0.2158203125 0.4765625 0.234375 0.4560546875 0.240234373046875 0.4208984375 0.2177734375 0.39453125 0.1826171875 0.390625 0.15234375 0.4189453125 0.146484373046875 0.4580078125 0.16796875 0.4794921875
10 0.240234373046875 0.4208984375 0.234375 0.4560546875 0.26171875 0.4599609375 0.283203126953125 0.4541015625 0.275390626953125 0.4521484375 0.294921873046875 0.4384765625 0.298828126953125 0.4208984375 0.2724609375 0.37890625 0.2431640625 0.376953126953125 0.21875 0.3955078125 0.240234373046875 0.4208984375
10 0.0810546875 0.5390625 0.11328125 0.5458984375 0.140625 0.5341796875 0.16015625 0.4853515625 0.150390626953125 0.4638671875 0.1259765625 0.44921875 0.0771484375 0.458984373046875 0.056640626953125 0.4873046875 0.060546873046875 0.5205078125 0.0810546875 0.5390625
10 0.197265626953125 0.5771484375 0.2265625 0.5556640625 0.232421873046875 0.5224609375 0.220703126953125 0.4853515625 0.1865234375 0.474609373046875 0.154296873046875 0.4951171875 0.142578126953125 0.5400390625 0.1611328125 0.5703125 0.197265626953125 0.5771484375
10 0.322265626953125 0.5146484375 0.3017578125 0.47265625 0.2607421875 0.4609375 0.23828125 0.4794921875 0.234375 0.5244140625 0.2568359375 0.564453126953125 0.28515625 0.5693359375 0.322265626953125 0.5146484375
10 0.345703126953125 0.5166015625 0.369140626953125 0.4658203125 0.3623046875 0.4375 0.3173828125 0.421875 0.3046875 0.4267578125 0.291015626953125 0.4580078125 0.33203125 0.5244140625 0.345703126953125 0.5166015625
10 0.443359373046875 0.5361328125 0.447265626953125 0.5068359375 0.4169921875 0.4765625 0.3818359375 0.474609373046875 0.3515625 0.4970703125 0.34765625 0.5302734375 0.40625 0.5595703125 0.443359373046875 0.5361328125
10 0.46875 0.5791015625 0.5078125 0.5380859375 0.4921875 0.4970703125 0.4775390625 0.490234373046875 0.447265626953125 0.5029296875 0.443359373046875 0.5380859375 0.421875 0.5615234375 0.4345703125 0.576171873046875 0.46875 0.5791015625
10 0.568359373046875 0.5341796875 0.5859375 0.5087890625 0.57421875 0.4658203125 0.5517578125 0.451171873046875 0.5068359375 0.458984373046875 0.494140626953125 0.4814453125 0.5 0.5185546875 0.5205078125 0.533203126953125 0.568359373046875 0.5341796875
10 0.693359373046875 0.5478515625 0.68359375 0.4990234375 0.6396484375 0.4609375 0.6083984375 0.462890626953125 0.587890626953125 0.4931640625 0.595703126953125 0.5322265625 0.681640626953125 0.5615234375 0.693359373046875 0.5478515625
10 0.736328126953125 0.5048828125 0.755859373046875 0.4755859375 0.751953126953125 0.4501953125 0.7236328125 0.4296875 0.6787109375 0.435546873046875 0.6640625 0.4599609375 0.671875 0.4853515625 0.6962890625 0.505859373046875 0.736328126953125 0.5048828125
10 0.5390625 0.6318359375 0.572265626953125 0.6103515625 0.583984373046875 0.5654296875 0.5673828125 0.5390625 0.5244140625 0.533203126953125 0.486328126953125 0.5576171875 0.474609373046875 0.5849609375 0.5029296875 0.626953126953125 0.5390625 0.6318359375
10 0.64453125 0.6337890625 0.671875 0.6103515625 0.6640625 0.5712890625 0.6396484375 0.546875 0.6103515625 0.544921873046875 0.587890626953125 0.5654296875 0.5859375 0.6103515625 0.5966796875 0.623046873046875 0.64453125 0.6337890625
10 0.5419921875 0.642578126953125 0.4990234375 0.6328125 0.470703126953125 0.6728515625 0.490234373046875 0.7255859375 0.525390626953125 0.7392578125 0.568359373046875 0.6982421875 0.5419921875 0.642578126953125
10 0.451171873046875 0.6728515625 0.484375 0.6455078125 0.48828125 0.6220703125 0.4599609375 0.58203125 0.4365234375 0.578125 0.404296873046875 0.6044921875 0.400390626953125 0.6376953125 0.4150390625 0.666015626953125 0.451171873046875 0.6728515625
10 0.3369140625 0.62109375 0.384765626953125 0.6220703125 0.404296873046875 0.5986328125 0.404296873046875 0.5771484375 0.3837890625 0.5546875 0.3427734375 0.53125 0.294921873046875 0.5478515625 0.2890625 0.5751953125 0.2978515625 0.59375 0.3369140625 0.62109375
10 0.158203126953125 0.6943359375 0.1826171875 0.6796875 0.22265625 0.6806640625 0.2265625 0.6416015625 0.2060546875 0.615234373046875 0.1689453125 0.609375 0.12890625 0.6318359375 0.12890625 0.6787109375 0.158203126953125 0.6943359375
10 0.1396484375 0.54296875 0.1044921875 0.55078125 0.091796873046875 0.5732421875 0.09765625 0.6103515625 0.1328125 0.6240234375 0.189453126953125 0.5908203125 0.1396484375 0.54296875
10 0.26953125 0.7412109375 0.3125 0.7255859375 0.314453126953125 0.6708984375 0.2978515625 0.640625 0.2529296875 0.62890625 0.228515626953125 0.6494140625 0.22265625 0.6806640625 0.25 0.7314453125 0.26953125 0.7412109375
10 0.41015625 0.6748046875 0.3984375 0.6416015625 0.3740234375 0.623046873046875 0.3349609375 0.623046873046875 0.3125 0.6513671875 0.31640625 0.6845703125 0.3515625 0.7041015625 0.41015625 0.6748046875
10 0.48046875 0.7333984375 0.4638671875 0.677734373046875 0.3916015625 0.6796875 0.349609373046875 0.7099609375 0.33984375 0.7392578125 0.34765625 0.7666015625 0.40625 0.7802734375 0.48046875 0.7333984375
10 0.3203125 0.8818359375 0.35546875 0.8505859375 0.359375 0.8173828125 0.3154296875 0.759765626953125 0.2685546875 0.751953126953125 0.234375 0.7822265625 0.234375 0.8212890625 0.2783203125 0.876953126953125 0.3203125 0.8818359375
10 0.42578125 0.8759765625 0.43359375 0.8623046875 0.42578125 0.8076171875 0.3916015625 0.779296873046875 0.3525390625 0.779296873046875 0.34375 0.7900390625 0.361328126953125 0.8251953125 0.357421873046875 0.8505859375 0.42578125 0.8759765625
10 0.3193359375 0.732421873046875 0.2900390625 0.732421873046875 0.265625 0.7490234375 0.3154296875 0.76171875 0.34375 0.7822265625 0.345703126953125 0.7646484375 0.3193359375 0.732421873046875
10 0.4541015625 0.859375 0.474609373046875 0.8583984375 0.501953126953125 0.8486328125 0.529296873046875 0.7900390625 0.5234375 0.7568359375 0.4990234375 0.73828125 0.4638671875 0.74609375 0.4296875 0.8076171875 0.435546873046875 0.8447265625 0.4541015625 0.859375
10 0.5625 0.8798828125 0.5908203125 0.869140626953125 0.619140626953125 0.8271484375 0.61328125 0.7841796875 0.5869140625 0.76953125 0.5439453125 0.78125 0.513671873046875 0.8291015625 0.5234375 0.8662109375 0.5625 0.8798828125
10 0.654296873046875 0.6923828125 0.646484373046875 0.6513671875 0.6201171875 0.626953126953125 0.5791015625 0.630859373046875 0.5625 0.6552734375 0.5703125 0.6962890625 0.6328125 0.7197265625 0.654296873046875 0.6923828125
10 0.62109375 0.7880859375 0.6328125 0.7548828125 0.6201171875 0.72265625 0.5712890625 0.708984373046875 0.546875 0.7255859375 0.533203126953125 0.7509765625 0.5380859375 0.78125 0.5869140625 0.76953125 0.62109375 0.7880859375
10 0.51171875 0.9384765625 0.51171875 0.9697265625 0.529296873046875 0.9716796875 0.564453126953125 0.9404296875 0.564453126953125 0.8974609375 0.5146484375 0.86328125 0.4658203125 0.861328126953125 0.4453125 0.8837890625 0.4775390625 0.89453125 0.498046873046875 0.9150390625 0.51171875 0.9384765625
10 0.484375 0.9990234375 0.51171875 0.9677734375 0.50390625 0.9228515625 0.4619140625 0.888671873046875 0.4150390625 0.896484373046875 0.392578126953125 0.9267578125 0.39453125 0.9697265625 0.4287109375 1 0.484375 0.9990234375
10 0.416015626953125 0.8759765625 0.3876953125 0.85546875 0.3603515625 0.853515626953125 0.322265626953125 0.8896484375 0.322265626953125 0.9326171875 0.3388671875 0.955078126953125 0.38671875 0.9541015625 0.416015626953125 0.8759765625
10 0.41796875 0.9990234375 0.3701171875 0.953125 0.3408203125 0.95703125 0.302734373046875 0.9931640625 0.41796875 0.9990234375
10 0.3134765625 0.91796875 0.2783203125 0.912109373046875 0.248046873046875 0.9365234375 0.244140626953125 0.9990234375 0.30078125 0.9990234375 0.330078126953125 0.9521484375 0.3134765625 0.91796875
10 0.240234373046875 0.9697265625 0.2421875 0.9228515625 0.2177734375 0.89453125 0.1728515625 0.890625 0.12109375 0.9306640625 0.1181640625 1 0.224609373046875 0.9990234375 0.240234373046875 0.9697265625
10 0.25390625 0.9248046875 0.2880859375 0.91015625 0.298828126953125 0.8896484375 0.2431640625 0.8359375 0.2314453125 0.8359375 0.2041015625 0.849609373046875 0.18359375 0.8837890625 0.2236328125 0.896484373046875 0.25390625 0.9248046875
10 0.1220703125 0.873046873046875 0.1640625 0.8798828125 0.18359375 0.8740234375 0.208984373046875 0.8330078125 0.1953125 0.7685546875 0.1806640625 0.75390625 0.1494140625 0.751953126953125 0.111328126953125 0.7802734375 0.1015625 0.8408203125 0.1220703125 0.873046873046875
10 0.2041015625 0.791015626953125 0.220703126953125 0.7900390625 0.25 0.7587890625 0.244140626953125 0.7158203125 0.2197265625 0.685546873046875 0.1767578125 0.681640626953125 0.154296873046875 0.7021484375 0.154296873046875 0.7470703125 0.1826171875 0.75390625 0.2041015625 0.791015626953125
10 0.126953126953125 0.6787109375 0.1220703125 0.62890625 0.0986328125 0.62890625 0.078125 0.6474609375 0.068359373046875 0.6728515625 0.068359373046875 0.6982421875 0.078125 0.7041015625 0.126953126953125 0.6787109375
10 0.150390626953125 0.7490234375 0.15234375 0.7001953125 0.1279296875 0.681640626953125 0.0947265625 0.6875 0.0703125 0.7314453125 0.07421875 0.7744140625 0.107421873046875 0.7880859375 0.150390626953125 0.7490234375
10 0.0615234375 0.697265626953125 0.0380859375 0.685546873046875 0 0.6943359375 0.0009765625 0.7265625 0.0625 0.7548828125 0.072265626953125 0.7138671875 0.0615234375 0.697265626953125
10 0.06640625 0.7861328125 0.060546873046875 0.7587890625 0.0126953125 0.7265625 0 0.7275390625 0.005859373046875 0.8662109375 0.03515625 0.8505859375 0.06640625 0.7861328125
10 0 0.9658203125 0.029296873046875 0.9736328125 0.0634765625 0.958984373046875 0.095703126953125 0.9169921875 0.09765625 0.8876953125 0.0693359375 0.859375 0.0341796875 0.857421873046875 0 0.8740234375 0 0.9658203125
10 0.1142578125 0.869140626953125 0.09375 0.8740234375 0.09765625 0.9130859375 0.0859375 0.9404296875 0.11328125 0.9462890625 0.1689453125 0.884765626953125 0.1142578125 0.869140626953125
10 0.0947265625 0.9453125 0.0771484375 0.947265626953125 0.04296875 0.9755859375 0.0498046875 1 0.115234373046875 0.9990234375 0.111328126953125 0.9541015625 0.0947265625 0.9453125
10 0.875 0.7705078125 0.919921873046875 0.7451171875 0.923828126953125 0.7099609375 0.8955078125 0.6796875 0.8466796875 0.67578125 0.814453126953125 0.7041015625 0.826171873046875 0.7568359375 0.8427734375 0.76953125 0.875 0.7705078125
10 0.77734375 0.8017578125 0.818359373046875 0.7744140625 0.82421875 0.7314453125 0.8017578125 0.701171873046875 0.7626953125 0.69140625 0.703125 0.7294921875 0.697265626953125 0.7607421875 0.7099609375 0.78515625 0.77734375 0.8017578125
10 0.2333984375 0.5546875 0.197265626953125 0.5810546875 0.197265626953125 0.6005859375 0.2197265625 0.62109375 0.2421875 0.6240234375 0.27734375 0.5791015625 0.2333984375 0.5546875
10 0.3056640625 0.59765625 0.2822265625 0.591796873046875 0.255859373046875 0.6044921875 0.2490234375 0.62890625 0.3125 0.6474609375 0.330078126953125 0.6220703125 0.3056640625 0.59765625
10 0.849609373046875 0.5888671875 0.84375 0.5634765625 0.8154296875 0.55078125 0.783203126953125 0.5634765625 0.771484373046875 0.5986328125 0.7822265625 0.623046873046875 0.80859375 0.6279296875 0.849609373046875 0.5888671875
10 0.861328126953125 0.5849609375 0.896484373046875 0.5673828125 0.896484373046875 0.5361328125 0.8623046875 0.490234373046875 0.8232421875 0.482421873046875 0.802734373046875 0.5009765625 0.80078125 0.5419921875 0.8388671875 0.55859375 0.861328126953125 0.5849609375
10 0.98046875 0.5400390625 0.9521484375 0.521484373046875 0.9150390625 0.529296873046875 0.90625 0.5615234375 0.96875 0.5927734375 0.986328126953125 0.5751953125 0.98046875 0.5400390625
10 0.958984373046875 0.6005859375 0.953125 0.6396484375 0.96875 0.6435546875 1 0.6396484375 0.9990234375 0.58984375 0.958984373046875 0.6005859375
10 0.958984373046875 0.5986328125 0.9482421875 0.583984373046875 0.8994140625 0.568359373046875 0.880859373046875 0.5849609375 0.91015625 0.6142578125 0.9150390625 0.634765626953125 0.94921875 0.6396484375 0.958984373046875 0.5986328125
10 0.880859373046875 0.6728515625 0.90625 0.6435546875 0.91015625 0.6162109375 0.8896484375 0.59375 0.8642578125 0.587890626953125 0.833984373046875 0.6083984375 0.822265626953125 0.6357421875 0.8427734375 0.673828126953125 0.880859373046875 0.6728515625
10 0.96484375 0.7021484375 0.966796873046875 0.6689453125 0.9501953125 0.64453125 0.9111328125 0.63671875 0.89453125 0.6728515625 0.927734373046875 0.7236328125 0.9375 0.7236328125 0.96484375 0.7021484375
10 0.7705078125 0.625 0.751953126953125 0.6884765625 0.8125 0.7041015625 0.83984375 0.6767578125 0.8359375 0.6494140625 0.7705078125 0.625
10 0.97265625 0.8017578125 0.974609373046875 0.7802734375 0.9560546875 0.75390625 0.9287109375 0.744140626953125 0.8984375 0.7705078125 0.90625 0.8212890625 0.935546873046875 0.8251953125 0.97265625 0.8017578125
10 0.904296873046875 0.8212890625 0.900390626953125 0.7802734375 0.8408203125 0.771484373046875 0.822265626953125 0.7939453125 0.82421875 0.8349609375 0.8486328125 0.857421873046875 0.87109375 0.8564453125 0.904296873046875 0.8212890625
10 0.8203125 0.8017578125 0.8076171875 0.787109373046875 0.775390626953125 0.8056640625 0.779296873046875 0.8681640625 0.794921873046875 0.8701171875 0.822265626953125 0.8310546875 0.8203125 0.8017578125
10 0.744140626953125 0.9189453125 0.775390626953125 0.8857421875 0.779296873046875 0.8193359375 0.7646484375 0.796875 0.7158203125 0.787109373046875 0.6875 0.8115234375 0.67578125 0.8837890625 0.6826171875 0.896484373046875 0.744140626953125 0.9189453125
10 0.73828125 0.9990234375 0.74609375 0.9560546875 0.734375 0.9248046875 0.6982421875 0.8984375 0.6611328125 0.904296873046875 0.64453125 0.9267578125 0.642578126953125 0.9619140625 0.662109373046875 0.9990234375 0.73828125 0.9990234375
10 0.8056640625 0.9453125 0.8408203125 0.9453125 0.841796873046875 0.9189453125 0.8115234375 0.87890625 0.7822265625 0.873046873046875 0.751953126953125 0.9306640625 0.791015626953125 0.9580078125 0.8056640625 0.9453125
10 0.78125 0.9892578125 0.7822265625 1 0.896484373046875 0.9990234375 0.8486328125 0.9609375 0.7978515625 0.96875 0.78125 0.9892578125
10 0.9482421875 0.92578125 0.9111328125 0.919921873046875 0.880859373046875 0.9462890625 0.8994140625 1 0.998046873046875 0.9990234375 0.98046875 0.9599609375 0.9482421875 0.92578125
10 0.845703126953125 0.9384765625 0.875 0.9501953125 0.8994140625 0.923828126953125 0.9306640625 0.919921873046875 0.939453126953125 0.9052734375 0.9169921875 0.865234373046875 0.8505859375 0.859375 0.833984373046875 0.8759765625 0.830078126953125 0.8955078125 0.845703126953125 0.9384765625
10 0.9697265625 0.80859375 0.927734373046875 0.8369140625 0.92578125 0.8681640625 0.9423828125 0.892578126953125 1 0.8974609375 0.9990234375 0.814453126953125 0.9697265625 0.80859375
10 1 0.9072265625 0.9697265625 0.892578126953125 0.9482421875 0.896484373046875 0.9375 0.9208984375 0.966796873046875 0.9404296875 1 0.9912109375 1 0.9072265625
10 0.962890626953125 0.6494140625 0.966796873046875 0.7001953125 0.99609375 0.7236328125 1 0.6435546875 0.9775390625 0.640625 0.962890626953125 0.6494140625
10 0.98046875 0.7783203125 0.990234373046875 0.7333984375 0.9619140625 0.708984373046875 0.92578125 0.7373046875 0.98046875 0.7783203125
10 0.77734375 0.9990234375 0.787109373046875 0.9677734375 0.7490234375 0.943359373046875 0.73828125 0.9990234375 0.77734375 0.9990234375