10 0.3720703125 0.357421873046875 0.3349609375 0.34765625 0.310546873046875 0.3642578125 0.3193359375 0.3984375 0.369140626953125 0.4111328125 0.388671873046875 0.3916015625 0.3720703125 0.357421873046875
10 0.4091796875 0.423828126953125 0.435546873046875 0.4228515625 0.4287109375 0.40234375 0.3916015625 0.392578126953125 0.37890625 0.4052734375 0.37109375 0.4208984375 0.392578126953125 0.4443359375 0.4091796875 0.423828126953125
10 0.5009765625 0.3984375 0.4677734375 0.39453125 0.44921875 0.4130859375 0.4580078125 0.435546873046875 0.5078125 0.4384765625 0.515625 0.4130859375 0.5009765625 0.3984375
10 0.572265626953125 0.3994140625 0.5703125 0.3798828125 0.5556640625 0.3671875 0.5283203125 0.369140626953125 0.509765626953125 0.3857421875 0.515625 0.4130859375 0.533203126953125 0.4208984375 0.572265626953125 0.3994140625
10 0.580078126953125 0.4052734375 0.59765625 0.4423828125 0.611328126953125 0.4443359375 0.642578126953125 0.4033203125 0.6181640625 0.3828125 0.580078126953125 0.4052734375
10 0.689453126953125 0.4443359375 0.689453126953125 0.4189453125 0.6708984375 0.400390626953125 0.6474609375 0.40234375 0.623046873046875 0.4228515625 0.625 0.4501953125 0.650390626953125 0.4619140625 0.689453126953125 0.4443359375
10 0.6943359375 0.505859373046875 0.705078126953125 0.4814453125 0.6943359375 0.451171873046875 0.6669921875 0.453125 0.650390626953125 0.4716796875 0.66015625 0.5029296875 0.677734373046875 0.5068359375 0.6943359375 0.505859373046875
10 0.6201171875 0.47265625 0.603515626953125 0.4892578125 0.6171875 0.5224609375 0.66015625 0.5146484375 0.6376953125 0.47265625 0.6201171875 0.47265625
10 0.6201171875 0.521484373046875 0.615234373046875 0.5693359375 0.65234375 0.5732421875 0.666015626953125 0.5341796875 0.6435546875 0.517578126953125 0.6201171875 0.521484373046875
10 0.611328126953125 0.5283203125 0.5947265625 0.509765626953125 0.5732421875 0.509765626953125 0.5546875 0.5283203125 0.5418284970703126 0.553032291015625 0.5546875 0.5673828125 0.6015625 0.5732421875 0.611328126953125 0.5283203125
10 0.55078125 0.5654296875 0.548828126953125 0.5380859375 0.5302734375 0.517578126953125 0.5107421875 0.515625 0.494140626953125 0.5283203125 0.501953126953125 0.5673828125 0.533203126953125 0.5732421875 0.55078125 0.5654296875
10 0.4375 0.5537109375 0.4189453125 0.5390625 0.3740234375 0.541015626953125 0.357421873046875 0.5673828125 0.388671873046875 0.5751953125 0.4306640625 0.57421875 0.4375 0.5537109375
10 0.443359373046875 0.5302734375 0.4404296875 0.572265626953125 0.498046873046875 0.5732421875 0.4892578125 0.529296873046875 0.4599609375 0.521484373046875 0.443359373046875 0.5302734375
10 0.4140625 0.4990234375 0.4140625 0.4833984375 0.3935546875 0.462890626953125 0.3564453125 0.462890626953125 0.33984375 0.4794921875 0.337890626953125 0.5009765625 0.3828125 0.5224609375 0.4140625 0.4990234375
10 0.3583984375 0.416015626953125 0.3349609375 0.41796875 0.31640625 0.4365234375 0.318359373046875 0.4580078125 0.345703126953125 0.4697265625 0.3828125 0.4462890625 0.3583984375 0.416015626953125
10 0.55859375 0.4677734375 0.5546875 0.4443359375 0.5400390625 0.43359375 0.5166015625 0.4375 0.498046873046875 0.4599609375 0.5 0.4833984375 0.5234375 0.4931640625 0.55859375 0.4677734375
10 0.4873046875 0.43359375 0.4541015625 0.4375 0.447265626953125 0.4599609375 0.455078126953125 0.4755859375 0.48828125 0.4833984375 0.50390625 0.4462890625 0.4873046875 0.43359375
10 0.427734373046875 0.4736328125 0.4453125 0.4599609375 0.44921875 0.4384765625 0.4345703125 0.423828126953125 0.4130859375 0.421875 0.39453125 0.4384765625 0.392578126953125 0.4560546875 0.4072265625 0.47265625 0.427734373046875 0.4736328125
10 0.466796873046875 0.4873046875 0.4482421875 0.474609373046875 0.421875 0.4990234375 0.4263733671875 0.521088830078125 0.4453125 0.5244140625 0.470703126953125 0.5166015625 0.466796873046875 0.4873046875
10 0.431640626953125 0.5419921875 0.44140625 0.5224609375 0.4228515625 0.50390625 0.384765626953125 0.5322265625 0.431640626953125 0.5419921875
10 0.3310546875 0.51171875 0.333984373046875 0.5498046875 0.3515625 0.5654296875 0.37109375 0.5302734375 0.3544921875 0.513671873046875 0.3310546875 0.51171875
10 0.3193359375 0.57421875 0.33203125 0.5537109375 0.333984373046875 0.5322265625 0.3173828125 0.5078125 0.2734375 0.5556640625 0.2822265625 0.578125 0.298828126953125 0.5791015625 0.3193359375 0.57421875
10 0.5732421875 0.509765626953125 0.595703126953125 0.5087890625 0.5849609375 0.484375 0.5517578125 0.4765625 0.52734375 0.4912109375 0.525390626953125 0.5146484375 0.552734373046875 0.5263671875 0.5732421875 0.509765626953125
10 0.478515626953125 0.3623046875 0.48046875 0.3408203125 0.4541015625 0.314453126953125 0.4306640625 0.32421875 0.421875 0.3447265625 0.4306640625 0.375 0.458984373046875 0.3798828125 0.478515626953125 0.3623046875
10 0.400390626953125 0.3486328125 0.3876953125 0.322265626953125 0.3623046875 0.30859375 0.322265626953125 0.3134765625 0.3212890625 0.349609373046875 0.3583984375 0.34765625 0.38671875 0.3642578125 0.400390626953125 0.3486328125
10 0.57421875 0.3427734375 0.5595703125 0.322265626953125 0.5107421875 0.318359373046875 0.486328126953125 0.3369140625 0.48828125 0.3525390625 0.5107421875 0.3671875 0.5625 0.3681640625 0.57421875 0.3427734375
10 0.4609375 0.3837890625 0.4638671875 0.396484373046875 0.505859373046875 0.3974609375 0.513671873046875 0.3779296875 0.4951171875 0.359375 0.4609375 0.3837890625
10 0.400390626953125 0.2958984375 0.3984375 0.3095703125 0.419921873046875 0.3349609375 0.45703125 0.3115234375 0.4228515625 0.28125 0.400390626953125 0.2958984375
10 0.443359373046875 0.4228515625 0.45703125 0.3876953125 0.4189453125 0.376953126953125 0.416015626953125 0.3935546875 0.443359373046875 0.4228515625
10 0.57421875 0.3525390625 0.572265626953125 0.3876953125 0.5859375 0.3955078125 0.619140626953125 0.3779296875 0.6044921875 0.345703126953125 0.57421875 0.3525390625
10 0.578125 0.4716796875 0.595703126953125 0.4501953125 0.595703126953125 0.4326171875 0.5810546875 0.4140625 0.5517578125 0.408203126953125 0.537109373046875 0.4326171875 0.5546875 0.4443359375 0.5634765625 0.46875 0.578125 0.4716796875
10 0.638671873046875 0.4716796875 0.6142578125 0.4453125 0.5986328125 0.44921875 0.583984373046875 0.4736328125 0.603515626953125 0.4912109375 0.6142578125 0.4765625 0.638671873046875 0.4716796875
10 0.666015626953125 0.6552734375 0.6416015625 0.63671875 0.6025390625 0.640625 0.58984375 0.6728515625 0.638671873046875 0.7021484375 0.6640625 0.6865234375 0.666015626953125 0.6552734375
10 0.7265625 0.6806640625 0.72265625 0.6513671875 0.6982421875 0.630859373046875 0.6728515625 0.634765626953125 0.662109373046875 0.6455078125 0.66796875 0.6865234375 0.7109375 0.7021484375 0.7265625 0.6806640625
10 0.7021484375 0.703125 0.6669921875 0.689453126953125 0.646484373046875 0.7060546875 0.6494140625 0.7421875 0.712890626953125 0.7568359375 0.71875 0.7333984375 0.7021484375 0.703125
10 0.63671875 0.7490234375 0.634765626953125 0.7099609375 0.6064453125 0.68359375 0.5791015625 0.685546873046875 0.55859375 0.7021484375 0.56640625 0.7353515625 0.61328125 0.7587890625 0.63671875 0.7490234375
10 0.6171875 0.2451171875 0.6162109375 0.267578126953125 0.65625 0.2724609375 0.6513671875 0.2421875 0.6298828125 0.236328126953125 0.6171875 0.2451171875
10 0.654296873046875 0.2978515625 0.65625 0.2802734375 0.6416015625 0.265625 0.6142578125 0.267578126953125 0.599609373046875 0.2861328125 0.6015625 0.3017578125 0.625 0.3134765625 0.654296873046875 0.2978515625
10 0.662109373046875 0.3583984375 0.67578125 0.3193359375 0.6533203125 0.298828126953125 0.638671873046875 0.3173828125 0.662109373046875 0.3583984375
10 0.6259765625 0.37109375 0.62109375 0.3837890625 0.650390626953125 0.4013671875 0.671875 0.3974609375 0.658203126953125 0.3681640625 0.6259765625 0.37109375
10 0.6376953125 0.31640625 0.6064453125 0.318359373046875 0.626953126953125 0.3701171875 0.654296873046875 0.3583984375 0.650390626953125 0.3291015625 0.6376953125 0.31640625
10 0.59375 0.3251953125 0.5732421875 0.30859375 0.5537109375 0.310546873046875 0.55078125 0.3193359375 0.580078126953125 0.3466796875 0.59765625 0.3408203125 0.59375 0.3251953125
10 0.546875 0.3173828125 0.548828126953125 0.3056640625 0.5322265625 0.291015626953125 0.501953126953125 0.3115234375 0.546875 0.3173828125
10 0.515625 0.2900390625 0.51171875 0.2802734375 0.4873046875 0.265625 0.4658203125 0.267578126953125 0.4609375 0.2998046875 0.4767315517578125 0.3109999375 0.498046873046875 0.3095703125 0.515625 0.2900390625
10 0.486328126953125 0.3349609375 0.49609375 0.3115234375 0.4619140625 0.302734373046875 0.458984373046875 0.3154296875 0.486328126953125 0.3349609375
10 0.341796873046875 0.2822265625 0.3388671875 0.306640626953125 0.38671875 0.3173828125 0.390625 0.3017578125 0.3740234375 0.28125 0.341796873046875 0.2822265625
10 0.529296873046875 0.2470703125 0.5087890625 0.234375 0.4873046875 0.240234373046875 0.48046875 0.2607421875 0.521484373046875 0.2841796875 0.533203126953125 0.2666015625 0.529296873046875 0.2470703125
10 0.4609375 0.2548828125 0.470703126953125 0.2216796875 0.4404296875 0.208984373046875 0.419921873046875 0.2431640625 0.4609375 0.2548828125
10 0.3740234375 0.251953126953125 0.353515626953125 0.2744140625 0.392578126953125 0.2958984375 0.404296873046875 0.2666015625 0.3916015625 0.251953126953125 0.3740234375 0.251953126953125
10 0.453125 0.2763671875 0.4609375 0.2626953125 0.4521484375 0.25 0.421875 0.2529296875 0.453125 0.2763671875
10 0.3818359375 0.232421873046875 0.375 0.2490234375 0.40625 0.2626953125 0.41796875 0.2529296875 0.4140625 0.2353515625 0.3818359375 0.232421873046875
10 0.556640626953125 0.2548828125 0.572265626953125 0.2666015625 0.5791015625 0.251953126953125 0.556640626953125 0.2548828125
10 0.5380859375 0.26171875 0.52734375 0.2822265625 0.548828126953125 0.2978515625 0.568359373046875 0.2724609375 0.5576171875 0.2578125 0.5380859375 0.26171875
10 0.59765625 0.2880859375 0.611328126953125 0.2646484375 0.5791015625 0.2578125 0.568359373046875 0.2783203125 0.59765625 0.2880859375
10 0.552734373046875 0.2939453125 0.5537109375 0.310546873046875 0.595703126953125 0.3232421875 0.5908203125 0.28515625 0.5712890625 0.279296873046875 0.552734373046875 0.2939453125
10 0.494140626953125 0.5263671875 0.509765626953125 0.5126953125 0.5009765625 0.490234373046875 0.474609373046875 0.5166015625 0.494140626953125 0.5263671875
10 0.53515625 0.6708984375 0.5390625 0.6396484375 0.5224609375 0.62109375 0.4814453125 0.609375 0.455078126953125 0.6318359375 0.458984373046875 0.6669921875 0.501953126953125 0.6865234375 0.53515625 0.6708984375
10 0.365234373046875 0.6787109375 0.35546875 0.6474609375 0.3251953125 0.62890625 0.2978515625 0.634765626953125 0.28515625 0.6669921875 0.3212890625 0.669921873046875 0.34375 0.6982421875 0.365234373046875 0.6787109375
10 0.45703125 0.6474609375 0.4404296875 0.630859373046875 0.4091796875 0.630859373046875 0.376953126953125 0.6767578125 0.4296875 0.6923828125 0.458984373046875 0.6728515625 0.45703125 0.6474609375
10 0.408203126953125 0.6337890625 0.3955078125 0.62109375 0.3681640625 0.623046873046875 0.353515626953125 0.6435546875 0.37890625 0.6767578125 0.388671873046875 0.6494140625 0.408203126953125 0.6337890625
10 0.361328126953125 0.7861328125 0.373046873046875 0.7666015625 0.365234373046875 0.7216796875 0.3310546875 0.703125 0.322265626953125 0.7275390625 0.30078125 0.7412109375 0.30078125 0.7646484375 0.3212890625 0.787109373046875 0.361328126953125 0.7861328125
10 0.42578125 0.7001953125 0.4130859375 0.689453126953125 0.3857421875 0.6875 0.36328125 0.7080078125 0.3828125 0.7587890625 0.427734373046875 0.7314453125 0.42578125 0.7001953125
10 0.3212890625 0.669921873046875 0.2978515625 0.666015626953125 0.275390626953125 0.6806640625 0.2802734375 0.708984373046875 0.318359373046875 0.7099609375 0.333984373046875 0.7001953125 0.3212890625 0.669921873046875
10 0.2568359375 0.84765625 0.27734375 0.8544921875 0.29296875 0.8408203125 0.294921873046875 0.8056640625 0.2724609375 0.779296873046875 0.2451171875 0.771484373046875 0.23046875 0.7861328125 0.255859373046875 0.7978515625 0.234375 0.8154296875 0.2568359375 0.84765625
10 0.49609375 0.7177734375 0.494140626953125 0.6962890625 0.4736328125 0.677734373046875 0.4404296875 0.681640626953125 0.427734373046875 0.6982421875 0.427734373046875 0.7255859375 0.48046875 0.7451171875 0.49609375 0.7177734375
10 0.462890626953125 0.7880859375 0.470703126953125 0.7646484375 0.4619140625 0.7421875 0.4169921875 0.736328126953125 0.3828125 0.7587890625 0.3828125 0.7958984375 0.41015625 0.8134765625 0.462890626953125 0.7880859375
10 0.52734375 0.7822265625 0.5625 0.7392578125 0.5625 0.7236328125 0.5439453125 0.693359373046875 0.5126953125 0.68359375 0.49609375 0.6943359375 0.48828125 0.7548828125 0.5048828125 0.779296873046875 0.52734375 0.7822265625
10 0.55859375 0.7001953125 0.58984375 0.6767578125 0.5517578125 0.66015625 0.53125 0.6845703125 0.55859375 0.7001953125
10 0.689453126953125 0.8154296875 0.685546873046875 0.7822265625 0.6611328125 0.76171875 0.6240234375 0.771484373046875 0.607421873046875 0.7958984375 0.61328125 0.8251953125 0.646484373046875 0.8447265625 0.689453126953125 0.8154296875
10 0.56640625 0.8173828125 0.6005859375 0.81640625 0.611328126953125 0.7841796875 0.609375 0.7646484375 0.5791015625 0.744140626953125 0.5595703125 0.74609375 0.5390625 0.7783203125 0.544921873046875 0.8056640625 0.56640625 0.8173828125
10 0.5390625 0.7958984375 0.4931640625 0.78125 0.482421873046875 0.7958984375 0.4921875 0.8310546875 0.53515625 0.8603515625 0.55078125 0.8291015625 0.5390625 0.7958984375
10 0.4921875 0.8349609375 0.4716796875 0.796875 0.4423828125 0.794921873046875 0.416015626953125 0.8134765625 0.4169921875 0.833984373046875 0.4443359375 0.83203125 0.474609373046875 0.8564453125 0.4921875 0.8349609375
10 0.591796873046875 0.9599609375 0.58984375 0.9033203125 0.5712890625 0.8828125 0.5517578125 0.880859373046875 0.53125 0.8955078125 0.525390626953125 0.9345703125 0.568359373046875 0.9755859375 0.591796873046875 0.9599609375
10 0.4833984375 0.853515626953125 0.466796873046875 0.8662109375 0.4609375 0.9248046875 0.4716796875 0.935546873046875 0.513671873046875 0.9345703125 0.529296873046875 0.8759765625 0.4833984375 0.853515626953125
10 0.427734373046875 0.9345703125 0.45703125 0.9169921875 0.466796873046875 0.8935546875 0.46484375 0.8505859375 0.4365234375 0.830078126953125 0.3994140625 0.84375 0.37890625 0.8857421875 0.3828125 0.9150390625 0.427734373046875 0.9345703125
10 0.357421873046875 0.9013671875 0.38671875 0.8701171875 0.388671873046875 0.8427734375 0.3701171875 0.8203125 0.3291015625 0.81640625 0.306640626953125 0.8349609375 0.302734373046875 0.8681640625 0.3115234375 0.884765626953125 0.357421873046875 0.9013671875
10 0.3046875 0.8447265625 0.3291015625 0.818359373046875 0.3759765625 0.82421875 0.376953126953125 0.8076171875 0.3603515625 0.7890625 0.3115234375 0.79296875 0.296875 0.8076171875 0.294921873046875 0.8388671875 0.3046875 0.8447265625
10 0.314453126953125 0.9814453125 0.33984375 0.9677734375 0.357421873046875 0.9248046875 0.3369140625 0.896484373046875 0.2939453125 0.88671875 0.2734375 0.9033203125 0.263671873046875 0.9384765625 0.2880859375 0.9765625 0.314453126953125 0.9814453125
10 0.287109373046875 0.8740234375 0.2666015625 0.853515626953125 0.2412109375 0.8515625 0.21484375 0.8662109375 0.20703125 0.8974609375 0.2177734375 0.94140625 0.25390625 0.9404296875 0.287109373046875 0.8740234375
10 0.2529296875 0.9453125 0.2138671875 0.9453125 0.19140625 0.9638671875 0.1884765625 1 0.2734375 0.9990234375 0.2734375 0.9697265625 0.2529296875 0.9453125
10 0.4296875 0.9599609375 0.4033203125 0.92578125 0.3720703125 0.923828126953125 0.349609373046875 0.9462890625 0.345703126953125 0.9814453125 0.3623046875 1 0.435546873046875 0.9990234375 0.4296875 0.9599609375
10 0.5205078125 0.939453126953125 0.4697265625 0.94140625 0.447265626953125 0.9697265625 0.4501953125 1 0.548828126953125 0.9990234375 0.548828126953125 0.9638671875 0.5205078125 0.939453126953125
10 0.5810546875 0.96875 0.56640625 0.9970703125 0.66015625 0.9990234375 0.6474609375 0.9765625 0.6025390625 0.962890626953125 0.5810546875 0.96875
10 0.705078126953125 0.9091796875 0.71484375 0.8896484375 0.705078126953125 0.8486328125 0.6826171875 0.833984373046875 0.6533203125 0.841796873046875 0.642578126953125 0.8603515625 0.666015626953125 0.8779296875 0.677734373046875 0.9091796875 0.705078126953125 0.9091796875
10 0.6064453125 0.865234373046875 0.634765626953125 0.8564453125 0.6064453125 0.822265626953125 0.5712890625 0.81640625 0.546875 0.8408203125 0.546875 0.8662109375 0.58984375 0.8935546875 0.6064453125 0.865234373046875
10 0.650390626953125 0.9677734375 0.67578125 0.9443359375 0.673828126953125 0.8955078125 0.6513671875 0.865234373046875 0.6103515625 0.86328125 0.591796873046875 0.8916015625 0.595703126953125 0.9462890625 0.6142578125 0.96484375 0.650390626953125 0.9677734375
10 0.70703125 0.8232421875 0.72265625 0.8017578125 0.71875 0.7744140625 0.6943359375 0.751953126953125 0.6689453125 0.75 0.66015625 0.7607421875 0.6875 0.7841796875 0.689453126953125 0.8193359375 0.70703125 0.8232421875
10 0.763671873046875 0.9169921875 0.7490234375 0.8984375 0.7177734375 0.888671873046875 0.70703125 0.9150390625 0.73828125 0.9501953125 0.76171875 0.9423828125 0.763671873046875 0.9169921875
10 0.72265625 0.9365234375 0.7080078125 0.91796875 0.6787109375 0.9140625 0.66796875 0.9951171875 0.71875 0.9990234375 0.728515626953125 0.9697265625 0.72265625 0.9365234375
10 0.791015626953125 0.9990234375 0.7685546875 0.95703125 0.728515626953125 0.9580078125 0.7236328125 1 0.791015626953125 0.9990234375