10 0.1497395830078125 0.412109375 0.1692708330078125 0.4130859375 0.1744791669921875 0.3837890625 0.2083333330078125 0.3623046875 0.203125 0.3349609375 0.1809895830078125 0.322265625 0.13671875 0.328125 0.1223958330078125 0.3603515625 0.1328125 0.3994140625 0.1497395830078125 0.412109375
10 0.2044270830078125 0.44140625 0.2213541669921875 0.4404296875 0.26953125 0.435546875 0.2890625 0.4228515625 0.2994791669921875 0.3916015625 0.2721354169921875 0.3671875 0.2096354169921875 0.36328125 0.171875 0.3876953125 0.1744791669921875 0.4189453125 0.2044270830078125 0.44140625
10 0.3658854169921875 0.458984375 0.3854166669921875 0.4404296875 0.3450520830078125 0.396484375 0.30859375 0.400390625 0.2994791669921875 0.4091796875 0.2942708330078125 0.4560546875 0.3203125 0.4638671875 0.3658854169921875 0.458984375
10 0.3802083330078125 0.4658203125 0.4049479169921875 0.4921875 0.4453125 0.4951171875 0.48046875 0.484375 0.5052083330078125 0.4619140625 0.5026041669921875 0.4384765625 0.48046875 0.41796875 0.4518229169921875 0.416015625 0.41796875 0.42578125 0.3802083330078125 0.4521484375 0.3802083330078125 0.4658203125
10 0.3098958330078125 0.5341796875 0.3763020830078125 0.533203125 0.3854166669921875 0.5263671875 0.3984375 0.4951171875 0.3736979169921875 0.462890625 0.33203125 0.458984375 0.2994791669921875 0.4794921875 0.2864583330078125 0.5166015625 0.3098958330078125 0.5341796875
10 0.2057291669921875 0.5205078125 0.2643229169921875 0.509765625 0.2890625 0.4951171875 0.296875 0.4677734375 0.27734375 0.44140625 0.21484375 0.443359375 0.1848958330078125 0.4619140625 0.1692708330078125 0.5048828125 0.2057291669921875 0.5205078125
10 0.0846354169921875 0.490234375 0.1380208330078125 0.4931640625 0.1614583330078125 0.4873046875 0.1770833330078125 0.4619140625 0.1354166669921875 0.4033203125 0.1002604169921875 0.390625 0.0481770830078125 0.40625 0.03125 0.4248046875 0.0390625 0.4619140625 0.0846354169921875 0.490234375
10 0.1848958330078125 0.5947265625 0.2265625 0.6005859375 0.28125 0.5791015625 0.28125 0.5595703125 0.2994791669921875 0.5361328125 0.27734375 0.515625 0.23828125 0.513671875 0.2018229169921875 0.5234375 0.1640625 0.5537109375 0.1848958330078125 0.5947265625
10 0.09765625 0.646484375 0.1354166669921875 0.6552734375 0.1770833330078125 0.6279296875 0.1822916669921875 0.5947265625 0.16015625 0.57421875 0.1236979169921875 0.5703125 0.0611979169921875 0.59765625 0.0390625 0.6298828125 0.0559895830078125 0.650390625 0.09765625 0.646484375
10 0 0.6181640625 0.0234375 0.6181640625 0.0911458330078125 0.5791015625 0.0885416669921875 0.5556640625 0.0377604169921875 0.533203125 0 0.5380859375 0 0.6181640625
10 0.0026041669921875 0.6787109375 0.0494791669921875 0.6533203125 0.03515625 0.62890625 0 0.6279296875 0.0026041669921875 0.6787109375
10 0 0.7392578125 0.0208333330078125 0.7529296875 0.0846354169921875 0.728515625 0.1236979169921875 0.728515625 0.1380208330078125 0.7177734375 0.140625 0.6748046875 0.1184895830078125 0.65234375 0.0481770830078125 0.654296875 0 0.6826171875 0 0.7392578125
10 0.0247395830078125 0.859375 0.046875 0.8603515625 0.1002604169921875 0.84375 0.1536458330078125 0.7958984375 0.1536458330078125 0.7548828125 0.12109375 0.73046875 0.0638020830078125 0.734375 0 0.7744140625 0.0026041669921875 0.8447265625 0.0247395830078125 0.859375
10 0.0130208330078125 0.9267578125 0.0572916669921875 0.9404296875 0.1822916669921875 0.8623046875 0.1822916669921875 0.8388671875 0.1575520830078125 0.818359375 0.1419270830078125 0.81640625 0.0846354169921875 0.853515625 0.0208333330078125 0.8681640625 0.0078125 0.9013671875 0.0130208330078125 0.9267578125
10 0.3489583330078125 0.7568359375 0.34375 0.7255859375 0.3294270830078125 0.71484375 0.28515625 0.71484375 0.2135416669921875 0.7626953125 0.2161458330078125 0.8037109375 0.2578125 0.8154296875 0.3489583330078125 0.7568359375
10 0.2161458330078125 0.7529296875 0.2578125 0.7333984375 0.2630208330078125 0.6904296875 0.2278645830078125 0.650390625 0.1731770830078125 0.638671875 0.1484375 0.6591796875 0.1432291669921875 0.7041015625 0.18359375 0.74609375 0.2161458330078125 0.7529296875
10 0.3268229169921875 0.708984375 0.3489583330078125 0.7119140625 0.390625 0.6923828125 0.4036458330078125 0.6630859375 0.3932291669921875 0.6162109375 0.3684895830078125 0.59765625 0.3138020830078125 0.609375 0.296875 0.6376953125 0.3072916669921875 0.6923828125 0.3268229169921875 0.708984375
10 0.3606770830078125 0.595703125 0.3932291669921875 0.6064453125 0.4088541669921875 0.5927734375 0.4140625 0.5615234375 0.3841145830078125 0.537109375 0.3294270830078125 0.529296875 0.2864583330078125 0.5517578125 0.2838541669921875 0.5791015625 0.30859375 0.603515625 0.3606770830078125 0.595703125
10 0.3098958330078125 0.6083984375 0.2903645830078125 0.587890625 0.2057291669921875 0.6142578125 0.21875 0.6455078125 0.2395833330078125 0.6513671875 0.296875 0.6376953125 0.3098958330078125 0.6083984375
10 0.3203125 0.7060546875 0.3020833330078125 0.6826171875 0.296875 0.6435546875 0.2669270830078125 0.640625 0.2395833330078125 0.6591796875 0.2682291669921875 0.7119140625 0.2838541669921875 0.7138671875 0.3203125 0.7060546875
10 0.4713541669921875 0.6748046875 0.5651041669921875 0.6259765625 0.5598958330078125 0.6103515625 0.5325520830078125 0.58984375 0.4934895830078125 0.591796875 0.4427083330078125 0.6181640625 0.4375 0.6552734375 0.45703125 0.673828125 0.4713541669921875 0.6748046875
10 0.5598958330078125 0.4404296875 0.5859375 0.4189453125 0.5885416669921875 0.3876953125 0.5638020830078125 0.357421875 0.5377604169921875 0.353515625 0.5078125 0.3701171875 0.5078125 0.4091796875 0.5455729169921875 0.44140625 0.5598958330078125 0.4404296875
10 0.4544270830078125 0.59375 0.4895833330078125 0.5927734375 0.5364583330078125 0.5712890625 0.5416666669921875 0.5498046875 0.5364583330078125 0.5244140625 0.49609375 0.509765625 0.44140625 0.521484375 0.4166666669921875 0.5556640625 0.4361979169921875 0.5859375 0.4544270830078125 0.59375
10 0.6458333330078125 0.5615234375 0.6158854169921875 0.5234375 0.5872395830078125 0.529296875 0.5546875 0.5615234375 0.5572916669921875 0.5751953125 0.5872395830078125 0.599609375 0.5989583330078125 0.5986328125 0.6458333330078125 0.5615234375
10 0.6744791669921875 0.5458984375 0.7005208330078125 0.5302734375 0.7083333330078125 0.4951171875 0.67578125 0.46875 0.6497395830078125 0.46875 0.6171875 0.4931640625 0.6171875 0.5205078125 0.6419270830078125 0.546875 0.6744791669921875 0.5458984375
10 0.5755208330078125 0.5361328125 0.6171875 0.5166015625 0.6223958330078125 0.4775390625 0.6106770830078125 0.466796875 0.5716145830078125 0.46875 0.5442708330078125 0.4892578125 0.546875 0.5126953125 0.5625 0.5341796875 0.5755208330078125 0.5361328125
10 0.4375 0.6162109375 0.41015625 0.59375 0.390625 0.6142578125 0.40625 0.6572265625 0.4192708330078125 0.6611328125 0.4348958330078125 0.6474609375 0.4375 0.6162109375
10 0.0950520830078125 0.56640625 0.1171875 0.5654296875 0.171875 0.5361328125 0.1770833330078125 0.5166015625 0.1497395830078125 0.494140625 0.0716145830078125 0.494140625 0.0416666669921875 0.5126953125 0.0364583330078125 0.5283203125 0.0690104169921875 0.541015625 0.0950520830078125 0.56640625
10 0.4114583330078125 0.4248046875 0.4505208330078125 0.4130859375 0.4453125 0.3818359375 0.4127604169921875 0.353515625 0.3658854169921875 0.349609375 0.3411458330078125 0.3720703125 0.3411458330078125 0.3916015625 0.37890625 0.421875 0.4114583330078125 0.4248046875
10 0.3072916669921875 0.3876953125 0.3229166669921875 0.3642578125 0.3125 0.3310546875 0.2643229169921875 0.306640625 0.2200520830078125 0.314453125 0.2057291669921875 0.3310546875 0.2109375 0.3583984375 0.2669270830078125 0.365234375 0.3072916669921875 0.3876953125
10 0.1236979169921875 0.32421875 0.0872395830078125 0.33203125 0.0494791669921875 0.3662109375 0.0520833330078125 0.3916015625 0.0677083330078125 0.3974609375 0.125 0.3876953125 0.1236979169921875 0.32421875
10 0.0013020830078125 0.46484375 0 0.5322265625 0.0078125 0.5322265625 0.0260416669921875 0.5205078125 0.0338541669921875 0.4951171875 0.0013020830078125 0.46484375
10 0.1614583330078125 0.8134765625 0.2109375 0.7978515625 0.2109375 0.7666015625 0.1653645830078125 0.73046875 0.1497395830078125 0.728515625 0.1354166669921875 0.7373046875 0.1588541669921875 0.7666015625 0.1458333330078125 0.8095703125 0.1614583330078125 0.8134765625
10 0.5442708330078125 0.4384765625 0.5169270830078125 0.41796875 0.49609375 0.416015625 0.4869791669921875 0.4208984375 0.5026041669921875 0.4384765625 0.5026041669921875 0.4638671875 0.5286458330078125 0.4697265625 0.5442708330078125 0.4384765625
10 0.5052083330078125 0.3994140625 0.5026041669921875 0.3740234375 0.4778645830078125 0.357421875 0.4440104169921875 0.357421875 0.4348958330078125 0.3662109375 0.4557291669921875 0.4130859375 0.4921875 0.4150390625 0.5052083330078125 0.3994140625
10 0.328125 0.3076171875 0.3229166669921875 0.2763671875 0.29296875 0.26171875 0.2591145830078125 0.263671875 0.2395833330078125 0.2802734375 0.2395833330078125 0.3037109375 0.3072916669921875 0.3212890625 0.328125 0.3076171875
10 0.4036458330078125 0.3232421875 0.3841145830078125 0.2890625 0.328125 0.2841796875 0.3307291669921875 0.3271484375 0.34375 0.3291015625 0.37109375 0.3203125 0.4036458330078125 0.3232421875
10 0.53125 0.3505859375 0.5182291669921875 0.3173828125 0.4908854169921875 0.298828125 0.4544270830078125 0.30078125 0.4375 0.3232421875 0.4479166669921875 0.3447265625 0.5052083330078125 0.3681640625 0.53125 0.3505859375
10 0.3450520830078125 0.328125 0.328125 0.3427734375 0.4166666669921875 0.3525390625 0.4114583330078125 0.3369140625 0.3763020830078125 0.3203125 0.3450520830078125 0.328125
10 0.4270833330078125 0.5205078125 0.4401041669921875 0.5224609375 0.4752604169921875 0.509765625 0.5377604169921875 0.51953125 0.5442708330078125 0.4931640625 0.5247395830078125 0.470703125 0.5013020830078125 0.466796875 0.4778645830078125 0.48828125 0.4296875 0.5107421875 0.4270833330078125 0.5205078125