10 0.1494140625 0.29296875 0.126953126953125 0.3115234375 0.12109375 0.3662109375 0.1015625 0.3896484375 0.119140626953125 0.3955078125 0.09375 0.4287109375 0.095703126953125 0.4560546875 0.1494140625 0.5078125 0.2421875 0.5283203125 0.3056640625 0.51953125 0.365234373046875 0.4736328125 0.375 0.4345703125 0.37109375 0.3662109375 0.3408203125 0.3203125 0.2939453125 0.30078125 0.2197265625 0.283203126953125 0.1494140625 0.29296875
10 0.322265626953125 0.2509765625 0.322265626953125 0.2939453125 0.3798828125 0.359375 0.4453125 0.3662109375 0.4755859375 0.3515625 0.50390625 0.3095703125 0.51171875 0.2822265625 0.50390625 0.1982421875 0.4580078125 0.154296873046875 0.4033203125 0.1484375 0.34765625 0.1845703125 0.322265626953125 0.2509765625
10 0.07421875 0.2373046875 0.091796873046875 0.2861328125 0.134765626953125 0.2978515625 0.1845703125 0.28125 0.3017578125 0.296875 0.31640625 0.2705078125 0.32421875 0.2080078125 0.2548828125 0.158203126953125 0.1220703125 0.177734373046875 0.080078126953125 0.2119140625 0.07421875 0.2373046875
10 0.0703125 0.1259765625 0.0966796875 0.169921873046875 0.12109375 0.1748046875 0.2158203125 0.150390626953125 0.26171875 0.1494140625 0.267578126953125 0.0888671875 0.2412109375 0.041015626953125 0.1923828125 0.01953125 0.10546875 0.0361328125 0.072265626953125 0.0908203125 0.0703125 0.1259765625
10 0.060546873046875 0.1259765625 0.0048828125 0.07421875 0.001953126953125 0.3134765625 0.04296875 0.2880859375 0.07421875 0.2119140625 0.060546873046875 0.1259765625
10 0 0.4619140625 0.0400390625 0.49609375 0.0703125 0.4970703125 0.1015625 0.4794921875 0.08203125 0.4169921875 0.091796873046875 0.3701171875 0.125 0.3076171875 0.0810546875 0.2890625 0.0400390625 0.296875 0 0.3232421875 0 0.4619140625
10 0.046875 0.5205078125 0.041015626953125 0.5419921875 0.12109375 0.6943359375 0.1416015625 0.708984373046875 0.1875 0.7099609375 0.2275390625 0.6953125 0.265625 0.6474609375 0.2734375 0.5791015625 0.2275390625 0.53125 0.1552734375 0.513671873046875 0.1123046875 0.490234373046875 0.0693359375 0.501953126953125 0.046875 0.5205078125
10 0.3115234375 0.623046873046875 0.2763671875 0.640625 0.244140626953125 0.6787109375 0.234375 0.7119140625 0.23828125 0.7568359375 0.25390625 0.8056640625 0.2998046875 0.875 0.3408203125 0.904296873046875 0.388671873046875 0.9052734375 0.412109373046875 0.8974609375 0.4375 0.8388671875 0.482421873046875 0.7998046875 0.482421873046875 0.7744140625 0.4453125 0.6865234375 0.4052734375 0.638671873046875 0.3720703125 0.62109375 0.3115234375 0.623046873046875
10 0.2578125 0.9306640625 0.30078125 0.8798828125 0.240234373046875 0.7939453125 0.23046875 0.7275390625 0.2080078125 0.7265625 0.1962890625 0.712890626953125 0.1396484375 0.71484375 0.234375 0.9150390625 0.2578125 0.9306640625
10 0.310546873046875 0.5263671875 0.310546873046875 0.5673828125 0.3447265625 0.615234373046875 0.4150390625 0.642578126953125 0.447265626953125 0.6416015625 0.4736328125 0.6328125 0.509765626953125 0.5966796875 0.521484373046875 0.5693359375 0.51953125 0.5302734375 0.4560546875 0.4453125 0.3798828125 0.439453126953125 0.361328126953125 0.4833984375 0.310546873046875 0.5263671875
10 0.3828125 0.4345703125 0.4580078125 0.4453125 0.5234375 0.5263671875 0.55078125 0.4931640625 0.556640626953125 0.4580078125 0.5546875 0.4052734375 0.5390625 0.3779296875 0.5009765625 0.349609373046875 0.4052734375 0.375 0.38671875 0.4013671875 0.3828125 0.4345703125
10 0.5166015625 0.58984375 0.44921875 0.6728515625 0.486328126953125 0.7744140625 0.51171875 0.7861328125 0.5771484375 0.763671873046875 0.6396484375 0.7734375 0.662109373046875 0.7412109375 0.658203126953125 0.6826171875 0.634765626953125 0.6435546875 0.5986328125 0.611328126953125 0.5400390625 0.587890626953125 0.5166015625 0.58984375
10 0.3466796875 0.912109373046875 0.3154296875 0.90234375 0.265625 0.9443359375 0.2880859375 1 0.416015626953125 0.9990234375 0.4072265625 0.908203126953125 0.3466796875 0.912109373046875
10 0.419921873046875 0.9970703125 0.61328125 0.9990234375 0.689453126953125 0.9130859375 0.697265626953125 0.8486328125 0.67578125 0.8056640625 0.6201171875 0.771484373046875 0.5185546875 0.787109373046875 0.4677734375 0.814453126953125 0.419921873046875 0.8798828125 0.419921873046875 0.9970703125
10 0.7001953125 0.712890626953125 0.65234375 0.7685546875 0.6953125 0.8349609375 0.69921875 0.8837890625 0.736328126953125 0.8876953125 0.798828126953125 0.8642578125 0.8017578125 0.8203125 0.8212890625 0.853515626953125 0.84765625 0.8173828125 0.84375 0.7607421875 0.8115234375 0.708984373046875 0.7412109375 0.701171873046875 0.7001953125 0.712890626953125
10 0.703125 0.6591796875 0.7392578125 0.693359373046875 0.8125 0.7041015625 0.830078126953125 0.6923828125 0.857421873046875 0.6240234375 0.833984373046875 0.5712890625 0.7783203125 0.5390625 0.7470703125 0.53515625 0.7158203125 0.546875 0.689453126953125 0.5966796875 0.703125 0.6591796875
10 0.6142578125 0.619140626953125 0.6220703125 0.60546875 0.6357421875 0.607421873046875 0.62109375 0.6220703125 0.64453125 0.6396484375 0.689453126953125 0.5908203125 0.708984373046875 0.5224609375 0.6787109375 0.470703126953125 0.6220703125 0.458984373046875 0.544921873046875 0.5068359375 0.525390626953125 0.5361328125 0.5234375 0.5771484375 0.6142578125 0.619140626953125
10 0.6240234375 0.45703125 0.6630859375 0.4609375 0.689453126953125 0.4775390625 0.71484375 0.5185546875 0.74609375 0.4599609375 0.744140626953125 0.4228515625 0.7177734375 0.390625 0.6494140625 0.376953126953125 0.6181640625 0.412109373046875 0.572265626953125 0.4208984375 0.5732421875 0.48046875 0.6240234375 0.45703125
10 0.5634765625 0.412109373046875 0.609375 0.4130859375 0.640625 0.3896484375 0.650390626953125 0.3642578125 0.650390626953125 0.2880859375 0.6142578125 0.240234373046875 0.5595703125 0.23046875 0.517578126953125 0.2705078125 0.5 0.3369140625 0.5634765625 0.412109373046875
10 0.310546873046875 0.1162109375 0.3349609375 0.17578125 0.3486328125 0.177734373046875 0.3974609375 0.1484375 0.4326171875 0.146484373046875 0.513671873046875 0.1884765625 0.525390626953125 0.1650390625 0.521484373046875 0.1064453125 0.4833984375 0.0546875 0.4345703125 0.037109373046875 0.3955078125 0.037109373046875 0.3564453125 0.044921873046875 0.322265626953125 0.0712890625 0.310546873046875 0.1162109375
10 0.2236328125 0 0.220703126953125 0.0224609375 0.25390625 0.0517578125 0.26953125 0.0947265625 0.3046875 0.1142578125 0.3291015625 0.060546873046875 0.384765626953125 0.0361328125 0.37890625 0.0146484375 0.3662109375 0 0.2236328125 0
10 0 0.0693359375 0.05078125 0.0927734375 0.0703125 0.0830078125 0.1171875 0.0224609375 0.1181640625 0 0 0.0009765625 0 0.0693359375
10 0.517578126953125 0.2685546875 0.544921873046875 0.2275390625 0.5185546875 0.193359373046875 0.5048828125 0.193359373046875 0.517578126953125 0.2685546875
10 0.22265625 0.0009765625 0.1181640625 0 0.123046873046875 0.0263671875 0.1669921875 0.017578126953125 0.2177734375 0.0234375 0.22265625 0.0009765625
10 0.5205078125 0 0.37109375 0.0009765625 0.3916015625 0.03515625 0.4423828125 0.037109373046875 0.505859373046875 0.0615234375 0.51953125 0.0380859375 0.5205078125 0
10 0.544921873046875 0.2060546875 0.595703126953125 0.1650390625 0.60546875 0.1025390625 0.5751953125 0.060546873046875 0.5244140625 0.052734373046875 0.505859373046875 0.0673828125 0.525390626953125 0.1240234375 0.51953125 0.1904296875 0.544921873046875 0.2060546875
10 0.5908203125 0.181640626953125 0.5654296875 0.19140625 0.544921873046875 0.2158203125 0.5498046875 0.23046875 0.619140626953125 0.2373046875 0.658203126953125 0.2001953125 0.5908203125 0.181640626953125
10 0.65625 0.3076171875 0.650390626953125 0.3681640625 0.6796875 0.3740234375 0.744140626953125 0.3310546875 0.76953125 0.2822265625 0.765625 0.2490234375 0.7158203125 0.201171873046875 0.6904296875 0.193359373046875 0.6611328125 0.19921875 0.62109375 0.2353515625 0.65625 0.3076171875
10 0.7421875 0.4150390625 0.7529296875 0.4609375 0.837890626953125 0.4697265625 0.869140626953125 0.4462890625 0.880859373046875 0.3955078125 0.875 0.3740234375 0.8271484375 0.330078126953125 0.7548828125 0.32421875 0.70703125 0.3662109375 0.705078126953125 0.3818359375 0.7421875 0.4150390625
10 0.8154296875 0.552734373046875 0.8671875 0.6162109375 0.91015625 0.5908203125 0.91015625 0.5439453125 0.8896484375 0.5078125 0.8076171875 0.46875 0.7744140625 0.47265625 0.734375 0.5029296875 0.7333984375 0.53515625 0.8154296875 0.552734373046875
10 0.919921873046875 0.7568359375 0.921875 0.7099609375 0.90625 0.6689453125 0.8603515625 0.623046873046875 0.818359373046875 0.7099609375 0.853515626953125 0.7861328125 0.888671873046875 0.7900390625 0.919921873046875 0.7568359375
10 1 0.4443359375 0.9814453125 0.443359373046875 0.9345703125 0.466796873046875 0.919921873046875 0.4970703125 1 0.5810546875 1 0.4443359375
10 0.876953126953125 0.4267578125 0.884765626953125 0.4267578125 0.908203126953125 0.4091796875 0.908203126953125 0.3544921875 0.85546875 0.2802734375 0.8369140625 0.26953125 0.796875 0.3193359375 0.859375 0.3486328125 0.87890625 0.3876953125 0.876953126953125 0.4267578125
10 0.759765626953125 0.3134765625 0.791015626953125 0.3134765625 0.8359375 0.2646484375 0.833984373046875 0.2236328125 0.8037109375 0.19140625 0.7431640625 0.181640626953125 0.7158203125 0.189453126953125 0.7109375 0.1982421875 0.767578126953125 0.2490234375 0.759765626953125 0.3134765625
10 0.7236328125 0.18359375 0.73046875 0.1572265625 0.7001953125 0.10546875 0.6494140625 0.0859375 0.609375 0.1025390625 0.59765625 0.1767578125 0.662109373046875 0.1962890625 0.7236328125 0.18359375
10 0.6640625 0.0830078125 0.65234375 0.0302734375 0.6220703125 0.0078125 0.5634765625 0.017578126953125 0.541015626953125 0.0478515625 0.5791015625 0.0625 0.611328126953125 0.0986328125 0.6640625 0.0830078125
10 0.75390625 0.1142578125 0.744140626953125 0.0771484375 0.7177734375 0.0546875 0.6787109375 0.05859375 0.666015626953125 0.0849609375 0.7109375 0.1162109375 0.734375 0.1572265625 0.75390625 0.1142578125
10 0.59765625 0.0009765625 0.6396484375 0.015625 0.669921873046875 0.0634765625 0.705078126953125 0.0498046875 0.7060546875 0 0.59765625 0.0009765625
10 0.80859375 0.0595703125 0.7822265625 0.015625 0.7529296875 0.0078125 0.7216796875 0.017578126953125 0.708984373046875 0.0498046875 0.744140626953125 0.0751953125 0.7578125 0.1005859375 0.80859375 0.0595703125
10 0.8515625 0.0771484375 0.7998046875 0.068359373046875 0.763671873046875 0.0947265625 0.748046873046875 0.1474609375 0.822265626953125 0.1884765625 0.853515626953125 0.1533203125 0.8515625 0.0771484375
10 0.8134765625 0.189453126953125 0.8515625 0.1904296875 0.8837890625 0.1796875 0.90625 0.1513671875 0.908203126953125 0.0849609375 0.8740234375 0.0625 0.7841796875 0.076171873046875 0.759765626953125 0.1025390625 0.75 0.1494140625 0.8134765625 0.189453126953125
10 0.8984375 0.3212890625 0.97265625 0.2958984375 0.96875 0.2509765625 0.9404296875 0.21484375 0.8876953125 0.21484375 0.8525390625 0.232421873046875 0.83984375 0.2548828125 0.8828125 0.3173828125 0.8984375 0.3212890625
10 0.90625 0.1923828125 0.8837890625 0.1796875 0.8427734375 0.1953125 0.83203125 0.2119140625 0.853515626953125 0.2314453125 0.9130859375 0.2109375 0.90625 0.1923828125
10 0.96484375 0.4423828125 0.96875 0.4013671875 0.9462890625 0.36328125 0.9150390625 0.353515626953125 0.912109373046875 0.4072265625 0.873046873046875 0.4462890625 0.923828126953125 0.4716796875 0.96484375 0.4423828125
10 1 0.3388671875 0.9814453125 0.314453126953125 0.9404296875 0.3046875 0.896484373046875 0.3271484375 0.9130859375 0.353515626953125 0.9384765625 0.357421873046875 0.970703126953125 0.3916015625 1 0.3759765625 1 0.3388671875
10 1 0.3798828125 0.9912109375 0.37890625 0.970703126953125 0.3974609375 0.96875 0.4404296875 1 0.4423828125 1 0.3798828125
10 1 0.2294921875 0.9697265625 0.2109375 0.9345703125 0.2109375 0.9609375 0.2314453125 0.97265625 0.2861328125 0.984375 0.2900390625 1 0.2861328125 1 0.2294921875