10 0.1240234375 0.1953125 0.173828126953125 0.2060546875 0.2021484375 0.193359373046875 0.228515626953125 0.1591796875 0.23046875 0.0869140625 0.2060546875 0.04296875 0.1279296875 0.037109373046875 0.09375 0.0673828125 0.091796873046875 0.1591796875 0.1240234375 0.1953125
10 0.337890626953125 0.1591796875 0.3828125 0.1298828125 0.39453125 0.0986328125 0.36328125 0.0068359375 0.2373046875 0 0.23046875 0.0419921875 0.26171875 0.1162109375 0.2900390625 0.1484375 0.337890626953125 0.1591796875
10 0.138671873046875 0.3388671875 0.1630859375 0.361328126953125 0.1953125 0.3681640625 0.2705078125 0.33984375 0.298828126953125 0.3076171875 0.28125 0.2529296875 0.2431640625 0.2109375 0.2138671875 0.203125 0.1513671875 0.224609373046875 0.12109375 0.2705078125 0.138671873046875 0.3388671875
10 0.416015626953125 0.2744140625 0.482421873046875 0.1748046875 0.482421873046875 0.1572265625 0.4560546875 0.125 0.4091796875 0.115234373046875 0.35546875 0.1630859375 0.345703126953125 0.2294921875 0.3720703125 0.267578126953125 0.416015626953125 0.2744140625
10 0.4931640625 0.34765625 0.5078125 0.3486328125 0.5576171875 0.32421875 0.5703125 0.2978515625 0.560546873046875 0.2177734375 0.5283203125 0.185546873046875 0.4677734375 0.1953125 0.44140625 0.2470703125 0.451171873046875 0.2958984375 0.4931640625 0.34765625
10 0.205078126953125 0.4794921875 0.24609375 0.4951171875 0.2900390625 0.484375 0.353515626953125 0.4208984375 0.3447265625 0.3671875 0.2685546875 0.34375 0.2177734375 0.361328126953125 0.189453126953125 0.3837890625 0.1796875 0.4169921875 0.205078126953125 0.4794921875
10 0.0556640625 0.533203126953125 0.130859373046875 0.5615234375 0.1748046875 0.546875 0.193359373046875 0.5205078125 0.185546873046875 0.4423828125 0.1201171875 0.3828125 0.0634765625 0.384765626953125 0.021484373046875 0.4248046875 0.0234375 0.4853515625 0.0556640625 0.533203126953125
10 0.125 0.2041015625 0.0751953125 0.15625 0.0029296875 0.154296873046875 0 0.2490234375 0.0859375 0.2587890625 0.1171875 0.2392578125 0.125 0.2041015625
10 0 0.4208984375 0.015625 0.4208984375 0.0615234375 0.3828125 0.111328126953125 0.3740234375 0.119140626953125 0.3056640625 0.0888671875 0.265625 0 0.2529296875 0 0.4208984375
10 0.341796873046875 0.2255859375 0.3212890625 0.1640625 0.2568359375 0.150390626953125 0.1875 0.2080078125 0.2431640625 0.2109375 0.2958984375 0.271484373046875 0.310546873046875 0.2705078125 0.341796873046875 0.2255859375
10 0.36328125 0.2822265625 0.2998046875 0.275390626953125 0.298828126953125 0.3134765625 0.279296873046875 0.3388671875 0.34765625 0.3623046875 0.369140626953125 0.3115234375 0.36328125 0.2822265625
10 0.447265626953125 0.4267578125 0.48828125 0.3916015625 0.490234373046875 0.3486328125 0.4541015625 0.3046875 0.3974609375 0.3046875 0.36328125 0.3447265625 0.3671875 0.3896484375 0.3974609375 0.419921873046875 0.447265626953125 0.4267578125
10 0.3447265625 0.560546873046875 0.40625 0.5771484375 0.46484375 0.5537109375 0.48046875 0.4990234375 0.4443359375 0.439453126953125 0.4130859375 0.423828126953125 0.3720703125 0.423828126953125 0.3203125 0.4638671875 0.3125 0.5048828125 0.3447265625 0.560546873046875
10 0.2109375 0.5439453125 0.1875 0.6240234375 0.201171873046875 0.6865234375 0.25390625 0.7158203125 0.2861328125 0.712890626953125 0.322265626953125 0.6845703125 0.34375 0.6103515625 0.34375 0.5693359375 0.322265626953125 0.5302734375 0.2705078125 0.513671873046875 0.2353515625 0.521484373046875 0.2109375 0.5439453125
10 0.3984375 0.7138671875 0.4404296875 0.69921875 0.455078126953125 0.6826171875 0.474609373046875 0.6044921875 0.4521484375 0.568359373046875 0.34765625 0.5830078125 0.333984373046875 0.6787109375 0.3701171875 0.7109375 0.3984375 0.7138671875
10 0.185546873046875 0.6689453125 0.2041015625 0.5390625 0.12109375 0.5693359375 0.123046873046875 0.6396484375 0.185546873046875 0.6689453125
10 0.0771484375 0.666015626953125 0.11328125 0.6376953125 0.123046873046875 0.5908203125 0.1064453125 0.55859375 0.0498046875 0.53515625 0 0.5380859375 0.00390625 0.6826171875 0.0771484375 0.666015626953125
10 0.5009765625 0.119140626953125 0.52734375 0.0810546875 0.529296873046875 0.0009765625 0.4111328125 0 0.400390626953125 0.0419921875 0.4140625 0.1044921875 0.48046875 0.1279296875 0.5009765625 0.119140626953125
10 0.53515625 0.1513671875 0.529296873046875 0.1767578125 0.568359373046875 0.2158203125 0.5771484375 0.2578125 0.626953126953125 0.2646484375 0.669921873046875 0.2373046875 0.68359375 0.1982421875 0.6796875 0.1650390625 0.6650390625 0.1484375 0.6259765625 0.140625 0.5986328125 0.12109375 0.5595703125 0.123046873046875 0.53515625 0.1513671875
10 0.75390625 0.2724609375 0.7958984375 0.23828125 0.8359375 0.2333984375 0.83203125 0.1923828125 0.7822265625 0.162109373046875 0.7138671875 0.169921873046875 0.689453126953125 0.1943359375 0.685546873046875 0.2470703125 0.75390625 0.2724609375
10 0.671875 0.1455078125 0.7197265625 0.123046873046875 0.740234373046875 0.0830078125 0.6943359375 0.00390625 0.6298828125 0.001953126953125 0.59765625 0.0322265625 0.591796873046875 0.0888671875 0.6240234375 0.13671875 0.671875 0.1455078125
10 0.8828125 0.0009765625 0.7275390625 0 0.7265625 0.0537109375 0.7451171875 0.078125 0.779296873046875 0.0849609375 0.8349609375 0.0625 0.8828125 0.0009765625
10 0.9140625 0.1591796875 0.919921873046875 0.0537109375 0.9013671875 0.03515625 0.8662109375 0.0390625 0.7890625 0.0986328125 0.794921873046875 0.1630859375 0.8515625 0.1884765625 0.9140625 0.1591796875
10 0.9990234375 0.029296873046875 0.96484375 0.0478515625 0.939453126953125 0.1142578125 0.95703125 0.1787109375 0.9921875 0.1865234375 1 0.1845703125 0.9990234375 0.029296873046875
10 0.7509765625 0.400390626953125 0.81640625 0.4130859375 0.892578126953125 0.3388671875 0.90234375 0.3056640625 0.8798828125 0.26171875 0.8349609375 0.240234373046875 0.7763671875 0.251953126953125 0.7265625 0.3349609375 0.728515626953125 0.3623046875 0.7509765625 0.400390626953125
10 0.9990234375 0.19140625 0.9482421875 0.205078126953125 0.90625 0.2724609375 0.91015625 0.3408203125 0.96484375 0.3642578125 1 0.3564453125 0.9990234375 0.19140625
10 0.9248046875 0.416015626953125 0.943359373046875 0.3857421875 0.94140625 0.3642578125 0.8876953125 0.34375 0.8125 0.4169921875 0.8310546875 0.431640626953125 0.861328126953125 0.4345703125 0.9248046875 0.416015626953125
10 0.681640626953125 0.3916015625 0.712890626953125 0.3662109375 0.7265625 0.2802734375 0.7001953125 0.2578125 0.6611328125 0.255859373046875 0.615234373046875 0.2900390625 0.607421873046875 0.3330078125 0.6435546875 0.384765626953125 0.681640626953125 0.3916015625
10 0.6201171875 0.392578126953125 0.63671875 0.3837890625 0.5947265625 0.330078126953125 0.5576171875 0.326171873046875 0.509765626953125 0.3544921875 0.50390625 0.3876953125 0.517578126953125 0.3935546875 0.6201171875 0.392578126953125
10 0.49609375 0.5146484375 0.5380859375 0.53515625 0.576171873046875 0.5361328125 0.6298828125 0.51953125 0.66796875 0.4794921875 0.666015626953125 0.4267578125 0.6357421875 0.392578126953125 0.5263671875 0.392578126953125 0.482421873046875 0.4287109375 0.484375 0.4892578125 0.49609375 0.5146484375
10 0.8076171875 0.4765625 0.8125 0.4482421875 0.7900390625 0.4140625 0.7080078125 0.3984375 0.67578125 0.4365234375 0.677734373046875 0.4697265625 0.701171873046875 0.4814453125 0.8076171875 0.4765625
10 0.669921873046875 0.6123046875 0.6982421875 0.630859373046875 0.728515626953125 0.6298828125 0.8037109375 0.611328126953125 0.84375 0.5712890625 0.84765625 0.5244140625 0.8076171875 0.4765625 0.7021484375 0.48828125 0.65234375 0.5302734375 0.650390626953125 0.5810546875 0.669921873046875 0.6123046875
10 0.658203126953125 0.6025390625 0.6396484375 0.529296873046875 0.6279296875 0.5234375 0.541015626953125 0.5478515625 0.537109373046875 0.5751953125 0.5517578125 0.59765625 0.626953126953125 0.6201171875 0.658203126953125 0.6025390625
10 0.4912109375 0.732421873046875 0.544921873046875 0.7412109375 0.556640626953125 0.7353515625 0.56640625 0.6689453125 0.603515626953125 0.6298828125 0.5751953125 0.607421873046875 0.5341796875 0.59765625 0.474609373046875 0.6318359375 0.4609375 0.6826171875 0.4912109375 0.732421873046875
10 0.5947265625 0.77734375 0.650390626953125 0.7861328125 0.6806640625 0.771484373046875 0.70703125 0.7412109375 0.712890626953125 0.6787109375 0.6826171875 0.64453125 0.6005859375 0.640625 0.56640625 0.6708984375 0.560546873046875 0.7333984375 0.5947265625 0.77734375
10 0.7353515625 0.6328125 0.71875 0.6650390625 0.71875 0.6943359375 0.73828125 0.7451171875 0.7841796875 0.798828126953125 0.83984375 0.8095703125 0.8779296875 0.796875 0.89453125 0.7744140625 0.900390626953125 0.7216796875 0.884765626953125 0.6884765625 0.8447265625 0.64453125 0.8095703125 0.625 0.7705078125 0.62109375 0.7353515625 0.6328125
10 1 0.4326171875 0.9248046875 0.41796875 0.8779296875 0.43359375 0.859375 0.4677734375 0.873046873046875 0.5751953125 0.8935546875 0.603515626953125 0.96875 0.6083984375 1 0.5947265625 1 0.4326171875
10 0.990234373046875 0.6162109375 0.8896484375 0.60546875 0.87890625 0.6455078125 0.9150390625 0.677734373046875 0.947265626953125 0.6826171875 0.994140626953125 0.6357421875 0.990234373046875 0.6162109375
10 0.9453125 0.7021484375 0.958984373046875 0.7919921875 1 0.8154296875 0.9970703125 0.638671873046875 0.966796873046875 0.6630859375 0.9453125 0.7021484375
10 0.9296875 0.6962890625 0.8935546875 0.65625 0.8583984375 0.650390626953125 0.892578126953125 0.7041015625 0.900390626953125 0.7763671875 0.931640626953125 0.7470703125 0.9296875 0.6962890625