10 0.32421875 0.1279296875 0.318359373046875 0.1728515625 0.3330078125 0.19921875 0.3642578125 0.2109375 0.404296873046875 0.2021484375 0.419921873046875 0.1650390625 0.4130859375 0.150390626953125 0.3466796875 0.115234373046875 0.32421875 0.1279296875
10 0.232421873046875 0.2177734375 0.236328126953125 0.2490234375 0.2822265625 0.287109373046875 0.3095703125 0.2890625 0.345703126953125 0.2666015625 0.337890626953125 0.2197265625 0.3115234375 0.193359373046875 0.2626953125 0.185546873046875 0.232421873046875 0.2177734375
10 0.3505859375 0.267578126953125 0.4248046875 0.310546873046875 0.455078126953125 0.2939453125 0.458984373046875 0.2587890625 0.4443359375 0.23046875 0.4013671875 0.208984373046875 0.34765625 0.2236328125 0.3505859375 0.267578126953125
10 0.4658203125 0.27734375 0.529296873046875 0.2548828125 0.5302734375 0.216796873046875 0.4794921875 0.189453126953125 0.451171873046875 0.2099609375 0.4453125 0.2275390625 0.4658203125 0.27734375
10 0.5166015625 0.35546875 0.556640626953125 0.2978515625 0.5322265625 0.26953125 0.5087890625 0.267578126953125 0.470703126953125 0.3154296875 0.4814453125 0.3515625 0.5166015625 0.35546875
10 0.51953125 0.3544921875 0.521484373046875 0.3994140625 0.5576171875 0.42578125 0.5927734375 0.423828126953125 0.638671873046875 0.3759765625 0.63671875 0.3427734375 0.6044921875 0.302734373046875 0.5615234375 0.306640626953125 0.51953125 0.3544921875
10 0.412109373046875 0.4443359375 0.421875 0.5009765625 0.4638671875 0.521484373046875 0.5107421875 0.513671873046875 0.548828126953125 0.4697265625 0.541015626953125 0.4189453125 0.4951171875 0.392578126953125 0.4482421875 0.40625 0.412109373046875 0.4443359375
10 0.306640626953125 0.4853515625 0.3388671875 0.51953125 0.408203126953125 0.4755859375 0.412109373046875 0.4169921875 0.3740234375 0.380859373046875 0.3193359375 0.390625 0.3046875 0.4345703125 0.306640626953125 0.4853515625
10 0.185546873046875 0.3916015625 0.2119140625 0.41796875 0.3125 0.3935546875 0.298828126953125 0.3583984375 0.2568359375 0.3359375 0.2099609375 0.33984375 0.193359373046875 0.3564453125 0.185546873046875 0.3916015625
10 0.203125 0.4326171875 0.197265626953125 0.4541015625 0.2373046875 0.5 0.2724609375 0.515625 0.3046875 0.4990234375 0.310546873046875 0.4091796875 0.2978515625 0.392578126953125 0.2509765625 0.390625 0.203125 0.4326171875
10 0.3515625 0.5302734375 0.3515625 0.5556640625 0.3935546875 0.59765625 0.4345703125 0.61328125 0.478515626953125 0.5986328125 0.4765625 0.5341796875 0.4111328125 0.48828125 0.3798828125 0.4921875 0.3515625 0.5302734375
10 0.486328126953125 0.5927734375 0.4990234375 0.6171875 0.58203125 0.5986328125 0.58984375 0.5615234375 0.5654296875 0.505859373046875 0.5322265625 0.498046873046875 0.486328126953125 0.5322265625 0.486328126953125 0.5927734375
10 0.4921875 0.6474609375 0.4921875 0.6748046875 0.5380859375 0.712890626953125 0.5908203125 0.71875 0.62890625 0.6865234375 0.62109375 0.6494140625 0.5732421875 0.609375 0.5263671875 0.611328126953125 0.4921875 0.6474609375
10 0.591796873046875 0.5751953125 0.595703126953125 0.6181640625 0.6474609375 0.666015626953125 0.7041015625 0.65625 0.732421873046875 0.6220703125 0.724609373046875 0.5732421875 0.6669921875 0.533203126953125 0.6181640625 0.5390625 0.591796873046875 0.5751953125
10 0.66015625 0.7275390625 0.7041015625 0.75 0.7470703125 0.74609375 0.78515625 0.7099609375 0.779296873046875 0.6630859375 0.7373046875 0.630859373046875 0.6484375 0.6845703125 0.66015625 0.7275390625
10 0.771484373046875 0.7490234375 0.771484373046875 0.8017578125 0.8076171875 0.8359375 0.8603515625 0.84375 0.890625 0.8291015625 0.90234375 0.7841796875 0.8701171875 0.728515626953125 0.7978515625 0.712890626953125 0.771484373046875 0.7490234375
10 0.783203126953125 0.6337890625 0.7890625 0.6728515625 0.8310546875 0.712890626953125 0.8916015625 0.720703126953125 0.921875 0.6884765625 0.912109373046875 0.6298828125 0.8681640625 0.591796873046875 0.8115234375 0.59765625 0.783203126953125 0.6337890625
10 0.890625 0.6005859375 0.9287109375 0.6796875 0.9716796875 0.689453126953125 1 0.6806640625 0.9990234375 0.568359373046875 0.9404296875 0.55859375 0.89453125 0.5849609375 0.890625 0.6005859375
10 0.9091796875 0.7890625 0.9443359375 0.78515625 0.9765625 0.7490234375 0.9765625 0.7158203125 0.9599609375 0.69140625 0.9287109375 0.685546873046875 0.8857421875 0.724609373046875 0.9091796875 0.7890625
10 1 0.7568359375 0.9775390625 0.76171875 0.955078126953125 0.7880859375 0.966796873046875 0.8466796875 0.9990234375 0.865234373046875 1 0.7568359375
10 0.9384765625 0.794921873046875 0.9091796875 0.791015626953125 0.8984375 0.8037109375 0.8935546875 0.845703126953125 0.95703125 0.8564453125 0.9384765625 0.794921873046875
10 0.767578126953125 0.7998046875 0.7607421875 0.744140626953125 0.669921873046875 0.7529296875 0.6708984375 0.767578126953125 0.7236328125 0.794921873046875 0.767578126953125 0.7998046875
10 0.66796875 0.7548828125 0.6396484375 0.6875 0.5947265625 0.716796873046875 0.5947265625 0.732421873046875 0.6572265625 0.76171875 0.66796875 0.7548828125
10 0.4580078125 0.71484375 0.5009765625 0.73046875 0.525390626953125 0.7197265625 0.4482421875 0.666015626953125 0.42578125 0.6650390625 0.4296875 0.6923828125 0.4580078125 0.71484375
10 0.50390625 0.6240234375 0.4814453125 0.603515626953125 0.427734373046875 0.6279296875 0.4326171875 0.642578126953125 0.4873046875 0.673828126953125 0.50390625 0.6240234375
10 0.71484375 0.5615234375 0.732421873046875 0.6240234375 0.7724609375 0.6484375 0.8203125 0.5927734375 0.81640625 0.5732421875 0.7861328125 0.537109373046875 0.7294921875 0.5390625 0.71484375 0.5615234375
10 0.712890626953125 0.5458984375 0.6953125 0.5087890625 0.6708984375 0.4921875 0.6220703125 0.4921875 0.587890626953125 0.5166015625 0.5947265625 0.560546873046875 0.712890626953125 0.5458984375
10 0.5849609375 0.517578126953125 0.62109375 0.4912109375 0.619140626953125 0.4619140625 0.5869140625 0.4296875 0.548828126953125 0.4287109375 0.5390625 0.4912109375 0.5849609375 0.517578126953125
10 0.69140625 0.4833984375 0.689453126953125 0.4990234375 0.7197265625 0.5390625 0.8037109375 0.537109373046875 0.837890626953125 0.4931640625 0.8359375 0.4677734375 0.7978515625 0.44140625 0.7197265625 0.451171873046875 0.69140625 0.4833984375
10 0.84375 0.4951171875 0.810546873046875 0.5458984375 0.818359373046875 0.5732421875 0.8310546875 0.587890626953125 0.8857421875 0.58984375 0.923828126953125 0.5498046875 0.92578125 0.5068359375 0.9091796875 0.486328126953125 0.84375 0.4951171875
10 0.9931640625 0.51953125 0.9521484375 0.505859373046875 0.931640626953125 0.5166015625 0.9306640625 0.556640626953125 1 0.5556640625 0.9931640625 0.51953125
10 0.8349609375 0.373046873046875 0.818359373046875 0.4033203125 0.826171873046875 0.4521484375 0.8623046875 0.48046875 0.9111328125 0.48046875 0.943359373046875 0.4580078125 0.943359373046875 0.3994140625 0.9130859375 0.373046873046875 0.8642578125 0.361328126953125 0.8349609375 0.373046873046875
10 0.9453125 0.4033203125 0.935546873046875 0.4794921875 0.9990234375 0.515625 1 0.3974609375 0.9453125 0.4033203125
10 0.69140625 0.3857421875 0.689453126953125 0.4345703125 0.7041015625 0.451171873046875 0.7841796875 0.4375 0.806640626953125 0.4111328125 0.806640626953125 0.3740234375 0.7763671875 0.34375 0.7509765625 0.34375 0.69140625 0.3857421875
10 0.68359375 0.4755859375 0.6875 0.4169921875 0.6650390625 0.392578126953125 0.6279296875 0.3984375 0.59765625 0.4208984375 0.6279296875 0.486328126953125 0.68359375 0.4755859375
10 0.5126953125 0.357421873046875 0.4814453125 0.35546875 0.458984373046875 0.3720703125 0.4501953125 0.404296873046875 0.51953125 0.3955078125 0.5126953125 0.357421873046875
10 0.4208984375 0.423828126953125 0.443359373046875 0.4072265625 0.462890626953125 0.3583984375 0.4560546875 0.322265626953125 0.4140625 0.3173828125 0.376953126953125 0.3779296875 0.4208984375 0.423828126953125
10 0.275390626953125 0.3154296875 0.275390626953125 0.3349609375 0.3193359375 0.376953126953125 0.3876953125 0.365234373046875 0.4140625 0.3212890625 0.3984375 0.2822265625 0.3759765625 0.26953125 0.3291015625 0.275390626953125 0.275390626953125 0.3154296875
10 0.162109373046875 0.2822265625 0.158203126953125 0.3330078125 0.1865234375 0.353515626953125 0.2607421875 0.333984373046875 0.271484373046875 0.3193359375 0.267578126953125 0.2783203125 0.2392578125 0.255859373046875 0.1962890625 0.255859373046875 0.162109373046875 0.2822265625
10 0.1728515625 0.435546873046875 0.1865234375 0.44140625 0.205078126953125 0.4248046875 0.1806640625 0.361328126953125 0.1318359375 0.365234373046875 0.125 0.3798828125 0.1728515625 0.435546873046875
10 0.087890626953125 0.3232421875 0.10546875 0.3525390625 0.1201171875 0.365234373046875 0.1474609375 0.35546875 0.166015626953125 0.2646484375 0.1123046875 0.255859373046875 0.08984375 0.2841796875 0.087890626953125 0.3232421875
10 0.34765625 0.5283203125 0.3115234375 0.5 0.2724609375 0.517578126953125 0.2958984375 0.544921873046875 0.34765625 0.5478515625 0.34765625 0.5283203125
10 0.064453126953125 0.2744140625 0.06640625 0.3154296875 0.0849609375 0.322265626953125 0.09765625 0.2646484375 0.064453126953125 0.2744140625
10 0 0.1611328125 0.0341796875 0.17578125 0.0615234375 0.166015626953125 0.07421875 0.1455078125 0.06640625 0.0947265625 0.0322265625 0.072265626953125 0.0009765625 0.08203125 0 0.1611328125
10 0.1220703125 0.171875 0.154296873046875 0.1240234375 0.150390626953125 0.0947265625 0.1103515625 0.068359373046875 0.07421875 0.0888671875 0.078125 0.1552734375 0.1220703125 0.171875
10 0.1943359375 0.2109375 0.22265625 0.1728515625 0.216796873046875 0.1455078125 0.1728515625 0.11328125 0.12890625 0.1630859375 0.1318359375 0.18359375 0.1943359375 0.2109375
10 0.0986328125 0.2578125 0.1650390625 0.2578125 0.1875 0.2177734375 0.1748046875 0.19921875 0.1337890625 0.18359375 0.0986328125 0.193359373046875 0.0859375 0.2138671875 0.0986328125 0.2578125
10 0.173828126953125 0.2333984375 0.1708984375 0.265625 0.234375 0.2509765625 0.2158203125 0.2109375 0.173828126953125 0.2333984375
10 0.27734375 0.1787109375 0.2392578125 0.1640625 0.2109375 0.1962890625 0.208984373046875 0.2138671875 0.2294921875 0.23046875 0.27734375 0.1787109375
10 0.0908203125 0.1875 0.0537109375 0.1875 0.0390625 0.2119140625 0.0595703125 0.275390626953125 0.09375 0.2568359375 0.0908203125 0.1875
10 0.2900390625 0.185546873046875 0.3115234375 0.185546873046875 0.33203125 0.1103515625 0.2841796875 0.095703126953125 0.259765626953125 0.1123046875 0.26171875 0.1611328125 0.2900390625 0.185546873046875
10 0.171875 0.0712890625 0.169921873046875 0.1044921875 0.1826171875 0.12109375 0.2158203125 0.134765626953125 0.24609375 0.1181640625 0.251953126953125 0.0673828125 0.2236328125 0.017578126953125 0.19140625 0.0341796875 0.171875 0.0712890625
10 0.1005859375 0.068359373046875 0.1513671875 0.091796873046875 0.16796875 0.0849609375 0.18359375 0.0458984375 0.1708984375 0.0234375 0.1435546875 0.01171875 0.083984373046875 0.0322265625 0.1005859375 0.068359373046875
10 0 0.0791015625 0.0673828125 0.091796873046875 0.095703126953125 0.0673828125 0.0859375 0.0166015625 0.0634765625 0 0.02734375 0.0166015625 0 0.0458984375 0 0.0791015625
10 0.1611328125 0 0.1845703125 0.03515625 0.212890626953125 0.0107421875 0.2099609375 0 0.1611328125 0
10 0.56640625 0.2939453125 0.5625 0.3037109375 0.6357421875 0.390625 0.6650390625 0.390625 0.6875 0.3642578125 0.6953125 0.3134765625 0.6826171875 0.291015626953125 0.6005859375 0.275390626953125 0.56640625 0.2939453125
10 0.5595703125 0.294921873046875 0.640625 0.2744140625 0.5654296875 0.232421873046875 0.5498046875 0.23046875 0.54296875 0.2451171875 0.541015626953125 0.2724609375 0.5595703125 0.294921873046875
10 0.689453126953125 0.3623046875 0.6884765625 0.388671873046875 0.75390625 0.3427734375 0.7158203125 0.333984373046875 0.689453126953125 0.3623046875
10 0.7353515625 0.310546873046875 0.734375 0.3310546875 0.8115234375 0.41015625 0.845703126953125 0.3564453125 0.7353515625 0.310546873046875
10 0.8916015625 0.091796873046875 0.8955078125 0.107421873046875 1 0.1279296875 0.9736328125 0.07421875 0.8916015625 0.091796873046875
10 0.828125 0.1572265625 0.830078126953125 0.2158203125 0.8623046875 0.248046873046875 0.9384765625 0.2421875 1 0.1982421875 0.9990234375 0.1484375 0.9189453125 0.126953126953125 0.8564453125 0.115234373046875 0.828125 0.1572265625
10 0.810546873046875 0.0693359375 0.8134765625 0.0859375 0.849609373046875 0.0927734375 0.8388671875 0.044921873046875 0.810546873046875 0.0693359375
10 0.703125 0.0927734375 0.712890626953125 0.1767578125 0.7548828125 0.1953125 0.7978515625 0.1875 0.849609373046875 0.1181640625 0.8251953125 0.099609373046875 0.7431640625 0.080078126953125 0.7138671875 0.078125 0.703125 0.0927734375
10 0.6103515625 0 0.6220703125 0.021484373046875 0.7880859375 0.076171873046875 0.8408203125 0.04296875 0.853515626953125 0.0107421875 0.8525390625 0 0.6103515625 0
10 0.9609375 0.0400390625 0.9169921875 0.015625 0.857421873046875 0.0615234375 0.8642578125 0.09765625 0.9765625 0.0751953125 0.9609375 0.0400390625