10 0.197265626953125 0.2333984375 0.2265625 0.3095703125 0.2685546875 0.337890626953125 0.36328125 0.3701171875 0.3876953125 0.36328125 0.4375 0.3037109375 0.408203126953125 0.2216796875 0.3681640625 0.185546873046875 0.2861328125 0.15234375 0.2119140625 0.1796875 0.197265626953125 0.1982421875 0.197265626953125 0.2333984375
10 0.1865234375 0.359375 0.142578126953125 0.4208984375 0.140625 0.4775390625 0.15234375 0.5126953125 0.1943359375 0.55078125 0.294921873046875 0.5595703125 0.3486328125 0.54296875 0.38671875 0.5048828125 0.390625 0.4638671875 0.37109375 0.3935546875 0.3115234375 0.353515626953125 0.2412109375 0.3671875 0.2080078125 0.353515626953125 0.1865234375 0.359375
10 0 0.5107421875 0.05859375 0.5185546875 0.138671873046875 0.4931640625 0.150390626953125 0.3916015625 0.126953126953125 0.3603515625 0.1337890625 0.353515626953125 0.1220703125 0.357421873046875 0.0947265625 0.33203125 0.0478515625 0.32421875 0 0.3388671875 0 0.5107421875
10 0.0625 0.3173828125 0.1201171875 0.337890626953125 0.16796875 0.3740234375 0.2060546875 0.34765625 0.2216796875 0.365234373046875 0.3046875 0.3505859375 0.2353515625 0.3203125 0.1904296875 0.2421875 0.1474609375 0.234375 0.0810546875 0.279296873046875 0.0625 0.3173828125
10 0.0078125 0.1865234375 0.0283203125 0.2109375 0.0732421875 0.1953125 0.048828126953125 0.2216796875 0.04296875 0.2490234375 0.095703126953125 0.2607421875 0.1298828125 0.236328126953125 0.169921873046875 0.2275390625 0.181640626953125 0.1865234375 0.173828126953125 0.1455078125 0.1474609375 0.11328125 0.0986328125 0.087890626953125 0.0009765625 0.078125 0.0078125 0.1865234375
10 0.42578125 0.1884765625 0.419921873046875 0.2294921875 0.431640626953125 0.2685546875 0.4453125 0.2958984375 0.4833984375 0.328125 0.5263671875 0.3515625 0.572265626953125 0.3544921875 0.6083984375 0.33984375 0.640625 0.3037109375 0.638671873046875 0.2314453125 0.5712890625 0.146484373046875 0.5283203125 0.130859373046875 0.4736328125 0.138671873046875 0.435546873046875 0.1650390625 0.42578125 0.1884765625
10 0.298828126953125 0.1083984375 0.2958984375 0.15234375 0.416015626953125 0.2158203125 0.4365234375 0.162109373046875 0.4892578125 0.130859373046875 0.53515625 0.1259765625 0.51953125 0.0849609375 0.4853515625 0.05859375 0.3759765625 0.056640626953125 0.3251953125 0.078125 0.298828126953125 0.1083984375
10 0.1572265625 0.11328125 0.189453126953125 0.1142578125 0.2333984375 0.107421873046875 0.26953125 0.0712890625 0.2734375 0.0439453125 0.2470703125 0.00390625 0.046875 0.0009765625 0.056640626953125 0.0361328125 0.0908203125 0.080078126953125 0.1572265625 0.11328125
10 0.39453125 0.5283203125 0.435546873046875 0.4853515625 0.458984373046875 0.4306640625 0.44140625 0.3759765625 0.4111328125 0.36328125 0.365234373046875 0.3779296875 0.392578126953125 0.4755859375 0.376953126953125 0.5244140625 0.39453125 0.5283203125
10 0.4970703125 0.44921875 0.4619140625 0.451171873046875 0.40625 0.5263671875 0.4130859375 0.552734373046875 0.51953125 0.5517578125 0.541015626953125 0.4794921875 0.4970703125 0.44921875
10 0.208984373046875 0.6728515625 0.2548828125 0.701171873046875 0.330078126953125 0.7119140625 0.3515625 0.7041015625 0.359375 0.6240234375 0.408203126953125 0.5537109375 0.3720703125 0.537109373046875 0.2919921875 0.568359373046875 0.2021484375 0.568359373046875 0.193359373046875 0.6103515625 0.208984373046875 0.6728515625
10 0.37109375 0.6064453125 0.353515626953125 0.6513671875 0.353515626953125 0.6943359375 0.4228515625 0.798828126953125 0.4560546875 0.818359373046875 0.49609375 0.8232421875 0.5322265625 0.810546873046875 0.5859375 0.7705078125 0.611328126953125 0.7255859375 0.619140626953125 0.6826171875 0.560546873046875 0.6005859375 0.5146484375 0.556640626953125 0.4267578125 0.552734373046875 0.37109375 0.6064453125
10 0.31640625 0.9853515625 0.369140626953125 0.9560546875 0.33203125 0.8759765625 0.326171873046875 0.8232421875 0.3076171875 0.81640625 0.17578125 0.9208984375 0.169921873046875 0.9619140625 0.2041015625 0.98046875 0.31640625 0.9853515625
10 0.361328126953125 0.9404296875 0.3994140625 0.982421873046875 0.423828126953125 0.9873046875 0.5380859375 0.9296875 0.544921873046875 0.8740234375 0.5185546875 0.826171873046875 0.4443359375 0.81640625 0.3798828125 0.759765626953125 0.328125 0.8154296875 0.33203125 0.8583984375 0.361328126953125 0.9404296875
10 0.1298828125 0.744140626953125 0.0986328125 0.76171875 0.06640625 0.8115234375 0.068359373046875 0.8564453125 0.09375 0.8916015625 0.1279296875 0.912109373046875 0.1640625 0.9130859375 0.2470703125 0.869140626953125 0.2890625 0.7998046875 0.287109373046875 0.7626953125 0.26953125 0.7236328125 0.2197265625 0.693359373046875 0.1953125 0.6962890625 0.1689453125 0.74609375 0.1298828125 0.744140626953125
10 0 0.6162109375 0.041015626953125 0.7392578125 0.0517578125 0.751953126953125 0.099609373046875 0.7568359375 0.1416015625 0.732421873046875 0.16796875 0.6904296875 0.197265626953125 0.6708984375 0.189453126953125 0.5791015625 0.1591796875 0.54296875 0.1201171875 0.5234375 0.0302734375 0.533203126953125 0 0.5517578125 0 0.6162109375
10 0.275390626953125 0.7294921875 0.30078125 0.8017578125 0.322265626953125 0.8115234375 0.376953126953125 0.7548828125 0.3623046875 0.720703126953125 0.275390626953125 0.7294921875
10 0.57421875 0.8017578125 0.556640626953125 0.8115234375 0.55078125 0.9013671875 0.5693359375 0.919921873046875 0.6015625 0.9189453125 0.6865234375 0.90234375 0.72265625 0.8818359375 0.70703125 0.8271484375 0.71484375 0.7626953125 0.6923828125 0.744140626953125 0.6591796875 0.732421873046875 0.6123046875 0.73828125 0.57421875 0.8017578125
10 0.7529296875 0.724609373046875 0.71484375 0.7763671875 0.708984373046875 0.8212890625 0.736328126953125 0.8798828125 0.7666015625 0.90234375 0.810546873046875 0.9072265625 0.8818359375 0.884765626953125 0.927734373046875 0.8349609375 0.931640626953125 0.7548828125 0.921875 0.7275390625 0.8994140625 0.7109375 0.8486328125 0.697265626953125 0.7939453125 0.701171873046875 0.7529296875 0.724609373046875
10 0.52734375 0.5185546875 0.5234375 0.5595703125 0.5986328125 0.64453125 0.640625 0.6552734375 0.6787109375 0.6484375 0.724609373046875 0.6103515625 0.73828125 0.5751953125 0.732421873046875 0.5361328125 0.7099609375 0.5 0.6455078125 0.4609375 0.5595703125 0.4609375 0.52734375 0.5185546875
10 0.6552734375 0.7265625 0.72265625 0.7490234375 0.7626953125 0.712890626953125 0.806640626953125 0.6923828125 0.7548828125 0.576171873046875 0.7412109375 0.576171873046875 0.724609373046875 0.6142578125 0.6494140625 0.669921873046875 0.634765626953125 0.6962890625 0.6552734375 0.7265625
10 1 0.5517578125 0.9326171875 0.46875 0.8759765625 0.455078126953125 0.8046875 0.4873046875 0.77734375 0.5302734375 0.7734375 0.5869140625 0.796875 0.6455078125 0.8349609375 0.685546873046875 0.908203126953125 0.7021484375 0.9599609375 0.6796875 0.984375 0.6474609375 1 0.6083984375 1 0.5517578125
10 0.486328126953125 0.3525390625 0.48046875 0.4228515625 0.4970703125 0.4453125 0.544921873046875 0.4697265625 0.5673828125 0.45703125 0.662109373046875 0.4541015625 0.677734373046875 0.4130859375 0.6435546875 0.33203125 0.6279296875 0.328125 0.5634765625 0.359375 0.5068359375 0.345703126953125 0.486328126953125 0.3525390625
10 0.83984375 0.2958984375 0.82421875 0.2314453125 0.7880859375 0.20703125 0.7373046875 0.2109375 0.7021484375 0.236328126953125 0.677734373046875 0.2626953125 0.654296873046875 0.3251953125 0.66796875 0.3857421875 0.6982421875 0.412109373046875 0.736328126953125 0.4189453125 0.6962890625 0.421875 0.67578125 0.4716796875 0.71875 0.5068359375 0.7421875 0.5615234375 0.7578125 0.5654296875 0.8203125 0.4482421875 0.8369140625 0.427734373046875 0.8515625 0.4267578125 0.845703126953125 0.4072265625 0.8193359375 0.39453125 0.775390626953125 0.4052734375 0.822265626953125 0.3466796875 0.83984375 0.2958984375
10 1 0.2080078125 0.9482421875 0.20703125 0.890625 0.2412109375 0.876953126953125 0.3271484375 0.88671875 0.3662109375 0.9169921875 0.412109373046875 0.9423828125 0.423828126953125 0.984375 0.4228515625 1 0.4208984375 1 0.2080078125
10 1 0.4287109375 0.9365234375 0.435546873046875 0.919921873046875 0.4560546875 1 0.5400390625 1 0.4287109375
10 0.9990234375 0.638671873046875 0.921875 0.7119140625 0.9296875 0.7373046875 0.9599609375 0.74609375 0.990234373046875 0.7802734375 1 0.7724609375 0.9990234375 0.638671873046875
10 0.642578126953125 0.0595703125 0.625 0.0966796875 0.62890625 0.1376953125 0.646484373046875 0.1708984375 0.6884765625 0.208984373046875 0.71875 0.2158203125 0.7998046875 0.201171873046875 0.83984375 0.1474609375 0.833984373046875 0.0830078125 0.7958984375 0.033203126953125 0.7509765625 0.01171875 0.7041015625 0.01171875 0.6787109375 0.0234375 0.642578126953125 0.0595703125
10 0.525390626953125 0.0888671875 0.5419921875 0.130859373046875 0.6015625 0.1533203125 0.623046873046875 0.1318359375 0.623046873046875 0.0966796875 0.650390626953125 0.0322265625 0.6064453125 0 0.5283203125 0.001953126953125 0.5009765625 0.015625 0.484375 0.0537109375 0.525390626953125 0.0888671875
10 0.6953125 0.2275390625 0.6396484375 0.171875 0.6025390625 0.162109373046875 0.59765625 0.1689453125 0.642578126953125 0.2373046875 0.640625 0.3115234375 0.650390626953125 0.3134765625 0.6953125 0.2275390625
10 0.841796873046875 0.3193359375 0.85546875 0.3212890625 0.87109375 0.3095703125 0.892578126953125 0.2314453125 0.875 0.1708984375 0.8564453125 0.16015625 0.8369140625 0.1640625 0.8125 0.2021484375 0.841796873046875 0.2783203125 0.841796873046875 0.3193359375
10 0.853515626953125 0.1533203125 0.873046873046875 0.1376953125 0.88671875 0.1044921875 0.880859373046875 0.0419921875 0.8447265625 0.009765626953125 0.7763671875 0.013671873046875 0.833984373046875 0.0810546875 0.83984375 0.1513671875 0.853515626953125 0.1533203125
10 0.4501953125 0.048828126953125 0.478515626953125 0.0009765625 0.2763671875 0 0.296875 0.0595703125 0.330078126953125 0.0712890625 0.3876953125 0.052734373046875 0.4501953125 0.048828126953125