10 0.138671873046875 0.3173828125 0.205078126953125 0.3642578125 0.267578126953125 0.3251953125 0.26953125 0.2802734375 0.2255859375 0.19921875 0.1728515625 0.189453126953125 0.1494140625 0.19921875 0.130859373046875 0.2236328125 0.12109375 0.2724609375 0.138671873046875 0.3173828125
10 0.427734373046875 0.3427734375 0.4599609375 0.392578126953125 0.51953125 0.3994140625 0.572265626953125 0.3447265625 0.59375 0.2998046875 0.59375 0.2705078125 0.5537109375 0.23046875 0.4755859375 0.23046875 0.45703125 0.2412109375 0.431640626953125 0.2919921875 0.427734373046875 0.3427734375
10 0.1953125 0.5400390625 0.275390626953125 0.5576171875 0.3330078125 0.537109373046875 0.373046873046875 0.4970703125 0.37890625 0.4482421875 0.3544921875 0.400390626953125 0.2216796875 0.40625 0.1796875 0.4384765625 0.169921873046875 0.4794921875 0.1953125 0.5400390625
10 0 0.5009765625 0.005859373046875 0.5908203125 0.0380859375 0.619140626953125 0.08203125 0.6240234375 0.1162109375 0.619140626953125 0.1591796875 0.59375 0.17578125 0.5537109375 0.17578125 0.5302734375 0.15234375 0.4892578125 0.0986328125 0.45703125 0.0419921875 0.462890626953125 0 0.5009765625
10 0.294921873046875 0.7919921875 0.3251953125 0.80859375 0.3671875 0.8115234375 0.416015626953125 0.7841796875 0.4453125 0.7255859375 0.4453125 0.6474609375 0.3974609375 0.625 0.3017578125 0.66796875 0.275390626953125 0.7158203125 0.27734375 0.7666015625 0.294921873046875 0.7919921875
10 0.1875 0.7314453125 0.2119140625 0.767578126953125 0.2353515625 0.779296873046875 0.271484373046875 0.7783203125 0.28125 0.6904296875 0.2998046875 0.66796875 0.341796873046875 0.6494140625 0.3193359375 0.630859373046875 0.2841796875 0.623046873046875 0.2216796875 0.64453125 0.185546873046875 0.6962890625 0.1875 0.7314453125
10 0.044921873046875 0.6455078125 0.048828126953125 0.7353515625 0.0986328125 0.771484373046875 0.12109375 0.7705078125 0.1748046875 0.74609375 0.18359375 0.7314453125 0.19921875 0.6513671875 0.181640626953125 0.6103515625 0.1630859375 0.59765625 0.1240234375 0.619140626953125 0.0576171875 0.62890625 0.044921873046875 0.6455078125
10 0.037109373046875 0.6240234375 0.0009765625 0.595703126953125 0.00390625 0.7744140625 0.033203126953125 0.7392578125 0.04296875 0.6748046875 0.037109373046875 0.6240234375
10 0.4677734375 0.62890625 0.447265626953125 0.6728515625 0.462890626953125 0.7275390625 0.5185546875 0.794921873046875 0.56640625 0.8037109375 0.6005859375 0.794921873046875 0.625 0.7685546875 0.6328125 0.7177734375 0.62109375 0.6806640625 0.5888671875 0.642578126953125 0.5537109375 0.625 0.5009765625 0.6171875 0.4677734375 0.62890625
10 0.626953126953125 0.7685546875 0.63671875 0.7685546875 0.67578125 0.7431640625 0.6875 0.6904296875 0.6650390625 0.65234375 0.6337890625 0.630859373046875 0.6083984375 0.630859373046875 0.591796873046875 0.6455078125 0.626953126953125 0.6904296875 0.626953126953125 0.7685546875
10 0.693359373046875 0.7236328125 0.7353515625 0.775390626953125 0.80078125 0.7802734375 0.841796873046875 0.7373046875 0.861328126953125 0.6708984375 0.857421873046875 0.6455078125 0.8408203125 0.623046873046875 0.8076171875 0.609375 0.7353515625 0.6015625 0.705078126953125 0.6337890625 0.693359373046875 0.7236328125
10 1 0.6513671875 0.9755859375 0.640625 0.9033203125 0.65234375 0.86328125 0.6806640625 0.849609373046875 0.7177734375 0.853515626953125 0.7529296875 0.8759765625 0.78515625 0.9111328125 0.80078125 0.955078126953125 0.8017578125 1 0.7900390625 1 0.6513671875
10 0.6142578125 0.40625 0.59765625 0.4228515625 0.587890626953125 0.4599609375 0.59765625 0.5458984375 0.609375 0.5654296875 0.6279296875 0.58203125 0.677734373046875 0.5830078125 0.7099609375 0.572265626953125 0.732421873046875 0.5439453125 0.73046875 0.4482421875 0.75 0.4326171875 0.7333984375 0.40234375 0.7021484375 0.388671873046875 0.6552734375 0.388671873046875 0.6142578125 0.40625
10 0.7548828125 0.59375 0.8125 0.6064453125 0.869140626953125 0.5771484375 0.876953126953125 0.5087890625 0.8349609375 0.44921875 0.8076171875 0.431640626953125 0.7822265625 0.431640626953125 0.73828125 0.4638671875 0.732421873046875 0.5615234375 0.7548828125 0.59375
10 0.75390625 0.4033203125 0.78125 0.3857421875 0.81640625 0.3271484375 0.8046875 0.3017578125 0.7705078125 0.279296873046875 0.7451171875 0.28125 0.671875 0.3447265625 0.6884765625 0.3828125 0.75390625 0.4033203125
10 0.953125 0.5107421875 0.9921875 0.4619140625 0.990234373046875 0.3994140625 0.9443359375 0.32421875 0.8955078125 0.3203125 0.833984373046875 0.3701171875 0.833984373046875 0.4228515625 0.8818359375 0.50390625 0.953125 0.5107421875
10 0.60546875 0.2998046875 0.6220703125 0.31640625 0.681640626953125 0.3291015625 0.736328126953125 0.2861328125 0.763671873046875 0.2275390625 0.755859373046875 0.1884765625 0.6982421875 0.158203126953125 0.6474609375 0.162109373046875 0.623046873046875 0.1865234375 0.6015625 0.2587890625 0.60546875 0.2998046875
10 0.6474609375 0.388671873046875 0.662109373046875 0.3603515625 0.6572265625 0.333984373046875 0.5966796875 0.3046875 0.53125 0.3994140625 0.5478515625 0.412109373046875 0.59375 0.4130859375 0.6474609375 0.388671873046875
10 0.8466796875 0.623046873046875 0.87890625 0.6259765625 0.9248046875 0.609375 0.953125 0.5849609375 0.9609375 0.5634765625 0.9443359375 0.515625 0.8818359375 0.513671873046875 0.869140626953125 0.5791015625 0.82421875 0.6064453125 0.8466796875 0.623046873046875
10 0.7177734375 0.5703125 0.626953126953125 0.5888671875 0.630859373046875 0.6259765625 0.6591796875 0.6484375 0.685546873046875 0.6533203125 0.736328126953125 0.5966796875 0.7177734375 0.5703125
10 0.703125 0.1533203125 0.7333984375 0.13671875 0.759765626953125 0.0986328125 0.76953125 0.0068359375 0.6279296875 0 0.611328126953125 0.0654296875 0.62109375 0.1181640625 0.6533203125 0.154296873046875 0.703125 0.1533203125
10 0.8642578125 0.248046873046875 0.90234375 0.2587890625 0.9423828125 0.24609375 0.96484375 0.2255859375 0.9765625 0.1591796875 0.9677734375 0.142578126953125 0.8701171875 0.09765625 0.837890626953125 0.1337890625 0.837890626953125 0.2021484375 0.8642578125 0.248046873046875
10 1 0.0009765625 0.9345703125 0 0.912109373046875 0.0517578125 0.916015626953125 0.1064453125 0.9306640625 0.126953126953125 0.9765625 0.1396484375 1 0.1337890625 1 0.0009765625
10 0.8974609375 0.265625 0.8447265625 0.25390625 0.8125 0.2978515625 0.8203125 0.3349609375 0.845703126953125 0.3486328125 0.900390626953125 0.3134765625 0.8974609375 0.265625
10 0.7578125 0.2666015625 0.775390626953125 0.2705078125 0.814453126953125 0.2333984375 0.822265626953125 0.1884765625 0.802734373046875 0.1455078125 0.7626953125 0.12890625 0.736328126953125 0.1416015625 0.734375 0.1650390625 0.765625 0.2021484375 0.7578125 0.2666015625
10 0.431640626953125 0.2568359375 0.4814453125 0.2265625 0.5380859375 0.21875 0.529296873046875 0.1728515625 0.4775390625 0.14453125 0.4013671875 0.162109373046875 0.38671875 0.1845703125 0.38671875 0.2333984375 0.431640626953125 0.2568359375
10 0.3984375 0.3896484375 0.419921873046875 0.3701171875 0.423828126953125 0.2724609375 0.4111328125 0.25390625 0.3583984375 0.25 0.3203125 0.2783203125 0.314453126953125 0.3349609375 0.3603515625 0.38671875 0.3984375 0.3896484375
10 0.3251953125 0.40234375 0.33984375 0.3798828125 0.3037109375 0.337890626953125 0.2646484375 0.33203125 0.212890626953125 0.3681640625 0.208984373046875 0.4033203125 0.228515626953125 0.4052734375 0.3251953125 0.40234375
10 0.13671875 0.4599609375 0.193359373046875 0.4111328125 0.19140625 0.3681640625 0.1435546875 0.32421875 0.0791015625 0.326171873046875 0.046875 0.3544921875 0.0390625 0.3994140625 0.0771484375 0.447265626953125 0.13671875 0.4599609375
10 0.408203126953125 0.4833984375 0.4599609375 0.466796873046875 0.5322265625 0.47265625 0.53515625 0.4345703125 0.5107421875 0.404296873046875 0.4248046875 0.39453125 0.388671873046875 0.4384765625 0.390625 0.4736328125 0.408203126953125 0.4833984375
10 0.3623046875 0.5390625 0.3447265625 0.533203126953125 0.267578126953125 0.5712890625 0.2783203125 0.619140626953125 0.359375 0.6357421875 0.38671875 0.6201171875 0.3623046875 0.5390625
10 0.017578126953125 0.1767578125 0.015625 0.2412109375 0.0517578125 0.291015626953125 0.09375 0.2958984375 0.111328126953125 0.2841796875 0.125 0.2275390625 0.14453125 0.1904296875 0.16015625 0.1826171875 0.16015625 0.1650390625 0.1357421875 0.138671873046875 0.0615234375 0.126953126953125 0.017578126953125 0.1767578125
10 0.21484375 0.1513671875 0.212890626953125 0.1845703125 0.255859373046875 0.2216796875 0.2744140625 0.259765626953125 0.322265626953125 0.2646484375 0.369140626953125 0.2314453125 0.376953126953125 0.1845703125 0.369140626953125 0.1533203125 0.3564453125 0.140625 0.3115234375 0.13671875 0.2724609375 0.119140626953125 0.2353515625 0.125 0.21484375 0.1513671875
10 0.2666015625 0 0.25 0.0595703125 0.267578126953125 0.0986328125 0.2978515625 0.12890625 0.357421873046875 0.1357421875 0.3935546875 0.115234373046875 0.4140625 0.0849609375 0.376953126953125 0.0107421875 0.3486328125 0 0.2666015625 0
10 0.380859373046875 0.0009765625 0.4169921875 0.05859375 0.447265626953125 0.0634765625 0.4873046875 0.046875 0.529296873046875 0.0009765625 0.380859373046875 0.0009765625
10 0.57421875 0.1416015625 0.5859375 0.0732421875 0.5380859375 0.01171875 0.48046875 0.0576171875 0.47265625 0.1005859375 0.4931640625 0.1484375 0.54296875 0.1611328125 0.57421875 0.1416015625
10 0.15625 0.1318359375 0.177734373046875 0.1162109375 0.1953125 0.0751953125 0.185546873046875 0.0029296875 0.0498046875 0.001953126953125 0.046875 0.0556640625 0.0703125 0.1083984375 0.1064453125 0.126953126953125 0.15625 0.1318359375
10 0.029296873046875 0.0478515625 0.0009765625 0.021484373046875 0.00390625 0.1728515625 0.0390625 0.1396484375 0.044921873046875 0.1005859375 0.029296873046875 0.0478515625
10 0.048828126953125 0.3388671875 0.04296875 0.3193359375 0.0126953125 0.302734373046875 0 0.3037109375 0.005859373046875 0.4013671875 0.029296873046875 0.3955078125 0.048828126953125 0.3388671875
10 0.001953126953125 0.4833984375 0.0390625 0.4541015625 0.0244140625 0.400390626953125 0 0.4013671875 0.001953126953125 0.4833984375
10 0.369140626953125 0.5771484375 0.384765626953125 0.6083984375 0.4150390625 0.630859373046875 0.4453125 0.6337890625 0.5263671875 0.603515626953125 0.5546875 0.5712890625 0.56640625 0.5244140625 0.5322265625 0.47265625 0.4404296875 0.47265625 0.4072265625 0.4921875 0.37109375 0.5380859375 0.369140626953125 0.5771484375
10 0.5693359375 0.53515625 0.53125 0.6083984375 0.591796873046875 0.6357421875 0.615234373046875 0.6083984375 0.619140626953125 0.5810546875 0.5693359375 0.53515625