10 0.5400390625 0.3984375 0.572265626953125 0.3466796875 0.572265626953125 0.2978515625 0.5244140625 0.26171875 0.478515626953125 0.2822265625 0.458984373046875 0.3330078125 0.46484375 0.3798828125 0.49609375 0.4052734375 0.5400390625 0.3984375
10 0.1474609375 0.080078126953125 0.16015625 0.0654296875 0.16015625 0.0380859375 0.1298828125 0.001953126953125 0.0556640625 0 0.02734375 0.0146484375 0.103515626953125 0.0810546875 0.1474609375 0.080078126953125
10 0.35546875 0.1572265625 0.35546875 0.0966796875 0.3193359375 0.064453126953125 0.2548828125 0.060546873046875 0.23828125 0.0908203125 0.240234373046875 0.1298828125 0.2705078125 0.16015625 0.306640626953125 0.1748046875 0.35546875 0.1572265625
10 0.4609375 0.1708984375 0.45703125 0.1279296875 0.4111328125 0.1015625 0.3681640625 0.107421873046875 0.357421873046875 0.1611328125 0.427734373046875 0.1884765625 0.4609375 0.1708984375
10 0.43359375 0.2587890625 0.44140625 0.2216796875 0.4228515625 0.1875 0.3564453125 0.1640625 0.32421875 0.1865234375 0.326171873046875 0.2216796875 0.3486328125 0.25390625 0.38671875 0.2763671875 0.43359375 0.2587890625
10 0.326171873046875 0.2451171875 0.3193359375 0.18359375 0.2646484375 0.17578125 0.234375 0.2001953125 0.23046875 0.2236328125 0.275390626953125 0.2568359375 0.326171873046875 0.2451171875
10 0.24609375 0.1689453125 0.236328126953125 0.1025390625 0.2431640625 0.06640625 0.2099609375 0.072265626953125 0.1953125 0.0986328125 0.1953125 0.1455078125 0.208984373046875 0.1708984375 0.24609375 0.1689453125
10 0.185546873046875 0.1630859375 0.185546873046875 0.1162109375 0.1572265625 0.0859375 0.1103515625 0.08203125 0.09765625 0.0947265625 0.0859375 0.1572265625 0.1162109375 0.18359375 0.1416015625 0.17578125 0.158203126953125 0.1845703125 0.185546873046875 0.1630859375
10 0.0859375 0.1318359375 0.09375 0.0751953125 0.0556640625 0.037109373046875 0.0048828125 0.021484373046875 0 0.1455078125 0.060546873046875 0.1494140625 0.0859375 0.1318359375
10 0 0.2412109375 0.01171875 0.2626953125 0.0654296875 0.2578125 0.078125 0.2255859375 0.109375 0.2021484375 0.0751953125 0.16015625 0.0341796875 0.146484373046875 0 0.1552734375 0 0.2412109375
10 0 0.3486328125 0.025390626953125 0.3662109375 0.0751953125 0.357421873046875 0.107421873046875 0.3330078125 0.087890626953125 0.3154296875 0.0673828125 0.26171875 0 0.2685546875 0 0.3486328125
10 0.1533203125 0.32421875 0.1796875 0.3017578125 0.1875 0.2333984375 0.1767578125 0.212890626953125 0.1181640625 0.201171873046875 0.076171873046875 0.2314453125 0.0703125 0.2626953125 0.08203125 0.2978515625 0.115234373046875 0.3271484375 0.1533203125 0.32421875
10 0.263671873046875 0.3466796875 0.2890625 0.2919921875 0.2568359375 0.2421875 0.2197265625 0.232421873046875 0.193359373046875 0.2470703125 0.185546873046875 0.2958984375 0.208984373046875 0.3369140625 0.240234373046875 0.3525390625 0.263671873046875 0.3466796875
10 0.1943359375 0.42578125 0.21484375 0.3916015625 0.201171873046875 0.3466796875 0.1630859375 0.32421875 0.1181640625 0.33203125 0.099609373046875 0.3642578125 0.10546875 0.4072265625 0.15234375 0.4326171875 0.1943359375 0.42578125
10 0.3603515625 0.404296873046875 0.40234375 0.3837890625 0.408203126953125 0.3271484375 0.3876953125 0.287109373046875 0.3310546875 0.275390626953125 0.2734375 0.3134765625 0.271484373046875 0.3681640625 0.2900390625 0.390625 0.3203125 0.4033203125 0.3603515625 0.404296873046875
10 0.4501953125 0.34375 0.458984373046875 0.3271484375 0.458984373046875 0.2919921875 0.4404296875 0.267578126953125 0.390625 0.2841796875 0.4140625 0.3525390625 0.4501953125 0.34375
10 0.5009765625 0.453125 0.51171875 0.4228515625 0.46484375 0.3857421875 0.4521484375 0.3515625 0.4384765625 0.349609373046875 0.412109373046875 0.3642578125 0.408203126953125 0.3896484375 0.4296875 0.4189453125 0.435546873046875 0.4501953125 0.453125 0.4619140625 0.5009765625 0.453125
10 0.3896484375 0.5234375 0.4375 0.4931640625 0.431640626953125 0.4287109375 0.4072265625 0.392578126953125 0.33203125 0.4248046875 0.337890626953125 0.4912109375 0.3564453125 0.51953125 0.37109375 0.5224609375 0.3896484375 0.5234375
10 0.3017578125 0.478515626953125 0.326171873046875 0.4384765625 0.3203125 0.4130859375 0.2666015625 0.365234373046875 0.236328126953125 0.3837890625 0.228515626953125 0.4091796875 0.234375 0.4599609375 0.26171875 0.4853515625 0.3017578125 0.478515626953125
10 0.2109375 0.5068359375 0.2265625 0.4755859375 0.224609373046875 0.4580078125 0.1982421875 0.4296875 0.1298828125 0.43359375 0.10546875 0.4541015625 0.1044921875 0.4921875 0.1650390625 0.501953126953125 0.185546873046875 0.5166015625 0.2109375 0.5068359375
10 0.357421873046875 0.5419921875 0.3291015625 0.486328126953125 0.2666015625 0.490234373046875 0.25 0.5107421875 0.298828126953125 0.5595703125 0.357421873046875 0.5419921875
10 0.2666015625 0.640625 0.291015626953125 0.6181640625 0.294921873046875 0.5634765625 0.2587890625 0.5234375 0.1904296875 0.53125 0.158203126953125 0.5634765625 0.1640625 0.6181640625 0.208984373046875 0.6494140625 0.2666015625 0.640625
10 0.1357421875 0.611328126953125 0.15234375 0.5966796875 0.158203126953125 0.5595703125 0.181640626953125 0.5302734375 0.1669921875 0.50390625 0.1005859375 0.4921875 0.0625 0.5146484375 0.0859375 0.6044921875 0.099609373046875 0.6142578125 0.1357421875 0.611328126953125
10 0.046875 0.5244140625 0.052734373046875 0.4833984375 0.02734375 0.4423828125 0.0009765625 0.427734373046875 0 0.5283203125 0.0234375 0.5302734375 0.046875 0.5244140625
10 0.09765625 0.4853515625 0.11328125 0.4326171875 0.0732421875 0.392578126953125 0.0263671875 0.392578126953125 0 0.4248046875 0.029296873046875 0.4423828125 0.06640625 0.4970703125 0.09765625 0.4853515625
10 0 0.6474609375 0.0615234375 0.642578126953125 0.08203125 0.6220703125 0.0703125 0.5595703125 0.0146484375 0.529296873046875 0 0.5302734375 0 0.6474609375
10 0 0.8017578125 0.01953125 0.8056640625 0.06640625 0.7763671875 0.072265626953125 0.7158203125 0.06640625 0.6533203125 0.0556640625 0.64453125 0.0263671875 0.64453125 0 0.6591796875 0 0.8017578125
10 0.1650390625 0.767578126953125 0.1953125 0.7392578125 0.197265626953125 0.6748046875 0.1572265625 0.619140626953125 0.1025390625 0.6171875 0.068359373046875 0.6630859375 0.068359373046875 0.6982421875 0.1083984375 0.763671873046875 0.140625 0.7705078125 0.1650390625 0.767578126953125
10 0.1123046875 0.8984375 0.16796875 0.8369140625 0.17578125 0.8076171875 0.1630859375 0.7734375 0.0966796875 0.767578126953125 0.056640626953125 0.7939453125 0.046875 0.8564453125 0.056640626953125 0.8935546875 0.078125 0.9052734375 0.1123046875 0.8984375
10 0.2470703125 0.75 0.259765626953125 0.7255859375 0.265625 0.6650390625 0.2568359375 0.650390626953125 0.193359373046875 0.6552734375 0.197265626953125 0.7412109375 0.21875 0.7568359375 0.2470703125 0.75
10 0 0.9638671875 0.033203126953125 0.9443359375 0.05078125 0.9111328125 0.046875 0.8740234375 0.0166015625 0.841796873046875 0 0.8427734375 0 0.9638671875
10 0.2158203125 0.94140625 0.244140626953125 0.9189453125 0.2578125 0.8603515625 0.2392578125 0.83203125 0.1962890625 0.822265626953125 0.12890625 0.8818359375 0.11328125 0.9287109375 0.130859373046875 0.9619140625 0.2158203125 0.94140625
10 0.2900390625 1 0.291015626953125 0.9892578125 0.2548828125 0.94921875 0.2021484375 0.9453125 0.1435546875 0.962890626953125 0.12890625 0.9990234375 0.2900390625 1
10 0.3779296875 1 0.388671873046875 0.9677734375 0.380859373046875 0.8857421875 0.3427734375 0.84765625 0.2998046875 0.861328126953125 0.27734375 0.9013671875 0.283203126953125 0.9599609375 0.306640626953125 0.9990234375 0.3779296875 1
10 0.4619140625 0.865234373046875 0.474609373046875 0.8330078125 0.46484375 0.7939453125 0.4482421875 0.775390626953125 0.4150390625 0.75 0.3896484375 0.748046873046875 0.326171873046875 0.7783203125 0.32421875 0.8193359375 0.3408203125 0.84375 0.41015625 0.8818359375 0.4619140625 0.865234373046875
10 0.4716796875 0.94140625 0.494140626953125 0.9111328125 0.48828125 0.8798828125 0.4619140625 0.8671875 0.4228515625 0.884765626953125 0.3916015625 0.884765626953125 0.39453125 0.9638671875 0.4716796875 0.94140625
10 0.595703126953125 0.9990234375 0.599609373046875 0.9697265625 0.5693359375 0.916015626953125 0.5146484375 0.919921873046875 0.498046873046875 0.9326171875 0.5 0.9990234375 0.595703126953125 0.9990234375
10 0.4970703125 1 0.494140626953125 0.9501953125 0.4443359375 0.9453125 0.4013671875 0.96484375 0.384765626953125 0.9990234375 0.4970703125 1
10 0.6376953125 0.765625 0.677734373046875 0.6962890625 0.662109373046875 0.6474609375 0.6357421875 0.625 0.6064453125 0.625 0.5712890625 0.64453125 0.546875 0.6806640625 0.544921873046875 0.7314453125 0.587890626953125 0.7744140625 0.6376953125 0.765625
10 0.6796875 0.8349609375 0.681640626953125 0.8173828125 0.6513671875 0.763671873046875 0.578125 0.7841796875 0.572265626953125 0.8310546875 0.58984375 0.8583984375 0.6796875 0.8349609375
10 0.5107421875 0.880859373046875 0.533203126953125 0.8623046875 0.5625 0.7646484375 0.5419921875 0.73828125 0.5146484375 0.73046875 0.4697265625 0.748046873046875 0.45703125 0.7705078125 0.474609373046875 0.8271484375 0.470703126953125 0.8642578125 0.494140626953125 0.8798828125 0.5107421875 0.880859373046875
10 0.4140625 0.7412109375 0.3955078125 0.67578125 0.3330078125 0.666015626953125 0.296875 0.7041015625 0.294921873046875 0.7529296875 0.31640625 0.7705078125 0.4140625 0.7412109375
10 0.5087890625 0.73046875 0.5390625 0.7001953125 0.548828126953125 0.6533203125 0.5283203125 0.625 0.4697265625 0.62109375 0.4482421875 0.6328125 0.4326171875 0.625 0.40234375 0.6611328125 0.419921873046875 0.7314453125 0.453125 0.7431640625 0.5087890625 0.73046875
10 0.33203125 0.8427734375 0.322265626953125 0.7783203125 0.3017578125 0.767578126953125 0.27734375 0.7822265625 0.263671873046875 0.8212890625 0.263671873046875 0.8544921875 0.279296873046875 0.8759765625 0.33203125 0.8427734375
10 0.279296873046875 0.7744140625 0.2490234375 0.7578125 0.2080078125 0.759765626953125 0.1953125 0.8193359375 0.2353515625 0.828125 0.2578125 0.8505859375 0.279296873046875 0.7744140625
10 0.3935546875 0.66015625 0.423828126953125 0.6337890625 0.42578125 0.5888671875 0.3974609375 0.556640626953125 0.3544921875 0.546875 0.302734373046875 0.5693359375 0.294921873046875 0.6298828125 0.3134765625 0.654296873046875 0.33984375 0.6650390625 0.3935546875 0.66015625
10 0.541015626953125 0.6142578125 0.56640625 0.5654296875 0.564453126953125 0.5322265625 0.5380859375 0.50390625 0.4716796875 0.494140626953125 0.435546873046875 0.5224609375 0.42578125 0.5751953125 0.4560546875 0.609375 0.498046873046875 0.6201171875 0.541015626953125 0.6142578125
10 0.6103515625 0.52734375 0.630859373046875 0.5009765625 0.634765626953125 0.4599609375 0.5986328125 0.42578125 0.5341796875 0.4296875 0.501953126953125 0.4599609375 0.49609375 0.4892578125 0.5439453125 0.505859373046875 0.568359373046875 0.5361328125 0.6103515625 0.52734375
10 0.591796873046875 0.6240234375 0.59375 0.5830078125 0.5732421875 0.560546873046875 0.53515625 0.6240234375 0.55078125 0.6533203125 0.591796873046875 0.6240234375
10 0.4462890625 0.5 0.4111328125 0.505859373046875 0.373046873046875 0.5419921875 0.41796875 0.5732421875 0.4462890625 0.5
10 0.720703126953125 0.9287109375 0.716796873046875 0.8759765625 0.6826171875 0.841796873046875 0.6220703125 0.849609373046875 0.58203125 0.8876953125 0.587890626953125 0.9482421875 0.630859373046875 0.9794921875 0.720703126953125 0.9287109375
10 0.7880859375 0.8984375 0.8125 0.8740234375 0.802734373046875 0.8310546875 0.7705078125 0.806640626953125 0.68359375 0.8310546875 0.712890626953125 0.8642578125 0.724609373046875 0.9072265625 0.75 0.9130859375 0.7880859375 0.8984375
10 0.7666015625 0.802734373046875 0.775390626953125 0.7744140625 0.767578126953125 0.7275390625 0.7255859375 0.685546873046875 0.6845703125 0.6953125 0.662109373046875 0.7451171875 0.671875 0.7900390625 0.70703125 0.8173828125 0.7666015625 0.802734373046875
10 0.2119140625 0.0703125 0.244140626953125 0.0615234375 0.2421875 0.0400390625 0.2177734375 0.021484373046875 0.1845703125 0.025390626953125 0.166015626953125 0.0419921875 0.16015625 0.0830078125 0.1875 0.1103515625 0.2119140625 0.0703125
10 0.3154296875 0.060546873046875 0.31640625 0.0517578125 0.3037109375 0.025390626953125 0.2724609375 0.01953125 0.248046873046875 0.0322265625 0.25 0.0595703125 0.3154296875 0.060546873046875
10 0.2802734375 0.017578126953125 0.28125 0.0009765625 0.19921875 0.0009765625 0.1982421875 0.017578126953125 0.240234373046875 0.0341796875 0.2802734375 0.017578126953125