11 0.701171875 0.4189453125 0.697265625 0.3876953125 0.6865234375 0.373046875 0.6376953125 0.3515625 0.5966796875 0.34765625 0.5419921875 0.359375 0.505859375 0.3896484375 0.482421875 0.4541015625 0.484375 0.4677734375 0.5400390625 0.50390625 0.578125 0.5048828125 0.6337890625 0.494140625 0.673828125 0.4658203125 0.6796875 0.4443359375 0.701171875 0.4189453125
11 0.623046875 0.5478515625 0.6064453125 0.5234375 0.5205078125 0.5078125 0.4853515625 0.5234375 0.462890625 0.5478515625 0.431640625 0.6083984375 0.431640625 0.6279296875 0.4560546875 0.65625 0.5078125 0.6650390625 0.5458984375 0.658203125 0.619140625 0.5908203125 0.625 0.5712890625 0.623046875 0.5478515625
11 0.703125 0.6396484375 0.6865234375 0.62109375 0.6455078125 0.595703125 0.6181640625 0.599609375 0.5751953125 0.630859375 0.560546875 0.6474609375 0.54296875 0.6923828125 0.544921875 0.7275390625 0.556640625 0.7548828125 0.6044921875 0.79296875 0.63671875 0.7958984375 0.697265625 0.7587890625 0.716796875 0.7001953125 0.71484375 0.6708984375 0.703125 0.6396484375
11 1 0.5869140625 0.9697265625 0.578125 0.9365234375 0.58203125 0.8974609375 0.599609375 0.876953125 0.6259765625 0.8671875 0.6572265625 0.880859375 0.7275390625 0.9091796875 0.75 0.96484375 0.7568359375 1 0.7490234375 1 0.5869140625
11 0.94921875 0.8056640625 0.9228515625 0.7734375 0.8837890625 0.744140625 0.8486328125 0.734375 0.7958984375 0.73828125 0.740234375 0.8095703125 0.75390625 0.8583984375 0.7626953125 0.869140625 0.8134765625 0.8984375 0.892578125 0.9013671875 0.9208984375 0.892578125 0.9453125 0.8701171875 0.958984375 0.8427734375 0.94921875 0.8056640625
11 0.544921875 0.8447265625 0.537109375 0.7958984375 0.5068359375 0.763671875 0.4755859375 0.75390625 0.4306640625 0.763671875 0.396484375 0.7958984375 0.380859375 0.8232421875 0.37109375 0.8701171875 0.3828125 0.9150390625 0.3955078125 0.9296875 0.46875 0.9326171875 0.4912109375 0.92578125 0.517578125 0.9013671875 0.541015625 0.8623046875 0.544921875 0.8447265625
11 0.23828125 0.7041015625 0.23046875 0.6806640625 0.1962890625 0.654296875 0.1572265625 0.650390625 0.1298828125 0.658203125 0.0986328125 0.677734375 0.0859375 0.6962890625 0.076171875 0.7392578125 0.078125 0.7744140625 0.1005859375 0.798828125 0.134765625 0.8017578125 0.1884765625 0.794921875 0.220703125 0.7646484375 0.236328125 0.7353515625 0.23828125 0.7041015625
11 0.2158203125 0.404296875 0.1826171875 0.388671875 0.1435546875 0.37890625 0.1181640625 0.38671875 0.107421875 0.4033203125 0.10546875 0.4580078125 0.109375 0.4775390625 0.1328125 0.5185546875 0.1572265625 0.541015625 0.1826171875 0.552734375 0.26171875 0.5595703125 0.27734375 0.5419921875 0.26171875 0.4599609375 0.244140625 0.4306640625 0.2158203125 0.404296875
11 0.4296875 0.2275390625 0.4248046875 0.22265625 0.3876953125 0.208984375 0.3505859375 0.2109375 0.3115234375 0.234375 0.291015625 0.2607421875 0.27734375 0.3037109375 0.27734375 0.3427734375 0.3017578125 0.361328125 0.3359375 0.3642578125 0.3798828125 0.3515625 0.423828125 0.3076171875 0.431640625 0.2724609375 0.4296875 0.2275390625
11 0.5732421875 0.201171875 0.5439453125 0.19140625 0.4970703125 0.1953125 0.4775390625 0.203125 0.4599609375 0.22265625 0.43359375 0.2314453125 0.4345703125 0.30078125 0.4892578125 0.30078125 0.5380859375 0.32421875 0.552734375 0.3232421875 0.5859375 0.3056640625 0.60546875 0.2685546875 0.599609375 0.2412109375 0.5732421875 0.201171875
11 0.736328125 0.2919921875 0.7099609375 0.26953125 0.6611328125 0.251953125 0.6181640625 0.263671875 0.591796875 0.2978515625 0.599609375 0.3388671875 0.6650390625 0.359375 0.70703125 0.3896484375 0.732421875 0.3681640625 0.744140625 0.3447265625 0.744140625 0.3154296875 0.736328125 0.2919921875
11 0.5166015625 0.3125 0.4892578125 0.302734375 0.4345703125 0.306640625 0.423828125 0.3154296875 0.419921875 0.3447265625 0.42578125 0.4130859375 0.4521484375 0.4375 0.484375 0.4443359375 0.505859375 0.3876953125 0.5390625 0.3583984375 0.5390625 0.3330078125 0.5166015625 0.3125
11 0.423828125 0.4150390625 0.3994140625 0.396484375 0.3720703125 0.38671875 0.3408203125 0.388671875 0.3134765625 0.3984375 0.294921875 0.4150390625 0.279296875 0.4521484375 0.302734375 0.4775390625 0.306640625 0.4931640625 0.3291015625 0.513671875 0.3505859375 0.521484375 0.369140625 0.5205078125 0.3994140625 0.513671875 0.431640625 0.4892578125 0.44140625 0.4462890625 0.423828125 0.4150390625
11 0.498046875 0.5107421875 0.498046875 0.5029296875 0.4873046875 0.49609375 0.4365234375 0.49609375 0.4228515625 0.501953125 0.3916015625 0.5234375 0.365234375 0.5595703125 0.365234375 0.5908203125 0.376953125 0.6201171875 0.3955078125 0.638671875 0.421875 0.6396484375 0.4296875 0.6337890625 0.431640625 0.6064453125 0.45703125 0.5537109375 0.498046875 0.5107421875
11 0.38671875 0.6474609375 0.3662109375 0.6328125 0.3251953125 0.6328125 0.3095703125 0.638671875 0.25 0.7080078125 0.25390625 0.7294921875 0.2724609375 0.748046875 0.3056640625 0.763671875 0.33203125 0.7626953125 0.3525390625 0.759765625 0.3828125 0.7392578125 0.39453125 0.6669921875 0.38671875 0.6474609375
11 0.2841796875 0.546875 0.2626953125 0.564453125 0.1884765625 0.55859375 0.177734375 0.5849609375 0.1796875 0.6435546875 0.2216796875 0.666015625 0.23828125 0.6904296875 0.25 0.6943359375 0.287109375 0.6650390625 0.310546875 0.6142578125 0.3046875 0.5673828125 0.2841796875 0.546875
11 0.5390625 0.7294921875 0.54296875 0.6728515625 0.5380859375 0.66796875 0.4541015625 0.66015625 0.4423828125 0.646484375 0.4189453125 0.654296875 0.396484375 0.6826171875 0.38671875 0.7353515625 0.3994140625 0.7578125 0.42578125 0.7626953125 0.4560546875 0.75390625 0.5048828125 0.7578125 0.5185546875 0.75 0.5390625 0.7294921875
11 0.380859375 0.8173828125 0.400390625 0.7861328125 0.396484375 0.7724609375 0.3857421875 0.763671875 0.3642578125 0.759765625 0.3037109375 0.771484375 0.2646484375 0.79296875 0.25390625 0.8095703125 0.244140625 0.8720703125 0.259765625 0.9091796875 0.2919921875 0.93359375 0.322265625 0.9384765625 0.3564453125 0.9296875 0.375 0.9091796875 0.373046875 0.8427734375 0.380859375 0.8173828125
11 0.271484375 0.7822265625 0.2431640625 0.740234375 0.234375 0.7431640625 0.22265625 0.7646484375 0.1904296875 0.796875 0.1337890625 0.8046875 0.119140625 0.8310546875 0.125 0.9033203125 0.197265625 0.9228515625 0.232421875 0.8994140625 0.240234375 0.8818359375 0.248046875 0.8212890625 0.271484375 0.7822265625
11 0 0.9423828125 0.0166015625 0.951171875 0.044921875 0.9541015625 0.0830078125 0.943359375 0.111328125 0.9150390625 0.119140625 0.8779296875 0.115234375 0.8349609375 0.11328125 0.8271484375 0.0947265625 0.814453125 0.0693359375 0.806640625 0.0283203125 0.8046875 0 0.8232421875 0 0.9423828125
11 0.166015625 0.5556640625 0.125 0.5146484375 0.115234375 0.4931640625 0.1005859375 0.48046875 0.0830078125 0.48046875 0.0703125 0.4873046875 0.0556640625 0.515625 0.01171875 0.5419921875 0.005859375 0.5634765625 0.01953125 0.5888671875 0.033203125 0.6513671875 0.09375 0.6767578125 0.162109375 0.6416015625 0.173828125 0.6162109375 0.173828125 0.5810546875 0.166015625 0.5556640625
11 0.8671875 0.6494140625 0.884765625 0.6064453125 0.8623046875 0.59375 0.8271484375 0.59375 0.765625 0.6494140625 0.76171875 0.6787109375 0.771484375 0.7021484375 0.8076171875 0.728515625 0.869140625 0.7314453125 0.876953125 0.7255859375 0.876953125 0.7158203125 0.8671875 0.6845703125 0.8671875 0.6494140625
11 0.80078125 0.5283203125 0.7822265625 0.5078125 0.7548828125 0.490234375 0.7158203125 0.482421875 0.6767578125 0.484375 0.658203125 0.5009765625 0.64453125 0.5341796875 0.64453125 0.5693359375 0.65234375 0.5908203125 0.7177734375 0.640625 0.765625 0.6416015625 0.7919921875 0.626953125 0.8125 0.5986328125 0.814453125 0.5693359375 0.80078125 0.5283203125
11 0.9130859375 0.466796875 0.900390625 0.4736328125 0.8818359375 0.50390625 0.814453125 0.5244140625 0.814453125 0.5458984375 0.8310546875 0.57421875 0.8583984375 0.58984375 0.896484375 0.5966796875 0.9365234375 0.580078125 0.9990234375 0.576171875 1 0.4990234375 0.9130859375 0.466796875
11 0.908203125 0.4208984375 0.884765625 0.3740234375 0.8642578125 0.35546875 0.8330078125 0.341796875 0.8076171875 0.341796875 0.759765625 0.3642578125 0.7421875 0.4111328125 0.7421875 0.4619140625 0.7607421875 0.48828125 0.7900390625 0.5078125 0.8359375 0.5146484375 0.8740234375 0.505859375 0.884765625 0.4970703125 0.90625 0.4560546875 0.908203125 0.4208984375
11 1 0.2939453125 0.9775390625 0.275390625 0.9326171875 0.275390625 0.8974609375 0.2890625 0.8828125 0.2998046875 0.86328125 0.3486328125 0.904296875 0.4013671875 0.912109375 0.4541015625 0.9501953125 0.47265625 1 0.4736328125 1 0.2939453125
11 0.275390625 0.3076171875 0.2890625 0.2509765625 0.2744140625 0.228515625 0.2373046875 0.220703125 0.2158203125 0.228515625 0.19921875 0.2451171875 0.181640625 0.2919921875 0.201171875 0.3564453125 0.2314453125 0.373046875 0.25 0.3720703125 0.2646484375 0.369140625 0.28125 0.3564453125 0.275390625 0.3408203125 0.275390625 0.3076171875
11 0.181640625 0.3154296875 0.1572265625 0.283203125 0.1357421875 0.271484375 0.0791015625 0.28125 0.060546875 0.3095703125 0.0625 0.3681640625 0.0791015625 0.384765625 0.11328125 0.3876953125 0.1337890625 0.376953125 0.1611328125 0.380859375 0.1875 0.3544921875 0.181640625 0.3154296875
11 0.107421875 0.3974609375 0.0927734375 0.388671875 0.0673828125 0.388671875 0.0439453125 0.396484375 0.017578125 0.4287109375 0.015625 0.4619140625 0.021484375 0.4853515625 0.0380859375 0.509765625 0.0546875 0.5107421875 0.0732421875 0.482421875 0.1044921875 0.478515625 0.107421875 0.4736328125 0.107421875 0.3974609375
11 0.0693359375 0.26171875 0.0517578125 0.25390625 0.0009765625 0.25390625 0 0.3681640625 0.0380859375 0.384765625 0.05078125 0.3837890625 0.060546875 0.3720703125 0.060546875 0.3056640625 0.080078125 0.2763671875 0.0693359375 0.26171875
11 0.6806640625 0.77734375 0.6416015625 0.796875 0.6142578125 0.798828125 0.5712890625 0.767578125 0.5576171875 0.76953125 0.544921875 0.7861328125 0.54296875 0.8017578125 0.546875 0.8349609375 0.560546875 0.8642578125 0.6044921875 0.888671875 0.650390625 0.8876953125 0.6923828125 0.873046875 0.7265625 0.8271484375 0.7265625 0.8134765625 0.6806640625 0.77734375
11 0.97265625 0.8486328125 1 0.8681640625 0.9970703125 0.751953125 0.962890625 0.7646484375 0.958984375 0.8037109375 0.97265625 0.8486328125
11 0.7255859375 0.69140625 0.71875 0.6982421875 0.6953125 0.7744140625 0.7177734375 0.8046875 0.734375 0.8115234375 0.755859375 0.7900390625 0.796875 0.7294921875 0.7548828125 0.6953125 0.7255859375 0.69140625
11 0.0859375 0.6865234375 0.0537109375 0.66015625 0.0361328125 0.658203125 0.005859375 0.6962890625 0.005859375 0.7529296875 0.0283203125 0.798828125 0.087890625 0.8056640625 0.091796875 0.7998046875 0.078125 0.7802734375 0.07421875 0.7607421875 0.0859375 0.6865234375
11 0.876953125 0.3076171875 0.87109375 0.2646484375 0.875 0.2275390625 0.8642578125 0.212890625 0.8388671875 0.212890625 0.7900390625 0.232421875 0.7734375 0.2451171875 0.76171875 0.2744140625 0.7421875 0.2900390625 0.74609375 0.3466796875 0.759765625 0.3564453125 0.7978515625 0.341796875 0.8544921875 0.34375 0.861328125 0.3388671875 0.876953125 0.3076171875
11 0.70703125 0.3974609375 0.705078125 0.4189453125 0.681640625 0.4443359375 0.67578125 0.4716796875 0.6826171875 0.478515625 0.744140625 0.4814453125 0.740234375 0.4169921875 0.7529296875 0.373046875 0.7275390625 0.376953125 0.70703125 0.3974609375
11 0.5908203125 0.208984375 0.583984375 0.2158203125 0.59765625 0.2373046875 0.603515625 0.2626953125 0.611328125 0.2666015625 0.6474609375 0.25 0.65234375 0.2412109375 0.6259765625 0.21484375 0.5908203125 0.208984375
11 0.7490234375 0.21484375 0.7001953125 0.216796875 0.6640625 0.2353515625 0.6650390625 0.251953125 0.7001953125 0.263671875 0.7294921875 0.283203125 0.73828125 0.2822265625 0.74609375 0.2626953125 0.771484375 0.2431640625 0.767578125 0.2314453125 0.7490234375 0.21484375
11 0.279296875 0.4365234375 0.3076171875 0.400390625 0.3359375 0.3857421875 0.3330078125 0.373046875 0.3017578125 0.36328125 0.2392578125 0.376953125 0.21484375 0.3974609375 0.25 0.4345703125 0.263671875 0.4619140625 0.2734375 0.5087890625 0.28125 0.5087890625 0.298828125 0.4951171875 0.298828125 0.4833984375 0.27734375 0.4580078125 0.279296875 0.4365234375
11 0.3681640625 0.525390625 0.3310546875 0.517578125 0.3193359375 0.50390625 0.3056640625 0.5 0.283203125 0.5185546875 0.283203125 0.5400390625 0.306640625 0.5693359375 0.3125 0.6044921875 0.3212890625 0.611328125 0.345703125 0.6103515625 0.36328125 0.6005859375 0.36328125 0.5615234375 0.373046875 0.5341796875 0.3681640625 0.525390625
11 1 0.1728515625 0.9833984375 0.17578125 0.9736328125 0.16796875 0.9560546875 0.16796875 0.927734375 0.1943359375 0.931640625 0.2138671875 0.9453125 0.2236328125 0.951171875 0.2685546875 0.9794921875 0.2734375 1 0.2841796875 1 0.1728515625
11 0.9130859375 0.216796875 0.8916015625 0.220703125 0.876953125 0.2314453125 0.87109375 0.2626953125 0.87890625 0.2939453125 0.884765625 0.2939453125 0.9189453125 0.27734375 0.947265625 0.2724609375 0.9384765625 0.22265625 0.9130859375 0.216796875