1 0.3563218388671875 0.2011494248046875 0.367816091796875 0.2318007666015625 0.39080459765625 0.2547892724609375 0.4923371650390625 0.2892720302734375 0.56704980859375 0.2260536396484375 0.5804597705078125 0.1877394638671875 0.5804597705078125 0.1647509580078125 0.563218390625 0.128352490234375 0.5325670498046875 0.103448275390625 0.4482758623046875 0.0766283525390625 0.3659003828125 0.1455938701171875 0.3563218388671875 0.168582375 0.3563218388671875 0.2011494248046875
1 0.2681992333984375 0.32758620703125 0.258620689453125 0.3544061298828125 0.258620689453125 0.3850574716796875 0.26436781640625 0.4061302685546875 0.2950191572265625 0.4425287353515625 0.3396676357421875 0.4435522373046875 0.3869731796875 0.45402298828125 0.438697318359375 0.4291187744140625 0.4865900380859375 0.39080459765625 0.498084291015625 0.3639846748046875 0.49616858203125 0.321839080078125 0.4846743291015625 0.300766283203125 0.4425287353515625 0.2739463603515625 0.346743294921875 0.2490421455078125 0.331417625 0.2720306513671875 0.2950191572265625 0.2950191572265625 0.2681992333984375 0.32758620703125
1 0.4444444443359375 0.4214559384765625 0.4272030654296875 0.438697318359375 0.4157088125 0.4712643681640625 0.4195402294921875 0.5 0.4425287353515625 0.540229884765625 0.473180076171875 0.565134099609375 0.5287356318359375 0.586206896484375 0.5919540234375 0.5766283525390625 0.6398467431640625 0.5306513408203125 0.647509578125 0.5114942529296875 0.6455938701171875 0.4636015322265625 0.6245210732421875 0.4214559384765625 0.54214559375 0.3563218388671875 0.5095785439453125 0.388888888671875 0.4693486591796875 0.4003831416015625 0.4444444443359375 0.4214559384765625
1 0.220306513671875 0.526819923828125 0.2241379306640625 0.5938697314453125 0.2509578544921875 0.62643678125 0.300766283203125 0.628352490234375 0.367816091796875 0.65134099609375 0.394636015625 0.6360153251953125 0.431034482421875 0.590038314453125 0.436781609375 0.56704980859375 0.43295019140625 0.521072796875 0.41187739453125 0.480842912109375 0.3831417626953125 0.45402298828125 0.352490421875 0.4425287353515625 0.2988505751953125 0.4425287353515625 0.2605363984375 0.459770115234375 0.2279693486328125 0.498084291015625 0.220306513671875 0.526819923828125
1 0.1245210732421875 0.7279693486328125 0.1226053642578125 0.7739463603515625 0.1340996171875 0.80651341015625 0.1628352490234375 0.8371647509765625 0.212643677734375 0.8563218388671875 0.2758620693359375 0.8601532568359375 0.3180076630859375 0.846743294921875 0.367816091796875 0.8180076630859375 0.388888888671875 0.78544061328125 0.4003831416015625 0.733716474609375 0.3850574716796875 0.6839080458984375 0.3544061298828125 0.65134099609375 0.3026819921875 0.628352490234375 0.2547892724609375 0.6245210732421875 0.1877394638671875 0.6455938701171875 0.1455938701171875 0.6839080458984375 0.1245210732421875 0.7279693486328125
1 0.4233716474609375 0.691570880859375 0.41187739453125 0.7241379306640625 0.409961685546875 0.7605363984375 0.4272030654296875 0.808429119140625 0.4655172412109375 0.8448275859375 0.5134099619140625 0.8639846748046875 0.561302681640625 0.867816091796875 0.603448275390625 0.8601532568359375 0.649425287109375 0.825670498046875 0.6666666669921875 0.7892720302734375 0.670498083984375 0.73563218359375 0.6551724140625 0.6973180078125 0.5766283525390625 0.632183908203125 0.56704980859375 0.632183908203125 0.4865900380859375 0.6455938701171875 0.455938697265625 0.6609195400390625 0.4233716474609375 0.691570880859375
1 0.6877394638671875 0.7758620693359375 0.695402298828125 0.82758620703125 0.7241379306640625 0.8639846748046875 0.75670498046875 0.8793103447265626 0.8160919541015625 0.89080459765625 0.8754789267578125 0.8831417626953125 0.9061302685546875 0.8659003828125 0.9291187744140625 0.8390804599609375 0.936781609375 0.8180076630859375 0.936781609375 0.779693486328125 0.9157088125 0.7394636015625 0.9003831416015625 0.7260536396484375 0.852490421875 0.7088122607421875 0.8371647509765625 0.69348658984375 0.800766283203125 0.691570880859375 0.7183908046875 0.7241379306640625 0.7011494248046874 0.741379310546875 0.6877394638671875 0.7758620693359375
1 0.5977011494140625 0.5804597705078125 0.5996168583984375 0.62643678125 0.611111111328125 0.657088123046875 0.670498083984375 0.7030651337890625 0.7068965517578125 0.720306513671875 0.7279693486328125 0.720306513671875 0.7950191572265625 0.695402298828125 0.8333333330078125 0.6609195400390625 0.84865900390625 0.628352490234375 0.84865900390625 0.5996168583984375 0.831417625 0.565134099609375 0.766283525390625 0.5287356318359375 0.7471264365234375 0.5 0.72222222265625 0.4904214560546875 0.699233716796875 0.5076628349609374 0.632183908203125 0.5344827587890625 0.5977011494140625 0.5804597705078125
1 0.49616858203125 0.300766283203125 0.49616858203125 0.3333333330078125 0.5114942529296875 0.3639846748046875 0.52490421484375 0.367816091796875 0.5498084287109375 0.3582375478515625 0.5727969345703126 0.3850574716796875 0.6130268203125 0.4080459765625 0.63026819921875 0.4080459765625 0.6896551728515625 0.3850574716796875 0.7107279697265625 0.3620689658203125 0.72222222265625 0.325670498046875 0.720306513671875 0.2969348662109375 0.7088122607421875 0.27777777734375 0.6398467431640625 0.220306513671875 0.6226053642578125 0.2183908046875 0.547892720703125 0.2471264365234375 0.501915708984375 0.287356322265625 0.49616858203125 0.300766283203125
1 0.6226053642578125 0.413793103515625 0.647509578125 0.46168582421875 0.6455938701171875 0.526819923828125 0.7011494248046874 0.5095785439453125 0.716475095703125 0.4942528740234375 0.7298850576171875 0.4923371650390625 0.7471264365234375 0.501915708984375 0.7720306513671875 0.5325670498046875 0.7988505751953126 0.540229884765625 0.8160919541015625 0.498084291015625 0.808429119140625 0.4425287353515625 0.7681992333984375 0.394636015625 0.7030651337890625 0.36973180078125 0.6858237548828126 0.3869731796875 0.6436781611328125 0.3984674326171875 0.6226053642578125 0.413793103515625
1 0.082375478515625 0.6398467431640625 0.0785440615234375 0.6973180078125 0.0957854404296875 0.7279693486328125 0.1206896552734375 0.7490421455078125 0.1436781611328125 0.6858237548828126 0.1858237548828125 0.6455938701171875 0.24329501953125 0.6245210732421875 0.2260536396484375 0.603448275390625 0.220306513671875 0.568965517578125 0.191570880859375 0.565134099609375 0.1551724140625 0.5727969345703126 0.1245210732421875 0.590038314453125 0.082375478515625 0.6398467431640625