1 0.58 0.688103298828125 0.56 0.6325477431640625 0.5233333330078125 0.5914366318359375 0.478888888671875 0.56921441015625 0.418888888671875 0.5625477431640625 0.3744444443359375 0.575881076171875 0.33777777734375 0.6036588544921875 0.3066666669921875 0.648103298828125 0.2955555556640625 0.7014366318359375 0.3066666669921875 0.765881076171875 0.3455555556640625 0.815881076171875 0.3744444443359375 0.8336588544921875 0.4333333330078125 0.8325477431640625 0.49222222265625 0.8003255205078125 0.55 0.7914366318359375 0.5755555556640625 0.7436588544921875 0.58 0.688103298828125
1 0.91777777734375 0.5125477431640625 0.8744444443359375 0.4714366318359375 0.821111111328125 0.4536588544921875 0.7544444443359375 0.4514366318359375 0.7144444443359375 0.4736588544921875 0.6855555556640625 0.475881076171875 0.6644444443359375 0.5014366318359375 0.65777777734375 0.5636588544921876 0.6866666669921875 0.648103298828125 0.7233333330078126 0.68476996484375 0.778888888671875 0.6803255205078125 0.85777777734375 0.69476996484375 0.911111111328125 0.6569921875 0.9355555556640625 0.6125477431640625 0.93777777734375 0.55476996484375 0.91777777734375 0.5125477431640625
1 0.68222222265625 0.4636588544921875 0.668888888671875 0.4303255205078125 0.6566666669921875 0.42921441015625 0.62777777734375 0.4025477431640625 0.55 0.395881076171875 0.51222222265625 0.4136588544921875 0.491111111328125 0.43476996484375 0.48222222265625 0.5414366318359375 0.491111111328125 0.55921441015625 0.5633333330078125 0.62476996484375 0.60222222265625 0.625881076171875 0.6333333330078125 0.605881076171875 0.6533333330078125 0.5614366318359375 0.65777777734375 0.5103255205078125 0.68222222265625 0.4636588544921875
1 0 0.728103298828125 0.021111111328125 0.7469921875 0.06777777734375 0.76476996484375 0.138888888671875 0.7625477431640625 0.1266666669921875 0.825881076171875 0.14 0.8303255205078125 0.1833333330078125 0.80476996484375 0.2133333330078125 0.7614366318359375 0.22222222265625 0.7414366318359376 0.2155555556640625 0.7236588544921875 0.231111111328125 0.7103255205078125 0.26222222265625 0.6503255205078124 0.2666666669921875 0.5969921875 0.2444444443359375 0.548103298828125 0.2033333330078125 0.5069921875 0.1366666669921875 0.4714366318359375 0.10777777734375 0.46921441015625 0.041111111328125 0.4869921875 0 0.5169921875 0 0.728103298828125
1 0.4866666669921875 0.4214366318359375 0.46222222265625 0.368103298828125 0.4255555556640625 0.3336588544921875 0.3766666669921875 0.315881076171875 0.321111111328125 0.3136588544921875 0.2744444443359375 0.3314366318359375 0.24222222265625 0.35921441015625 0.2266666669921875 0.3814366318359375 0.2133333330078125 0.428103298828125 0.22222222265625 0.4814366318359375 0.24222222265625 0.5214366318359375 0.281111111328125 0.555881076171875 0.3444444443359375 0.5725477431640625 0.42777777734375 0.558103298828125 0.4555555556640625 0.53476996484375 0.4844444443359375 0.47921441015625 0.4866666669921875 0.4214366318359375
1 0.4555555556640625 0.2414366318359375 0.4555555556640625 0.1703255205078125 0.1966666669921875 0.1669921875 0.1955555556640625 0.2169921875 0.21777777734375 0.2703255205078125 0.25222222265625 0.3069921875 0.2844444443359375 0.3214366318359375 0.3166666669921875 0.3114366318359375 0.4055555556640625 0.3136588544921875 0.4355555556640625 0.2814366318359375 0.4555555556640625 0.2414366318359375
1 0.1955555556640625 0.2214366318359375 0.1744444443359375 0.198103298828125 0.141111111328125 0.1803255205078125 0.10777777734375 0.1736588544921875 0.058888888671875 0.1803255205078125 0.03 0.195881076171875 0.00222222265625 0.23476996484375 0.00222222265625 0.268103298828125 0.02 0.3303255205078125 0.0633333330078125 0.3936588544921875 0.1466666669921875 0.4036588544921875 0.2055555556640625 0.3803255205078125 0.22222222265625 0.3569921875 0.21777777734375 0.288103298828125 0.1955555556640625 0.2214366318359375
1 0.79777777734375 0.2769921875 0.76777777734375 0.2469921875 0.73 0.22921441015625 0.678888888671875 0.2314366318359375 0.6433333330078125 0.24921441015625 0.6066666669921875 0.288103298828125 0.5955555556640625 0.3236588544921875 0.59777777734375 0.35921441015625 0.6166666669921875 0.395881076171875 0.67222222265625 0.4225477431640625 0.7033333330078125 0.4514366318359375 0.7355555556640625 0.45476996484375 0.77222222265625 0.4314366318359375 0.8044444443359375 0.3903255205078125 0.8133333330078125 0.3125477431640625 0.79777777734375 0.2769921875
1 1 0.1725477431640625 0.978888888671875 0.1714366318359375 0.93222222265625 0.1869921875 0.8844444443359375 0.2325477431640625 0.8644444443359375 0.2769921875 0.86 0.3214366318359375 0.87777777734375 0.37476996484375 0.90777777734375 0.40921441015625 0.9655555556640625 0.438103298828125 1 0.4369921875 1 0.1725477431640625
1 0.9355555556640625 0.7769921875 0.92222222265625 0.71921441015625 0.91222222265625 0.715881076171875 0.90777777734375 0.72921441015625 0.8144444443359375 0.6869921875 0.74777777734375 0.68476996484375 0.71 0.7003255205078125 0.668888888671875 0.7414366318359376 0.651111111328125 0.785881076171875 0.6533333330078125 0.8236588544921875 0.67 0.8336588544921875 0.92222222265625 0.8336588544921875 0.9355555556640625 0.8303255205078125 0.9355555556640625 0.7769921875
1 1 0.63921441015625 0.93222222265625 0.6314366318359375 0.86 0.7014366318359375 0.898888888671875 0.72476996484375 0.91 0.7114366318359375 0.9244444443359375 0.7169921875 0.941111111328125 0.8336588544921875 1 0.8336588544921875 1 0.63921441015625
1 0.55 0.7936588544921875 0.4966666669921875 0.8003255205078125 0.4466666669921875 0.8336588544921875 0.64222222265625 0.8336588544921875 0.598888888671875 0.80476996484375 0.55 0.7936588544921875
1 0.4944444443359375 0.2914366318359375 0.441111111328125 0.2803255205078125 0.4044444443359375 0.3214366318359375 0.451111111328125 0.3525477431640625 0.4933333330078125 0.4236588544921875 0.54222222265625 0.3925477431640625 0.54 0.345881076171875 0.5266666669921874 0.31921441015625 0.4944444443359375 0.2914366318359375