1 0.3833333330078125 0.19 0.3616666669921875 0.2416666669921875 0.3683333330078125 0.3116666669921875 0.39 0.3483333330078125 0.4116666669921875 0.3683333330078125 0.47 0.365 0.545 0.3833333330078125 0.5866666669921875 0.3483333330078125 0.605 0.315 0.6166666669921875 0.2783333330078125 0.6116666669921875 0.2233333330078125 0.5883333330078125 0.185 0.5583333330078125 0.1566666669921875 0.5166666669921876 0.14 0.475 0.1383333330078125 0.4516666669921875 0.1516666669921875 0.4166666669921875 0.16 0.3833333330078125 0.19
1 0.0766666669921875 0.2583333330078125 0.0766666669921875 0.2966666669921875 0.095 0.3433333330078125 0.1183333330078125 0.3716666669921875 0.1633333330078125 0.3966666669921875 0.195 0.405 0.265 0.3766666669921875 0.2866666669921875 0.36 0.3083333330078125 0.3233333330078125 0.31 0.2716666669921875 0.2966666669921875 0.2366666669921875 0.2616666669921875 0.1966666669921875 0.2216666669921875 0.18 0.1716666669921875 0.1783333330078125 0.1266666669921875 0.1916666669921875 0.095 0.2183333330078125 0.0766666669921875 0.2583333330078125
1 0.355 0.4316666669921875 0.3516666669921875 0.4883333330078125 0.3716666669921875 0.5433333330078125 0.4033333330078125 0.5766666669921875 0.4383333330078125 0.5916666669921875 0.4766666669921875 0.595 0.5383333330078125 0.5816666669921875 0.5733333330078125 0.5233333330078125 0.58 0.4966666669921875 0.5783333330078125 0.455 0.5633333330078125 0.4183333330078125 0.5383333330078125 0.39 0.5083333330078125 0.3733333330078125 0.43 0.365 0.3866666669921875 0.385 0.3666666669921875 0.4066666669921875 0.355 0.4316666669921875
1 0.0483333330078125 0.4966666669921875 0.0533333330078125 0.545 0.0633333330078125 0.5683333330078125 0.08 0.5716666669921875 0.0833333330078125 0.595 0.0933333330078125 0.605 0.1516666669921875 0.6266666669921875 0.1966666669921875 0.625 0.2316666669921875 0.6083333330078124 0.2583333330078125 0.5816666669921875 0.2766666669921875 0.52 0.2716666669921875 0.48 0.2483333330078125 0.4433333330078125 0.2183333330078125 0.4216666669921875 0.1766666669921875 0.4066666669921875 0.13 0.405 0.0883333330078125 0.4233333330078125 0.06 0.455 0.0483333330078125 0.4966666669921875
1 0.3083333330078125 0.77 0.2883333330078125 0.8033333330078125 0.2833333330078125 0.8683333330078125 0.2916666669921875 0.8933333330078125 0.3266666669921875 0.935 0.3533333330078125 0.9483333330078125 0.415 0.9533333330078125 0.44 0.945 0.485 0.9133333330078125 0.505 0.8783333330078125 0.5083333330078125 0.8216666669921875 0.4916666669921875 0.78 0.4583333330078125 0.745 0.4166666669921875 0.73 0.3666666669921875 0.7333333330078124 0.3383333330078125 0.745 0.3083333330078125 0.77
1 0.505 0.8066666669921875 0.51 0.865 0.495 0.9033333330078125 0.47 0.9366666669921875 0.4933333330078125 0.9633333330078125 0.53 0.9816666669921875 0.56 0.9866666669921875 0.6116666669921875 0.9833333330078124 0.655 0.9566666669921875 0.68 0.9183333330078125 0.6883333330078125 0.885 0.6816666669921875 0.8466666669921875 0.6866666669921875 0.82 0.6833333330078125 0.7866666669921875 0.6766666669921875 0.7833333330078125 0.67 0.79 0.58 0.7316666669921875 0.5383333330078125 0.725 0.5066666669921875 0.7333333330078124 0.4766666669921875 0.76 0.505 0.8066666669921875
1 0.8266666669921875 0.4783333330078125 0.8133333330078125 0.4766666669921875 0.8083333330078125 0.46 0.8 0.4616666669921875 0.8033333330078125 0.4766666669921875 0.7533333330078125 0.4683333330078125 0.7116666669921875 0.54 0.7083333330078125 0.5666666669921875 0.7266666669921875 0.6283333330078125 0.75 0.655 0.7916666669921875 0.6783333330078125 0.85 0.6816666669921875 0.88 0.6716666669921875 0.9233333330078125 0.6366666669921875 0.9416666669921875 0.6 0.9466666669921875 0.5483333330078125 0.9333333330078125 0.5116666669921875 0.9016666669921874 0.4733333330078125 0.8566666669921875 0.4516666669921875 0.8533333330078124 0.4633333330078125 0.8333333330078125 0.4633333330078125 0.8266666669921875 0.4783333330078125
1 0.6966666669921875 0.225 0.6883333330078125 0.2566666669921875 0.69 0.3 0.705 0.335 0.7533333330078125 0.3733333330078125 0.7933333330078125 0.3866666669921875 0.8233333330078125 0.3833333330078125 0.855 0.3666666669921875 0.89 0.325 0.9016666669921874 0.2933333330078125 0.8983333330078125 0.2466666669921875 0.8816666669921875 0.2083333330078125 0.8616666669921875 0.1833333330078125 0.835 0.1666666669921875 0.7966666669921875 0.1583333330078125 0.775 0.1166666669921875 0.7516666669921875 0.1133333330078125 0.76 0.1633333330078125 0.74 0.1733333330078125 0.6966666669921875 0.225
1 0.5766666669921875 0.4516666669921875 0.58 0.4966666669921875 0.575 0.5216666669921876 0.5833333330078125 0.53 0.6283333330078125 0.5466666669921875 0.6666666669921875 0.5466666669921875 0.72 0.52 0.7416666669921875 0.4966666669921875 0.755 0.47 0.805 0.4783333330078125 0.8016666669921875 0.4616666669921875 0.7616666669921875 0.4466666669921875 0.7566666669921875 0.4016666669921875 0.745 0.375 0.7233333330078126 0.35 0.6866666669921875 0.3283333330078125 0.6366666669921875 0.325 0.5916666669921875 0.3416666669921875 0.545 0.3883333330078125 0.5766666669921875 0.4516666669921875
1 0.525 0.595 0.53 0.6883333330078125 0.5466666669921875 0.7066666669921875 0.575 0.7233333330078126 0.61 0.735 0.6433333330078125 0.7283333330078124 0.6616666669921875 0.7383333330078125 0.6616666669921875 0.7316666669921875 0.6833333330078125 0.7166666669921875 0.7183333330078125 0.675 0.7283333330078124 0.6433333330078125 0.725 0.62 0.7016666669921875 0.5683333330078125 0.6883333330078125 0.555 0.5816666669921875 0.5366666669921875 0.5566666669921875 0.5533333330078125 0.5383333330078125 0.5883333330078125 0.525 0.595
1 0 0.87 0.0616666669921875 0.8866666669921875 0.1183333330078125 0.875 0.1666666669921875 0.845 0.1983333330078125 0.805 0.2116666669921875 0.7566666669921875 0.2033333330078125 0.69 0.1816666669921875 0.6533333330078125 0.1316666669921875 0.6183333330078125 0.0783333330078125 0.6066666669921875 0.025 0.6116666669921875 0 0.6233333330078125 0 0.87
1 0.5133333330078125 0.1233333330078125 0.52 0.1416666669921875 0.55 0.1516666669921875 0.5716666669921875 0.1683333330078125 0.5966666669921875 0.1983333330078125 0.6183333330078125 0.2433333330078125 0.6533333330078125 0.2416666669921875 0.69 0.2233333330078125 0.725 0.1866666669921875 0.7366666669921875 0.1583333330078125 0.7383333330078125 0.1016666669921875 0.7216666669921875 0.065 0.6833333330078125 0.0316666669921875 0.64 0.025 0.5766666669921875 0.0366666669921875 0.5216666669921876 0.085 0.5133333330078125 0.1233333330078125
1 0.325 0.6616666669921875 0.3366666669921875 0.7033333330078125 0.36 0.7333333330078124 0.425 0.7316666669921875 0.4683333330078125 0.7566666669921875 0.4783333330078125 0.7566666669921875 0.515 0.715 0.525 0.6866666669921875 0.5266666669921874 0.6466666669921876 0.51 0.5966666669921875 0.5033333330078125 0.59 0.4666666669921875 0.595 0.425 0.5883333330078125 0.385 0.5583333330078125 0.3766666669921875 0.5583333330078125 0.345 0.59 0.3283333330078125 0.6216666669921875 0.325 0.6616666669921875
1 0.295 0 0.2883333330078125 0.0466666669921875 0.3016666669921875 0.0966666669921875 0.3266666669921875 0.1266666669921875 0.3833333330078125 0.155 0.4183333330078125 0.1583333330078125 0.4666666669921875 0.145 0.5 0.115 0.5233333330078125 0.07 0.53 0.0383333330078125 0.5283333330078125 0 0.295 0