1 0.3709150322265625 0.7936261748046874 0.3790849677734375 0.7266327099609375 0.3717320263671875 0.7062078740234375 0.3570261435546875 0.7062078740234375 0.3096405224609375 0.730717677734375 0.28758169921875 0.760946435546875 0.2843137255859375 0.8336588544921875 0.3104575166015625 0.8336588544921875 0.3521241826171875 0.815684998046875 0.3709150322265625 0.7936261748046874
1 0.471405228515625 0.6473843447265625 0.4354575166015625 0.6424823837890625 0.4068627451171875 0.6612732333984375 0.3970588232421875 0.6825150634765625 0.3970588232421875 0.7315346708984375 0.406045751953125 0.740521599609375 0.4330065361328125 0.7413385927734375 0.4599673203125 0.735619638671875 0.4820261435546875 0.7151948017578125 0.49264705859375 0.6424823837890625 0.471405228515625 0.6473843447265625
1 0.2606209150390625 0.6522863046875 0.216503267578125 0.6522863046875 0.181372548828125 0.6710771552734375 0.169934640625 0.6988549326171875 0.1683006533203125 0.7299006845703125 0.174019607421875 0.7388876123046875 0.1895424833984375 0.73970460546875 0.2246732021484375 0.7339856513671875 0.2549019609375 0.7151948017578125 0.2647058828125 0.695586958984375 0.2606209150390625 0.6522863046875
1 0.3031045751953125 0.5852928408203125 0.294934640625 0.5852928408203125 0.2696078427734375 0.6253255205078125 0.2647058828125 0.6563712724609375 0.285947712890625 0.6972209453125 0.2908496728515625 0.7299006845703125 0.3006535947265625 0.738070619140625 0.3480392158203125 0.6825150634765625 0.3545751630859375 0.6400314033203125 0.33741830078125 0.6114366318359375 0.3031045751953125 0.5852928408203125
1 0.365196078125 0.5313712724609375 0.3080065361328125 0.5362732333984375 0.2933006533203125 0.5411751943359375 0.285947712890625 0.551796109375 0.28758169921875 0.563234017578125 0.3120915029296875 0.59427976953125 0.3357843134765625 0.60980264453125 0.3766339873046875 0.61470460546875 0.41748366015625 0.6065346708984375 0.4534313720703125 0.6261425146484375 0.47222222265625 0.6285934951171875 0.46732026171875 0.6138876123046875 0.42728758203125 0.5885608154296875 0.391339869140625 0.54444316796875 0.365196078125 0.5313712724609375
1 0.4379084970703125 0.622057546875 0.4158496728515625 0.608168658203125 0.3700980390625 0.617972580078125 0.361111111328125 0.6269595078125 0.3594771240234375 0.66454120703125 0.366013072265625 0.695586958984375 0.38235294140625 0.7086588544921875 0.3954248369140625 0.6939529716796875 0.4068627451171875 0.6612732333984375 0.4379084970703125 0.6367634296875 0.4379084970703125 0.622057546875
1 0.4093137255859375 0.7879072197265625 0.375 0.7911751943359375 0.356209150390625 0.81976996484375 0.358660130859375 0.8336588544921875 0.44281045703125 0.8336588544921875 0.431372548828125 0.803430095703125 0.4093137255859375 0.7879072197265625
1 0.2352941171875 0.7723843447265625 0.160947712890625 0.735619638671875 0.1683006533203125 0.75931244921875 0.1666666669921875 0.8116000302734375 0.1748366015625 0.827939900390625 0.183823529296875 0.8336588544921875 0.2450980390625 0.8336588544921875 0.2467320263671875 0.798528134765625 0.2352941171875 0.7723843447265625
1 0.1781045751953125 0.6138876123046875 0.1781045751953125 0.633495455078125 0.205065359375 0.6490183310546875 0.2581699345703125 0.6498353251953125 0.276143791015625 0.59918173046875 0.2540849677734375 0.5836588544921875 0.2197712421875 0.586926828125 0.1781045751953125 0.6138876123046875
1 0.2091503271484375 0.535456240234375 0.21241830078125 0.48970460546875 0.198529412109375 0.475815716796875 0.156045751953125 0.485619638671875 0.13725490234375 0.4978745400390625 0.1258169931640625 0.5338222529296875 0.12745098046875 0.5599660439453125 0.11274509765625 0.57957388671875 0.1258169931640625 0.58447584765625 0.1495098037109375 0.5738549326171875 0.1805555556640625 0.570586958984375 0.1993464052734375 0.558332056640625 0.2091503271484375 0.535456240234375
1 0.216503267578125 0.5624170244140625 0.2001633984375 0.5624170244140625 0.15767973828125 0.5836588544921875 0.133986927734375 0.5877438212890626 0.1732026142578125 0.6187895732421875 0.2116013076171875 0.5901948017578125 0.236111111328125 0.5820248671875 0.2369281044921875 0.57467192578125 0.216503267578125 0.5624170244140625
1 0.3243464052734375 0.52973728515625 0.3382352939453125 0.50931244921875 0.341503267578125 0.4700967626953125 0.3333333330078125 0.4374170244140625 0.3349673203125 0.3802274814453125 0.3529411767578125 0.3638876123046875 0.34232026171875 0.353266697265625 0.3267973857421875 0.3638876123046875 0.3120915029296875 0.40963924609375 0.266339869140625 0.4602928408203125 0.2532679736328125 0.49460656640625 0.2516339873046875 0.5665019912109375 0.2704248369140625 0.5901948017578125 0.281045751953125 0.58937780859375 0.29248366015625 0.5763059130859375 0.285947712890625 0.5501621220703125 0.2933006533203125 0.5411751943359375 0.3243464052734375 0.52973728515625
1 0.358660130859375 0.4676457822265625 0.3431372548828125 0.4799006845703125 0.341503267578125 0.5174823837890625 0.3504901962890625 0.5264693115234375 0.3717320263671875 0.52973728515625 0.388888888671875 0.5403582001953126 0.4068627451171875 0.515848396484375 0.4052287578125 0.4978745400390625 0.3831699345703125 0.470913755859375 0.358660130859375 0.4676457822265625
1 0.468954248046875 0.4553908798828125 0.455065359375 0.4398680048828125 0.410947712890625 0.433332056640625 0.3921568623046875 0.445586958984375 0.38725490234375 0.4635608154296875 0.40277777734375 0.4888876123046875 0.4207516337890625 0.4954235595703125 0.45261437890625 0.49460656640625 0.4632352939453125 0.4823516650390625 0.4771241826171875 0.48480264453125 0.46732026171875 0.473364736328125 0.468954248046875 0.4553908798828125
1 0.5457516337890626 0.506044474609375 0.553921568359375 0.49460656640625 0.55228758203125 0.4799006845703125 0.523692810546875 0.4513059130859375 0.4893790849609375 0.4513059130859375 0.47222222265625 0.4651948017578125 0.4803921572265625 0.48480264453125 0.46732026171875 0.4978745400390625 0.4942810458984375 0.5150314033203125 0.51225490234375 0.5362732333984375 0.52777777734375 0.5370902265625 0.551470587890625 0.5313712724609375 0.5620915029296875 0.5174823837890625 0.5596405224609375 0.5101294423828125 0.5457516337890626 0.506044474609375
1 0.4959150322265625 0.5166653896484374 0.4697712421875 0.5019595078125 0.4419934638671875 0.4954235595703125 0.424019607421875 0.4954235595703125 0.4117647060546875 0.506044474609375 0.424019607421875 0.5477111416015625 0.43218954296875 0.5460771552734375 0.4746732021484375 0.5787568935546875 0.481209150390625 0.5901948017578125 0.526143791015625 0.605717677734375 0.5294117646484375 0.5975477431640625 0.516339869140625 0.5828418603515625 0.509803921875 0.535456240234375 0.4959150322265625 0.5166653896484374
1 0.4207516337890625 0.3565346708984375 0.3782679736328125 0.34673075 0.358660130859375 0.35980264453125 0.351307189453125 0.3736915341796875 0.3529411767578125 0.403103298828125 0.3766339873046875 0.4316980703125 0.4019607841796875 0.435783037109375 0.4452614375 0.433332056640625 0.450980392578125 0.41454120703125 0.4379084970703125 0.3753255205078125 0.4207516337890625 0.3565346708984375
1 0.5302287578125 0.325488919921875 0.54248366015625 0.3769595078125 0.481209150390625 0.381044474609375 0.45261437890625 0.4129072197265625 0.45261437890625 0.435783037109375 0.4697712421875 0.452939900390625 0.4820261435546875 0.4537568935546875 0.518790849609375 0.448037939453125 0.531045751953125 0.4341490498046875 0.553921568359375 0.383495455078125 0.5302287578125 0.325488919921875
1 0.5016339873046874 0.2887242138671875 0.49264705859375 0.263397416015625 0.4852941171875 0.265848396484375 0.4803921572265625 0.285456240234375 0.45261437890625 0.308332056640625 0.44281045703125 0.3312078740234375 0.450980392578125 0.365521599609375 0.4803921572265625 0.3802274814453125 0.50735294140625 0.36960656640625 0.5228758173828125 0.3524497041015625 0.521241830078125 0.313234017578125 0.5016339873046874 0.2887242138671875
1 0.5808823525390625 0.2862732333984375 0.5367647060546875 0.2503255205078125 0.53267973828125 0.2625804228515625 0.53758169921875 0.2789202919921875 0.5228758173828125 0.303430095703125 0.5228758173828125 0.3165019912109375 0.549019607421875 0.362253625 0.5629084970703125 0.3761425146484375 0.573529412109375 0.3769595078125 0.5833333330078125 0.3671555859375 0.5947712421875 0.3361098349609375 0.5947712421875 0.3066980703125 0.5808823525390625 0.2862732333984375
1 0.384803921875 0.258495455078125 0.366013072265625 0.301796109375 0.36764705859375 0.3377438212890625 0.375 0.34673075 0.431372548828125 0.3540836904296875 0.441176470703125 0.3426457822265625 0.4395424833984375 0.3066980703125 0.42728758203125 0.28954120703125 0.384803921875 0.258495455078125
1 0.4697712421875 0.235619638671875 0.4191176474609375 0.2339856513671875 0.4068627451171875 0.24950852734375 0.408496732421875 0.2625804228515625 0.4379084970703125 0.301796109375 0.450980392578125 0.308332056640625 0.4803921572265625 0.285456240234375 0.483660130859375 0.2674823837890625 0.493464052734375 0.2576784619140625 0.4697712421875 0.235619638671875
1 0.2843137255859375 0.33937780859375 0.2794117646484375 0.355717677734375 0.2982026142578125 0.3777765009765625 0.3153594775390625 0.383495455078125 0.3349673203125 0.3475477431640625 0.32271241796875 0.325488919921875 0.301470587890625 0.320586958984375 0.2843137255859375 0.33937780859375
1 0.2753267978515625 0.2650314033203125 0.25735294140625 0.2666653896484375 0.241013072265625 0.2764693115234375 0.2156862744140625 0.3099660439453125 0.221405228515625 0.3336588544921875 0.2630718955078125 0.3361098349609375 0.28513071875 0.3287568935546875 0.30228758203125 0.308332056640625 0.30228758203125 0.2838222529296875 0.2753267978515625 0.2650314033203125
1 0.2491830068359375 0.348364736328125 0.2369281044921875 0.383495455078125 0.2483660126953125 0.4014693115234375 0.256535947265625 0.4374170244140625 0.276143791015625 0.4472209453125 0.3055555556640625 0.4161751943359375 0.303921568359375 0.3965673505859375 0.2818627451171875 0.36470460546875 0.2491830068359375 0.348364736328125
1 0.16258169921875 0.3287568935546875 0.1200980390625 0.336926828125 0.111111111328125 0.3475477431640625 0.1241830068359375 0.388397416015625 0.141339869140625 0.405554279296875 0.1642156865234375 0.4153582001953125 0.193627451171875 0.4088222529296875 0.2246732021484375 0.410456240234375 0.2442810458984375 0.4349660439453125 0.2516339873046875 0.4341490498046875 0.2467320263671875 0.4014693115234375 0.21732026171875 0.34918173046875 0.2034313720703125 0.336926828125 0.16258169921875 0.3287568935546875
1 0.3349673203125 0.430881076171875 0.341503267578125 0.4553908798828125 0.3521241826171875 0.466011794921875 0.3790849677734375 0.4668287890625 0.38725490234375 0.4586588544921875 0.3905228759765625 0.4390510107421875 0.3455882353515625 0.410456240234375 0.3349673203125 0.430881076171875
1 0.368464052734375 0.2339856513671875 0.3357843134765625 0.2078418603515625 0.3080065361328125 0.2062078740234375 0.2549019609375 0.242972580078125 0.258986927734375 0.25686146875 0.283496732421875 0.2699333642578125 0.3047385625 0.27973728515625 0.3267973857421875 0.280554279296875 0.3733660126953125 0.2486915341796875 0.396241830078125 0.2503255205078125 0.398692810546875 0.238070619140625 0.368464052734375 0.2339856513671875
1 0.191176470703125 0.2936261748046875 0.2034313720703125 0.3075150634765625 0.214052287109375 0.3099660439453125 0.25 0.2691163701171875 0.2516339873046875 0.2478745400390625 0.221405228515625 0.20457388671875 0.1952614375 0.1898680048828125 0.1756535947265625 0.1669921875 0.1658496728515625 0.1669921875 0.1650326796875 0.2527765009765625 0.191176470703125 0.2936261748046875
1 0.1568627451171875 0.200488919921875 0.1617647060546875 0.1678091806640625 0.0857843134765625 0.1686261748046875 0.0767973857421875 0.17924708984375 0.0751633984375 0.2102928408203125 0.05718954296875 0.2299006845703125 0.05718954296875 0.2413385927734375 0.0857843134765625 0.2290836904296875 0.103758169921875 0.2339856513671875 0.141339869140625 0.22418173046875 0.1568627451171875 0.200488919921875
1 0.2883986923828125 0.1669921875 0.2467320263671875 0.1678091806640625 0.2418300654296875 0.2135608154296875 0.2483660126953125 0.23480264453125 0.2581699345703125 0.23970460546875 0.2965686279296875 0.20947584765625 0.313725490234375 0.2037568935546875 0.3055555556640625 0.1841490498046875 0.2883986923828125 0.1669921875
1 0.431372548828125 0.2151948017578125 0.4599673203125 0.2323516650390625 0.4950980390625 0.23480264453125 0.506535947265625 0.223364736328125 0.5049019609375 0.2053908798828125 0.4852941171875 0.1727111416015625 0.4795751630859375 0.1669921875 0.4305555556640625 0.1669921875 0.4232026142578125 0.1988549326171875 0.431372548828125 0.2151948017578125
1 0.3570261435546875 0.258495455078125 0.3218954248046875 0.285456240234375 0.3267973857421875 0.313234017578125 0.3480392158203125 0.318135978515625 0.36274509765625 0.3099660439453125 0.3790849677734375 0.275652318359375 0.375 0.25686146875 0.3570261435546875 0.258495455078125
1 0.6748366015625 0.34918173046875 0.65767973828125 0.3238549326171875 0.6200980390625 0.3140510107421875 0.601307189453125 0.33447584765625 0.5931372548828125 0.3638876123046875 0.5996732021484374 0.383495455078125 0.62254901953125 0.398201337890625 0.62254901953125 0.4423189853515625 0.6290849677734375 0.4423189853515625 0.6356209150390625 0.4374170244140625 0.6405228759765625 0.403103298828125 0.669934640625 0.3785934951171875 0.6748366015625 0.34918173046875
1 0.7246732021484374 0.34673075 0.7066993466796875 0.3450967626953125 0.68218954296875 0.3549006845703125 0.6666666669921875 0.388397416015625 0.66748366015625 0.400652318359375 0.688725490234375 0.400652318359375 0.70751633984375 0.40963924609375 0.7344771240234375 0.3990183310546875 0.7418300654296875 0.3867634296875 0.7418300654296875 0.3573516650390625 0.7246732021484374 0.34673075
1 0.6691176474609375 0.400652318359375 0.6470588232421876 0.4161751943359375 0.6405228759765625 0.4390510107421875 0.6209150322265625 0.450488919921875 0.6380718955078125 0.452939900390625 0.66748366015625 0.475815716796875 0.6895424833984375 0.4766327099609375 0.7091503271484375 0.4651948017578125 0.7156862744140625 0.42924708984375 0.7001633984375 0.405554279296875 0.6691176474609375 0.400652318359375
1 0.7230392158203125 0.4627438212890625 0.7116013076171875 0.4627438212890625 0.6781045751953125 0.48480264453125 0.683823529296875 0.508495455078125 0.7107843134765625 0.515848396484375 0.7246732021484374 0.5117634296875 0.7369281044921875 0.492972580078125 0.7369281044921875 0.473364736328125 0.7230392158203125 0.4627438212890625
1 0.6495098037109375 0.466011794921875 0.6331699345703125 0.466011794921875 0.61764705859375 0.4766327099609375 0.61274509765625 0.5011425146484375 0.6299019609375 0.5248353251953125 0.653594771484375 0.5289202919921875 0.6781045751953125 0.510946435546875 0.6781045751953125 0.488070619140625 0.67238562109375 0.4774497041015625 0.6495098037109375 0.466011794921875
1 0.57271241796875 0.4562078740234375 0.558823529296875 0.4651948017578125 0.55228758203125 0.4815346708984375 0.5555555556640625 0.492972580078125 0.5457516337890626 0.5076784619140625 0.561274509765625 0.5035934951171875 0.575980392578125 0.513397416015625 0.58986928125 0.5125804228515625 0.6094771240234375 0.49950852734375 0.6143790849609375 0.473364736328125 0.598856208984375 0.4578418603515625 0.57271241796875 0.4562078740234375
1 0.5604575166015625 0.3949333642578125 0.5604575166015625 0.4472209453125 0.5718954248046875 0.4570248671875 0.5955882353515625 0.4562078740234375 0.6209150322265625 0.4423189853515625 0.6200980390625 0.395750357421875 0.5604575166015625 0.3949333642578125
1 0.656045751953125 0.5313712724609375 0.6266339873046874 0.528103298828125 0.6053921572265625 0.5460771552734375 0.5849673203125 0.5468941484375 0.5849673203125 0.558332056640625 0.6029411767578124 0.5714039521484375 0.6119281044921875 0.5901948017578125 0.62254901953125 0.5926457822265625 0.656045751953125 0.5918287890625 0.669934640625 0.57957388671875 0.6732026142578125 0.5550640830078125 0.656045751953125 0.5313712724609375
1 0.7728758173828125 0.57957388671875 0.7606209150390625 0.5673189853515626 0.74264705859375 0.5591490498046875 0.7181372548828125 0.560783037109375 0.691176470703125 0.5861098349609375 0.691176470703125 0.6073516650390625 0.705065359375 0.631044474609375 0.7344771240234375 0.6424823837890625 0.7483660126953126 0.6416653896484374 0.7769607841796875 0.6228745400390625 0.78758169921875 0.6073516650390625 0.7794117646484375 0.6040836904296875 0.7728758173828125 0.57957388671875
1 0.7442810458984375 0.5199333642578124 0.731209150390625 0.513397416015625 0.705065359375 0.5166653896484374 0.6895424833984375 0.532188265625 0.6895424833984375 0.5550640830078125 0.6944444443359375 0.568135978515625 0.70261437890625 0.5714039521484375 0.7181372548828125 0.560783037109375 0.7549019609375 0.558332056640625 0.7549019609375 0.535456240234375 0.7442810458984375 0.5199333642578124
1 0.81781045703125 0.5313712724609375 0.7916666669921875 0.5264693115234375 0.7647058828125 0.5370902265625 0.7581699345703125 0.5648680048828125 0.7818627451171875 0.598364736328125 0.82271241796875 0.5950967626953125 0.8480392158203125 0.610619638671875 0.8529411767578124 0.6040836904296875 0.8316993466796875 0.577939900390625 0.8316993466796875 0.5501621220703125 0.81781045703125 0.5313712724609375
1 0.813725490234375 0.4586588544921875 0.7998366015625 0.4464039521484375 0.7753267978515626 0.44476996484375 0.740196078125 0.4586588544921875 0.7352941171875 0.5076784619140625 0.75245098046875 0.528103298828125 0.7696078427734375 0.532188265625 0.7998366015625 0.5248353251953125 0.8169934638671875 0.506044474609375 0.8218954248046875 0.478266697265625 0.813725490234375 0.4586588544921875
1 0.7867647060546875 0.3516327099609375 0.76225490234375 0.3565346708984375 0.743464052734375 0.3769595078125 0.7418300654296875 0.3998353251953125 0.7655228759765625 0.426796109375 0.778594771484375 0.4202601611328125 0.7957516337890626 0.425979115234375 0.8104575166015625 0.41454120703125 0.8169934638671875 0.3998353251953125 0.80718954296875 0.3638876123046875 0.7867647060546875 0.3516327099609375
1 0.698529412109375 0.283005259765625 0.67238562109375 0.278103298828125 0.646241830078125 0.247057546875 0.6405228759765625 0.25441048828125 0.6519607841796875 0.2691163701171875 0.6552287578125 0.2887242138671875 0.6454248369140625 0.318135978515625 0.660947712890625 0.325488919921875 0.67728758203125 0.3499987236328125 0.691176470703125 0.34918173046875 0.7058823525390625 0.34427976953125 0.71732026171875 0.318135978515625 0.7156862744140625 0.3001621220703125 0.698529412109375 0.283005259765625
1 0.6544117646484375 0.1751621220703125 0.6307189541015625 0.1923189853515625 0.6290849677734375 0.2200967626953125 0.6429738564453125 0.2421555859375 0.6732026142578125 0.24460656640625 0.69281045703125 0.2266327099609375 0.6944444443359375 0.195586958984375 0.68218954296875 0.1800640830078125 0.6544117646484375 0.1751621220703125
1 0.6168300654296875 0.2454235595703125 0.5996732021484374 0.2200967626953125 0.589052287109375 0.21437780859375 0.591503267578125 0.2527765009765625 0.5816993466796875 0.285456240234375 0.603758169921875 0.3124170244140625 0.61274509765625 0.3148680048828125 0.643790849609375 0.3099660439453125 0.6519607841796875 0.2723843447265625 0.636437908203125 0.2519595078125 0.6168300654296875 0.2454235595703125
1 0.55228758203125 0.2102928408203125 0.558823529296875 0.228266697265625 0.58986928125 0.23970460546875 0.5849673203125 0.218462775390625 0.589052287109375 0.21437780859375 0.608660130859375 0.235619638671875 0.62745098046875 0.2168287890625 0.6307189541015625 0.1874170244140625 0.6168300654296875 0.1669921875 0.56781045703125 0.1669921875 0.5555555556640625 0.1825150634765625 0.55228758203125 0.2102928408203125
1 0.7467320263671875 0.1988549326171875 0.759803921875 0.2299006845703125 0.7720588232421876 0.2388876123046875 0.785947712890625 0.238070619140625 0.8080065361328125 0.2062078740234375 0.8047385625 0.2290836904296875 0.8267973857421875 0.2102928408203125 0.830065359375 0.185783037109375 0.8129084970703125 0.1669921875 0.758986927734375 0.1669921875 0.7483660126953126 0.1825150634765625 0.7467320263671875 0.1988549326171875
1 0.68218954296875 0.1800640830078125 0.698529412109375 0.202939900390625 0.7042483662109374 0.20212290625 0.726307189453125 0.193135978515625 0.743464052734375 0.1678091806640625 0.66013071875 0.1678091806640625 0.68218954296875 0.1800640830078125
1 0.118464052734375 0.273201337890625 0.0947712421875 0.23480264453125 0.0841503271484375 0.230717677734375 0.0882352939453125 0.2511425146484375 0.1078431376953125 0.280554279296875 0.106209150390625 0.3214039521484375 0.1258169931640625 0.3361098349609375 0.1683006533203125 0.3214039521484375 0.1666666669921875 0.2936261748046875 0.1446078427734375 0.2764693115234375 0.118464052734375 0.273201337890625
1 0.0547385625 0.2519595078125 0.0294117646484375 0.2789202919921875 0.031045751953125 0.303430095703125 0.0596405224609375 0.325488919921875 0.05718954296875 0.3050640830078125 0.0645424833984375 0.300979115234375 0.0767973857421875 0.32957388671875 0.0833333330078125 0.3312078740234375 0.1029411767578125 0.3165019912109375 0.1029411767578125 0.2740183310546875 0.0808823525390625 0.2519595078125 0.0547385625 0.2519595078125
1 0.756535947265625 0.2135608154296875 0.73774509765625 0.19476996484375 0.716503267578125 0.1964039521484375 0.696078431640625 0.2135608154296875 0.6944444443359375 0.238070619140625 0.70261437890625 0.2511425146484375 0.69771241796875 0.280554279296875 0.7042483662109374 0.2838222529296875 0.721405228515625 0.2601294423828125 0.736111111328125 0.258495455078125 0.7581699345703125 0.238070619140625 0.756535947265625 0.2135608154296875
1 0.7001633984375 0.69967192578125 0.674019607421875 0.693135978515625 0.65277777734375 0.70947584765625 0.6045751630859375 0.7037568935546875 0.6070261435546875 0.7127438212890626 0.648692810546875 0.7315346708984375 0.648692810546875 0.74460656640625 0.65767973828125 0.758495455078125 0.691176470703125 0.770750357421875 0.7034313720703125 0.768299376953125 0.7205882353515625 0.7478745400390625 0.714052287109375 0.7135608154296875 0.7001633984375 0.69967192578125
1 0.6143790849609375 0.66944316796875 0.598856208984375 0.650652318359375 0.57761437890625 0.645750357421875 0.549019607421875 0.6678091806640625 0.549019607421875 0.690684998046875 0.561274509765625 0.7078418603515625 0.5767973857421875 0.7151948017578125 0.5849673203125 0.742972580078125 0.606209150390625 0.7478745400390625 0.5947712421875 0.7364366318359375 0.5931372548828125 0.7151948017578125 0.6143790849609375 0.6923189853515626 0.6143790849609375 0.66944316796875
1 0.6266339873046874 0.5918287890625 0.601307189453125 0.6171555859375 0.601307189453125 0.6449333642578124 0.6233660126953126 0.6686261748046874 0.6568627451171875 0.6710771552734375 0.6797385625 0.6400314033203125 0.6781045751953125 0.612253625 0.6593137255859375 0.5950967626953125 0.6266339873046874 0.5918287890625
1 0.721405228515625 0.63431244921875 0.6903594775390625 0.631044474609375 0.681372548828125 0.6367634296875 0.669934640625 0.6612732333984375 0.6715686279296875 0.6890510107421876 0.7017973857421875 0.69967192578125 0.7320261435546875 0.7200967626953125 0.728758169921875 0.6972209453125 0.7418300654296875 0.675979115234375 0.738562091796875 0.6498353251953125 0.721405228515625 0.63431244921875
1 0.821078431640625 0.6016327099609375 0.8047385625 0.5999987236328125 0.7516339873046874 0.6465673505859375 0.7867647060546875 0.678430095703125 0.8120915029296875 0.6776131025390625 0.8349673203125 0.653103298828125 0.8333333330078125 0.6269595078125 0.83986928125 0.6171555859375 0.821078431640625 0.6016327099609375
1 0.7753267978515626 0.6898680048828125 0.7491830068359375 0.6898680048828125 0.7303921572265625 0.700488919921875 0.7369281044921875 0.718462775390625 0.72222222265625 0.7364366318359375 0.72222222265625 0.75931244921875 0.7328431376953125 0.7748353251953125 0.7549019609375 0.7772863046875 0.7916666669921875 0.7650314033203125 0.8055555556640625 0.74460656640625 0.799019607421875 0.7070248671875 0.7753267978515626 0.6898680048828125
1 0.7540849677734375 0.778103298828125 0.7483660126953126 0.7838222529296875 0.7483660126953126 0.8116000302734375 0.7630718955078125 0.8328418603515625 0.8006535947265625 0.8336588544921875 0.8153594775390625 0.8148680048828125 0.8104575166015625 0.7887242138671875 0.783496732421875 0.7699333642578124 0.7540849677734375 0.778103298828125
1 0.8758169931640625 0.775652318359375 0.88725490234375 0.76421441015625 0.881535947265625 0.7552274814453125 0.8553921572265625 0.747057546875 0.82761437890625 0.7519595078125 0.8153594775390625 0.7625804228515625 0.8104575166015625 0.7838222529296875 0.825980392578125 0.8222209453125 0.848856208984375 0.8320248671875 0.884803921875 0.82712290625 0.8946078427734375 0.8336588544921875 0.9052287578125 0.8336588544921875 0.898692810546875 0.785456240234375 0.8758169931640625 0.775652318359375
1 0.6854575166015625 0.7715673505859375 0.6642156865234375 0.7601294423828125 0.6429738564453125 0.7650314033203125 0.6290849677734375 0.7870902265625 0.6307189541015625 0.803430095703125 0.66258169921875 0.8222209453125 0.686274509765625 0.823037939453125 0.7058823525390625 0.808332056640625 0.71241830078125 0.7838222529296875 0.7001633984375 0.7699333642578124 0.6854575166015625 0.7715673505859375
1 0.6045751630859375 0.803430095703125 0.5857843134765625 0.7764693115234375 0.5645424833984375 0.768299376953125 0.526143791015625 0.7887242138671875 0.528594771484375 0.8336588544921875 0.58986928125 0.8336588544921875 0.6045751630859375 0.8148680048828125 0.6045751630859375 0.803430095703125
1 0.5253267978515626 0.716011794921875 0.5049019609375 0.7266327099609375 0.5 0.7478745400390625 0.518790849609375 0.7813712724609375 0.53758169921875 0.7838222529296875 0.5604575166015625 0.7723843447265625 0.5653594775390625 0.742972580078125 0.5482026142578125 0.720913755859375 0.5253267978515626 0.716011794921875
1 0.433823529296875 0.7421555859375 0.4166666669921875 0.7625804228515625 0.4166666669921875 0.785456240234375 0.428921568359375 0.800979115234375 0.4558823525390625 0.8066980703125 0.4820261435546875 0.7919921875 0.4852941171875 0.75931244921875 0.4632352939453125 0.740521599609375 0.433823529296875 0.7421555859375
1 0.49264705859375 0.7977111416015625 0.4599673203125 0.80424708984375 0.4444444443359375 0.8263059130859375 0.4452614375 0.8336588544921875 0.521241830078125 0.8336588544921875 0.5147058828125 0.813234017578125 0.49264705859375 0.7977111416015625
1 0.5849673203125 0.5599660439453125 0.5808823525390625 0.53954120703125 0.573529412109375 0.5436261748046874 0.5702614375 0.5599660439453125 0.54738562109375 0.57467192578125 0.54248366015625 0.6024497041015625 0.561274509765625 0.6261425146484375 0.5833333330078125 0.6302274814453125 0.6029411767578124 0.615521599609375 0.6094771240234375 0.5877438212890626 0.6029411767578124 0.573037939453125 0.5849673203125 0.5599660439453125
1 0.5302287578125 0.6065346708984375 0.5049019609375 0.6073516650390625 0.5 0.6416653896484374 0.51225490234375 0.6637242138671875 0.5343137255859375 0.6661751943359375 0.5392156865234375 0.6498353251953125 0.5653594775390625 0.63186146875 0.5400326796875 0.59673075 0.5302287578125 0.6065346708984375
1 0.5400326796875 0.6718941484375 0.508986927734375 0.6653582001953126 0.490196078125 0.6776131025390625 0.478758169921875 0.7249987236328125 0.5032679736328125 0.7299006845703125 0.513888888671875 0.71927976953125 0.5408496728515625 0.7151948017578125 0.5506535947265625 0.695586958984375 0.5400326796875 0.6718941484375
1 0.5947712421875 0.8328418603515625 0.669934640625 0.8336588544921875 0.66748366015625 0.8238549326171875 0.631535947265625 0.805881076171875 0.6102941171875 0.8124170244140625 0.5947712421875 0.8328418603515625
1 0.686274509765625 0.8328418603515625 0.761437908203125 0.8336588544921875 0.74754901953125 0.8124170244140625 0.7295751630859375 0.805881076171875 0.7066993466796875 0.8091490498046875 0.686274509765625 0.8328418603515625
1 0.0498366015625 0.7111098349609375 0.0204248369140625 0.716011794921875 0.0016339873046875 0.73480264453125 0.0016339873046875 0.7723843447265625 0.013888888671875 0.7960771552734375 0.0604575166015625 0.801796109375 0.0882352939453125 0.7838222529296875 0.0931372548828125 0.74460656640625 0.06781045703125 0.716011794921875 0.0498366015625 0.7111098349609375
1 0.131535947265625 0.7486915341796875 0.103758169921875 0.7552274814453125 0.0882352939453125 0.7838222529296875 0.0980392158203125 0.8099660439453125 0.1192810458984375 0.818135978515625 0.1633986923828125 0.803430095703125 0.1568627451171875 0.7936261748046874 0.1552287578125 0.765848396484375 0.131535947265625 0.7486915341796875
1 0.1495098037109375 0.8091490498046875 0.131535947265625 0.8124170244140625 0.111111111328125 0.82957388671875 0.1119281044921875 0.8336588544921875 0.1797385625 0.8336588544921875 0.1658496728515625 0.815684998046875 0.1495098037109375 0.8091490498046875
1 0.0155228759765625 0.7960771552734375 0 0.8001621220703125 0.0008169931640625 0.8336588544921875 0.058823529296875 0.8336588544921875 0.044934640625 0.805881076171875 0.0155228759765625 0.7960771552734375
1 0.1102941171875 0.6686261748046874 0.091503267578125 0.67434512890625 0.073529412109375 0.7102928408203125 0.08986928125 0.73970460546875 0.1045751630859375 0.7462405537109374 0.134803921875 0.7290836904296875 0.143790849609375 0.711926828125 0.13725490234375 0.685783037109375 0.1102941171875 0.6686261748046874
1 0.044934640625 0.635946435546875 0.0245098037109375 0.653103298828125 0.0245098037109375 0.6841490498046875 0.0383986923828125 0.7013059130859375 0.068627451171875 0.7037568935546875 0.0866013076171875 0.690684998046875 0.0882352939453125 0.66454120703125 0.071078431640625 0.63921441015625 0.044934640625 0.635946435546875
1 0.0008169931640625 0.54934512890625 0.0016339873046875 0.612253625 0.0204248369140625 0.62450852734375 0.05228758203125 0.6285934951171875 0.063725490234375 0.6187895732421875 0.058823529296875 0.573037939453125 0.033496732421875 0.5526131025390625 0.0008169931640625 0.54934512890625
1 0.0228758173828125 0.658005259765625 0.0008169931640625 0.655554279296875 0 0.7200967626953125 0.0130718955078125 0.7200967626953125 0.0400326796875 0.7111098349609375 0.0441176474609375 0.7037568935546875 0.0245098037109375 0.6841490498046875 0.0228758173828125 0.658005259765625
1 0.0882352939453125 0.5272863046875 0.0629084970703125 0.5101294423828125 0.03513071875 0.5166653896484374 0.026143791015625 0.548528134765625 0.0482026142578125 0.560783037109375 0.0645424833984375 0.5803908798828125 0.096405228515625 0.58447584765625 0.1045751630859375 0.57957388671875 0.0947712421875 0.568135978515625 0.0947712421875 0.5419921875 0.0882352939453125 0.5272863046875
1 0.0906862744140625 0.497057546875 0.0784313720703125 0.515848396484375 0.09722222265625 0.54444316796875 0.11764705859375 0.5436261748046874 0.1258169931640625 0.5370902265625 0.13725490234375 0.4962405537109375 0.103758169921875 0.4921555859375 0.0906862744140625 0.497057546875
1 0.1642156865234375 0.4513059130859375 0.1380718955078125 0.428430095703125 0.108660130859375 0.4316980703125 0.0882352939453125 0.450488919921875 0.0866013076171875 0.4700967626953125 0.1102941171875 0.4921555859375 0.1405228759765625 0.492972580078125 0.1642156865234375 0.470913755859375 0.2001633984375 0.475815716796875 0.2042483662109375 0.468462775390625 0.1642156865234375 0.4513059130859375
1 0.098856208984375 0.3450967626953125 0.091503267578125 0.3475477431640625 0.0866013076171875 0.365521599609375 0.0604575166015625 0.3998353251953125 0.068627451171875 0.42924708984375 0.0808823525390625 0.443135978515625 0.0931372548828125 0.4439529716796875 0.1168300654296875 0.428430095703125 0.1290849677734375 0.40963924609375 0.1290849677734375 0.3965673505859375 0.098856208984375 0.3450967626953125
1 0 0.372057546875 0.0245098037109375 0.3851294423828125 0.04248366015625 0.3785934951171875 0.0620915029296875 0.350815716796875 0.0620915029296875 0.33447584765625 0.0302287578125 0.305881076171875 0.00735294140625 0.300979115234375 0 0.303430095703125 0 0.372057546875
1 0.0008169931640625 0.3728745400390625 0.0032679736328125 0.4423189853515625 0.0179738564453125 0.42924708984375 0.0228758173828125 0.403103298828125 0.0179738564453125 0.383495455078125 0.0008169931640625 0.3728745400390625
1 0.03267973828125 0.2086588544921875 0.0057189541015625 0.19476996484375 0 0.195586958984375 0.0016339873046875 0.285456240234375 0.0269607841796875 0.2748353251953125 0.0506535947265625 0.24460656640625 0.049019607421875 0.2315346708984375 0.03267973828125 0.2086588544921875
1 0.101307189453125 0.2364366318359375 0.1045751630859375 0.25441048828125 0.1200980390625 0.273201337890625 0.143790849609375 0.2740183310546875 0.153594771484375 0.2576784619140625 0.153594771484375 0.242972580078125 0.141339869140625 0.225815716796875 0.101307189453125 0.2364366318359375
1 0.018790849609375 0.19967192578125 0.05228758203125 0.2249987236328125 0.06781045703125 0.21927976953125 0.0751633984375 0.2086588544921875 0.071078431640625 0.1669921875 0.0367647060546875 0.1669921875 0.016339869140625 0.190684998046875 0.018790849609375 0.19967192578125
1 0.1854575166015625 0.305881076171875 0.1732026142578125 0.3148680048828125 0.1707516337890625 0.32712290625 0.2017973857421875 0.3352928408203125 0.228758169921875 0.3638876123046875 0.233660130859375 0.3426457822265625 0.21732026171875 0.3312078740234375 0.2099673203125 0.3124170244140625 0.1854575166015625 0.305881076171875
1 0.2017973857421875 0.44476996484375 0.1830065361328125 0.4570248671875 0.2042483662109375 0.468462775390625 0.20261437890625 0.478266697265625 0.21241830078125 0.488070619140625 0.2107843134765625 0.51421441015625 0.2156862744140625 0.51421441015625 0.2303921572265625 0.50441048828125 0.2369281044921875 0.473364736328125 0.2230392158203125 0.448037939453125 0.2017973857421875 0.44476996484375
1 0.2107843134765625 0.5191163701171875 0.200980392578125 0.5599660439453125 0.2418300654296875 0.573037939453125 0.2532679736328125 0.532188265625 0.2467320263671875 0.515848396484375 0.2295751630859375 0.5052274814453125 0.2107843134765625 0.5191163701171875
1 0.9681372548828125 0.5885608154296875 0.943627451171875 0.59673075 0.8954248369140625 0.643299376953125 0.896241830078125 0.6718941484375 0.9444444443359375 0.675979115234375 0.971405228515625 0.6702601611328125 1 0.6498353251953125 0.9991830068359375 0.5901948017578125 0.9681372548828125 0.5885608154296875
1 1 0.48480264453125 0.9697712421875 0.4790836904296875 0.9468954248046875 0.487253625 0.94771241796875 0.525652318359375 0.966503267578125 0.53954120703125 0.9950980390625 0.5436261748046874 1 0.5419921875 1 0.48480264453125
1 0.9305555556640625 0.4513059130859375 0.8929738564453125 0.46927976953125 0.87745098046875 0.4913385927734375 0.88235294140625 0.5338222529296875 0.8970588232421876 0.5419921875 0.93218954296875 0.5264693115234375 0.94281045703125 0.51421441015625 0.9444444443359375 0.4864366318359375 0.9305555556640625 0.4513059130859375
1 0.8741830068359375 0.49460656640625 0.8619281044921875 0.480717677734375 0.8357843134765625 0.4725477431640625 0.8218954248046875 0.48970460546875 0.8169934638671875 0.520750357421875 0.830065359375 0.5468941484375 0.846405228515625 0.5599660439453125 0.83986928125 0.57467192578125 0.83986928125 0.58447584765625 0.8447712421875 0.58447584765625 0.8529411767578124 0.5648680048828125 0.8741830068359375 0.5436261748046874 0.8790849677734375 0.51421441015625 0.8741830068359375 0.49460656640625
1 0.86764705859375 0.4390510107421875 0.8602941171875 0.4153582001953125 0.82761437890625 0.407188265625 0.808823529296875 0.425979115234375 0.80718954296875 0.445586958984375 0.8202614375 0.4749987236328125 0.8316993466796875 0.4815346708984375 0.8284313720703125 0.473364736328125 0.8521241826171875 0.466011794921875 0.8643790849609375 0.4537568935546875 0.86764705859375 0.4390510107421875
1 0.84232026171875 0.3450967626953125 0.8145424833984375 0.34673075 0.80718954296875 0.3736915341796875 0.818627451171875 0.398201337890625 0.8758169931640625 0.4227111416015625 0.86274509765625 0.4014693115234375 0.866013072265625 0.3704235595703125 0.8594771240234375 0.355717677734375 0.84232026171875 0.3450967626953125
1 0.891339869140625 0.2715673505859375 0.8504901962890625 0.273201337890625 0.846405228515625 0.303430095703125 0.8545751630859375 0.32957388671875 0.8799019609375 0.3499987236328125 0.924019607421875 0.358168658203125 0.9379084970703125 0.3785934951171875 0.94281045703125 0.362253625 0.926470587890625 0.33937780859375 0.9133986923828125 0.285456240234375 0.891339869140625 0.2715673505859375
1 0.896241830078125 0.3565346708984375 0.866013072265625 0.3867634296875 0.8643790849609375 0.403103298828125 0.87745098046875 0.4178091806640625 0.87745098046875 0.435783037109375 0.8921568623046875 0.440684998046875 0.9330065361328125 0.4014693115234375 0.9297385625 0.365521599609375 0.91748366015625 0.3565346708984375 0.896241830078125 0.3565346708984375
1 1 0.3475477431640625 0.971405228515625 0.3450967626953125 0.9493464052734375 0.3638876123046875 0.946078431640625 0.393299376953125 0.9616013076171875 0.410456240234375 0.990196078125 0.4129072197265625 1 0.4063712724609375 1 0.3475477431640625
1 0.92238562109375 0.3124170244140625 0.9297385625 0.3377438212890625 0.9403594775390625 0.348364736328125 0.95751633984375 0.3524497041015625 0.990196078125 0.341011794921875 0.983660130859375 0.3214039521484375 0.9583333330078125 0.30424708984375 0.92238562109375 0.3124170244140625
1 0.96486928125 0.2111098349609375 0.9256535947265625 0.2388876123046875 0.9068627451171875 0.24460656640625 0.908496732421875 0.2576784619140625 0.92728758203125 0.27973728515625 0.95261437890625 0.2887242138671875 0.9632352939453125 0.2764693115234375 1 0.2723843447265625 0.9991830068359375 0.2111098349609375 0.96486928125 0.2111098349609375
1 0.8169934638671875 0.1678091806640625 0.8496732021484374 0.195586958984375 0.868464052734375 0.225815716796875 0.8897058828125 0.2388876123046875 0.9133986923828125 0.2413385927734375 0.9656862744140625 0.2070248671875 0.9656862744140625 0.195586958984375 0.9468954248046875 0.1669921875 0.8169934638671875 0.1678091806640625
1 0.8799019609375 0.268299376953125 0.8905228759765625 0.2413385927734375 0.8553921572265625 0.21437780859375 0.82761437890625 0.216011794921875 0.799019607421875 0.238070619140625 0.771241830078125 0.285456240234375 0.776143791015625 0.2887242138671875 0.794934640625 0.27973728515625 0.843954248046875 0.2862732333984375 0.8521241826171875 0.2715673505859375 0.8799019609375 0.268299376953125
1 0.839052287109375 0.2879072197265625 0.8243464052734375 0.2862732333984375 0.7998366015625 0.2960771552734375 0.7549019609375 0.3377438212890625 0.76225490234375 0.3549006845703125 0.808823529296875 0.3540836904296875 0.821078431640625 0.343462775390625 0.8545751630859375 0.33937780859375 0.846405228515625 0.2968941484375 0.839052287109375 0.2879072197265625
1 0.96486928125 0.4120902265625 0.9403594775390625 0.395750357421875 0.91013071875 0.42924708984375 0.91013071875 0.4488549326171875 0.9142156865234375 0.45947584765625 0.9305555556640625 0.4513059130859375 0.941176470703125 0.4749987236328125 0.95261437890625 0.4749987236328125 0.978758169921875 0.4570248671875 0.993464052734375 0.430881076171875 0.993464052734375 0.4178091806640625 0.96486928125 0.4120902265625
1 0.9616013076171875 0.5575150634765625 0.96732026171875 0.5419921875 0.9419934638671875 0.5166653896484374 0.903594771484375 0.5403582001953126 0.906045751953125 0.586926828125 0.9158496728515625 0.5901948017578125 0.9403594775390625 0.5836588544921875 0.964052287109375 0.58937780859375 1 0.5877438212890626 0.9991830068359375 0.54444316796875 0.981209150390625 0.54444316796875 0.9616013076171875 0.5575150634765625
1 0.9003267978515626 0.563234017578125 0.893790849609375 0.5468941484375 0.8782679736328125 0.5379072197265625 0.841503267578125 0.5877438212890626 0.8553921572265625 0.608168658203125 0.88235294140625 0.6073516650390625 0.893790849609375 0.595913755859375 0.8905228759765625 0.5828418603515625 0.9003267978515626 0.57957388671875 0.9003267978515626 0.563234017578125
1 0.8995098037109375 0.617972580078125 0.863562091796875 0.608168658203125 0.8349673203125 0.6253255205078125 0.8349673203125 0.6629072197265625 0.8553921572265625 0.6800640830078125 0.8790849677734375 0.680881076171875 0.893790849609375 0.6727111416015625 0.8921568623046875 0.648201337890625 0.9052287578125 0.63186146875 0.8995098037109375 0.617972580078125
1 0.8700980390625 0.6816980703125 0.785947712890625 0.6841490498046875 0.7883986923828125 0.6915019912109375 0.8047385625 0.69476996484375 0.8202614375 0.7086588544921875 0.8455882353515625 0.747057546875 0.8700980390625 0.7486915341796875 0.8970588232421876 0.760946435546875 0.91013071875 0.75441048828125 0.9297385625 0.72173075 0.906045751953125 0.6915019912109375 0.8700980390625 0.6816980703125
1 0.955065359375 0.69967192578125 0.9281045751953125 0.723364736328125 0.906045751953125 0.758495455078125 0.87745098046875 0.770750357421875 0.891339869140625 0.783005259765625 0.910947712890625 0.77973728515625 0.955065359375 0.7928091806640625 0.983660130859375 0.7936261748046874 1 0.7887242138671875 0.9991830068359375 0.6915019912109375 0.9746732021484374 0.6915019912109375 0.955065359375 0.69967192578125
1 0.4052287578125 0.1678091806640625 0.33741830078125 0.1669921875 0.3316993466796875 0.2037568935546875 0.341503267578125 0.2070248671875 0.3570261435546875 0.1915019912109375 0.3782679736328125 0.19476996484375 0.386437908203125 0.1898680048828125 0.4052287578125 0.1678091806640625