1 0.4921568623046875 0.6738549326171875 0.5254901962890625 0.64444316796875 0.53725490234375 0.603266697265625 0.5352941171875 0.5562078740234375 0.5215686279296875 0.5189529716796875 0.4980392158203125 0.4875804228515625 0.4715686279296875 0.4669921875 0.440196078125 0.4552274814453125 0.373529412109375 0.453266697265625 0.318627451171875 0.4787568935546875 0.2803921572265625 0.5189529716796875 0.249019607421875 0.5836588544921875 0.2450980390625 0.6385608154296875 0.2666666669921875 0.6973843447265625 0.2754901962890625 0.70424708984375 0.32254901953125 0.7062078740234375 0.346078431640625 0.7316980703125 0.3666666669921875 0.7326784619140625 0.418627451171875 0.725815716796875 0.459803921875 0.7022863046875 0.5117647060546875 0.7169921875 0.4921568623046875 0.6738549326171875
1 0.7147058828125 0.653266697265625 0.750980392578125 0.6248353251953125 0.768627451171875 0.5816980703125 0.7745098037109375 0.513070619140625 0.7647058828125 0.4718941484375 0.73235294140625 0.4238549326171875 0.6970588232421875 0.408168658203125 0.6558823525390625 0.408168658203125 0.6049019609375 0.435619638671875 0.5803921572265625 0.4640510107421875 0.5568627451171875 0.513070619140625 0.5549019609375 0.5738549326171875 0.5647058828125 0.6091490498046875 0.6049019609375 0.64934512890625 0.6431372548828125 0.658168658203125 0.6696078427734375 0.6552274814453125 0.6794117646484376 0.6415019912109375 0.7049019609375 0.6415019912109375 0.7147058828125 0.653266697265625
1 0.3843137255859375 0.785619638671875 0.368627451171875 0.7522863046875 0.32254901953125 0.708168658203125 0.218627451171875 0.7120902265625 0.1892156865234375 0.72973728515625 0.16274509765625 0.767972580078125 0.16274509765625 0.807188265625 0.173529412109375 0.8336588544921875 0.3784313720703125 0.8336588544921875 0.386274509765625 0.8189529716796875 0.3843137255859375 0.785619638671875
1 0.5166666669921876 0.763070619140625 0.4696078427734375 0.757188265625 0.38235294140625 0.767972580078125 0.3941176474609375 0.7954235595703125 0.38725490234375 0.8336588544921875 0.549019607421875 0.8336588544921875 0.5470588232421875 0.793462775390625 0.5166666669921876 0.763070619140625
1 0.7529411767578125 0.707188265625 0.7078431376953125 0.666011794921875 0.700980392578125 0.64934512890625 0.68725490234375 0.64934512890625 0.6833333330078125 0.6415019912109375 0.6715686279296875 0.657188265625 0.6303921572265625 0.663070619140625 0.600980392578125 0.680717677734375 0.576470587890625 0.7228745400390625 0.576470587890625 0.7464039521484375 0.596078431640625 0.7816980703125 0.6480392158203125 0.8238549326171875 0.6803921572265625 0.826796109375 0.740196078125 0.798364736328125 0.7647058828125 0.758168658203125 0.7647058828125 0.7326784619140625 0.7529411767578125 0.707188265625
1 0.8784313720703125 0.658168658203125 0.8245098037109375 0.6003255205078125 0.8029411767578125 0.6022863046875 0.7519607841796875 0.6277765009765625 0.7156862744140625 0.658168658203125 0.76274509765625 0.7248353251953125 0.7607843134765625 0.7836588544921875 0.7882352939453126 0.7836588544921875 0.83235294140625 0.770913755859375 0.87254901953125 0.7189529716796875 0.8941176474609375 0.703266697265625 0.8784313720703125 0.658168658203125
1 0.996078431640625 0.7503255205078125 0.9715686279296875 0.7140510107421875 0.93235294140625 0.698364736328125 0.9049019609375 0.7022863046875 0.8754901962890625 0.717972580078125 0.83235294140625 0.7748353251953125 0.7754901962890625 0.78463924609375 0.7549019609375 0.8013059130859375 0.759803921875 0.8101294423828125 0.8205882353515624 0.8218941484375 0.8441176474609375 0.8336588544921875 0.98235294140625 0.8336588544921875 1 0.826796109375 0.996078431640625 0.7503255205078125
1 1 0.5620902265625 0.9715686279296875 0.5218941484375 0.9519607841796875 0.5140510107421875 0.9166666669921875 0.516011794921875 0.8607843134765625 0.55424708984375 0.8392156865234375 0.603266697265625 0.8950980390625 0.6885608154296875 0.958823529296875 0.6954235595703125 1 0.6738549326171875 1 0.5620902265625
1 1 0.3248353251953125 0.981372548828125 0.308168658203125 0.8950980390625 0.316011794921875 0.8568627451171875 0.3385608154296875 0.83725490234375 0.3836588544921875 0.8647058828125 0.413070619140625 0.87254901953125 0.458168658203125 0.8852941171875 0.4728745400390625 0.9284313720703125 0.4885608154296875 0.9549019609375 0.4875804228515625 1 0.467972580078125 1 0.3248353251953125
1 0.72745098046875 0.330717677734375 0.713725490234375 0.2973843447265625 0.66764705859375 0.257188265625 0.6284313720703125 0.253266697265625 0.600980392578125 0.2591490498046875 0.5705882353515624 0.2836588544921875 0.5568627451171875 0.3052274814453125 0.5607843134765625 0.3189529716796875 0.550980392578125 0.3385608154296875 0.5568627451171875 0.37973728515625 0.5705882353515624 0.4091490498046875 0.5950980390625 0.4316980703125 0.6058823525390625 0.4326784619140625 0.6558823525390625 0.4062078740234375 0.7068627451171875 0.408168658203125 0.72745098046875 0.3738549326171875 0.72745098046875 0.330717677734375
1 0.558823529296875 0.313070619140625 0.491176470703125 0.3101294423828125 0.4441176474609375 0.2866000302734375 0.3970588232421875 0.290521599609375 0.37254901953125 0.313070619140625 0.3607843134765625 0.348364736328125 0.3666666669921875 0.38954120703125 0.3843137255859375 0.430717677734375 0.4107843134765625 0.4473843447265625 0.496078431640625 0.466011794921875 0.5166666669921876 0.457188265625 0.53725490234375 0.43463924609375 0.53725490234375 0.3326784619140625 0.558823529296875 0.313070619140625
1 0.368627451171875 0.4052274814453125 0.368627451171875 0.3973843447265625 0.353921568359375 0.3513059130859375 0.3068627451171875 0.3454235595703125 0.26764705859375 0.357188265625 0.2519607841796875 0.3375804228515625 0.2333333330078125 0.3522863046875 0.2352941171875 0.37973728515625 0.2078431376953125 0.4189529716796875 0.2019607841796875 0.4562078740234375 0.2441176474609375 0.4669921875 0.2882352939453125 0.503266697265625 0.341176470703125 0.4620902265625 0.3529411767578125 0.4464039521484375 0.349019607421875 0.4189529716796875 0.368627451171875 0.4052274814453125
1 0.2843137255859375 0.5091490498046874 0.2441176474609375 0.4689529716796875 0.199019607421875 0.4591490498046875 0.16274509765625 0.4718941484375 0.1529411767578125 0.530717677734375 0.131372548828125 0.5640510107421876 0.1431372548828125 0.5954235595703125 0.158823529296875 0.6111098349609375 0.1754901962890625 0.5924823837890625 0.2480392158203125 0.570913755859375 0.2568627451171875 0.5620902265625 0.2843137255859375 0.5091490498046874
1 0.17745098046875 0.5924823837890625 0.158823529296875 0.613070619140625 0.149019607421875 0.640521599609375 0.16274509765625 0.6836588544921876 0.209803921875 0.713070619140625 0.26274509765625 0.703266697265625 0.2431372548828125 0.6385608154296875 0.2480392158203125 0.570913755859375 0.17745098046875 0.5924823837890625
1 0 0.8336588544921875 0.1568627451171875 0.8336588544921875 0.168627451171875 0.830717677734375 0.1607843134765625 0.8013059130859375 0.16274509765625 0.7620902265625 0.1921568623046875 0.7091490498046875 0.1441176474609375 0.68463924609375 0.07745098046875 0.6866000302734375 0.0382352939453125 0.7062078740234375 0.0254901962890625 0.7248353251953125 0.023529412109375 0.7699333642578124 0.013725490234375 0.803266697265625 0 0.8189529716796875 0 0.8336588544921875
1 0.000980392578125 0.570913755859375 0 0.667972580078125 0.01764705859375 0.7013059130859375 0.0294117646484375 0.707188265625 0.0666666669921875 0.6836588544921876 0.06274509765625 0.6424823837890625 0.0333333330078125 0.5875804228515625 0.000980392578125 0.570913755859375
1 0.1568627451171875 0.4738549326171875 0.1382352939453125 0.4415019912109375 0.1029411767578125 0.4238549326171875 0.063725490234375 0.425815716796875 0.0441176474609375 0.3866000302734375 0.0049019609375 0.3748353251953125 0 0.5424823837890625 0.040196078125 0.59444316796875 0.0666666669921875 0.5973843447265625 0.091176470703125 0.590521599609375 0.12745098046875 0.566011794921875 0.1568627451171875 0.5150314033203125 0.1568627451171875 0.4738549326171875
1 0 0.375815716796875 0.036274509765625 0.376796109375 0.058823529296875 0.4052274814453125 0.100980392578125 0.390521599609375 0.1470588232421875 0.340521599609375 0.16274509765625 0.3091490498046875 0.1666666669921875 0.2699333642578125 0.1549019609375 0.2326784619140625 0.12254901953125 0.2003255205078125 0.0892156865234375 0.18463924609375 0.0343137255859375 0.180717677734375 0 0.1915019912109375 0 0.375815716796875
1 0.4078431376953125 0.1915019912109375 0.38725490234375 0.1728745400390625 0.3147058828125 0.1669921875 0.28235294140625 0.18954120703125 0.2578431376953125 0.22973728515625 0.2107843134765625 0.23954120703125 0.2019607841796875 0.2620902265625 0.250980392578125 0.2915019912109375 0.258823529296875 0.3248353251953125 0.2754901962890625 0.3473843447265625 0.358823529296875 0.348364736328125 0.376470587890625 0.3052274814453125 0.4156862744140625 0.27973728515625 0.431372548828125 0.23463924609375 0.4078431376953125 0.1915019912109375
1 0.849019607421875 0.4091490498046875 0.8147058828125 0.3689529716796875 0.78725490234375 0.3552274814453125 0.753921568359375 0.3552274814453125 0.7352941171875 0.366011794921875 0.713725490234375 0.4111098349609375 0.7392156865234375 0.4287568935546875 0.7647058828125 0.4699333642578125 0.7745098037109375 0.507188265625 0.7745098037109375 0.558168658203125 0.8019607841796875 0.5640510107421876 0.8392156865234375 0.5326784619140625 0.8647058828125 0.485619638671875 0.868627451171875 0.4522863046875 0.849019607421875 0.4091490498046875
1 0.5745098037109375 0.7228745400390625 0.5941176474609375 0.6816980703125 0.5578431376953125 0.657188265625 0.526470587890625 0.6473843447265625 0.5 0.6738549326171875 0.513725490234375 0.703266697265625 0.5117647060546875 0.7248353251953125 0.5049019609375 0.72973728515625 0.4950980390625 0.716011794921875 0.463725490234375 0.70424708984375 0.4431372548828125 0.7169921875 0.441176470703125 0.7326784619140625 0.4519607841796875 0.7591490498046874 0.4931372548828125 0.7552274814453125 0.526470587890625 0.7669921875 0.5450980390625 0.7875804228515625 0.550980392578125 0.8248353251953126 0.568627451171875 0.8248353251953126 0.591176470703125 0.816011794921875 0.603921568359375 0.79934512890625 0.5745098037109375 0.74444316796875 0.5745098037109375 0.7228745400390625