15 0.435546873046875 0.0595703125 0.400390626953125 0.0361328125 0.3974609375 0 0.3740234375 0.017578126953125 0.349609373046875 0.0068359375 0.3466796875 0.052734373046875 0.3203125 0.0439453125 0.3203125 0.0869140625 0.302734373046875 0.0966796875 0.31640625 0.1416015625 0.291015626953125 0.1494140625 0.3037109375 0.1796875 0.333984373046875 0.1884765625 0.3046875 0.2138671875 0.29296875 0.2412109375 0.294921873046875 0.3505859375 0.3251953125 0.3828125 0.37109375 0.4033203125 0.4169921875 0.35546875 0.458984373046875 0.3310546875 0.462890626953125 0.2431640625 0.443359373046875 0.2001953125 0.4765625 0.1533203125 0.4736328125 0.138671873046875 0.447265626953125 0.1416015625 0.435546873046875 0.0595703125
15 0.154296873046875 0.4091796875 0.1865234375 0.484375 0.19921875 0.4794921875 0.2099609375 0.453125 0.255859373046875 0.4853515625 0.279296873046875 0.4638671875 0.27734375 0.4482421875 0.2939453125 0.443359373046875 0.3203125 0.4091796875 0.2861328125 0.3359375 0.2275390625 0.326171873046875 0.16015625 0.3740234375 0.154296873046875 0.4091796875
15 0.4931640625 0.189453126953125 0.48046875 0.1923828125 0.474609373046875 0.2197265625 0.470703126953125 0.3486328125 0.4326171875 0.353515626953125 0.40625 0.3759765625 0.36328125 0.4580078125 0.369140626953125 0.4990234375 0.3896484375 0.5 0.38671875 0.5107421875 0.4072265625 0.529296873046875 0.4462890625 0.5234375 0.458984373046875 0.5322265625 0.5400390625 0.5078125 0.572265626953125 0.4677734375 0.5703125 0.4208984375 0.5390625 0.3623046875 0.54296875 0.3408203125 0.51953125 0.2802734375 0.515625 0.2099609375 0.4931640625 0.189453126953125
15 0.6455078125 0.05078125 0.615234373046875 0.1005859375 0.62890625 0.1201171875 0.5810546875 0.134765626953125 0.521484373046875 0.2060546875 0.53125 0.2998046875 0.59375 0.3583984375 0.6552734375 0.349609373046875 0.6845703125 0.328125 0.705078126953125 0.2958984375 0.71875 0.2373046875 0.7109375 0.1943359375 0.677734373046875 0.1435546875 0.703125 0.0771484375 0.6455078125 0.05078125
15 0.8408203125 0.17578125 0.8017578125 0.205078126953125 0.798828126953125 0.1806640625 0.7724609375 0.181640626953125 0.7431640625 0.1328125 0.73046875 0.1357421875 0.740234373046875 0.1748046875 0.736328126953125 0.2431640625 0.716796873046875 0.2529296875 0.701171873046875 0.3115234375 0.66015625 0.3544921875 0.671875 0.4072265625 0.73046875 0.4306640625 0.7646484375 0.419921873046875 0.833984373046875 0.3330078125 0.80859375 0.2705078125 0.8369140625 0.287109373046875 0.8623046875 0.2734375 0.87109375 0.2216796875 0.8681640625 0.17578125 0.8408203125 0.17578125
15 0.884765626953125 0.5029296875 0.9072265625 0.50390625 0.92578125 0.4619140625 0.93359375 0.4267578125 0.923828126953125 0.4033203125 0.939453126953125 0.3486328125 0.9169921875 0.306640626953125 0.8876953125 0.330078126953125 0.83984375 0.3095703125 0.83984375 0.3408203125 0.810546873046875 0.3623046875 0.77734375 0.4306640625 0.798828126953125 0.4716796875 0.7490234375 0.4921875 0.705078126953125 0.5654296875 0.6953125 0.6689453125 0.7080078125 0.689453126953125 0.748046873046875 0.7080078125 0.7568359375 0.681640626953125 0.7763671875 0.69140625 0.8154296875 0.642578126953125 0.8369140625 0.67578125 0.896484373046875 0.6552734375 0.91015625 0.5556640625 0.904296873046875 0.5224609375 0.884765626953125 0.5029296875
15 0.4326171875 0.3515625 0.40234375 0.3798828125 0.36328125 0.4541015625 0.361328126953125 0.5068359375 0.3779296875 0.5546875 0.3955078125 0.5546875 0.4130859375 0.53125 0.4462890625 0.525390626953125 0.451171873046875 0.5830078125 0.50390625 0.5947265625 0.552734373046875 0.5380859375 0.57421875 0.4326171875 0.521484373046875 0.2900390625 0.515625 0.2099609375 0.4853515625 0.189453126953125 0.474609373046875 0.2216796875 0.470703126953125 0.3466796875 0.4326171875 0.3515625
15 0.21484375 0.3271484375 0.162109373046875 0.3701171875 0.15234375 0.3955078125 0.1865234375 0.484375 0.2099609375 0.453125 0.255859373046875 0.4853515625 0.27734375 0.4658203125 0.27734375 0.4501953125 0.3203125 0.4130859375 0.2890625 0.3427734375 0.2822265625 0.23046875 0.2529296875 0.240234373046875 0.220703126953125 0.2705078125 0.21484375 0.3271484375
15 0.416015626953125 0.5400390625 0.4052734375 0.599609373046875 0.3828125 0.5927734375 0.36328125 0.5419921875 0.35546875 0.4560546875 0.3193359375 0.419921873046875 0.28515625 0.4560546875 0.2890625 0.4873046875 0.27734375 0.4990234375 0.296875 0.5751953125 0.310546873046875 0.5791015625 0.32421875 0.6142578125 0.298828126953125 0.6572265625 0.294921873046875 0.7646484375 0.31640625 0.8154296875 0.3466796875 0.841796873046875 0.37109375 0.8427734375 0.3876953125 0.81640625 0.443359373046875 0.8017578125 0.501953126953125 0.7021484375 0.501953126953125 0.6787109375 0.4716796875 0.6171875 0.431640626953125 0.6103515625 0.4443359375 0.533203126953125 0.416015626953125 0.5400390625
15 0.58203125 0.4912109375 0.546875 0.5927734375 0.591796873046875 0.6005859375 0.5771484375 0.611328126953125 0.5419921875 0.607421873046875 0.517578126953125 0.6435546875 0.5234375 0.6826171875 0.560546873046875 0.7001953125 0.6357421875 0.662109373046875 0.65234375 0.6337890625 0.662109373046875 0.5673828125 0.6494140625 0.46875 0.625 0.4873046875 0.6220703125 0.515625 0.6083984375 0.48828125 0.58203125 0.4912109375
15 0.53515625 0.8193359375 0.5791015625 0.857421873046875 0.6640625 0.8662109375 0.693359373046875 0.7978515625 0.728515626953125 0.7763671875 0.732421873046875 0.7548828125 0.7060546875 0.693359373046875 0.6357421875 0.666015626953125 0.5810546875 0.6953125 0.54296875 0.7412109375 0.53515625 0.8193359375
15 0.9296875 0.7099609375 0.9375 0.6982421875 0.9228515625 0.6796875 0.8955078125 0.6875 0.8662109375 0.671875 0.8330078125 0.6953125 0.826171873046875 0.6572265625 0.8154296875 0.650390626953125 0.7802734375 0.708984373046875 0.759765626953125 0.6982421875 0.7578125 0.7236328125 0.736328126953125 0.7392578125 0.732421873046875 0.7880859375 0.7099609375 0.7890625 0.697265626953125 0.8017578125 0.671875 0.8564453125 0.6611328125 0.8671875 0.607421873046875 0.8603515625 0.6015625 0.9208984375 0.564453126953125 0.9619140625 0.55078125 0.9951171875 0.876953126953125 0.9990234375 0.91015625 0.8798828125 0.966796873046875 0.8603515625 0.91796875 0.8349609375 0.943359373046875 0.8154296875 0.93359375 0.8017578125 0.939453126953125 0.7861328125 0.978515626953125 0.7451171875 0.9296875 0.7099609375