15 0.7080078125 0.71875 0.74609375 0.6611328125 0.748046873046875 0.5380859375 0.7265625 0.4912109375 0.69921875 0.4638671875 0.751953126953125 0.4091796875 0.76953125 0.3583984375 0.810546873046875 0.3408203125 0.78515625 0.2841796875 0.7666015625 0.271484373046875 0.7646484375 0.28125 0.75390625 0.2763671875 0.771484373046875 0.2548828125 0.783203126953125 0.1826171875 0.81640625 0.1396484375 0.8359375 0.0830078125 0.8349609375 0.07421875 0.8095703125 0.072265626953125 0.7763671875 0.083984373046875 0.6982421875 0.17578125 0.697265626953125 0.0673828125 0.6865234375 0.03515625 0.6533203125 0.095703126953125 0.6103515625 0.05078125 0.5966796875 0.103515626953125 0.5693359375 0.08203125 0.58203125 0.1787109375 0.5458984375 0.154296873046875 0.55078125 0.1982421875 0.525390626953125 0.1943359375 0.5283203125 0.205078126953125 0.552734373046875 0.2041015625 0.5625 0.2373046875 0.564453126953125 0.2529296875 0.544921873046875 0.2587890625 0.537109373046875 0.3837890625 0.572265626953125 0.4541015625 0.5712890625 0.46875 0.5546875 0.4716796875 0.53125 0.5380859375 0.5390625 0.6630859375 0.5771484375 0.712890626953125 0.66015625 0.7236328125 0.7080078125 0.71875
15 0.5048828125 0.720703126953125 0.53125 0.6923828125 0.51953125 0.5400390625 0.474609373046875 0.4951171875 0.46875 0.4619140625 0.4921875 0.4033203125 0.4599609375 0.423828126953125 0.4609375 0.3544921875 0.4384765625 0.373046873046875 0.4072265625 0.3203125 0.388671873046875 0.3154296875 0.3798828125 0.35546875 0.3388671875 0.287109373046875 0.3076171875 0.30859375 0.2607421875 0.28125 0.287109373046875 0.3447265625 0.27734375 0.3642578125 0.31640625 0.4150390625 0.30078125 0.4287109375 0.34375 0.4833984375 0.33984375 0.5009765625 0.376953126953125 0.5205078125 0.353515626953125 0.5517578125 0.349609373046875 0.6279296875 0.3671875 0.7001953125 0.40625 0.7353515625 0.5048828125 0.720703126953125
15 0.3427734375 0.80078125 0.369140626953125 0.7353515625 0.33984375 0.5908203125 0.287109373046875 0.5537109375 0.310546873046875 0.5087890625 0.294921873046875 0.4814453125 0.3046875 0.4482421875 0.283203126953125 0.4228515625 0.291015626953125 0.3857421875 0.259765626953125 0.3779296875 0.25 0.2548828125 0.232421873046875 0.2646484375 0.2158203125 0.298828126953125 0.1904296875 0.20703125 0.16015625 0.2236328125 0.1484375 0.2392578125 0.150390626953125 0.2607421875 0.1337890625 0.27734375 0.0810546875 0.2421875 0.076171873046875 0.2548828125 0.09765625 0.3037109375 0.06640625 0.3193359375 0.08203125 0.3466796875 0.072265626953125 0.3505859375 0.08203125 0.3681640625 0.07421875 0.3916015625 0.12890625 0.4423828125 0.095703126953125 0.4560546875 0.12890625 0.4873046875 0.130859373046875 0.5166015625 0.19140625 0.5634765625 0.16015625 0.6044921875 0.150390626953125 0.6416015625 0.15625 0.6865234375 0.18359375 0.7763671875 0.205078126953125 0.8134765625 0.228515626953125 0.8271484375 0.3427734375 0.80078125
15 0.3173828125 0.98828125 0.37109375 0.9482421875 0.37109375 0.8974609375 0.34375 0.8408203125 0.3232421875 0.826171873046875 0.2099609375 0.830078126953125 0.19921875 0.8408203125 0.193359373046875 0.8818359375 0.205078126953125 0.9287109375 0.228515626953125 0.9775390625 0.25 0.9951171875 0.3173828125 0.98828125
15 0.4443359375 0.94140625 0.4775390625 0.916015626953125 0.55078125 0.8876953125 0.546875 0.8525390625 0.509765626953125 0.7646484375 0.4814453125 0.736328126953125 0.4033203125 0.75390625 0.34375 0.8251953125 0.380859373046875 0.9169921875 0.416015626953125 0.9443359375 0.4443359375 0.94140625
15 0.6513671875 0.876953126953125 0.6953125 0.8486328125 0.689453126953125 0.7470703125 0.6279296875 0.72265625 0.5634765625 0.720703126953125 0.5146484375 0.732421873046875 0.541015626953125 0.8330078125 0.5654296875 0.87109375 0.59765625 0.8896484375 0.6513671875 0.876953126953125
15 0 0.8583984375 0.02734375 0.8544921875 0.0517578125 0.796875 0.060546873046875 0.8896484375 0.083984373046875 0.8876953125 0.1201171875 0.814453126953125 0.126953126953125 0.8291015625 0.12890625 0.7705078125 0.154296873046875 0.7705078125 0.15234375 0.6845703125 0.140625 0.6455078125 0.154296873046875 0.5966796875 0.126953126953125 0.5888671875 0.1806640625 0.576171873046875 0.185546873046875 0.5576171875 0.103515626953125 0.5439453125 0.134765626953125 0.5322265625 0.0859375 0.4462890625 0.123046873046875 0.4404296875 0.0556640625 0.37109375 0 0.3974609375 0 0.5478515625 0.041015626953125 0.5595703125 0 0.5712890625 0 0.7490234375 0.025390626953125 0.7392578125 0.013671873046875 0.7802734375 0 0.7880859375 0 0.8583984375
15 0.1923828125 0.99609375 0.201171873046875 0.9638671875 0.169921873046875 0.8740234375 0.1435546875 0.857421873046875 0.1357421875 0.865234373046875 0.1201171875 0.857421873046875 0.0771484375 0.89453125 0.0576171875 0.89453125 0.0517578125 0.880859373046875 0.0263671875 0.884765626953125 0.01171875 0.9052734375 0.01171875 0.9306640625 0.041015626953125 0.9990234375 0.1923828125 0.99609375
15 0.8544921875 0.779296873046875 0.869140626953125 0.7626953125 0.859375 0.7333984375 0.869140626953125 0.7197265625 0.93359375 0.6865234375 0.912109373046875 0.6181640625 0.8642578125 0.556640626953125 0.8515625 0.5595703125 0.859375 0.6533203125 0.8173828125 0.595703126953125 0.80859375 0.6865234375 0.7626953125 0.640625 0.73046875 0.6982421875 0.763671873046875 0.7568359375 0.80078125 0.7939453125 0.8544921875 0.779296873046875
15 0.7880859375 0.068359373046875 0.8271484375 0.0546875 0.86328125 0.0009765625 0.6513671875 0.005859373046875 0.62890625 0.0576171875 0.6328125 0.0791015625 0.6591796875 0.087890626953125 0.677734373046875 0.0302734375 0.6943359375 0.025390626953125 0.701171873046875 0.1279296875 0.7109375 0.1416015625 0.7880859375 0.068359373046875
15 0.484375 0.3408203125 0.4951171875 0.3125 0.5283203125 0.33984375 0.5390625 0.3310546875 0.544921873046875 0.2607421875 0.5625 0.2626953125 0.5703125 0.2314453125 0.55078125 0.1650390625 0.58984375 0.1923828125 0.5673828125 0.119140626953125 0.5126953125 0.134765626953125 0.458984373046875 0.2138671875 0.443359373046875 0.2900390625 0.46484375 0.3466796875 0.484375 0.3408203125