15 0.8681640625 0.529296873046875 0.9091796875 0.505859373046875 0.921875 0.4638671875 0.888671873046875 0.3857421875 0.853515626953125 0.3623046875 0.861328126953125 0.3193359375 0.8203125 0.2861328125 0.822265626953125 0.1708984375 0.7919921875 0.173828126953125 0.7744140625 0.15625 0.7451171875 0.1640625 0.7314453125 0.150390626953125 0.7119140625 0.162109373046875 0.6474609375 0.09375 0.6103515625 0.083984373046875 0.609375 0.1201171875 0.5966796875 0.10546875 0.595703126953125 0.1162109375 0.62109375 0.1513671875 0.61328125 0.1689453125 0.626953126953125 0.2080078125 0.666015626953125 0.2568359375 0.662109373046875 0.2802734375 0.7080078125 0.3046875 0.74609375 0.3720703125 0.7783203125 0.400390626953125 0.78515625 0.3955078125 0.77734375 0.4326171875 0.78515625 0.4697265625 0.8359375 0.5283203125 0.8681640625 0.529296873046875
15 0 0.9677734375 0.0263671875 0.978515626953125 0.037109373046875 0.9990234375 0.1298828125 0.990234373046875 0.1953125 0.8896484375 0.203125 0.8154296875 0.15625 0.7490234375 0.14453125 0.6787109375 0.185546873046875 0.5986328125 0.173828126953125 0.5439453125 0.203125 0.4892578125 0.1826171875 0.42578125 0.1396484375 0.462890626953125 0.126953126953125 0.4599609375 0.1083984375 0.421875 0.0947265625 0.4453125 0.0732421875 0.43359375 0.064453126953125 0.5107421875 0.017578126953125 0.5576171875 0.0546875 0.6474609375 0.05859375 0.7080078125 0.080078126953125 0.7099609375 0.072265626953125 0.7548828125 0.103515626953125 0.7587890625 0.052734373046875 0.7939453125 0.0595703125 0.8046875 0.1015625 0.7978515625 0.03125 0.8583984375 0.0361328125 0.869140626953125 0.0634765625 0.869140626953125 0.0625 0.8779296875 0 0.9287109375 0.017578126953125 0.9423828125 0 0.9501953125 0 0.9677734375
15 0.6484375 0.8291015625 0.6953125 0.7060546875 0.732421873046875 0.6728515625 0.71875 0.6435546875 0.703125 0.6357421875 0.7021484375 0.564453126953125 0.6552734375 0.5703125 0.607421873046875 0.6630859375 0.5654296875 0.708984373046875 0.55078125 0.7060546875 0.552734373046875 0.7197265625 0.5341796875 0.740234373046875 0.51953125 0.7314453125 0.51953125 0.7861328125 0.603515626953125 0.8857421875 0.6484375 0.8291015625
15 0 0.1533203125 0.01171875 0.1572265625 0.005859373046875 0.1728515625 0.03515625 0.1982421875 0.185546873046875 0.1494140625 0.166015626953125 0.0869140625 0.12109375 0.0517578125 0.1416015625 0.052734373046875 0.14453125 0.0419921875 0.1201171875 0 0 0.0029296875 0.0234375 0.0283203125 0.015625 0.0361328125 0.03125 0.0419921875 0.03125 0.0654296875 0 0.0966796875 0 0.1533203125
15 0.2490234375 0.09765625 0.3037109375 0.08203125 0.306640626953125 0.0556640625 0.27734375 0.0009765625 0.1689453125 0 0.177734373046875 0.0185546875 0.15625 0.0400390625 0.15234375 0.0693359375 0.17578125 0.1005859375 0.2490234375 0.09765625
15 0.3798828125 0.138671873046875 0.435546873046875 0.1044921875 0.4169921875 0 0.291015626953125 0.0068359375 0.330078126953125 0.1455078125 0.3798828125 0.138671873046875
15 0.5361328125 0.05078125 0.541015626953125 0.0009765625 0.4287109375 0 0.44140625 0.0927734375 0.5361328125 0.05078125
15 0.62109375 0.0009765625 0.5439453125 0 0.544921873046875 0.0439453125 0.62109375 0.0009765625
15 0.802734373046875 0.0771484375 0.7783203125 0.0390625 0.755859373046875 0.0595703125 0.76953125 0.1005859375 0.802734373046875 0.0771484375
15 0.76953125 0.1064453125 0.744140626953125 0.0576171875 0.7705078125 0 0.697265626953125 0.0009765625 0.69921875 0.0556640625 0.67578125 0.1005859375 0.6962890625 0.12890625 0.72265625 0.1357421875 0.76953125 0.1064453125
15 0.716796873046875 0.3505859375 0.708984373046875 0.3076171875 0.6474609375 0.279296873046875 0.634765626953125 0.3076171875 0.640625 0.3330078125 0.6953125 0.3662109375 0.716796873046875 0.3505859375
15 0.5302734375 1 0.578125 0.9853515625 0.599609373046875 0.9365234375 0.58984375 0.8642578125 0.5078125 0.7841796875 0.5009765625 0.7578125 0.4970703125 0.78125 0.4716796875 0.779296873046875 0.4560546875 0.791015626953125 0.4326171875 0.751953126953125 0.41015625 0.7490234375 0.3994140625 0.708984373046875 0.3857421875 0.716796873046875 0.3720703125 0.6875 0.3583984375 0.697265626953125 0.349609373046875 0.6904296875 0.3154296875 0.630859373046875 0.3193359375 0.689453126953125 0.2353515625 0.578125 0.2421875 0.6513671875 0.1962890625 0.638671873046875 0.1826171875 0.6640625 0.15625 0.6748046875 0.177734373046875 0.7021484375 0.17578125 0.7587890625 0.2470703125 0.8125 0.3037109375 0.81640625 0.3115234375 0.83203125 0.3486328125 0.849609373046875 0.4013671875 0.857421873046875 0.404296873046875 0.8720703125 0.38671875 0.8837890625 0.388671873046875 0.9150390625 0.4111328125 0.94921875 0.4765625 0.9990234375 0.5302734375 1
15 0.4970703125 0.7890625 0.5078125 0.7744140625 0.490234373046875 0.6748046875 0.4697265625 0.642578126953125 0.427734373046875 0.6396484375 0.451171873046875 0.5419921875 0.48046875 0.5029296875 0.466796873046875 0.4970703125 0.47265625 0.4736328125 0.453125 0.4638671875 0.486328126953125 0.4345703125 0.44921875 0.4228515625 0.4208984375 0.345703126953125 0.3798828125 0.37109375 0.3779296875 0.357421873046875 0.3642578125 0.36328125 0.3525390625 0.34375 0.3330078125 0.380859373046875 0.3212890625 0.36328125 0.2880859375 0.361328126953125 0.2744140625 0.3984375 0.2373046875 0.384765626953125 0.234375 0.4052734375 0.251953126953125 0.4169921875 0.251953126953125 0.4580078125 0.263671873046875 0.4658203125 0.265625 0.4892578125 0.28125 0.4951171875 0.279296873046875 0.5458984375 0.296875 0.5595703125 0.2919921875 0.568359373046875 0.306640626953125 0.5693359375 0.291015626953125 0.5771484375 0.296875 0.5927734375 0.328125 0.6201171875 0.3251953125 0.6328125 0.3330078125 0.625 0.359375 0.6337890625 0.3603515625 0.66015625 0.392578126953125 0.6572265625 0.3916015625 0.701171873046875 0.40234375 0.6787109375 0.396484373046875 0.6552734375 0.421875 0.6494140625 0.408203126953125 0.6591796875 0.40625 0.7001953125 0.4208984375 0.6953125 0.435546873046875 0.7177734375 0.458984373046875 0.7880859375 0.4970703125 0.7890625