5 0.37890625 0.5302734375 0.3984375 0.4521484375 0.439453125 0.3603515625 0.439453125 0.3388671875 0.4208984375 0.32421875 0.4052734375 0.32421875 0.39453125 0.3310546875 0.361328125 0.3974609375 0.330078125 0.5361328125 0.318359375 0.5712890625 0.30859375 0.5830078125 0.3125 0.5849609375 0.3232421875 0.578125 0.3447265625 0.578125 0.36328125 0.5595703125 0.37890625 0.5302734375
5 0.173828125 0.3251953125 0.1416015625 0.310546875 0.1201171875 0.3125 0.0224609375 0.3671875 0 0.3896484375 0.00390625 0.4619140625 0.1435546875 0.35546875 0.1728515625 0.33984375 0.177734375 0.3349609375 0.173828125 0.3251953125
5 0.1943359375 0.38671875 0.2490234375 0.34765625 0.255859375 0.3369140625 0.25390625 0.3193359375 0.2373046875 0.3046875 0.2158203125 0.306640625 0.0654296875 0.44140625 0.0009765625 0.486328125 0.00390625 0.5380859375 0.0537109375 0.5078125 0.0810546875 0.4765625 0.1572265625 0.423828125 0.1943359375 0.38671875
5 0 0.6103515625 0.005859375 0.6103515625 0.0283203125 0.58984375 0.1552734375 0.51953125 0.2509765625 0.443359375 0.3212890625 0.396484375 0.33203125 0.3818359375 0.33203125 0.3623046875 0.322265625 0.3486328125 0.3076171875 0.3359375 0.2822265625 0.333984375 0.2412109375 0.3515625 0.1591796875 0.423828125 0.0849609375 0.4765625 0 0.5634765625 0 0.6103515625
5 0 0.6337890625 0.0078125 0.6337890625 0.0322265625 0.619140625 0.1474609375 0.578125 0.3076171875 0.46484375 0.3408203125 0.44921875 0.369140625 0.3818359375 0.3642578125 0.376953125 0.3466796875 0.37890625 0.2412109375 0.451171875 0.1572265625 0.51953125 0.0224609375 0.595703125 0 0.6162109375 0 0.6337890625
5 0.501953125 0.3935546875 0.4873046875 0.376953125 0.4482421875 0.37109375 0.431640625 0.3857421875 0.423828125 0.4091796875 0.427734375 0.4931640625 0.435546875 0.5263671875 0.462890625 0.5830078125 0.4755859375 0.59375 0.5 0.5966796875 0.51953125 0.5751953125 0.513671875 0.5673828125 0.509765625 0.4169921875 0.501953125 0.3935546875
5 0.64453125 0.5087890625 0.666015625 0.4267578125 0.6640625 0.3798828125 0.6416015625 0.36328125 0.6162109375 0.369140625 0.603515625 0.3857421875 0.583984375 0.4716796875 0.583984375 0.5517578125 0.576171875 0.5810546875 0.5625 0.5927734375 0.560546875 0.6103515625 0.5751953125 0.625 0.58984375 0.6240234375 0.625 0.5849609375 0.634765625 0.5283203125 0.630859375 0.5205078125 0.64453125 0.5087890625
5 0.724609375 0.4892578125 0.736328125 0.4580078125 0.740234375 0.4228515625 0.7197265625 0.396484375 0.6962890625 0.3984375 0.67578125 0.4169921875 0.66796875 0.4677734375 0.646484375 0.5087890625 0.65234375 0.5166015625 0.638671875 0.5244140625 0.6328125 0.5380859375 0.62890625 0.5791015625 0.611328125 0.6298828125 0.615234375 0.6337890625 0.62890625 0.6083984375 0.66015625 0.5849609375 0.693359375 0.5283203125 0.724609375 0.4892578125
5 0.802734375 0.5048828125 0.791015625 0.4619140625 0.7744140625 0.451171875 0.7548828125 0.451171875 0.736328125 0.4638671875 0.724609375 0.4912109375 0.72265625 0.6025390625 0.73046875 0.6318359375 0.7734375 0.6748046875 0.80078125 0.6455078125 0.796875 0.5947265625 0.8046875 0.5595703125 0.802734375 0.5048828125
5 0.578125 0.5263671875 0.583984375 0.5224609375 0.5810546875 0.494140625 0.56640625 0.5224609375 0.578125 0.5263671875
5 0.4970703125 0.599609375 0.4638671875 0.5859375 0.458984375 0.5888671875 0.447265625 0.6357421875 0.423828125 0.6650390625 0.4375 0.6669921875 0.4423828125 0.662109375 0.4638671875 0.6640625 0.48828125 0.6494140625 0.4970703125 0.599609375
5 0.662109375 0.5830078125 0.626953125 0.6142578125 0.619140625 0.6806640625 0.607421875 0.7119140625 0.607421875 0.7216796875 0.61328125 0.7216796875 0.640625 0.7001953125 0.666015625 0.6513671875 0.6865234375 0.544921875 0.662109375 0.5830078125
5 0.3307291669921875 0.5523003466796875 0.3359375 0.533203125 0.3385416669921875 0.517578125 0.342013888671875 0.4993489580078125 0.34375 0.485460068359375 0.3472222216796875 0.4654947919921875 0.3480902783203125 0.447265625 0.3359375 0.449001736328125 0.329861111328125 0.4498697919921875 0.3229166669921875 0.453342013671875 0.3098958330078125 0.462890625 0.287326388671875 0.4759114580078125 0.2699652783203125 0.4889322919921875 0.2526041669921875 0.5054253466796875 0.228298611328125 0.5279947919921875 0.2057291669921875 0.549696181640625 0.162326388671875 0.5766059033203125 0.1432291669921875 0.597439236328125 0.1354166669921875 0.625217013671875 0.141493056640625 0.6460503466796875 0.149305556640625 0.666015625 0.1605902783203125 0.672092013671875 0.1640625 0.6694878466796875 0.1953125 0.6538628466796875 0.228298611328125 0.6382378466796875 0.256076388671875 0.6295572919921875 0.2864583330078125 0.6078559033203125 0.303819443359375 0.587890625 0.3177083330078125 0.5835503466796875 0.3246527783203125 0.5696614580078125 0.3307291669921875 0.5523003466796875
5 0.826388888671875 0.5618489580078125 0.8324652783203125 0.5844184033203125 0.834201388671875 0.610460068359375 0.842013888671875 0.643446181640625 0.8463541669921875 0.656467013671875 0.8489583330078125 0.6764322919921875 0.8559027783203125 0.6773003466796875 0.865451388671875 0.6773003466796875 0.8776041669921875 0.6694878466796875 0.8802083330078125 0.659071181640625 0.881944443359375 0.635633681640625 0.884548611328125 0.5983072919921875 0.8802083330078125 0.565321181640625 0.876736111328125 0.540147568359375 0.875 0.5227864580078125 0.868055556640625 0.5062934033203125 0.860243056640625 0.4889322919921875 0.852430556640625 0.4733072919921875 0.84375 0.4602864580078125 0.8359375 0.454210068359375 0.813368056640625 0.4420572919921875 0.797743056640625 0.440321181640625 0.7934027783203125 0.440321181640625 0.7890625 0.4420572919921875 0.782986111328125 0.449001736328125 0.779513888671875 0.4516059033203125 0.7760416669921875 0.455946181640625 0.7925347216796875 0.4663628466796875 0.796875 0.4750434033203125 0.795138888671875 0.478515625 0.802951388671875 0.4906684033203125 0.8125 0.5149739580078125 0.819444443359375 0.541015625 0.826388888671875 0.5618489580078125
5 0.413194443359375 0.4898003466796875 0.40625 0.493272568359375 0.3949652783203125 0.4993489580078125 0.3871527783203125 0.5219184033203125 0.384548611328125 0.534071181640625 0.3784722216796875 0.541883681640625 0.3619791669921875 0.5601128466796875 0.352430556640625 0.5670572919921875 0.3385416669921875 0.578342013671875 0.328993056640625 0.586154513671875 0.322048611328125 0.593967013671875 0.310763888671875 0.601779513671875 0.3046875 0.6061197919921875 0.2925347216796875 0.618272568359375 0.282986111328125 0.626953125 0.2734375 0.635633681640625 0.2612847216796875 0.644314236328125 0.241319443359375 0.657335068359375 0.201388888671875 0.6773003466796875 0.1597222216796875 0.696397568359375 0.1362847216796875 0.698133681640625 0.1059027783203125 0.703342013671875 0.1128472216796875 0.711154513671875 0.125868056640625 0.7094184033203125 0.1449652783203125 0.7085503466796875 0.1753472216796875 0.7085503466796875 0.1987847216796875 0.7024739580078125 0.2161458330078125 0.697265625 0.234375 0.691189236328125 0.2534722216796875 0.6868489580078125 0.2838541669921875 0.680772568359375 0.306423611328125 0.673828125 0.322048611328125 0.666883681640625 0.3333333330078125 0.659071181640625 0.34375 0.651258681640625 0.360243056640625 0.6382378466796875 0.374131943359375 0.6295572919921875 0.4027777783203125 0.6156684033203125 0.415798611328125 0.604383681640625 0.430555556640625 0.593967013671875 0.4375 0.5774739580078125 0.4427083330078125 0.562717013671875 0.4496527783203125 0.555772568359375 0.422743056640625 0.494140625 0.4184027783203125 0.487196181640625 0.413194443359375 0.4898003466796875
5 0.5130208330078125 0.4915364580078125 0.5130208330078125 0.515842013671875 0.509548611328125 0.541883681640625 0.5078125 0.563585068359375 0.5026041669921875 0.580946181640625 0.4973958330078125 0.596571181640625 0.493055556640625 0.619140625 0.493055556640625 0.644314236328125 0.4869791669921875 0.681640625 0.4791666669921875 0.6946614580078125 0.4652777783203125 0.7076822919921875 0.4375 0.714626736328125 0.407118056640625 0.7233072919921875 0.4401041669921875 0.726779513671875 0.467881943359375 0.720703125 0.4965277783203125 0.7007378466796875 0.516493056640625 0.6773003466796875 0.5338541669921875 0.648654513671875 0.546006943359375 0.6165364580078125 0.553819443359375 0.580078125 0.561631943359375 0.5462239580078125 0.5677083330078125 0.523654513671875 0.5746527783203125 0.4898003466796875 0.578125 0.470703125 0.5833333330078125 0.440321181640625 0.5833333330078125 0.416883681640625 0.578125 0.401258681640625 0.5703125 0.3873697919921875 0.556423611328125 0.386501736328125 0.548611111328125 0.3882378466796875 0.5364583330078125 0.3977864580078125 0.5234375 0.4134114580078125 0.516493056640625 0.4359809033203125 0.5112847216796875 0.4446614580078125 0.5104166669921875 0.463758681640625 0.5130208330078125 0.4915364580078125