5 0.490234375 0.5166015625 0.517578125 0.4189453125 0.51953125 0.3857421875 0.513671875 0.3720703125 0.4970703125 0.35546875 0.4794921875 0.349609375 0.4521484375 0.353515625 0.4375 0.3662109375 0.408203125 0.4677734375 0.3943213359375 0.533954224609375 0.386825880859375 0.5797130107421875 0.3734130810546875 0.6298109716796875 0.3552664736328125 0.678331041015625 0.340670134765625 0.698054689453125 0.3730186845703125 0.6941099326171875 0.3887983876953125 0.686614970703125 0.414440451171875 0.6511124716796876 0.455078125 0.5966796875 0.490234375 0.5166015625
5 0.3662109375 0.361328125 0.3486328125 0.359375 0.328125 0.3720703125 0.248046875 0.5029296875 0.1796875 0.6474609375 0.17578125 0.6884765625 0.181640625 0.6884765625 0.2109375 0.6630859375 0.224609375 0.6103515625 0.31640625 0.4658203125 0.3662109375 0.361328125
5 0.318359375 0.5517578125 0.3515625 0.5166015625 0.369140625 0.4892578125 0.37109375 0.4736328125 0.38671875 0.4599609375 0.423828125 0.3974609375 0.4375 0.3623046875 0.4375 0.3427734375 0.4267578125 0.326171875 0.4013671875 0.322265625 0.384765625 0.3349609375 0.314453125 0.4697265625 0.240234375 0.5830078125 0.21875 0.6259765625 0.21484375 0.6513671875 0.205753375 0.6806979453125 0.23828125 0.6591796875 0.259765625 0.6298828125 0.2724609375 0.61328125 0.291015625 0.5947265625 0.318359375 0.5517578125
5 0.328125 0.3681640625 0.3154296875 0.34765625 0.2958984375 0.337890625 0.2685546875 0.337890625 0.2451171875 0.349609375 0.224609375 0.3720703125 0.1640625 0.4580078125 0.083984375 0.6064453125 0.033203125 0.6689453125 0.015625 0.7001953125 0.0179744267578125 0.741841076171875 0.044799984375 0.736318470703125 0.091796875 0.7080078125 0.1494140625 0.666015625 0.197265625 0.6064453125 0.244140625 0.5068359375 0.328125 0.3681640625
5 0 0.5849609375 0.00390625 0.6669921875 0.08203125 0.6044921875 0.138671875 0.5107421875 0.1572265625 0.46484375 0 0.5849609375
5 0.1728515625 0.404296875 0.1396484375 0.408203125 0.0908203125 0.4453125 0.015625 0.5244140625 0 0.5517578125 0.00390625 0.5810546875 0.1611328125 0.458984375 0.185546875 0.4267578125 0.1796875 0.4091796875 0.1728515625 0.404296875
5 0.576171875 0.4306640625 0.57421875 0.4052734375 0.5615234375 0.390625 0.5400390625 0.390625 0.525390625 0.4072265625 0.478515625 0.5712890625 0.44140625 0.6357421875 0.439453125 0.6533203125 0.453125 0.6533203125 0.4619140625 0.65234375 0.48828125 0.6259765625 0.5234375 0.5751953125 0.576171875 0.4306640625
5 0.455078125 0.6650390625 0.45703125 0.7060546875 0.4658203125 0.716796875 0.48046875 0.7158203125 0.501953125 0.6845703125 0.513671875 0.6103515625 0.5107421875 0.599609375 0.455078125 0.6650390625
5 0.654296875 0.5224609375 0.6171875 0.4677734375 0.5830078125 0.4609375 0.5625 0.4736328125 0.548828125 0.5087890625 0.548828125 0.5458984375 0.5546875 0.5537109375 0.552734375 0.6005859375 0.568359375 0.6552734375 0.6025390625 0.693359375 0.6171875 0.6962890625 0.6435546875 0.677734375 0.662109375 0.6513671875 0.66015625 0.5400390625 0.654296875 0.5224609375
5 0.640625 0.3876953125 0.6044921875 0.337890625 0.5712890625 0.337890625 0.5625 0.3505859375 0.56640625 0.3798828125 0.630859375 0.4892578125 0.7197265625 0.587890625 0.73828125 0.5908203125 0.744140625 0.5751953125 0.728515625 0.5302734375 0.6796875 0.4658203125 0.640625 0.3876953125
5 0.9736328125 0.552734375 0.9052734375 0.5078125 0.8388671875 0.48046875 0.7900390625 0.439453125 0.7021484375 0.3828125 0.6611328125 0.376953125 0.642578125 0.3896484375 0.685546875 0.4716796875 0.7099609375 0.49609375 0.8681640625 0.57421875 0.9208984375 0.587890625 0.94921875 0.5869140625 0.9814453125 0.5859375 0.9990234375 0.578125 1 0.5595703125 0.9736328125 0.552734375
5 0.7765855498046875 0.541054724609375 0.7939432763671875 0.5666954423828126 0.8176128330078125 0.597069798828125 0.8444385205078125 0.632572296875 0.8546952763671875 0.6448009404296875 0.877575865234375 0.657029541015625 0.8984375 0.6748046875 0.896484375 0.6240234375 0.86328125 0.5771484375 0.7666015625 0.525390625 0.7765855498046875 0.541054724609375
5 0.755859375 0.4013671875 0.75390625 0.4150390625 0.7646484375 0.42578125 0.7919921875 0.439453125 0.8388671875 0.478515625 0.875 0.4951171875 0.84375 0.4404296875 0.8037109375 0.390625 0.7802734375 0.384765625 0.755859375 0.4013671875
5 1 0.5283203125 0.994140625 0.5205078125 0.9375 0.4599609375 0.91796875 0.4306640625 0.8701171875 0.384765625 0.8369140625 0.361328125 0.8134765625 0.361328125 0.796875 0.3740234375 0.794921875 0.3837890625 0.8125 0.3955078125 0.8837890625 0.498046875 0.9111328125 0.509765625 0.9755859375 0.552734375 1 0.5556640625 1 0.5283203125
5 1 0.4560546875 0.9541015625 0.41015625 0.9208984375 0.388671875 0.8857421875 0.392578125 0.88671875 0.4013671875 0.912109375 0.4228515625 0.94140625 0.4638671875 1 0.5244140625 1 0.4560546875
5 0.947265625 0.6142578125 0.9306640625 0.58984375 0.8720703125 0.576171875 0.873046875 0.5888671875 0.8984375 0.6201171875 0.8984375 0.6279296875 0.955078125 0.6943359375 0.955078125 0.7021484375 0.9384765625 0.71484375 0.94921875 0.7236328125 0.9609375 0.7197265625 0.970703125 0.7001953125 0.97265625 0.6669921875 0.947265625 0.6142578125
5 0.675200662109375 0.7146225078125 0.691769509765625 0.7201451142578125 0.7241178857421875 0.7023938642578125 0.7497599482421875 0.6771476953125 0.7651451689453125 0.6546627216796875 0.760805759765625 0.5887858671875 0.745026140625 0.549733119140625 0.7469984736328125 0.589180330078125 0.7300353173828125 0.5978587236328124 0.7150444951171875 0.591152685546875 0.6778848173828125 0.554135103515625 0.6965033154296875 0.601803435546875 0.706760158203125 0.666891365234375 0.69216390625 0.7023938642578125 0.675200662109375 0.7146225078125
5 0.317395017578125 0.7083109326171875 0.33356925 0.695687826171875 0.344615146484375 0.6582129716796875 0.3564499248046875 0.611270798828125 0.357633376953125 0.562356224609375 0.35842234375 0.5154140498046875 0.320945458984375 0.5528889482421875 0.290810953125 0.5995896484375 0.2889914814453125 0.6444064345703125 0.287413501953125 0.688587326171875 0.2996428076171875 0.7118611826171874 0.317395017578125 0.7083109326171875
5 1 0.6162109375 0.98046875 0.5908203125 0.9716796875 0.5859375 0.9365234375 0.58984375 0.958984375 0.6376953125 0.9736328125 0.65234375 1 0.6630859375 1 0.6162109375