5 0.7890625 0.4677734375 0.7763671875 0.451171875 0.7548828125 0.439453125 0.7373046875 0.44140625 0.720703125 0.4521484375 0.732421875 0.4794921875 0.734375 0.5185546875 0.724609375 0.6259765625 0.7265625 0.6650390625 0.6923828125 0.65625 0.654296875 0.6630859375 0.6552734375 0.66796875 0.6904296875 0.6640625 0.7197265625 0.68359375 0.732421875 0.6826171875 0.7509765625 0.673828125 0.76171875 0.6572265625 0.79296875 0.5380859375 0.7890625 0.4677734375
5 0.7265625 0.4658203125 0.7080078125 0.451171875 0.6806640625 0.455078125 0.6640625 0.4697265625 0.611328125 0.6083984375 0.623046875 0.6689453125 0.634765625 0.6728515625 0.66796875 0.6513671875 0.72265625 0.5419921875 0.732421875 0.4853515625 0.7265625 0.4658203125
5 0.6824296796875 0.4365235673828125 0.6843828046875 0.4189454423828125 0.6716874921875 0.4003907548828125 0.6482499921875 0.3964845048828125 0.6218828046875 0.4150391923828125 0.5984453046875 0.4541016923828125 0.5378984296875 0.5244141923828125 0.5164140546875 0.5693360673828125 0.4967315 0.6018035654296875 0.4734453046875 0.6298829423828125 0.4777956640625 0.635333578125 0.5115312421875 0.5996095048828125 0.5486406171875 0.5839845048828125 0.5935624921875 0.5332032548828125 0.6550859296875 0.4833985673828125 0.6824296796875 0.4365235673828125
5 0.615234375 0.3994140625 0.611328125 0.3779296875 0.5947265625 0.36328125 0.5751953125 0.36328125 0.55859375 0.3740234375 0.51171875 0.4482421875 0.494140625 0.5029296875 0.474609375 0.5322265625 0.443359375 0.5966796875 0.4453125 0.6103515625 0.470703125 0.6240234375 0.5078125 0.5810546875 0.537109375 0.5244140625 0.58984375 0.4599609375 0.615234375 0.3994140625
5 0.59375 0.5771484375 0.609375 0.5458984375 0.6083984375 0.533203125 0.5947265625 0.533203125 0.5498046875 0.5859375 0.513671875 0.6044921875 0.513671875 0.6181640625 0.48828125 0.6884765625 0.462890625 0.7158203125 0.4638671875 0.720703125 0.474609375 0.7197265625 0.5009765625 0.70703125 0.53515625 0.6708984375 0.58203125 0.5869140625 0.59375 0.5771484375
5 0.41796875 0.5302734375 0.423828125 0.4970703125 0.451171875 0.4248046875 0.44921875 0.3955078125 0.4228515625 0.3671875 0.3955078125 0.3671875 0.369140625 0.3896484375 0.35546875 0.4365234375 0.34375 0.4892578125 0.341796875 0.5712890625 0.3505859375 0.5859375 0.3671875 0.5947265625 0.3818359375 0.58984375 0.400390625 0.5693359375 0.40625 0.5400390625 0.41796875 0.5302734375
5 0.4333762001953125 0.6163989423828125 0.486328125 0.5107421875 0.525390625 0.4208984375 0.5234375 0.4033203125 0.5126953125 0.388671875 0.4853515625 0.384765625 0.462890625 0.4052734375 0.4325871455078125 0.488984408203125 0.421875 0.5263671875 0.3911652919921875 0.6171878671875 0.3643397763671875 0.6795144716796875 0.374991103515625 0.6881928642578125 0.418779861328125 0.6511124716796876 0.4333762001953125 0.6163989423828125
5 0.2978515625 0.513671875 0.271484375 0.5537109375 0.2451171875 0.576171875 0.2275390625 0.578125 0.158203125 0.6259765625 0.0414070654296875 0.6842481953125 0.060342771484375 0.6905596826171875 0.1088655107421875 0.675569759765625 0.228515625 0.6513671875 0.3173828125 0.59765625 0.33984375 0.5751953125 0.3427734375 0.482421875 0.2978515625 0.513671875
5 0.369140625 0.3876953125 0.388671875 0.3681640625 0.396484375 0.3330078125 0.3857421875 0.322265625 0.3701171875 0.318359375 0.3525390625 0.326171875 0.296875 0.4033203125 0.240234375 0.5263671875 0.212890625 0.5654296875 0.2158203125 0.5703125 0.2255859375 0.56640625 0.24609375 0.5712890625 0.28125 0.5380859375 0.330078125 0.4482421875 0.36328125 0.4052734375 0.369140625 0.3876953125
5 0.2371171357421875 0.52948446875 0.2722733857421875 0.44940634375 0.1814530732421875 0.49139853125 0.0408280732421875 0.58319540625 0.0300858857421875 0.59589071875 0.0281327607421875 0.61542196875 0.0398515107421875 0.65448446875 0.0535233857421875 0.66034384375 0.1111405732421875 0.64178915625 0.1277421357421875 0.62909384375 0.1794999482421875 0.59491415625 0.2371171357421875 0.52948446875
5 0.31640625 0.3740234375 0.2998046875 0.373046875 0.1962890625 0.431640625 0.0732421875 0.51171875 0.0029296875 0.544921875 0.001953125 0.5849609375 0.0556640625 0.572265625 0.1748046875 0.494140625 0.2705078125 0.447265625 0.31640625 0.3740234375
5 0.2890625 0.3740234375 0.2890625 0.3525390625 0.2666015625 0.330078125 0.2275390625 0.330078125 0.0517578125 0.439453125 0 0.4775390625 0.001953125 0.5439453125 0.0712890625 0.51171875 0.2041015625 0.42578125 0.2705078125 0.390625 0.2890625 0.3740234375
5 0.1982421875 0.298828125 0.1728515625 0.302734375 0.1005859375 0.357421875 0.0849609375 0.36328125 0.0791015625 0.373046875 0.0693359375 0.375 0.0185546875 0.419921875 0.0087890625 0.423828125 0.0029296875 0.41796875 0.00390625 0.4697265625 0.2099609375 0.337890625 0.21484375 0.3173828125 0.208984375 0.3076171875 0.1982421875 0.298828125
5 0.1005859375 0.302734375 0.0634765625 0.314453125 0.0029296875 0.345703125 0.00390625 0.4130859375 0.1318359375 0.33203125 0.14453125 0.3173828125 0.1259765625 0.3046875 0.1005859375 0.302734375
5 0.433612421875 0.647167759765625 0.431640625 0.6662032626953125 0.4549150751953125 0.7323737578125 0.4809516220703125 0.6952933642578125 0.483713095703125 0.653084828125 0.4521484375 0.6144454501953125 0.433612421875 0.647167759765625