5 0 0.7470703125 0.021484375 0.7548828125 0.0947265625 0.697265625 0.15234375 0.6337890625 0.173828125 0.5888671875 0.17578125 0.5673828125 0.2060546875 0.490234375 0.16796875 0.5263671875 0.1337890625 0.5703125 0.087890625 0.6064453125 0.056640625 0.6533203125 0 0.7138671875 0 0.7470703125
5 0.23828125 0.5439453125 0.29296875 0.4677734375 0.298828125 0.4423828125 0.2861328125 0.421875 0.2685546875 0.419921875 0.2490234375 0.4296875 0.21484375 0.4775390625 0.18359375 0.5458984375 0.173828125 0.5908203125 0.15625 0.6240234375 0.134765625 0.6904296875 0.140625 0.6923828125 0.150390625 0.6865234375 0.15625 0.6669921875 0.189453125 0.6416015625 0.23828125 0.5439453125
5 0.3212890625 0.4609375 0.2939453125 0.46875 0.275390625 0.4892578125 0.19921875 0.6162109375 0.19140625 0.6416015625 0.169921875 0.6748046875 0.15234375 0.7353515625 0.1552734375 0.74609375 0.16796875 0.7470703125 0.1884765625 0.740234375 0.22265625 0.7080078125 0.294921875 0.6123046875 0.3212890625 0.4609375
5 0.3251953125 0.73828125 0.3251953125 0.73046875 0.3544921875 0.728515625 0.369140625 0.7099609375 0.41015625 0.6064453125 0.4453125 0.3916015625 0.431640625 0.3642578125 0.4052734375 0.34765625 0.3779296875 0.34765625 0.3564453125 0.359375 0.337890625 0.3916015625 0.328125 0.4248046875 0.302734375 0.5771484375 0.30078125 0.6494140625 0.28515625 0.7275390625 0.2880859375 0.732421875 0.3125 0.7314453125 0.287109375 0.7451171875 0.2998046875 0.765625 0.310546875 0.7666015625 0.3310546875 0.7578125 0.34375 0.7431640625 0.3427734375 0.73828125 0.3251953125 0.73828125
5 0.5 0.3779296875 0.4951171875 0.369140625 0.4814453125 0.365234375 0.4619140625 0.373046875 0.447265625 0.3994140625 0.41796875 0.5576171875 0.416015625 0.6689453125 0.42578125 0.7119140625 0.43359375 0.7158203125 0.458984375 0.6669921875 0.45703125 0.6083984375 0.494140625 0.4501953125 0.5 0.3779296875
5 0.533203125 0.5341796875 0.5546875 0.4619140625 0.568359375 0.3935546875 0.564453125 0.3486328125 0.5498046875 0.330078125 0.5380859375 0.326171875 0.5205078125 0.330078125 0.50390625 0.3564453125 0.490234375 0.4775390625 0.45703125 0.6103515625 0.45703125 0.6513671875 0.46484375 0.6884765625 0.470703125 0.6904296875 0.48828125 0.6630859375 0.51171875 0.6005859375 0.521484375 0.5537109375 0.533203125 0.5341796875
5 0.619140625 0.6689453125 0.5859375 0.6396484375 0.5283203125 0.546875 0.501953125 0.6259765625 0.505859375 0.6357421875 0.5673828125 0.70703125 0.6064453125 0.720703125 0.619140625 0.7197265625 0.6259765625 0.71875 0.634765625 0.7041015625 0.619140625 0.6787109375 0.619140625 0.6689453125
5 0.685546875 0.5009765625 0.638671875 0.3740234375 0.6201171875 0.357421875 0.5849609375 0.35546875 0.568359375 0.3681640625 0.5703125 0.3935546875 0.5625 0.4345703125 0.58984375 0.4970703125 0.58984375 0.5107421875 0.6015625 0.5283203125 0.60546875 0.5517578125 0.625 0.5830078125 0.64453125 0.6474609375 0.6474609375 0.65234375 0.66796875 0.6513671875 0.6884765625 0.650390625 0.69921875 0.6259765625 0.701171875 0.5751953125 0.685546875 0.5009765625
5 0.599609375 0.5283203125 0.5859375 0.5087890625 0.587890625 0.5009765625 0.578125 0.4931640625 0.57421875 0.4716796875 0.5576171875 0.466796875 0.533203125 0.5439453125 0.5712890625 0.599609375 0.5830078125 0.603515625 0.6220703125 0.638671875 0.6318359375 0.654296875 0.64453125 0.6533203125 0.63671875 0.6162109375 0.62109375 0.5771484375 0.607421875 0.5595703125 0.599609375 0.5283203125
5 0.7705078125 0.466796875 0.7255859375 0.462890625 0.724609375 0.4892578125 0.755859375 0.5791015625 0.8095703125 0.63671875 0.8486328125 0.666015625 0.8759765625 0.673828125 0.8916015625 0.689453125 0.900390625 0.6904296875 0.939453125 0.6513671875 0.93359375 0.6162109375 0.8349609375 0.50390625 0.7705078125 0.466796875
5 0.7353515625 0.666015625 0.703125 0.6669921875 0.7412109375 0.71484375 0.76171875 0.7158203125 0.767578125 0.7119140625 0.76953125 0.6904296875 0.7548828125 0.65625 0.7353515625 0.666015625
5 0.6904296875 0.39453125 0.6708984375 0.390625 0.654296875 0.4033203125 0.654296875 0.4150390625 0.6875 0.5048828125 0.705078125 0.5849609375 0.693359375 0.6474609375 0.724609375 0.6513671875 0.751953125 0.6474609375 0.751953125 0.5771484375 0.703125 0.4111328125 0.6904296875 0.39453125
5 1 0.4501953125 0.9931640625 0.4453125 0.8447265625 0.380859375 0.7978515625 0.373046875 0.775390625 0.3818359375 0.8662109375 0.46484375 0.9228515625 0.50390625 1 0.5302734375 1 0.4501953125
5 0.7041015625 0.333984375 0.6865234375 0.3359375 0.67578125 0.3447265625 0.673828125 0.3642578125 0.6875 0.3896484375 0.8056640625 0.484375 0.9345703125 0.56640625 0.9599609375 0.576171875 0.990234375 0.5751953125 0.9287109375 0.509765625 0.8642578125 0.46484375 0.7333984375 0.349609375 0.7041015625 0.333984375
5 1 0.6064453125 0.9736328125 0.57421875 0.9384765625 0.5703125 0.8642578125 0.525390625 0.892578125 0.5712890625 0.935546875 0.6162109375 0.9453125 0.6376953125 0.9921875 0.6748046875 0.990234375 0.6943359375 0.9814453125 0.705078125 0.91015625 0.7255859375 0.9150390625 0.732421875 0.95703125 0.7333984375 1 0.7119140625 1 0.6064453125
5 1 0.4326171875 0.9931640625 0.42578125 0.9287109375 0.37890625 0.9033203125 0.380859375 0.888671875 0.3955078125 1 0.4482421875 1 0.4326171875
5 0.90234375 0.3681640625 0.9033203125 0.376953125 0.9365234375 0.3828125 1 0.4287109375 0.9970703125 0.376953125 0.9443359375 0.353515625 0.9169921875 0.35546875 0.90234375 0.3681640625