5 0.8271484375 0.68359375 0.849609375 0.6689453125 0.85546875 0.5302734375 0.8359375 0.4638671875 0.8017578125 0.439453125 0.7822265625 0.439453125 0.767578125 0.4541015625 0.783203125 0.4755859375 0.818359375 0.6572265625 0.7861328125 0.654296875 0.7587890625 0.666015625 0.7109375 0.7080078125 0.716796875 0.7099609375 0.7587890625 0.67578125 0.7861328125 0.662109375 0.8095703125 0.666015625 0.8271484375 0.68359375
5 0.1396484375 0.30859375 0.1181640625 0.30859375 0.0146484375 0.36328125 0 0.3779296875 0.00390625 0.4501953125 0.1396484375 0.34765625 0.1650390625 0.3359375 0.16796875 0.3251953125 0.1396484375 0.30859375
5 0.1806640625 0.384765625 0.2373046875 0.345703125 0.24609375 0.3349609375 0.23828125 0.3115234375 0.2255859375 0.302734375 0.2060546875 0.3046875 0.0283203125 0.45703125 0.0009765625 0.47265625 0.001953125 0.5283203125 0.0458984375 0.49609375 0.0615234375 0.474609375 0.1357421875 0.42578125 0.1806640625 0.384765625
5 0.3203125 0.3564453125 0.2939453125 0.33203125 0.2626953125 0.333984375 0.2255859375 0.353515625 0.1435546875 0.421875 0.0615234375 0.478515625 0.0078125 0.5302734375 0 0.5400390625 0.001953125 0.5888671875 0.1318359375 0.51953125 0.3037109375 0.3984375 0.322265625 0.3798828125 0.3203125 0.3564453125
5 0.35546875 0.3779296875 0.3330078125 0.37890625 0.1279296875 0.5234375 0.0009765625 0.58984375 0.00390625 0.6181640625 0.1357421875 0.5703125 0.2958984375 0.4609375 0.3251953125 0.447265625 0.35546875 0.3779296875
5 0.35546875 0.5302734375 0.37109375 0.4736328125 0.427734375 0.3642578125 0.427734375 0.3349609375 0.4150390625 0.32421875 0.3955078125 0.322265625 0.37890625 0.3369140625 0.34765625 0.3955078125 0.30859375 0.5322265625 0.2890625 0.5791015625 0.2998046875 0.57421875 0.3134765625 0.578125 0.3291015625 0.5703125 0.35546875 0.5302734375
5 0.49609375 0.4150390625 0.486328125 0.3876953125 0.4736328125 0.375 0.4365234375 0.369140625 0.41796875 0.3857421875 0.408203125 0.4130859375 0.41015625 0.4873046875 0.419921875 0.5380859375 0.4375 0.5869140625 0.4521484375 0.595703125 0.466796875 0.5947265625 0.484375 0.5791015625 0.482421875 0.5654296875 0.4921875 0.5458984375 0.49609375 0.4150390625
5 0.533203125 0.5302734375 0.54296875 0.5263671875 0.556640625 0.4970703125 0.572265625 0.4228515625 0.56640625 0.3974609375 0.5537109375 0.38671875 0.5302734375 0.38671875 0.509765625 0.4072265625 0.494140625 0.4658203125 0.490234375 0.5693359375 0.47265625 0.6064453125 0.47265625 0.6259765625 0.453125 0.6845703125 0.4326171875 0.703125 0.40625 0.7119140625 0.4091796875 0.720703125 0.41796875 0.7197265625 0.4755859375 0.693359375 0.515625 0.6318359375 0.533203125 0.5615234375 0.533203125 0.5302734375
5 0.70703125 0.4892578125 0.7265625 0.4384765625 0.7265625 0.4169921875 0.7138671875 0.400390625 0.6943359375 0.39453125 0.666015625 0.4111328125 0.6484375 0.4697265625 0.611328125 0.5322265625 0.587890625 0.6064453125 0.595703125 0.6123046875 0.5966796875 0.60546875 0.6328125 0.5849609375 0.662109375 0.5400390625 0.70703125 0.4892578125
5 0.78125 0.4716796875 0.7705078125 0.45703125 0.7509765625 0.44921875 0.7275390625 0.45703125 0.708984375 0.4853515625 0.69921875 0.5986328125 0.703125 0.6318359375 0.73046875 0.6689453125 0.744140625 0.6748046875 0.771484375 0.6435546875 0.76953125 0.6123046875 0.78515625 0.5341796875 0.78125 0.4716796875
5 0.6640625 0.5712890625 0.6728515625 0.533203125 0.6640625 0.5380859375 0.630859375 0.5888671875 0.6083984375 0.599609375 0.59765625 0.6123046875 0.58984375 0.6787109375 0.57421875 0.7119140625 0.57421875 0.7216796875 0.580078125 0.7216796875 0.611328125 0.6982421875 0.63671875 0.6533203125 0.65234375 0.5869140625 0.6640625 0.5712890625
5 0.3359375 0.563585068359375 0.305555556640625 0.5904947919921875 0.2864583330078125 0.605251736328125 0.2769097216796875 0.612196181640625 0.2456597216796875 0.6304253466796875 0.2083333330078125 0.651258681640625 0.189236111328125 0.664279513671875 0.1666666669921875 0.675564236328125 0.1362847216796875 0.690321181640625 0.116319443359375 0.691189236328125 0.0815972216796875 0.691189236328125 0.0520833330078125 0.7016059033203125 0.086805556640625 0.7163628466796875 0.1276041669921875 0.7085503466796875 0.1536458330078125 0.705946181640625 0.1822916669921875 0.6937934033203125 0.1875 0.689453125 0.201388888671875 0.679904513671875 0.2421875 0.6764322919921875 0.280381943359375 0.673828125 0.2890625 0.6694878466796875 0.3307291669921875 0.6469184033203125 0.365451388671875 0.6234809033203125 0.3854166669921875 0.612196181640625 0.414930556640625 0.578342013671875 0.420138888671875 0.5531684033203125 0.4140625 0.523654513671875 0.4105902783203125 0.503689236328125 0.4019097216796875 0.4837239580078125 0.399305556640625 0.484592013671875 0.3862847216796875 0.493272568359375 0.366319443359375 0.511501736328125 0.3706597216796875 0.5123697919921875 0.3550347216796875 0.541015625 0.3359375 0.563585068359375
5 0.2473958330078125 0.605251736328125 0.2604166669921875 0.594835068359375 0.279513888671875 0.5835503466796875 0.289930556640625 0.571397568359375 0.302951388671875 0.5436197919921875 0.3098958330078125 0.519314236328125 0.3237847216796875 0.4837239580078125 0.327256943359375 0.4672309033203125 0.3315972216796875 0.439453125 0.310763888671875 0.453342013671875 0.271701388671875 0.4819878466796875 0.2543402783203125 0.4906684033203125 0.2152777783203125 0.5141059033203125 0.196180556640625 0.5288628466796875 0.171875 0.550564236328125 0.138888888671875 0.5774739580078125 0.1206597216796875 0.595703125 0.1059027783203125 0.609592013671875 0.1041666669921875 0.618272568359375 0.116319443359375 0.6451822919921875 0.123263888671875 0.657335068359375 0.1284722216796875 0.672092013671875 0.1458333330078125 0.6616753466796875 0.150173611328125 0.657335068359375 0.1762152783203125 0.6451822919921875 0.203993056640625 0.636501736328125 0.2300347216796875 0.620876736328125 0.2473958330078125 0.605251736328125
5 0.5572916669921875 0.5123697919921875 0.5546875 0.5375434033203125 0.546006943359375 0.562717013671875 0.537326388671875 0.579210068359375 0.532986111328125 0.6009114580078125 0.5338541669921875 0.617404513671875 0.552951388671875 0.628689236328125 0.5572916669921875 0.626953125 0.569444443359375 0.617404513671875 0.585069443359375 0.605251736328125 0.5902777783203125 0.594835068359375 0.5902777783203125 0.580078125 0.592013888671875 0.5687934033203125 0.6067708330078125 0.5375434033203125 0.6128472216796875 0.523654513671875 0.625868056640625 0.501953125 0.634548611328125 0.478515625 0.6432291669921875 0.455946181640625 0.6527777783203125 0.431640625 0.655381943359375 0.409939236328125 0.655381943359375 0.392578125 0.650173611328125 0.378689236328125 0.6432291669921875 0.370876736328125 0.6362847216796875 0.367404513671875 0.618055556640625 0.367404513671875 0.609375 0.370008681640625 0.5989583330078125 0.3743489580078125 0.5911458330078125 0.390842013671875 0.584201388671875 0.4108072919921875 0.579861111328125 0.423828125 0.571180556640625 0.449001736328125 0.5651041669921875 0.471571181640625 0.5598958330078125 0.4759114580078125 0.5581597216796875 0.4828559033203125 0.5572916669921875 0.5123697919921875