6 0.3486328125 0.249845296875 0.345703125 0.2432704203125 0.3349609375 0.16568688125 0.326171875 0.16963180625000002 0.318359375 0.209081065625 0.3125 0.30375928281250003 0.294921875 0.385287746875 0.28515625 0.4668162140625 0.279296875 0.477336015625 0.279296875 0.48785581718750004 0.287109375 0.490485765625 0.330078125 0.4036974015625 0.3515625 0.3116491328125 0.35546875 0.245900371875 0.3486328125 0.249845296875
6 0.3955078125 0.281404703125 0.390625 0.2590501234375 0.37640181250000004 0.24906226718750002 0.380859375 0.537824875 0.390625 0.5430847765625 0.400390625 0.5194152234375 0.41015625 0.3747679453125 0.40336469218750004 0.276655171875 0.3955078125 0.281404703125
6 0.55078125 0.390547646875 0.5322265625 0.3392636140625 0.515625 0.416847153125 0.515625 0.5141553234375 0.53125 0.56938428125 0.5673828125 0.612778465625 0.57421875 0.6114634890625 0.576171875 0.6035736390625 0.552734375 0.5509746296875 0.544921875 0.4983756203125 0.55078125 0.390547646875
6 0.591796875 0.6193533421875 0.59375 0.6351330453124999 0.6025390625 0.646967821875 0.611328125 0.645652846875 0.62109375 0.6351330453124999 0.619140625 0.6114634890625 0.6123046875 0.6022586640625 0.591796875 0.6193533421875
6 0.59375 0.40632735000000003 0.59375 0.30112933124999997 0.5751953125 0.29455445468749997 0.56640625 0.30112933124999997 0.56640625 0.3800278453125 0.5615234375 0.394492575 0.55078125 0.3958075484375 0.55078125 0.4694461625 0.5703125 0.56149443125 0.5859375 0.6114634890625 0.59375 0.6140934421875001 0.61328125 0.5746441828125 0.59375 0.44051670937500004 0.580078125 0.45103651093749997 0.59375 0.40632735000000003
6 0.33984375 0.56938428125 0.3271484375 0.56543935625 0.326171875 0.70088180625 0.33203125 0.7824102734375 0.337890625 0.8192295796875 0.345703125 0.8192295796875 0.35546875 0.76926051875 0.349609375 0.6956219046875 0.3515625 0.6035736390625 0.33984375 0.56938428125
6 0.8193359375 0.2603650984375 0.80078125 0.2879795796875 0.8046875 0.32479888749999997 0.818359375 0.385287746875 0.828125 0.40632735000000003 0.845703125 0.42210705312499996 0.837890625 0.3642481421875 0.8203125 0.36687809531250004 0.83203125 0.30375928281250003 0.8193359375 0.2603650984375
6 0.783203125 0.09336324375 0.779296875 0.1959313109375 0.7890625 0.25116027343749997 0.796875 0.25116027343749997 0.818359375 0.2432704203125 0.81640625 0.1328124984375 0.8310546875 0.03155940625 0.783203125 0.09336324375
6 0.9072265625 0.2866646046875 0.9052734375 0.2919245046875 0.8916015625 0.2866646046875 0.8671875 0.3116491328125 0.873046875 0.36950804375 0.892578125 0.4273669546875 0.921875 0.47470606406250004 0.927734375 0.44840655781249994 0.912109375 0.3747679453125 0.91015625 0.29323948125 0.9072265625 0.2866646046875
6 0.865234375 0.1196627484375 0.86328125 0.261680075 0.8671875 0.2643100234375 0.91015625 0.2327506171875 0.9091796875 0.0894183171875 0.8798828125 0.09993811875 0.865234375 0.1196627484375
6 0.62890625 0.3721379953125 0.634765625 0.3800278453125 0.65625 0.36161819375 0.6494140625 0.35241336562500003 0.6376953125 0.35241336562500003 0.62890625 0.3721379953125
6 0.6650390625 0.583849009375 0.6591796875 0.56543935625 0.654296875 0.5667543328125 0.6552734375 0.581219059375 0.6513671875 0.56806930625 0.64453125 0.572014234375 0.6611328125 0.5996287125 0.6875 0.6140934421875001 0.703125 0.6062035875 0.7001953125 0.5917388609375 0.6650390625 0.56280940625 0.6650390625 0.583849009375
6 0.6220703125 0.397122525 0.611328125 0.43788675625 0.611328125 0.490485765625 0.623046875 0.5430847765625 0.6328125 0.5509746296875 0.650390625 0.524675125 0.64453125 0.49574566718749996 0.646484375 0.43788675625 0.6220703125 0.397122525
6 0.6279296875 0.5864789609375001 0.619140625 0.6009436874999999 0.623046875 0.63250309375 0.615234375 0.645652846875 0.619140625 0.6956219046875 0.634765625 0.7666305703125 0.6484375 0.7903001234375 0.6328125 0.7955600234375 0.65234375 0.8034498765625001 0.6640625 0.745590965625 0.65234375 0.6956219046875 0.6484375 0.6430228953125 0.6279296875 0.5864789609375001
6 0.41796875 0.745590965625 0.3974609375 0.7390160890625 0.3984375 0.8823483921875 0.40625 0.9191676984375 0.4140625 0.8823483921875 0.412109375 0.8613087875 0.419921875 0.8428991328125001 0.41796875 0.745590965625
6 0.5234375 0.93757735 0.55859375 0.9428372515625 0.572265625 0.93231745 0.5693359375 0.9047029703125 0.5537109375 0.9231126234374999 0.5234375 0.93757735
6 0.595703125 0.7824102734375 0.619140625 0.7903001234375 0.619140625 0.7298112640625 0.6025390625 0.7258663359375 0.595703125 0.7429610140625 0.595703125 0.7824102734375
6 0.619140625 0.8192295796875 0.619140625 0.8008199250000001 0.6005859375 0.7916150984375 0.59375 0.7955600234375 0.59375 0.82448948125 0.580078125 0.8744585390624999 0.58203125 0.9060179453125 0.587890625 0.908647896875 0.599609375 0.8902382421875 0.599609375 0.8744585390624999 0.611328125 0.8560488875000001 0.619140625 0.8192295796875