6 0.7264371656249999 0.6080659546875 0.799966578125 0.5701871671875 0.8475935828125 0.53676470625 0.8367312828125 0.51893939375 0.8200200531249999 0.492201425 0.8024732625000001 0.5033422453124999 0.7774064171874999 0.5178253125000001 0.7289438500000001 0.5490196078125 0.6913435828125001 0.5635026734374999 0.6679478609375 0.57464349375 0.6278409093749999 0.61252228125 0.627005346875 0.6336898390625 0.6420454546875 0.6570855625 0.6545788765625 0.6492869875 0.700534759375 0.6169786109375 0.7264371656249999 0.6080659546875
6 0.3546123 0.7684937609375 0.41644385 0.7751782515625 0.4891377 0.7606951875 0.5233957218749999 0.7462121203125001 0.5718582890625 0.7350713015625 0.580213903125 0.7094474140625 0.55765374375 0.7083333328125 0.49832887656249997 0.7094474140625 0.460728609375 0.715017825 0.45320855625 0.7194741546875 0.4105949203125 0.7094474140625 0.3704879671875 0.70610516875 0.32286096249999996 0.7194741546875 0.30698529375 0.7217023171875 0.27272727343750003 0.7172459890625 0.2393048125 0.7250445625 0.2393048125 0.7584670234375 0.26520721875 0.7796345812500001 0.294451871875 0.7840909078125 0.3546123 0.7684937609375
6 0.2301136359375 0.5233957234375 0.27105615 0.56461675625 0.3119986625 0.6114082 0.3404077546875 0.6615418890625 0.35795454531250004 0.7072192515625 0.3663101609375 0.6827094484375 0.356283421875 0.6136363640625 0.32286096249999996 0.5657308375000001 0.273562834375 0.492201425 0.24849598906249998 0.4654634578125 0.21340240625 0.42758467031249997 0.1649398390625 0.39081996406249997 0.1256684484375 0.396390375 0.12650401093750002 0.42758467031249997 0.145721925 0.45543672031250004 0.179144384375 0.4754901953125 0.2301136359375 0.5233957234375
6 0.28609625625 0.2883244203125 0.30197192500000003 0.21590909218749998 0.3136697859375 0.1512923359375 0.2961229953125 0.1590909078125 0.26019385 0.27272727343750003 0.2309491984375 0.3807932265625 0.210895721875 0.4654634578125 0.2200868984375 0.4855169328125 0.24014037500000002 0.4788324421875 0.25852272656249997 0.44206773593750004 0.27272727343750003 0.368538325 0.28609625625 0.2883244203125
6 0.35795454531250004 0.21702317343750002 0.335394384375 0.23039215624999998 0.3028074859375 0.2359625671875 0.2493315515625 0.229278075 0.2083890375 0.22704991093750002 0.21340240625 0.24376114218749997 0.242647059375 0.2537878796875 0.2977941171875 0.2716131921875 0.33622994687499996 0.27606951875 0.383021390625 0.2593582890625 0.440675134375 0.2393048125 0.471590909375 0.2326203203125 0.4824532078125 0.22370766406249998 0.4824532078125 0.1980837796875 0.4623997328125 0.19251336875 0.403074865625 0.19585561406250002 0.35795454531250004 0.21702317343750002
6 0.6336898390625 0.3897058828125 0.5919117640625 0.42869875156250004 0.534258021875 0.4866310171875 0.502506684375 0.5579322640625 0.507520053125 0.57464349375 0.534258021875 0.5378787875000001 0.591076203125 0.4855169328125 0.6453877 0.4498663109375 0.6913435828125001 0.42758467031249997 0.7665441171875 0.41532976875000005 0.815006684375 0.3841354734375 0.809993315625 0.3585115859375 0.783255346875 0.35516933906250003 0.7205882359375 0.3618538328125 0.6336898390625 0.3897058828125
6 0.52590240625 0.3997326203125 0.5584893046875 0.4576648828125 0.6011029406249999 0.49108734375 0.65123663125 0.4821746875 0.6829879671875 0.44875222968750006 0.6804812828125 0.43315508124999996 0.658756684375 0.44318181875 0.6336898390625 0.4465240640625 0.6086229953125 0.4465240640625 0.581049465625 0.4231283421875 0.5584893046875 0.3763368984375 0.549298128125 0.32286096249999996 0.5584893046875 0.2738413546875 0.5668449203125 0.2214795 0.5685160421875 0.19585561406250002 0.5459558828125 0.19028520468750001 0.5250668453125 0.2326203203125 0.5175467921875 0.3172905515625 0.52590240625 0.3997326203125
6 0.502506684375 0.5044563265625001 0.497493315625 0.46991978593750006 0.49832887656249997 0.4387254890625 0.508355615625 0.3897058828125 0.5242312828125 0.3573975046875 0.5618315515625001 0.312834225 0.5843917109375 0.2894385015625 0.6161430484375 0.2704991078125 0.64037433125 0.2471033875 0.6345254015624999 0.23819073125 0.5977606953125 0.2415329765625 0.5568181812499999 0.26158645156250004 0.5041778078125 0.3061497328125 0.4682486625 0.3763368984375 0.4490307484375 0.4821746875 0.4540441171875 0.5802139046875 0.470755346875 0.6236631015625 0.48997326250000006 0.6180926921875 0.5041778078125 0.5868983953125 0.50501336875 0.54679144375 0.502506684375 0.5044563265625001
6 0.4490307484375 0.6938502671875 0.4749331546875 0.7116755796875001 0.5200534765625 0.7551247765625 0.5635026734374999 0.8119429578125 0.5827205875 0.8208556140625 0.5710227265625 0.7829768265625 0.539271390625 0.7306149734375 0.50501336875 0.6838235296875 0.44568850312499997 0.6102941171875 0.398897059375 0.5445632796875 0.36965240625 0.479946525 0.34458556093750004 0.4409536546875 0.32954545468749996 0.4320409984375 0.31534090937500003 0.43983957343749996 0.320354278125 0.4509803921875 0.31617647031249996 0.5022281640624999 0.33790106875000003 0.5557041 0.39221256718749997 0.6381461671875 0.4490307484375 0.6938502671875
6 0.7122326203125 0.7384135484375001 0.73395721875 0.7918894828124999 0.7256016046875 0.8709893046875001 0.7406417109375 0.8810160437500001 0.759859625 0.8186274499999999 0.74481951875 0.7250445625 0.708890375 0.6414884140625 0.6712901062500001 0.5857843140625 0.6462232625000001 0.5590463453125001 0.6244986625 0.5601604265625 0.6153074859375 0.5802139046875 0.6445521390625 0.63034759375 0.6763034765625 0.6793672015625 0.7122326203125 0.7384135484375001
6 0.7297794125 0.5334224609375 0.73395721875 0.6180926921875 0.7272727265625 0.6626559703125 0.708890375 0.7016488421875 0.6888368984375 0.7172459890625 0.66209893125 0.7250445625 0.637867646875 0.7350713015625 0.6370320859375 0.7473262046875 0.66209893125 0.7473262046875 0.6963569515625 0.742869875 0.7431483953125 0.7005347578125 0.7748997328125 0.6281194296875 0.774064171875 0.5300802140624999 0.763201871875 0.47660427656250004 0.7573529406249999 0.41310160468749996 0.7406417109375 0.37745098125 0.7297794125 0.37745098125 0.7155748656250001 0.3997326203125 0.710561496875 0.452094475 0.7222593578125001 0.50111408125 0.7297794125 0.5334224609375
6 0.3863636359375 0.4197860953125 0.42563502656249996 0.46323529375000005 0.4682486625 0.4844028515625 0.507520053125 0.48106060624999997 0.5325868984375 0.4509803921875 0.5401069515625 0.4309269171875 0.5233957218749999 0.4387254890625 0.4891377 0.45320855625 0.458221925 0.4376114078125 0.42145721875 0.39750445624999997 0.40056818125 0.368538325 0.39054144375 0.32063279843750003 0.3955548125 0.29389483125 0.3846925140625 0.2838680921875 0.3663101609375 0.2905525859375 0.3537767375 0.32063279843750003 0.3638034765625 0.37076648749999996 0.3863636359375 0.4197860953125
6 0.4206216578125 0.41755793125 0.429812834375 0.3016934046875 0.434826203125 0.2471033875 0.44568850312499997 0.20031194375 0.45320855625 0.18137255000000002 0.4498663109375 0.16577540156249998 0.434826203125 0.18137255000000002 0.3997326203125 0.2515597140625 0.36798128281250003 0.4030748671875 0.3612967921875 0.45320855625 0.32870989375000004 0.5523618546875 0.32954545468749996 0.5802139046875 0.3537767375 0.5891265609375 0.3813502671875 0.5679590015625 0.4022393046875 0.5233957234375 0.4206216578125 0.41755793125