12 0.8046875 0.45263671875 0.796875 0.41162109375 0.7636718765625 0.36767578125 0.7519531234375 0.33544921875 0.7480468765625 0.30322265625 0.7597656234375 0.27392578125 0.7216796875 0.240234375 0.6943359375 0.2373046859375 0.6513671875 0.263671875 0.61328125 0.32373046875 0.59375 0.39111328125 0.5917968765625 0.47314453125 0.6035156234375 0.54931640625 0.6396484375 0.6181640640625 0.6767578125 0.6474609359375 0.7207031234375 0.65185546875 0.7509765625 0.6357421859375 0.7871093765625 0.57861328125 0.80078125 0.52294921875 0.8046875 0.45263671875
12 0.5302734375 0.7001953140625 0.5576171875 0.6943359359375 0.5693359375 0.7119140640625 0.6083984375 0.71484375 0.61328125 0.66064453125 0.6015625 0.62548828125 0.5615234375 0.5830078140625 0.5263671875 0.568359375 0.4755859375 0.57421875 0.4472656234375 0.61376953125 0.44140625 0.65771484375 0.4482421875 0.69140625 0.45275841562499997 0.7081911421875 0.45493666875 0.7081911421875 0.4550781234375 0.70458984375 0.4619140625 0.7265625 0.4765625 0.73095703125 0.5048828125 0.7119140640625 0.5205078125 0.71484375 0.5355333250000001 0.7114601 0.5302734375 0.7001953140625
12 0.2451171875 0.515625 0.2158203125 0.5185546859375 0.1904296875 0.5390625 0.1640625 0.59619140625 0.1875 0.65185546875 0.2099609375 0.6796875 0.2197265625 0.6796875 0.2236328125 0.6650390640625 0.2666015625 0.7119140640625 0.2832031234375 0.71337890625 0.29296875 0.68994140625 0.29296875 0.63427734375 0.27734375 0.54638671875 0.2451171875 0.515625
12 0.4228515625 0.43359375 0.3935546875 0.421875 0.3525390625 0.4248046859375 0.3232421875 0.4482421859375 0.30078125 0.48486328125 0.2871093765625 0.53173828125 0.2871093765625 0.58447265625 0.3134765625 0.6328125 0.34765625 0.64013671875 0.4052734375 0.603515625 0.4355468765625 0.55810546875 0.4433593765625 0.47021484375 0.4228515625 0.43359375
12 0.5654296875 0.427734375 0.5244140625 0.4130859359375 0.4892578125 0.4189453140625 0.4599609375 0.4482421859375 0.4472656234375 0.47314453125 0.4453125 0.52880859375 0.4677734375 0.5712890640625 0.5205078125 0.5654296859375 0.5839843765625 0.58154296875 0.59765625 0.56689453125 0.6015625 0.54345703125 0.58984375 0.45556640625 0.5654296875 0.427734375
12 0.2607421875 0.3662109359375 0.2353515625 0.3603515640625 0.2119140625 0.3720703140625 0.1953125 0.39697265625 0.1894531234375 0.42041015625 0.1933593765625 0.47900390625 0.2158203125 0.515625 0.2509765625 0.5126953140625 0.2792968765625 0.53173828125 0.3144531234375 0.45849609375 0.30859375 0.42626953125 0.2841796875 0.38671875 0.2607421875 0.3662109359375
12 0.37109375 0.30615234375 0.35546875 0.27099609375 0.3310546875 0.24609375 0.3017578125 0.234375 0.2705078125 0.240234375 0.25 0.26513671875 0.2421875 0.29150390625 0.2441406234375 0.31787109375 0.2666015625 0.3662109359375 0.3154296875 0.421875 0.3300781234375 0.42333984375 0.3466796875 0.4189453140625 0.36328125 0.39990234375 0.375 0.33251953125 0.37109375 0.30615234375
12 0.4208984375 0.15234375 0.4013671875 0.1376953140625 0.3505859375 0.134765625 0.3144531234375 0.17724609375 0.30859375 0.21533203125 0.3154296875 0.2373046859375 0.3349609375 0.24609375 0.3642578125 0.2783203140625 0.3828125 0.27978515625 0.4072265625 0.2431640640625 0.4423828125 0.234375 0.4433593765625 0.19482421875 0.4208984375 0.15234375
12 0.4599609375 0.2490234359375 0.4423828125 0.2373046859375 0.4189453125 0.2373046859375 0.3925781234375 0.26513671875 0.3808593765625 0.29736328125 0.375 0.34130859375 0.3769531234375 0.39990234375 0.3857421875 0.416015625 0.44140625 0.43505859375 0.4599609375 0.421875 0.4785156234375 0.38818359375 0.4902343765625 0.30322265625 0.4599609375 0.2490234359375
12 0.5576171875 0.111328125 0.5419921875 0.10253906406249999 0.5166015625 0.10253906406249999 0.4970703125 0.11425781406249999 0.4511718765625 0.17431640625 0.4453125 0.19482421875 0.4541015625 0.2373046859375 0.4873046875 0.2783203140625 0.5078125 0.27978515625 0.5537109375 0.2490234359375 0.578125 0.19189453125 0.5703125 0.13330078125 0.5576171875 0.111328125
12 0.5634765625 0.2607421859375 0.5341796875 0.2607421859375 0.5097656234375 0.28857421875 0.4941406234375 0.32666015625 0.4921875 0.39990234375 0.5009765625 0.4130859359375 0.57421875 0.42041015625 0.5859375 0.40576171875 0.59765625 0.35595703125 0.59375 0.30029296875 0.5634765625 0.2607421859375
12 0.6982421875 0.1728515640625 0.6630859375 0.1494140640625 0.6298828125 0.1494140640625 0.5859375 0.18603515625 0.578125 0.22705078125 0.5878906234375 0.26806640625 0.6103515625 0.29296875 0.6269531234375 0.29736328125 0.6748046875 0.2431640640625 0.7167968765625 0.23291015625 0.71484375 0.20947265625 0.6982421875 0.1728515640625