12 0.279296875 0.5642361109375 0.2666015625 0.534722221875 0.2158203125 0.46875 0.1591796875 0.46875 0.12890625 0.515625 0.12109375 0.5538194437499999 0.123046875 0.5850694437499999 0.1513671875 0.6493055562500001 0.1826171875 0.6701388890625 0.203125 0.671875 0.2333984375 0.6666666671875 0.2666015625 0.6458333328125 0.27734375 0.609375 0.279296875 0.5642361109375
12 0.3896484375 0.37847222187499996 0.3681640625 0.3576388890625 0.3427734375 0.3541666671875 0.3134765625 0.375 0.294921875 0.41493055625 0.28515625 0.46006944375 0.287109375 0.5295138890625 0.306640625 0.5989583328125 0.3291015625 0.6388888890625 0.3583984375 0.6631944437499999 0.388671875 0.6614583328125 0.4140625 0.6302083328125 0.423828125 0.5850694437499999 0.419921875 0.45659722187499996 0.3896484375 0.37847222187499996
12 0.345703125 0.3489583328125 0.333984375 0.296875 0.2919921875 0.23958333281250002 0.2841796875 0.23958333281250002 0.283203125 0.2517361109375 0.296875 0.26215277812500004 0.287109375 0.27256944375000003 0.29296875 0.2760416671875 0.296875 0.3177083328125 0.3115234375 0.3541666671875 0.2548828125 0.30555555624999997 0.2294921875 0.2951388890625 0.2177734375 0.2951388890625 0.216796875 0.3107638890625 0.2412109375 0.3541666671875 0.2177734375 0.34722222187499996 0.1865234375 0.3125 0.17578125 0.33506944375000003 0.177734375 0.38715277812500004 0.1962890625 0.44097222187499996 0.2216796875 0.47222222187499996 0.259765625 0.48090277812500004 0.283203125 0.4739583328125 0.2890625 0.4322916671875 0.3095703125 0.36805555624999997 0.345703125 0.3489583328125
12 0.5029296875 0.6458333328125 0.4697265625 0.621527778125 0.4482421875 0.621527778125 0.4248046875 0.6423611109375 0.408203125 0.675347221875 0.40234375 0.7135416671875 0.40625 0.8107638890625 0.4208984375 0.8576388890625 0.4921875 0.855902778125 0.505859375 0.8420138890625 0.517578125 0.800347221875 0.51953125 0.6892361109375 0.5029296875 0.6458333328125
12 0.3232421875 0.6423611109375 0.3017578125 0.65625 0.28125 0.6927083328125 0.275390625 0.7204861109375 0.26953125 0.800347221875 0.27734375 0.8524305562500001 0.369140625 0.855902778125 0.384765625 0.8420138890625 0.39453125 0.7864583328125 0.3828125 0.6822916671875 0.3232421875 0.6423611109375
12 0.255859375 0.828125 0.263671875 0.769097221875 0.2509765625 0.71875 0.1787109375 0.6979166671875 0.158203125 0.730902778125 0.15234375 0.7586805562500001 0.158203125 0.8177083328125001 0.1875 0.859375 0.19140625 0.824652778125 0.1982421875 0.815972221875 0.2451171875 0.8368055562500001 0.255859375 0.828125
12 0.552734375 0.5225694437499999 0.548828125 0.42881944375 0.537109375 0.390625 0.5166015625 0.3576388890625 0.4736328125 0.35069444375000003 0.4501953125 0.3611111109375 0.423828125 0.4079861109375 0.423828125 0.484375 0.4619140625 0.59375 0.4931640625 0.625 0.513671875 0.6232638890625 0.5302734375 0.6180555562500001 0.5390625 0.6024305562500001 0.533203125 0.546875 0.552734375 0.5225694437499999
12 0.478515625 0.24131944375 0.466796875 0.19965277812499999 0.4287109375 0.14930555625 0.3994140625 0.1458333328125 0.3701171875 0.17013888906250002 0.349609375 0.206597221875 0.341796875 0.230902778125 0.33984375 0.28993055624999997 0.3544921875 0.34722222187499996 0.3798828125 0.3645833328125 0.4072265625 0.40277777812500004 0.421875 0.4079861109375 0.4443359375 0.3645833328125 0.4833984375 0.34027777812500004 0.486328125 0.3107638890625 0.478515625 0.24131944375
12 0.3876953125 0 0.373046875 0.050347221875 0.373046875 0.081597221875 0.38671875 0.140625 0.4248046875 0.1458333328125 0.4580078125 0.18055555625 0.47265625 0.17881944375 0.498046875 0.112847221875 0.494140625 0.053819443749999994 0.478515625 0.0017361109374999999 0.3876953125 0
12 0.607421875 0.171875 0.595703125 0.13368055625 0.5673828125 0.09375 0.5185546875 0.09375 0.484375 0.140625 0.474609375 0.17534722187500001 0.47265625 0.21354166718749998 0.484375 0.265625 0.513671875 0.3454861109375 0.5322265625 0.375 0.56640625 0.3802083328125 0.595703125 0.3454861109375 0.611328125 0.2829861109375 0.61328125 0.22395833281250002 0.607421875 0.171875
12 0.736328125 0.22048611093749998 0.71875 0.16840277812499999 0.6943359375 0.14236111093749998 0.6650390625 0.13888888906250002 0.6396484375 0.15972222187500001 0.62890625 0.18576388906250002 0.619140625 0.22743055625 0.619140625 0.26909722187499996 0.634765625 0.3454861109375 0.68359375 0.39409722187499996 0.7060546875 0.3541666671875 0.7431640625 0.34027777812500004 0.74609375 0.2864583328125 0.736328125 0.22048611093749998
12 0.703125 0.45659722187499996 0.6787109375 0.3923611109375 0.6376953125 0.3645833328125 0.5966796875 0.3611111109375 0.572265625 0.390625 0.556640625 0.4357638890625 0.552734375 0.5225694437499999 0.568359375 0.581597221875 0.6015625 0.6510416671875 0.6240234375 0.690972221875 0.646484375 0.699652778125 0.654296875 0.6927083328125 0.685546875 0.605902778125 0.69140625 0.5052083328125 0.703125 0.45659722187499996
12 0.80859375 0.44618055625 0.796875 0.390625 0.7802734375 0.3611111109375 0.7587890625 0.34375 0.7197265625 0.34375 0.7041015625 0.3576388890625 0.685546875 0.4045138890625 0.7041015625 0.4548611109375 0.7177734375 0.44097222187499996 0.73828125 0.453125 0.736328125 0.6197916671875 0.755859375 0.6267361109375 0.7783203125 0.6111111109375 0.80078125 0.5642361109375 0.80859375 0.519097221875 0.80859375 0.44618055625
12 0.884765625 0.203125 0.869140625 0.15798611093749998 0.8427734375 0.125 0.8232421875 0.11805555625 0.7724609375 0.14236111093749998 0.755859375 0.1822916671875 0.74609375 0.230902778125 0.75390625 0.328125 0.7841796875 0.3645833328125 0.8056640625 0.4166666671875 0.81640625 0.41840277812500004 0.8349609375 0.40972222187499996 0.875 0.32465277812500004 0.884765625 0.26215277812500004 0.884765625 0.203125
12 0.94921875 0.359375 0.9306640625 0.3298611109375 0.8994140625 0.31944444375000003 0.8740234375 0.3333333328125 0.857421875 0.36284722187499996 0.84765625 0.41493055625 0.84765625 0.48090277812500004 0.8583984375 0.5243055562500001 0.8876953125 0.534722221875 0.9130859375 0.5694444437499999 0.919921875 0.5677083328125 0.94140625 0.5399305562500001 0.95703125 0.484375 0.958984375 0.39409722187499996 0.94921875 0.359375
12 0.92578125 0.609375 0.916015625 0.578125 0.8857421875 0.534722221875 0.8603515625 0.527777778125 0.8310546875 0.5381944437499999 0.80859375 0.578125 0.80078125 0.612847221875 0.798828125 0.6649305562500001 0.806640625 0.7274305562500001 0.8408203125 0.8125 0.91015625 0.824652778125 0.923828125 0.8072916671874999 0.935546875 0.7586805562500001 0.9375 0.6927083328125 0.92578125 0.609375