12 0.2519531234375 0.05419921875 0.25390625 0.01318359375 0.2490234375 0.005859375 0.24609375 0.05712890625 0.2246093765625 0.08935546875 0.2207031234375 0.13330078125 0.2373046875 0.181640625 0.2636718765625 0.18603515625 0.2910156234375 0.14501953125 0.296875 0.09814453125 0.2822265625 0.0615234359375 0.2519531234375 0.05419921875
12 0.2646484375 0.2021484359375 0.2275390625 0.1875 0.2138671875 0.1962890640625 0.2011718765625 0.22119140625 0.2011718765625 0.27392578125 0.2333984375 0.3369140640625 0.2578125 0.33837890625 0.2685546875 0.3310546859375 0.2832031234375 0.30029296875 0.2832031234375 0.23876953125 0.2646484375 0.2021484359375
12 0.2080078125 0.146484375 0.1845703125 0.1494140640625 0.1699218765625 0.17431640625 0.17578125 0.22412109375 0.19921875 0.24462890625 0.2050781234375 0.20947265625 0.23046875 0.18310546875 0.2265625 0.16552734375 0.2080078125 0.146484375
12 0.35546875 0.45263671875 0.3330078125 0.4365234359375 0.3056640625 0.4482421859375 0.29296875 0.48193359375 0.3027343765625 0.57275390625 0.3115234375 0.591796875 0.328125 0.59619140625 0.3613281234375 0.56982421875 0.3769531234375 0.50830078125 0.37109375 0.47900390625 0.35546875 0.45263671875
12 0.2705078125 0.4716796859375 0.2373046875 0.4833984359375 0.2167968765625 0.53173828125 0.21875 0.57568359375 0.2265625 0.59619140625 0.2451171875 0.6181640640625 0.26171875 0.61669921875 0.2832031234375 0.59619140625 0.296875 0.56103515625 0.29296875 0.49072265625 0.2705078125 0.4716796859375
12 0.2021484375 0.7119140640625 0.1630859375 0.7001953140625 0.1455078125 0.7119140640625 0.1328125 0.73388671875 0.1308593765625 0.78369140625 0.1386718765625 0.81005859375 0.1611328125 0.84375 0.19140625 0.85693359375 0.2060546875 0.849609375 0.22265625 0.81591796875 0.2207031234375 0.74560546875 0.2021484375 0.7119140640625
12 0.2646484375 0.755859375 0.2548828125 0.7470703140625 0.2421875 0.76904296875 0.2421875 0.80712890625 0.2568359375 0.84375 0.2734375 0.84814453125 0.296875 0.82470703125 0.3027343765625 0.79833984375 0.2744140625 0.75 0.2646484375 0.755859375
12 0.1748046875 0.650390625 0.1503906234375 0.68701171875 0.1494140625 0.708984375 0.1865234375 0.703125 0.2285156234375 0.73681640625 0.2363281234375 0.69287109375 0.2285156234375 0.66650390625 0.2158203125 0.6533203140625 0.1748046875 0.650390625
12 0.3496093765625 0.84814453125 0.3369140625 0.8173828140625 0.3076171875 0.8115234359375 0.2871093765625 0.84228515625 0.2871093765625 0.88330078125 0.3076171875 0.92578125 0.3300781234375 0.93017578125 0.34765625 0.90087890625 0.3496093765625 0.87158203125 0.3339843765625 0.87744140625 0.3496093765625 0.84814453125
12 0.3955078125 0.8291015640625 0.3730468765625 0.85400390625 0.3671875 0.89501953125 0.3730468765625 0.92138671875 0.3857421875 0.9404296859375 0.4033203125 0.9580078140625 0.4199218765625 0.95654296875 0.44140625 0.93017578125 0.4453125 0.87451171875 0.4267578125 0.837890625 0.3955078125 0.8291015640625
12 0.4931640625 0.837890625 0.4521484375 0.837890625 0.44140625 0.85693359375 0.4472656234375 0.88037109375 0.4433593765625 0.92138671875 0.4677734375 0.955078125 0.4863281234375 0.95947265625 0.5009765625 0.94921875 0.5136718765625 0.91845703125 0.51171875 0.86865234375 0.4931640625 0.837890625
12 0.4814453125 0.73828125 0.44949095000000006 0.7931837359375 0.4614715140625 0.8373145703124999 0.4824218765625 0.83056640625 0.5078125 0.84521484375 0.52734375 0.80712890625 0.52734375 0.75732421875 0.5126953125 0.73828125 0.4814453125 0.73828125
12 0.7158203125 0.6416015640625 0.6943359375 0.64453125 0.66796875 0.68115234375 0.6699218765625 0.73095703125 0.6777343765625 0.75146484375 0.6943359375 0.767578125 0.72265625 0.77197265625 0.74609375 0.73974609375 0.7480468765625 0.68994140625 0.7275390625 0.650390625 0.7158203125 0.6416015640625
12 0.8212890625 0.6826171859375 0.8105468765625 0.68994140625 0.7949218765625 0.72802734375 0.7949218765625 0.76318359375 0.8134765625 0.802734375 0.8417968765625 0.81005859375 0.8691406234375 0.76904296875 0.87109375 0.71923828125 0.8525390625 0.685546875 0.8212890625 0.6826171859375
12 0.7294921875 0.626953125 0.7265625 0.64306640625 0.7480468765625 0.68701171875 0.75 0.73095703125 0.765625 0.71337890625 0.7753906234375 0.66650390625 0.7431640625 0.626953125 0.7294921875 0.626953125
12 0.5712890625 0.310546875 0.5419921875 0.2958984359375 0.51171875 0.32080078125 0.5058593765625 0.37353515625 0.515625 0.40576171875 0.5400390625 0.439453125 0.5625 0.44384765625 0.5751953125 0.4365234359375 0.5839843765625 0.41162109375 0.5839843765625 0.33251953125 0.5712890625 0.310546875
12 0.6240234375 0.2255859359375 0.59375 0.27685546875 0.59375 0.30322265625 0.6074218765625 0.35888671875 0.6201171875 0.3779296859375 0.6386718765625 0.37646484375 0.6621093765625 0.33544921875 0.66796875 0.27978515625 0.6513671875 0.234375 0.6240234375 0.2255859359375
12 0.6113281234375 0.18896484375 0.5947265625 0.1669921859375 0.5693359375 0.1611328140625 0.5449218765625 0.19189453125 0.5390625 0.24462890625 0.5488281234375 0.28857421875 0.5615234375 0.3046875 0.578125 0.30615234375 0.59375 0.28857421875 0.5859375 0.27978515625 0.59375 0.22705078125 0.6113281234375 0.18896484375