12 0.375 0.23291015625 0.3447265625 0.2314453140625 0.3017578125 0.2548828140625 0.2792968765625 0.28564453125 0.2675781234375 0.31787109375 0.2675781234375 0.35009765625 0.2880859375 0.3896484359375 0.3271484375 0.3896484359375 0.3613281234375 0.40283203125 0.3798828125 0.3896484359375 0.3984375 0.34716796875 0.37109375 0.29443359375 0.375 0.23291015625
12 0.4912109375 0.1787109359375 0.4677734375 0.1669921859375 0.4345703125 0.169921875 0.4111328125 0.1845703140625 0.3828125 0.22119140625 0.37109375 0.25341796875 0.3730468765625 0.30029296875 0.3974609375 0.345703125 0.4248046875 0.3603515640625 0.45703125 0.35888671875 0.5068359375 0.298828125 0.5175781234375 0.27099609375 0.51171875 0.20947265625 0.4912109375 0.1787109359375
12 0.4990234375 0.064453125 0.4716796875 0.06738281406249999 0.4365234375 0.09667968593750001 0.4121093765625 0.13623046875 0.3964843765625 0.18896484375 0.4013671875 0.1962890640625 0.4365234375 0.1669921859375 0.4736328125 0.1669921859375 0.4951171875 0.181640625 0.5107421875 0.2080078140625 0.5175781234375 0.20654296875 0.5292968765625 0.15087890625 0.5292968765625 0.09814453125 0.5205078125 0.076171875 0.4990234375 0.064453125
12 0.6660156234375 0.16845703125 0.6660156234375 0.12158203125 0.6582031234375 0.09814453125 0.6376953125 0.07324218593750001 0.6162109375 0.064453125 0.5888671875 0.06738281406249999 0.5517578125 0.10253906406249999 0.5292968765625 0.15087890625 0.5234375 0.18310546875 0.5292968765625 0.23291015625 0.5458984375 0.2607421859375 0.578125 0.27099609375 0.5839843765625 0.23583984375 0.6044921875 0.19921875 0.6298828125 0.1787109359375 0.6660156234375 0.16845703125
12 0.7363281234375 0.25927734375 0.7265625 0.21826171875 0.7080078125 0.1904296859375 0.6806640625 0.1728515640625 0.6494140625 0.1728515640625 0.6142578125 0.1904296859375 0.5917968765625 0.21826171875 0.578125 0.27099609375 0.5839843765625 0.32373046875 0.6005859375 0.3544921859375 0.6240234375 0.3720703140625 0.65625 0.37646484375 0.7041015625 0.3515625 0.72265625 0.32666015625 0.734375 0.29443359375 0.7363281234375 0.25927734375
12 0.5205078125 0.29296875 0.4912109375 0.3134765640625 0.4707031234375 0.34423828125 0.4589843765625 0.38525390625 0.4619140625 0.4013671859375 0.4707031234375 0.39990234375 0.6005859375 0.380859375 0.6015625 0.36181640625 0.5712890625 0.3017578140625 0.5205078125 0.29296875
12 0.5800781234375 0.71337890625 0.5722656234375 0.68701171875 0.5556640625 0.6591796859375 0.5283203125 0.6416015640625 0.4951171875 0.6416015640625 0.4697265625 0.65625 0.44140625 0.69287109375 0.42578125 0.73681640625 0.4238281234375 0.77490234375 0.43359375 0.82177734375 0.4423828125 0.8349609359375 0.50390625 0.86572265625 0.5498046875 0.8349609359375 0.56640625 0.80712890625 0.5800781234375 0.76025390625 0.5800781234375 0.71337890625
12 0.7451171875 0.66796875 0.7060546875 0.6357421859375 0.6552734375 0.626953125 0.6181640625 0.6416015640625 0.5859375 0.67822265625 0.5800781234375 0.69287109375 0.58203125 0.75439453125 0.6103515625 0.80859375 0.6337890625 0.826171875 0.7050781234375 0.83935546875 0.7451171875 0.8203125 0.7714843765625 0.77783203125 0.7714843765625 0.72509765625 0.7451171875 0.66796875
12 0.92578125 0.66943359375 0.8896484375 0.603515625 0.8681640625 0.591796875 0.8310546875 0.5947265640625 0.8095703125 0.6123046859375 0.7871093765625 0.64892578125 0.7792968765625 0.72216796875 0.8056640625 0.7880859359375 0.8271484375 0.8056640640625 0.8652343765625 0.81005859375 0.8916015625 0.796875 0.9160156234375 0.76025390625 0.9277343765625 0.71044921875 0.92578125 0.66943359375
12 0.5458984375 0.55078125 0.4443359375 0.568359375 0.43359375 0.64013671875 0.4384765625 0.65625 0.4472656234375 0.65478515625 0.5478515625 0.6328125 0.5605468765625 0.60791015625 0.5546875 0.55810546875 0.5458984375 0.55078125
12 0.5839843765625 0.54931640625 0.5947265625 0.57421875 0.6240234375 0.591796875 0.6396484375 0.591796875 0.6552734375 0.57421875 0.6396484375 0.603515625 0.6113281234375 0.60791015625 0.6162109375 0.6181640640625 0.6425781234375 0.61669921875 0.6953125 0.60498046875 0.7011718765625 0.57568359375 0.6982421875 0.52734375 0.5839843765625 0.54931640625
12 0.7724609375 0.515625 0.7041015625 0.5244140640625 0.703125 0.59619140625 0.734375 0.59912109375 0.7958984375 0.5888671859375 0.7988281234375 0.56396484375 0.79296875 0.54345703125 0.7724609375 0.515625