12 0 0.42838541562500004 0.0341796875 0.4765625015625 0.048828123437499996 0.4830729171875 0.1064453125 0.3802083328125 0.1474609375 0.3359374984375 0.1738281234375 0.32421875 0.1796875 0.2799479171875 0.1777343765625 0.19401041562500002 0.1621093765625 0.13671875 0.1201171875 0.07291666718749999 0.0888671875 0.0494791671875 0.0634765625 0.0416666671875 0.0341796875 0.046875 0 0.07682291718749999 0 0.42838541562500004
12 0.2597656234375 0.040364584375 0.2373046875 0.0052083328125 0.1513671875 0 0.1328125 0.024739584375000002 0.12109375 0.071614584375 0.1699218765625 0.1419270828125 0.1894531234375 0.20703125 0.19921875 0.2955729171875 0.1943359375 0.3046874984375 0.1875 0.30078125 0.1816406234375 0.32421875 0.22265625 0.334635415625 0.2519531234375 0.2981770828125 0.2734375 0.227864584375 0.2734375 0.08203125 0.2597656234375 0.040364584375
12 0.4238281234375 0.1731770828125 0.41796875 0.1236979171875 0.40234375 0.07682291718749999 0.3896484375 0.059895834375 0.3544921875 0.0442708328125 0.3173828125 0.059895834375 0.2890625 0.10286458437499998 0.28125 0.13411458437499998 0.2832031234375 0.259114584375 0.296875 0.334635415625 0.3076171875 0.359375 0.31640625 0.3580729171875 0.3515625 0.334635415625 0.3535156234375 0.29296875 0.37109375 0.240885415625 0.4238281234375 0.1731770828125
12 0.5136718765625 0.23046875 0.5019531234375 0.20182291718749998 0.4697265625 0.171875 0.4306640625 0.1744791671875 0.3974609375 0.203125 0.375 0.24609375 0.3652343765625 0.29296875 0.3652343765625 0.33984375 0.4169921875 0.372395834375 0.4394531234375 0.4075520828125 0.4433593765625 0.42578125 0.44921875 0.42578125 0.4755859375 0.3958333328125 0.5234375 0.3736979171875 0.5234375 0.287760415625 0.5136718765625 0.23046875
12 0.4511718765625 0.47526041562500004 0.44140625 0.4205729171875 0.4130859375 0.372395834375 0.3720703125 0.346354165625 0.3466796875 0.34375 0.3232421875 0.3541666671875 0.2871093765625 0.40234375 0.2675781234375 0.46223958437499996 0.2597656234375 0.54296875 0.2714843765625 0.631510415625 0.3046875 0.740885415625 0.3349609375 0.783854165625 0.3525390625 0.7942708328125 0.3691406234375 0.79296875 0.41015625 0.7513020828125 0.4394531234375 0.67578125 0.4511718765625 0.615885415625 0.4511718765625 0.47526041562500004
12 0.2597656234375 0.5013020828125 0.26171875 0.44921875 0.2519531234375 0.3893229171875 0.2236328125 0.346354165625 0.1904296875 0.3307291671875 0.1611328125 0.3307291671875 0.1455078125 0.341145834375 0.09765625 0.39453125 0.05859375 0.4674479171875 0.037109376562500004 0.55859375 0.03125 0.66015625 0.041015623437499996 0.7174479171875 0.0771484375 0.778645834375 0.1005859375 0.7916666671875 0.1328125 0.790364584375 0.1474609375 0.783854165625 0.1796875 0.7330729171875 0.24609375 0.55859375 0.2597656234375 0.5013020828125
12 0.3046875 0.7486979171875 0.2412109375 0.578125 0.2089843765625 0.647135415625 0.1621093765625 0.77734375 0.1875 0.85546875 0.2236328125 0.908854165625 0.2744140625 0.9505208328125001 0.3066406234375 0.94921875 0.3349609375 0.9322916671874999 0.3515625 0.9049479171874999 0.3515625 0.8111979171874999 0.3046875 0.7486979171875
12 0.1025390625 0.7942708328125 0.0595703125 0.7682291671875 0.0546875 0.7825520828125 0.0380859375 0.796875 0.0009765625 0.7994791671875 0 0.9544270828125001 0.0478515625 0.997395834375 0.09765625 0.99609375 0.1269531234375 0.9700520828125001 0.1425781234375 0.93359375 0.1542968765625 0.787760415625 0.1025390625 0.7942708328125
12 0.6230468765625 0.587239584375 0.62109375 0.4856770828125 0.60546875 0.4361979171875 0.5830078125 0.40364583437499996 0.5576171875 0.3854166671875 0.5166015625 0.3802083328125 0.4873046875 0.3984374984375 0.4628906234375 0.44401041562500004 0.453125 0.509114584375 0.4550781234375 0.60546875 0.4765625 0.6705729171875 0.5087890625 0.721354165625 0.5302734375 0.7369791671875 0.55859375 0.740885415625 0.5849609375 0.7291666671875 0.59765625 0.712239584375 0.6113281234375 0.66796875 0.6230468765625 0.587239584375
12 0.5175781234375 0.76171875 0.5136718765625 0.73046875 0.4482421875 0.6484374984375 0.421875 0.73046875 0.3955078125 0.7734374984375 0.3671875 0.7981770828125 0.3671875 0.8111979171874999 0.3828125 0.865885415625 0.4072265625 0.908854165625 0.4345703125 0.9322916671874999 0.4628906234375 0.93359375 0.4775390625 0.9270833328125001 0.5019531234375 0.897135415625 0.5136718765625 0.834635415625 0.5175781234375 0.76171875
12 0.6875 0.7330729171875 0.6552734375 0.6875 0.6416015625 0.6770833328125 0.6123046875 0.6744791671875 0.59765625 0.71484375 0.5849609375 0.7317708328125 0.5556640625 0.7447916671875 0.546875 0.76171875 0.53515625 0.819010415625 0.5371093765625 0.92578125 0.5488281234375 0.9700520828125001 0.5654296875 0.997395834375 0.6328125 0.99609375 0.68359375 0.8606770828125001 0.6933593765625 0.8138020828125001 0.6933593765625 0.76171875 0.6875 0.7330729171875
12 0.8359375 0.75390625 0.8183593765625 0.7200520828125 0.8017578125 0.65625 0.7822265625 0.6692708328125 0.7392578125 0.7265625015625 0.7099609375 0.7369791671875 0.7011718765625 0.7669270828125 0.7011718765625 0.8606770828125001 0.7128906234375 0.91796875 0.7392578125 0.953125 0.765625 0.95703125 0.7744140625 0.953125 0.8066406234375 0.90234375 0.8339843765625 0.805989584375 0.8359375 0.75390625
12 0.828125 0.5143229171875 0.8183593765625 0.45963541562500004 0.8017578125 0.4270833328125 0.7705078125 0.40885416562500004 0.7392578125 0.4140625015625 0.7119140625 0.43489583437499996 0.67578125 0.49609375 0.66015625 0.55078125 0.65625 0.615885415625 0.6640625 0.6888020828125 0.6884765625 0.7291666671875 0.7207031234375 0.7330729171875 0.7509765625 0.7135416671875 0.796875 0.647135415625 0.82421875 0.56640625 0.828125 0.5143229171875
12 0.9941406234375 0.56640625 0.9941406234375 0.48046875 0.9863281234375 0.4518229171875 0.9638671875 0.421875 0.9267578125 0.4140625015625 0.8798828125 0.4375 0.84765625 0.48046875 0.8339843765625 0.51171875 0.8203125 0.61328125 0.8203125 0.7044270828125 0.8388671875 0.752604165625 0.87109375 0.759114584375 0.9169921875 0.7265625015625 0.9599609375 0.6744791671875 0.984375 0.618489584375 0.9941406234375 0.56640625
12 0.984375 0.7330729171875 0.9638671875 0.671875 0.8974609375 0.747395834375 0.8759765625 0.7604166671875 0.8378906234375 0.759114584375 0.828125 0.865885415625 0.8457031234375 0.9205729171874999 0.8720703125 0.9583333328125001 0.91796875 0.9674479171874999 0.9365234375 0.9583333328125001 0.9472656234375 0.94140625 0.9824218765625 0.82421875 0.984375 0.7330729171875
12 0.6894531234375 0.2825520828125 0.671875 0.22005208281250002 0.6474609375 0.1875 0.6162109375 0.1822916671875 0.5732421875 0.20052083281250002 0.5488281234375 0.23046875 0.52734375 0.2981770828125 0.5253906234375 0.36328125 0.5341796875 0.3802083328125 0.5712890625 0.390625 0.60546875 0.43359375 0.6230468765625 0.49088541562500004 0.625 0.555989584375 0.6328125 0.55859375 0.66015625 0.5325520828125 0.6894531234375 0.45963541562500004 0.69921875 0.36328125 0.6894531234375 0.2825520828125
12 0.7998046875 0.4244791671875 0.8330078125 0.40625 0.8671875 0.36328125 0.890625 0.31640625 0.8925781234375 0.2669270828125 0.87890625 0.23567708281250002 0.8505859375 0.2109374984375 0.8076171875 0.20833333281250002 0.7626953125 0.22916666718749998 0.7294921875 0.2630208328125 0.6972656234375 0.319010415625 0.69921875 0.4231770828125 0.7089843765625 0.42838541562500004 0.7607421875 0.40885416562500004 0.7685546875 0.3958333328125 0.7763671875 0.4114583328125 0.7998046875 0.4244791671875
12 0.9169921875 0 0.8974609375 0.010416667187500001 0.8740234375 0.002604165625 0.8535156234375 0.03515625 0.84375 0.07421875 0.8515625 0.1549479171875 0.890625 0.23567708281250002 0.9150390625 0.2630208328125 0.9462890625 0.283854165625 0.9824218765625 0.28515625 1 0.2799479171875 1 0.024739584375000002 0.9775390625 0 0.9169921875 0
12 0.9892578125 0.4479166671875 0.9980468765625 0.41536458437499996 0.9980468765625 0.34765625 0.9824218765625 0.29296875 0.9443359375 0.2864583328125 0.8974609375 0.265625 0.8847656234375 0.334635415625 0.8300781234375 0.41536458437499996 0.83203125 0.44921875 0.8388671875 0.46614583437499996 0.84765625 0.4674479171875 0.8759765625 0.4375 0.9228515625 0.4140625015625 0.9677734375 0.421875 0.9892578125 0.4479166671875
12 0.6933593765625 0.10546875 0.6728515625 0.078125 0.6572265625 0.065104165625 0.6376953125 0.065104165625 0.6181640625 0.078125 0.58203125 0.13411458437499998 0.57421875 0.19401041562500002 0.6162109375 0.1796874984375 0.6533203125 0.19010416562500002 0.6699218765625 0.212239584375 0.6972656234375 0.303385415625 0.7089843765625 0.26953125 0.71484375 0.21744791718749998 0.70703125 0.1419270828125 0.6933593765625 0.10546875
12 0.54296875 0.11588541562500002 0.5244140625 0.08593749843750001 0.5009765625 0.07291666718749999 0.4775390625 0.07552083281250001 0.4433593765625 0.1080729171875 0.4277343765625 0.16796875 0.4697265625 0.1692708328125 0.4912109375 0.18489583437499998 0.5136718765625 0.225260415625 0.52734375 0.290364584375 0.5410156234375 0.243489584375 0.5644531234375 0.20703125 0.55859375 0.16796875 0.54296875 0.11588541562500002
12 0.5146484375 0 0.5058593765625 0.014322917187500001 0.4980468765625 0.071614584375 0.5166015625 0.078125 0.5371093765625 0.10286458437499998 0.5566406234375 0.1549479171875 0.5625 0.19140625 0.5703125 0.19661458437499998 0.58203125 0.13151041562500002 0.6162109375 0.078125 0.63671875 0.06380208281250001 0.6318359375 0 0.5146484375 0
12 0.6396484375 0 0.6386718765625 0.06119791718749999 0.6630859375 0.06770833281250001 0.6933593765625 0.10286458437499998 0.7109375 0.1575520828125 0.71484375 0.227864584375 0.7265625 0.23046875 0.74609375 0.14973958437499998 0.7675781234375 0.10286458437499998 0.765625 0.05859375 0.7519531234375 0.006510415625 0.7470703125 0 0.6396484375 0
12 0.8310546875 0.09375 0.7939453125 0.08854166718749999 0.76171875 0.12109375 0.7402343765625 0.18359375 0.7363281234375 0.240885415625 0.7441406234375 0.24609375 0.7939453125 0.2109374984375 0.8515625 0.20703125 0.84765625 0.1575520828125 0.8310546875 0.09375