12 0.0693359375 0.240234375 0.0390625 0.27392578125 0.03515625 0.31787109375 0.0517578125 0.3515625 0.0673828125 0.36328125 0.08789062343750001 0.36181640625 0.125 0.33544921875 0.1308593765625 0.29443359375 0.1025390625 0.2490234359375 0.0693359375 0.240234375
12 0.1357421875 0.15234375 0.10351562343750001 0.17724609375 0.09765625 0.21240234375 0.1240234375 0.2724609359375 0.1503906234375 0.27978515625 0.1796875 0.25341796875 0.1894531234375 0.20361328125 0.1669921875 0.1611328140625 0.1357421875 0.15234375
12 0.2080078125 0.2548828140625 0.1728515625 0.2607421859375 0.1503906234375 0.30322265625 0.1542968765625 0.34423828125 0.1708984375 0.3662109359375 0.1894531234375 0.37060546875 0.2275390625 0.33984375 0.23828125 0.30615234375 0.2324218765625 0.27685546875 0.2080078125 0.2548828140625
12 0.2910156234375 0.37646484375 0.2705078125 0.3427734359375 0.2314453125 0.3369140640625 0.1953125 0.37353515625 0.1894531234375 0.41162109375 0.1962890625 0.427734375 0.2333984375 0.45703125 0.25390625 0.45849609375 0.2685546875 0.4541015640625 0.2871093765625 0.43212890625 0.29296875 0.40869140625 0.2910156234375 0.37646484375
12 0.2041015625 0.43359375 0.1689453125 0.43359375 0.1474609375 0.451171875 0.1347656234375 0.47607421875 0.1386718765625 0.52294921875 0.1728515625 0.5595703140625 0.20703125 0.56103515625 0.2324218765625 0.53173828125 0.2402343765625 0.50830078125 0.234375 0.46435546875 0.2041015625 0.43359375
12 0.2685546875 0.5302734359375 0.2314453125 0.5361328140625 0.2011718765625 0.57861328125 0.203125 0.64306640625 0.26953125 0.64599609375 0.296875 0.63720703125 0.3027343765625 0.61962890625 0.30078125 0.56982421875 0.2685546875 0.5302734359375
12 0.18359375 0.56982421875 0.1533203125 0.544921875 0.1201171875 0.556640625 0.09375 0.59912109375 0.09179687656249999 0.62255859375 0.0986328125 0.6474609359375 0.1386718765625 0.64892578125 0.1806640625 0.6474609359375 0.1933593765625 0.62255859375 0.1933593765625 0.59619140625 0.18359375 0.56982421875
12 0.1162109375 0.45703125 0.0927734375 0.4453125 0.0693359375 0.4482421859375 0.0390625 0.48193359375 0.037109376562500004 0.52587890625 0.0712890625 0.5654296859375 0.1015625 0.56982421875 0.1308593765625 0.54052734375 0.13671875 0.51416015625 0.1328125 0.48486328125 0.1162109375 0.45703125
12 0 0.44970703125 0.0224609375 0.46875 0.046875 0.46728515625 0.07421875 0.44091796875 0.08007812343750001 0.42041015625 0.078125 0.37939453125 0.0517578125 0.3515625 0.0205078125 0.3515625 0 0.37353515625 0 0.44970703125
12 0.0009765625 0.451171875 0 0.56982421875 0.0058593765625 0.56982421875 0.02734375 0.54931640625 0.03515625 0.50244140625 0.02734375 0.47314453125 0.0009765625 0.451171875
12 0 0.65185546875 0.0058593765625 0.65185546875 0.0810546875 0.6474609359375 0.09179687656249999 0.61669921875 0.08984375 0.58447265625 0.0830078125 0.5712890640625 0.0478515625 0.5478515640625 0.0224609375 0.556640625 0 0.57568359375 0 0.65185546875
12 0.3388671875 0.451171875 0.3173828125 0.43359375 0.2880859375 0.43359375 0.2578125 0.47021484375 0.25390625 0.50830078125 0.2939453125 0.55078125 0.31640625 0.55224609375 0.3349609375 0.544921875 0.3457031234375 0.52880859375 0.3515625 0.47607421875 0.3388671875 0.451171875
12 0.3603515625 0.5302734359375 0.3154296875 0.5595703140625 0.3046875 0.59326171875 0.3066406234375 0.62255859375 0.3154296875 0.6416015640625 0.3535156234375 0.64306640625 0.3994140625 0.6416015640625 0.4082031234375 0.61962890625 0.40234375 0.56689453125 0.3603515625 0.5302734359375
12 0.49609375 0.37060546875 0.4599609375 0.3369140640625 0.4423828125 0.3369140640625 0.4130859375 0.3603515640625 0.4003906234375 0.38818359375 0.40625 0.42626953125 0.4462890625 0.46875 0.47265625 0.47021484375 0.4912109375 0.45703125 0.50390625 0.43212890625 0.50390625 0.39404296875 0.49609375 0.37060546875
12 0.4208984375 0.4423828140625 0.3876953125 0.439453125 0.3574218765625 0.47021484375 0.3574218765625 0.51416015625 0.3818359375 0.55078125 0.4160156234375 0.56103515625 0.4433593765625 0.53759765625 0.4511718765625 0.51123046875 0.4472656234375 0.47607421875 0.4208984375 0.4423828140625
12 0.4794921875 0.533203125 0.4462890625 0.5361328140625 0.41015625 0.57861328125 0.4121093765625 0.61669921875 0.4306640625 0.638671875 0.50390625 0.63720703125 0.5136718765625 0.61669921875 0.5136718765625 0.57568359375 0.5009765625 0.55078125 0.4794921875 0.533203125
12 0.5908203125 0.544921875 0.5615234375 0.5419921859375 0.5361328125 0.5625 0.5175781234375 0.59912109375 0.51953125 0.63134765625 0.53125 0.63720703125 0.6064453125 0.6328125 0.6152343765625 0.61083984375 0.609375 0.56103515625 0.5908203125 0.544921875
12 0.6630859375 0.3427734359375 0.6318359375 0.3369140640625 0.5957031234375 0.36767578125 0.6025390625 0.427734375 0.6455078125 0.451171875 0.6621093765625 0.44970703125 0.6767578125 0.4423828140625 0.6894531234375 0.41162109375 0.6787109375 0.357421875 0.6630859375 0.3427734359375
12 0.6279296875 0.4365234359375 0.5888671875 0.439453125 0.5605468765625 0.47607421875 0.5625 0.51708984375 0.5751953125 0.5390625 0.6064453125 0.556640625 0.6230468765625 0.55517578125 0.65234375 0.52880859375 0.6582031234375 0.50830078125 0.65625 0.47607421875 0.6279296875 0.4365234359375
12 0.5439453125 0.45703125 0.5263671875 0.4453125 0.5048828125 0.4453125 0.4707031234375 0.47900390625 0.46875 0.51123046875 0.4755859375 0.5302734359375 0.5087890625 0.5595703140625 0.53515625 0.56103515625 0.5478515625 0.5537109359375 0.5625 0.52001953125 0.55859375 0.48193359375 0.5439453125 0.45703125
12 0.5791015625 0.3544921859375 0.5439453125 0.33984375 0.50390625 0.37353515625 0.5058593765625 0.42626953125 0.5126953125 0.4365234359375 0.5478515625 0.4599609359375 0.5683593765625 0.45849609375 0.5771484375 0.4541015640625 0.5957031234375 0.41748046875 0.59375 0.37939453125 0.5791015625 0.3544921859375
12 0.7373046875 0.45703125 0.7060546875 0.4365234359375 0.6826171875 0.4365234359375 0.65234375 0.46435546875 0.6582031234375 0.50537109375 0.6689453125 0.5244140640625 0.7080078125 0.5478515640625 0.7324218765625 0.54638671875 0.7431640625 0.5390625 0.75390625 0.51416015625 0.75390625 0.49072265625 0.7373046875 0.45703125
12 0.6611328125 0.52734375 0.6230468765625 0.56103515625 0.6171875 0.57861328125 0.62109375 0.61962890625 0.6279296875 0.6328125 0.65234375 0.63427734375 0.7089843765625 0.62548828125 0.7128906234375 0.57275390625 0.6962890625 0.5390625 0.6611328125 0.52734375
12 0.7900390625 0.5361328140625 0.7685546875 0.52734375 0.7529296875 0.52734375 0.7236328125 0.55078125 0.7128906234375 0.56982421875 0.7167968765625 0.61083984375 0.7255859375 0.626953125 0.7402343765625 0.62841796875 0.8115234375 0.626953125 0.81640625 0.61376953125 0.8125 0.56982421875 0.7900390625 0.5361328140625
12 0.8837890625 0.5390625 0.8466796875 0.5302734359375 0.81640625 0.55810546875 0.81640625 0.61376953125 0.8251953125 0.6240234359375 0.8613281234375 0.62548828125 0.9013671875 0.6240234359375 0.9082031234375 0.61376953125 0.9082031234375 0.59033203125 0.8837890625 0.5390625
12 1 0.58154296875 0.9599609375 0.5302734359375 0.9365234375 0.5302734359375 0.90234375 0.56103515625 0.9150390625 0.62109375 1 0.61962890625 1 0.58154296875
12 0.9248046875 0.45703125 0.8798828125 0.4453125 0.8496093765625 0.46728515625 0.8496093765625 0.50830078125 0.8583984375 0.5244140640625 0.8916015625 0.5478515640625 0.91015625 0.54931640625 0.9287109375 0.5390625 0.94140625 0.51416015625 0.9394531234375 0.48193359375 0.9248046875 0.45703125
12 1 0.45263671875 0.9677734375 0.451171875 0.94140625 0.48193359375 0.9433593765625 0.51416015625 0.9853515625 0.5537109359375 1 0.55517578125 1 0.45263671875
12 0.8291015625 0.4482421859375 0.8134765625 0.43359375 0.7880859375 0.4306640640625 0.7705078125 0.4541015640625 0.75 0.46435546875 0.75390625 0.50537109375 0.7626953125 0.5244140640625 0.7841796875 0.5302734359375 0.8056640625 0.5537109359375 0.8203125 0.55224609375 0.8369140625 0.5419921859375 0.84765625 0.51708984375 0.84765625 0.48486328125 0.8291015625 0.4482421859375
12 0.7646484375 0.357421875 0.7392578125 0.3369140640625 0.7158203125 0.333984375 0.6855468765625 0.36474609375 0.6962890625 0.427734375 0.7392578125 0.45703125 0.76171875 0.45556640625 0.7744140625 0.4482421859375 0.78515625 0.42041015625 0.7832031234375 0.39404296875 0.7646484375 0.357421875
12 0.8154296875 0.3515625 0.79296875 0.37646484375 0.7871093765625 0.40576171875 0.7978515625 0.427734375 0.8427734375 0.462890625 0.8515625 0.46142578125 0.8828125 0.43212890625 0.8808593765625 0.37939453125 0.8583984375 0.3515625 0.8154296875 0.3515625
12 0.9541015625 0.3720703140625 0.9208984375 0.3603515640625 0.8886718765625 0.38232421875 0.88671875 0.42919921875 0.8935546875 0.439453125 0.9345703125 0.46875 0.94921875 0.46728515625 0.9619140625 0.45703125 0.97265625 0.43212890625 0.9707031234375 0.39990234375 0.9541015625 0.3720703140625
12 0.7802734375 0.263671875 0.7607421875 0.263671875 0.7265625 0.29443359375 0.7246093765625 0.32080078125 0.7314453125 0.333984375 0.7763671875 0.3720703140625 0.796875 0.37060546875 0.81640625 0.34130859375 0.81640625 0.31494140625 0.7998046875 0.2783203140625 0.7802734375 0.263671875
12 0.8974609375 0.275390625 0.8642578125 0.2548828140625 0.8525390625 0.2578125 0.8261718765625 0.29150390625 0.8261718765625 0.32373046875 0.8388671875 0.345703125 0.8583984375 0.3515625 0.8779296875 0.3720703140625 0.90234375 0.37060546875 0.9199218765625 0.35009765625 0.921875 0.33544921875 0.9160156234375 0.30615234375 0.8974609375 0.275390625
12 0.9638671875 0.26953125 0.9423828125 0.26953125 0.9140625 0.29443359375 0.9208984375 0.357421875 0.9707031234375 0.37353515625 0.9941406234375 0.33837890625 0.9941406234375 0.31494140625 0.9833984375 0.2841796859375 0.9638671875 0.26953125
12 0.8154296875 0.11425781406249999 0.796875 0.13037109375 0.8017578125 0.1787109359375 0.8271484375 0.181640625 0.85546875 0.20654296875 0.8847656234375 0.17724609375 0.8720703125 0.140625 0.8291015625 0.11425781406249999 0.8154296875 0.11425781406249999
12 0.9287109375 0.193359375 0.8935546875 0.1845703140625 0.8613281234375 0.20654296875 0.85546875 0.23291015625 0.8662109375 0.2548828140625 0.9052734375 0.2841796859375 0.92578125 0.28271484375 0.9384765625 0.2724609359375 0.9472656234375 0.25048828125 0.9453125 0.22119140625 0.9287109375 0.193359375
12 1 0.19775390625 0.9716796875 0.1904296859375 0.9482421875 0.205078125 0.9433593765625 0.21240234375 0.9472656234375 0.26220703125 0.9941406234375 0.29443359375 1 0.29150390625 1 0.19775390625
12 0.9638671875 0.1171875 0.9365234375 0.10253906406249999 0.9130859375 0.10546875 0.8808593765625 0.13916015625 0.8876953125 0.1845703140625 0.9150390625 0.1845703140625 0.9365234375 0.2021484359375 0.9550781234375 0.20068359375 0.9707031234375 0.18603515625 0.9785156234375 0.15673828125 0.9746093765625 0.13037109375 0.9638671875 0.1171875
12 0.8486328125 0.03515625 0.81640625 0.06298828125 0.8105468765625 0.08642578125 0.8212890625 0.111328125 0.8769531234375 0.13330078125 0.90234375 0.10107421875 0.90234375 0.07177734375 0.8896484375 0.046875 0.8486328125 0.03515625
12 0.9599609375 0.03515625 0.9365234375 0.03515625 0.9140625 0.05419921875 0.9082031234375 0.08642578125 0.9150390625 0.10546875 0.9404296875 0.10253906406249999 0.97265625 0.12158203125 0.9921875 0.09814453125 0.9921875 0.07177734375 0.9794921875 0.046875 0.9599609375 0.03515625
12 0.8310546875 0.1845703140625 0.7998046875 0.1787109359375 0.7675781234375 0.21240234375 0.7675781234375 0.25341796875 0.8076171875 0.287109375 0.8183593765625 0.28564453125 0.8388671875 0.275390625 0.8496093765625 0.25927734375 0.8515625 0.21533203125 0.8310546875 0.1845703140625
12 0.7197265625 0.1875 0.6865234375 0.2021484359375 0.6777343765625 0.22412109375 0.68359375 0.25634765625 0.7119140625 0.2841796859375 0.734375 0.28271484375 0.7636718765625 0.25634765625 0.7675781234375 0.22998046875 0.7597656234375 0.20654296875 0.7197265625 0.1875
12 0.6982421875 0.2666015640625 0.6630859375 0.2548828140625 0.625 0.28271484375 0.625 0.32666015625 0.6318359375 0.3369140640625 0.69140625 0.35009765625 0.7041015625 0.3427734359375 0.7167968765625 0.31201171875 0.7128906234375 0.28857421875 0.6982421875 0.2666015640625
12 0.5888671875 0.2548828140625 0.5634765625 0.2548828140625 0.53515625 0.27978515625 0.5361328125 0.328125 0.5849609375 0.3603515640625 0.6015625 0.35888671875 0.6230468765625 0.32666015625 0.6230468765625 0.29736328125 0.6103515625 0.26953125 0.5888671875 0.2548828140625
12 0.5009765625 0.251953125 0.4755859375 0.251953125 0.4541015625 0.26953125 0.4472656234375 0.28271484375 0.4472656234375 0.30615234375 0.45703125 0.33251953125 0.4931640625 0.36328125 0.5097656234375 0.36181640625 0.53125 0.33837890625 0.53515625 0.32080078125 0.52734375 0.27685546875 0.5009765625 0.251953125
12 0.4052734375 0.240234375 0.3623046875 0.251953125 0.34375 0.28564453125 0.3496093765625 0.32373046875 0.3857421875 0.357421875 0.4042968765625 0.35888671875 0.43359375 0.33837890625 0.4394531234375 0.31787109375 0.43359375 0.27392578125 0.4052734375 0.240234375
12 0.3837890625 0.357421875 0.3603515625 0.3369140640625 0.3330078125 0.3369140640625 0.30078125 0.36767578125 0.296875 0.40576171875 0.3076171875 0.427734375 0.3466796875 0.4541015640625 0.3691406234375 0.45263671875 0.3798828125 0.4453125 0.39453125 0.41455078125 0.39453125 0.38818359375 0.3837890625 0.357421875
12 0.2841796875 0.2431640640625 0.2480468765625 0.27978515625 0.2441406234375 0.31201171875 0.2548828125 0.333984375 0.2841796875 0.357421875 0.30078125 0.35888671875 0.33203125 0.32958984375 0.3339843765625 0.29150390625 0.3154296875 0.2578125 0.2841796875 0.2431640640625
12 0.2373046875 0.146484375 0.2050781234375 0.17724609375 0.2011718765625 0.22119140625 0.2177734375 0.2607421859375 0.2519531234375 0.26806640625 0.2871093765625 0.23583984375 0.29296875 0.19482421875 0.2744140625 0.158203125 0.2373046875 0.146484375
12 0.3515625 0.09521484375 0.3271484375 0.052734375 0.2900390625 0.052734375 0.2675781234375 0.08935546875 0.2734375 0.14208984375 0.2802734375 0.1552734359375 0.296875 0.15966796875 0.3115234375 0.1494140640625 0.3388671875 0.158203125 0.3515625 0.13037109375 0.3515625 0.09521484375
12 0.3388671875 0.158203125 0.3154296875 0.1494140640625 0.2871093765625 0.17431640625 0.29296875 0.19482421875 0.2910156234375 0.23583984375 0.30859375 0.24755859375 0.3447265625 0.234375 0.35546875 0.22119140625 0.3574218765625 0.18603515625 0.3388671875 0.158203125
12 0.3486328125 0.2373046859375 0.3232421875 0.2373046859375 0.30859375 0.25048828125 0.33203125 0.28271484375 0.3359375 0.33544921875 0.3496093765625 0.32958984375 0.34375 0.28271484375 0.3613281234375 0.25341796875 0.3486328125 0.2373046859375
12 0.4326171875 0.1611328140625 0.41015625 0.18310546875 0.4003906234375 0.20947265625 0.40234375 0.22705078125 0.4326171875 0.2666015640625 0.4511718765625 0.26806640625 0.48046875 0.24169921875 0.48828125 0.20947265625 0.4658203125 0.1728515640625 0.4326171875 0.1611328140625
12 0.5947265625 0.087890625 0.5556640625 0.08496093593750001 0.5371093765625 0.11572265625 0.5390625 0.16552734375 0.5615234375 0.193359375 0.5878906234375 0.19482421875 0.6044921875 0.1787109359375 0.6152343765625 0.15380859375 0.61328125 0.11572265625 0.5947265625 0.087890625
12 0.5380859375 0.1669921859375 0.5087890625 0.1611328140625 0.4863281234375 0.19189453125 0.4902343765625 0.22412109375 0.5029296875 0.251953125 0.5332031234375 0.27392578125 0.55859375 0.25341796875 0.5644531234375 0.23291015625 0.5625 0.20654296875 0.5380859375 0.1669921859375
12 0.6103515625 0.17578125 0.5800781234375 0.20654296875 0.5761718765625 0.24169921875 0.6162109375 0.275390625 0.62890625 0.27392578125 0.6621093765625 0.25048828125 0.6660156234375 0.20947265625 0.6435546875 0.181640625 0.6103515625 0.17578125
12 0.6435546875 0.1318359359375 0.6328125 0.15087890625 0.6328125 0.17724609375 0.6816406234375 0.20361328125 0.70703125 0.18310546875 0.703125 0.14208984375 0.6787109375 0.12011718593750001 0.6435546875 0.1318359359375
12 0.7744140625 0.052734375 0.7597656234375 0.07177734375 0.7578125 0.10107421875 0.796875 0.12744140625 0.8105468765625 0.11279296875 0.80859375 0.07177734375 0.7939453125 0.052734375 0.7744140625 0.052734375
12 0.79296875 0.12744140625 0.7763671875 0.10839843593750001 0.7333984375 0.10839843593750001 0.7167968765625 0.13037109375 0.7167968765625 0.17138671875 0.7275390625 0.1904296859375 0.7636718765625 0.20068359375 0.7900390625 0.1875 0.80078125 0.16845703125 0.80078125 0.15087890625 0.79296875 0.12744140625
12 0.7021484375 0.0263671859375 0.6708984375 0.03515625 0.6582031234375 0.06005859375 0.66015625 0.09228515625 0.6748046875 0.111328125 0.7128906234375 0.13330078125 0.7324218765625 0.10693359375 0.734375 0.07470703125 0.7265625 0.04541015625 0.7021484375 0.0263671859375
12 0.6298828125 0.0615234359375 0.6044921875 0.05859375 0.5869140625 0.06738281406249999 0.5800781234375 0.08056640625 0.5966796875 0.087890625 0.6152343765625 0.12158203125 0.6113281234375 0.17138671875 0.62890625 0.17431640625 0.6347656234375 0.14208984375 0.6621093765625 0.11865234375 0.66015625 0.09814453125 0.6298828125 0.0615234359375
12 0.4404296875 0.06738281406249999 0.41796875 0.08935546875 0.4160156234375 0.10107421875 0.4326171875 0.158203125 0.4716796875 0.1787109359375 0.4863281234375 0.17724609375 0.5078125 0.15380859375 0.5058593765625 0.11279296875 0.4892578125 0.08203125 0.4404296875 0.06738281406249999
12 0.5078125 0.15673828125 0.5390625 0.16552734375 0.5390625 0.10986328125 0.5263671875 0.09667968593750001 0.5068359375 0.09667968593750001 0.5078125 0.15673828125
12 0.3837890625 0.09082031406249999 0.3671875 0.10986328125 0.359375 0.13623046875 0.3808593765625 0.15966796875 0.3886718765625 0.19775390625 0.40234375 0.20068359375 0.4238281234375 0.14501953125 0.421875 0.11279296875 0.4033203125 0.09082031406249999 0.3837890625 0.09082031406249999
12 0.3505859375 0.1376953140625 0.3417968765625 0.15966796875 0.3574218765625 0.18310546875 0.35546875 0.21826171875 0.3730468765625 0.22119140625 0.3886718765625 0.20361328125 0.38671875 0.17431640625 0.3740234375 0.15234375 0.3505859375 0.1376953140625