12 0.3454545453125 0.5628415296875 0.3454545453125 0.6502732234375 0.3636363640625 0.6994535515625 0.44000000000000006 0.6830601093750001 0.509090909375 0.7049180328125 0.5745454546875 0.672131146875 0.64 0.590163934375 0.6581818187499999 0.5245901640625 0.6472727265625 0.4316939890625 0.6036363640625 0.38797814218750004 0.5454545453125 0.38797814218750004 0.429090909375 0.40437158437500004 0.3854545453125 0.44808743125 0.3454545453125 0.5628415296875
12 0.5770334953125 0.192694853125 0.495693778125 0.12942191875 0.410526315625 0.148116190625 0.314832534375 0.348001153125 0.36172248749999997 0.421340234375 0.5425837312499999 0.3911417875 0.562679425 0.3091745734375 0.5770334953125 0.192694853125
12 0.69473684375 0.1682484921875 0.6794258359375001 0.1797526609375 0.5741626796875 0.2401495515625 0.5636363640625001 0.38107563906249997 0.5693779890624999 0.39401783125 0.6172248796875001 0.4544147265625 0.6794258359375001 0.4788610875 0.790430621875 0.43428242656249993 0.8153110031249999 0.353753234375 0.82392344375 0.25309174375 0.7875598078125 0.195570896875 0.7177033484375 0.150992234375 0.7253588515625 0.16249640468749998 0.7081339703125 0.150992234375 0.69473684375 0.1682484921875
12 0.651674640625 1 0.66220095625 0.970664365625 0.65645933125 0.871440896875 0.562679425 0.7492090874999999 0.4842105265625 0.6773080218749999 0.371291865625 0.700316365625 0.29186602968750003 0.7909117046875 0.2976076546875 0.7822835796875001 0.285167465625 0.7736554484375 0.2842105265625 0.8556226609375001 0.3693779890625 1 0.651674640625 1
12 0 0.9289617484375 0.028708134375 0.9951107265625 0.3110047859375 1 0.31866028750000003 0.9188956015624999 0.2813397125 0.7909117046875 0.22392344375 0.73195283125 0.11578947343749998 0.7118205359374999 0.0047846875 0.7894736828125 0 0.8527466234375 0 0.9289617484375
12 0.0842105265625 0.697440321875 0.18755980781249998 0.7290767921875 0.3129186625 0.687374175 0.35406698593749997 0.5651423656250001 0.3320574140625 0.45297670468750006 0.21531100312499998 0.41846419062500007 0.16937798906249998 0.42853034375 0.1272727265625 0.45010066093749995 0.0641148328125 0.5090595359375001 0.028708134375 0.5838366390624999 0.0354066984375 0.5852746609375 0.046889953125 0.632729365625 0.0842105265625 0.697440321875
12 0.251674640625 0.2329594484375 0.27942583593750003 0.25596778750000004 0.328229665625 0.2502157046875 0.405741625 0.150992234375 0.42488038125000005 0.133735978125 0.428708134375 0 0.2019138765625 0.004314065625 0.20478468749999998 0.0417026171875 0.23062201093749998 0.1711245296875 0.251674640625 0.2329594484375
12 0.070813396875 0.44147253593749997 0.110047846875 0.471670978125 0.26889952031250003 0.41702616875 0.2842105265625 0.257405809375 0.2382775125 0.209951109375 0.23062201093749998 0.12942191875 0.18181818125 0.1150417046875 0.10909090937499999 0.15243025625 0.077511959375 0.25884383125 0.05741626875 0.348001153125 0.070813396875 0.44147253593749997
12 0.8488038296875 0.261719875 0.929186603125 0.27322404375 0.97607655625 0.16393442656249999 0.9645933015624999 0.00287604375 0.7110047859375 0.00287604375 0.73779904375 0.15243025625 0.7617224874999999 0.1826287046875 0.8488038296875 0.261719875
12 0.7588516765625 0.7276387703125 0.8918660296875001 0.694564278125 0.910047846875 0.5694564265625 0.9645933015624999 0.533505896875 0.9607655484375 0.49755536562499997 0.9081339703125 0.429968365625 0.8076555015625001 0.40983606562499997 0.685167465625 0.43428242656249993 0.6421052625 0.5924647703125 0.6421052625 0.6054069625 0.666028709375 0.694564278125 0.7588516765625 0.7276387703125
12 0.9263157890624999 1 0.8822966515624999 0.8671268359375001 0.876555025 0.7132585578125 0.7444976078125001 0.7276387703125 0.6650717703125 0.753523153125 0.6507177015625001 0.8369283875000001 0.646889953125 0.891573196875 0.6631578953124999 0.9605982187500001 0.70526315625 1 0.9263157890624999 1
12 1 0.465918896875 0.9167464109375001 0.6025309187500001 0.8842105265625 0.736266896875 0.8794258359375 0.8671268359375001 0.9358851671874999 1 1 1 1 0.465918896875