12 0.5159235671875 0.7329192546875001 0.5286624203125 0.8012422359375 0.5414012734375 0.8385093171875001 0.5923566874999999 0.8881987578125001 0.636942675 0.8881987578125001 0.6751592359374999 0.8571428578125 0.716560509375 0.79503105625 0.7420382171875 0.6956521734375001 0.7452229296875 0.5093167703125 0.7324840765625 0.41614906874999996 0.7133757968750001 0.36645962656250003 0.668789809375 0.3478260875 0.5923566874999999 0.428571428125 0.52547770625 0.5776397515625 0.5159235671875 0.7329192546875001
12 0.16886387187500002 0 0.12220411718749999 0.07511194375 0.1125759140625 0.252780584375 0.15034809531249999 0.3336703734375 0.232558140625 0.36978188749999996 0.28440231250000003 0.325003609375 0.2940305125 0.1906687828125 0.3162494453125 0.108334534375 0.287364834375 0 0.16886387187500002 0
12 0.65471781875 0.29900332343749997 0.6643460218749999 0.24700274531250002 0.6606428656250001 0.1415571296875 0.6317582578125001 0.09388993125 0.553992 0.12855698124999998 0.508813509375 0.199335546875 0.5065916140625 0.327892534375 0.5828766109375 0.40156001874999997 0.59620796875 0.40444893750000005 0.6243519484375 0.37844865156249996 0.65471781875 0.29900332343749997
12 0.681380534375 0.346670515625 0.6991556812499999 0.346670515625 0.7310028156249999 0.416004621875 0.7813657234375 0.472338584375 0.8420974687499999 0.45933843437500005 0.8598726109375001 0.3957821734375 0.8280254781249999 0.182002025 0.7702562578125 0.1256680625 0.724337134375 0.127112521875 0.6798992734375 0.18633540312500002 0.6806399046875 0.17622417968749998 0.668049178125 0.27300303125 0.681380534375 0.346670515625
12 0.7917345578125 0.7597862171875 0.8139534875000001 0.8103423359375 0.8391349421875001 0.8811209 0.85172566875 0.9230102546875001 0.9035698406250001 0.96923299375 0.9680047390625001 0.9172324156249999 0.987261146875 0.8088978750000001 0.9613390609374999 0.6832298140625 0.9443045484375 0.585006503125 0.873203971875 0.5532283671875 0.8206191687500001 0.5922288015625 0.8161753828125 0.61822909375 0.7954377140625 0.694785496875 0.7917345578125 0.7597862171875
12 0.33920900625 0.48967210625 0.3592060453125 0.4607829 0.4488223984375 0.440560453125 0.49474151875 0.313447925 0.4999259359375 0.16033511250000002 0.4443786109375 0.0274447515625 0.370315509375 0.033222590625 0.32217449375 0.08811209375 0.294771146875 0.1747797203125 0.290327359375 0.3423371359375 0.294771146875 0.3365592984375 0.2969930375 0.42178246562500005 0.33920900625 0.48967210625
12 0.4132721078125 0.9620106890625 0.4658569109375 0.8724541359375 0.51918234375 0.7236747078125 0.5139979265625 0.5546728328125 0.4754851140625 0.472338584375 0.42067841718750004 0.4448938328125 0.346615315625 0.5070056328125 0.3214338625 0.5792286578125 0.3095837640625 0.710674565625 0.32217449375 0.820453559375 0.3517997328125 0.93167701875 0.4132721078125 0.9620106890625
12 0.8643163984375001 0.3524483609375 0.89616353125 0.2888921 0.9161605703125 0.127112521875 0.8806102796875 0.0274447515625 0.8117315953125 0.0043333781250000005 0.772478153125 0.0274447515625 0.76210931875 0.1198902234375 0.8250629515625001 0.19355770781249998 0.85468819375 0.3524483609375 0.8643163984375001 0.3524483609375
12 0.8146941171875 0.9995666640625 0.8228410609375001 0.986566515625 0.8332098953125 0.9186768750000001 0.8280254781249999 0.785786509375 0.7401328656249999 0.70761995 0.73766849375 0.74967499375 0.6902681078125 0.8247869437500001 0.613242484375 0.8998988875 0.6110205890625 0.9230102546875001 0.622870684375 0.9966777390624999 0.8146941171875 0.9995666640625
12 0.2021922671875 1 0.211820471875 0.989455440625 0.22070804531250002 0.970677453125 0.245148865625 0.8493427703125 0.2540364390625 0.67745196875 0.23107687968750001 0.58933988125 0.15034809531249999 0.567672975 0.1473855734375 0.5763397390625 0.1051696046875 0.5748952796875 0.07998815000000001 0.58933988125 0.0496222765625 0.654340603125 0.030365871875 0.745341615625 0.0229595609375 0.845009390625 0.05480669375 1 0.2021922671875 1
12 0.145904309375 0.5633395906249999 0.22218930625 0.58933988125 0.24070507968750002 0.639896 0.2599614875 0.54600606875 0.252555178125 0.387115409375 0.23403940156249997 0.37844865156249996 0.145904309375 0.327892534375 0.0918382453125 0.361115125 0.0577692203125 0.4680051984375 0.08443193593750001 0.5965621859375 0.145904309375 0.5633395906249999
12 0.30439934687500003 0.694785496875 0.31773070625 0.5647840562499999 0.35624351875000004 0.5026722546875 0.28662420312500003 0.3943377140625 0.2584802265625 0.48389426718750006 0.2473707609375 0.622562471875 0.294771146875 0.6933410375 0.30439934687500003 0.694785496875