12 0.28444444375 0.5688888890625 0.28444444375 0.6311111109375 0.32444444375 0.6888888890625 0.3688888890625 0.7111111109375 0.502222221875 0.71555555625 0.577777778125 0.63555555625 0.577777778125 0.542222221875 0.51555555625 0.47555555624999996 0.4266666671875 0.457777778125 0.3466666671875 0.4888888890625 0.30222222187500003 0.5333333328125 0.28444444375 0.5688888890625
12 0.5906810046875 0.4946236578125 0.6594982093749999 0.339784946875 0.64229390625 0.239426525 0.580645159375 0.2150537640625 0.5691756265625 0.2265232984375 0.5749103953125 0.21935484062500002 0.5749103953125 0.216487453125 0.45448028906250004 0.23369175625 0.3727598578125 0.39856630625 0.48458781406250007 0.4458781375 0.5906810046875 0.4946236578125
12 0.778494621875 0.7870967734375001 0.8387096749999999 0.6853046578125 0.80573476875 0.5749103953125 0.708243728125 0.540501790625 0.587813621875 0.577777778125 0.5089605734375 0.7569892484375 0.6293906796875001 0.8215053781250001 0.778494621875 0.7870967734375001
12 0.6551971328125 0.9878136218750001 0.6881720437500001 0.8630824359375 0.67956989375 0.8172043015625 0.6437276 0.7885304671875 0.5304659515625 0.7541218625 0.381362009375 0.8401433687500001 0.379928315625 0.9476702484375 0.47885304375000004 1 0.6551971328125 0.9878136218750001
12 0.6996415781249999 0.99928315625 0.8573476718749999 1 0.9017921156250001 0.9706093203125 0.9089605734375 0.9204301062500001 0.896057346875 0.8688172046875 0.8501792140625 0.8028673828124999 0.738351253125 0.80143369375 0.6824372750000001 0.8329749109375 0.668100359375 0.9620071687499999 0.6996415781249999 0.99928315625
12 0.7885304671875 0.56630824375 0.943369178125 0.5060931906249999 0.9648745515625 0.4071684578125 0.8473118265625 0.3168458796875 0.6953405015625 0.335483871875 0.6250896046875 0.4372759859375 0.6408602140624999 0.517562725 0.7885304671875 0.56630824375
12 0.6093189953125 0.20358423124999997 0.7010752671875 0.3154121859375 0.8788530437500001 0.28387096875 0.91612903125 0.20215053749999998 0.8974910406250001 0.1132616484375 0.7956989250000001 0.0530465953125 0.71397849375 0.08028673750000001 0.6207885281250001 0.126164875 0.6093189953125 0.20358423124999997
12 0.560573475 0.1949820796875 0.551971325 0.08172043125 0.49605734687499997 0.030107528124999998 0.414336915625 0.018637990625 0.3154121859375 0.06594982187500001 0.303942653125 0.06594982187500001 0.2695340484375 0.141935484375 0.2896057328125 0.20645161406249998 0.4028673828125 0.258064515625 0.560573475 0.1949820796875
12 0.3010752671875 0.44014336875 0.3971326171875 0.335483871875 0.3928315421875 0.2523297515625 0.341218640625 0.20071684374999998 0.20215053749999998 0.20215053749999998 0.1978494625 0.1978494625 0.09318996406249999 0.2924731203125 0.10896057343750001 0.36702508906250003 0.1706093203125 0.421505378125 0.3010752671875 0.44014336875
12 0 0.5949820796874999 0.10179211562499998 0.662365590625 0.239426525 0.6609318984375 0.263799284375 0.5347670265625 0.23799283125 0.458781359375 0.19641576875 0.414336915625 0.1146953421875 0.39856630625 0.0516129015625 0.415770609375 0 0.4802867375 0 0.5949820796874999
12 0.374193546875 0.8888888890625 0.42007168437500003 0.7913978484374999 0.385663084375 0.7340501781250001 0.3297491015625 0.6810035828125 0.2953405015625 0.6709677421875 0.21218637812500002 0.6767025109375 0.15770609375 0.693906809375 0.15770609375 0.708243728125 0.143369178125 0.8845878140625001 0.2322580671875 0.9491039421874999 0.302508959375 0.9491039421874999 0.374193546875 0.8888888890625