12 0.5425101203125 0.5639097750000001 0.7591093109375 0.5205320984374999 0.7914979734375 0.4554655859375 0.7368421046875 0.4120879140625 0.6821862375000001 0.3875072296875 0.5728744953125 0.358588778125 0.520242915625 0.352805090625 0.4554655890625 0.3875072296875 0.3987854265625 0.44389820625 0.4230769203125 0.5277617109375 0.5425101203125 0.5639097750000001
12 0.4 0.49624060156249994 0.41578947343749995 0.5263157890625 0.5105263156250001 0.5676691734375 0.5736842109375 0.5714285718750001 0.7421052625 0.5413533828125 0.7842105265625 0.5037593984375001 0.7578947375 0.42481202968750004 0.6473684203125 0.368421053125 0.5421052625 0.349624059375 0.46315789531249996 0.37593985 0.410526315625 0.42105263125 0.4 0.49624060156249994
12 0.1417004046875 0.1937536171875 0.0020242890625 0.1764025453125 0 0.33979178593750003 0.0060728734375 0.3716020828125 0.18016194218749998 0.352805090625 0.251012146875 0.326778484375 0.2672064796875 0.2761711953125 0.1417004046875 0.1937536171875
12 0.2408906890625 0.258820128125 0.2206477734375 0.34991324375 0.3906882578125 0.38606130781250003 0.5425101203125 0.34268363125 0.5769230796875 0.280508965625 0.479757084375 0.1821862328125 0.33805667968750003 0.172064778125 0.2995951421875 0.170618853125 0.2287449375 0.24436090156249998 0.2408906890625 0.258820128125
12 0.7753036421874999 0.3932909203125 0.8623481796875 0.38895314999999997 0.9068825890625 0.3687102375 0.8987854265624999 0.280508965625 0.8198380578125001 0.22845575624999997 0.6963562734375001 0.1923076921875 0.6376518203125 0.187969925 0.5323886625 0.24436090156249998 0.560728746875 0.3166570265625 0.639676115625 0.360034703125 0.7753036421874999 0.3932909203125
12 0.2530364375 0.5711393874999999 0.3906882578125 0.5118565640625 0.400809715625 0.4164256796875 0.36032388437499996 0.381723540625 0.2206477734375 0.3556969359375 0.1012145734375 0.38461538281249996 0.060728746874999996 0.4410063609375 0.0708502 0.5335454015625001 0.2530364375 0.5711393874999999
12 0.091093115625 0.7244071734374999 0.1923076953125 0.6723539625 0.2226720625 0.6231925984375 0.202429146875 0.5595720078124999 0.0263157890625 0.5277617109375 0 0.555234240625 0.00809716875 0.73308270625 0.0323886625 0.73308270625 0.091093115625 0.7244071734374999
12 0.23076923124999998 0.6709080375 0.2570850203125 0.7215153265625001 0.3360323890625 0.750433778125 0.3987854265625 0.750433778125 0.5769230796875 0.688259109375 0.574898784375 0.6463273578125001 0.512145746875 0.568247540625 0.4028340109375 0.5349913234375 0.30769230468750003 0.5349913234375 0.248987853125 0.5899363796875 0.248987853125 0.6000578390625 0.2368421046875 0.614517059375 0.23076923124999998 0.6709080375
12 0.582995953125 0.681029496875 0.6052631578125001 0.7244071734374999 0.6842105265625 0.7547715453125 0.7874493953124999 0.750433778125 0.8663967625 0.6839213421875 0.92105263125 0.6419895906249999 0.9008097156250001 0.5986119140625 0.8299595156249999 0.5639097750000001 0.7793522265624999 0.5422209359375 0.6477732796875 0.5624638531249999 0.6477732796875 0.5668016203125 0.5647773265625 0.608733371875 0.582995953125 0.681029496875
12 0.5242915 0.9109311734375 0.710526315625 0.90080971875 0.7834008109374999 0.8877964140625 0.726720646875 0.7836899921875 0.574898784375 0.702718334375 0.441295546875 0.7807981500000001 0.425101215625 0.8140543687499999 0.42914979999999997 0.8617698078125 0.5242915 0.9109311734375
12 0.05465586875 0.79814921875 0.07894736875 0.8718912671875 0.14979756875 0.9094852515625 0.3097166 0.9384037031249999 0.3866396734375 0.915268940625 0.42105263125 0.8603238875000001 0.37651822031250004 0.7764603828125 0.2246963578125 0.7171775593749999 0.1963562734375 0.7171775593749999 0.1012145734375 0.750433778125 0.05465586875 0.79814921875