10 0.4091796875 0.3417968734375 0.328125 0.4111328125 0.2988281265625 0.4951171875 0.29296875 0.6025390625 0.3291015625 0.6953125 0.4560546875 0.67578125 0.4892578125 0.6894531265625 0.5126953125 0.7207031265625 0.5253906265625 0.7197265625 0.59765625 0.6494140625 0.62890625 0.5634765625 0.640625 0.4697265625 0.6308593734375 0.4287109375 0.59765625 0.3759765625 0.5361328125 0.32421875 0.5048828125 0.3125 0.4091796875 0.3417968734375
10 0.5683593734375 0.2880859375 0.55078125 0.2470703125 0.5166015625 0.23046875 0.4833984375 0.2421875 0.4707031265625 0.2626953125 0.4824218734375 0.2958984375 0.5566406265625 0.3291015625 0.5683593734375 0.2880859375
10 0.58984375 0.2744140625 0.6171875 0.2490234375 0.6152343734375 0.2158203125 0.5888671875 0.1855468734375 0.5478515625 0.1816406265625 0.5292968734375 0.1982421875 0.52734375 0.2255859375 0.5712890625 0.2714843734375 0.58984375 0.2744140625
10 0.4628906265625 0.2783203125 0.4628906265625 0.2431640625 0.4482421875 0.2285156265625 0.4169921875 0.2285156265625 0.3808593734375 0.2470703125 0.4082031265625 0.3056640625 0.41796875 0.3056640625 0.4628906265625 0.2783203125
10 0.3417968734375 0.2451171875 0.4345703125 0.22265625 0.44140625 0.2041015625 0.4052734375 0.1738281265625 0.3330078125 0.17578125 0.3125 0.1962890625 0.3066406265625 0.2236328125 0.3232421875 0.2441406265625 0.3417968734375 0.2451171875
10 0.3037109375 0.23046875 0.2822265625 0.2285156265625 0.26171875 0.2431640625 0.2578125 0.2705078125 0.2734375 0.2841796875 0.3203125 0.2548828125 0.3037109375 0.23046875
10 0.2490234375 0.2519531265625 0.2216796875 0.25 0.18359375 0.2763671875 0.1796875 0.3154296875 0.2089843734375 0.3369140625 0.2636718734375 0.2900390625 0.2490234375 0.2519531265625
10 0.1660156265625 0.3154296875 0.17578125 0.3076171875 0.1816406265625 0.2568359375 0.1435546875 0.2402343734375 0.1103515625 0.24609375 0.09960937343750001 0.2763671875 0.11328125 0.3037109375 0.1357421875 0.31640625 0.1660156265625 0.3154296875
10 0.1572265625 0.3378906265625 0.1142578125 0.32421875 0.0859375 0.3408203125 0.0888671875 0.3808593734375 0.14453125 0.3876953125 0.1660156265625 0.3662109375 0.1572265625 0.3378906265625
10 0.20703125 0.2021484375 0.1865234375 0.1933593734375 0.171875 0.2001953125 0.1582031265625 0.2333984375 0.1953125 0.2587890625 0.22265625 0.2353515625 0.20703125 0.2021484375
10 0.4667968734375 0.1591796875 0.4628906265625 0.1181640625 0.4462890625 0.109375 0.3994140625 0.1171875 0.38671875 0.1357421875 0.38671875 0.1650390625 0.4453125 0.1787109375 0.4667968734375 0.1591796875
10 0.5371093734375 0.1806640625 0.5625 0.1630859375 0.5625 0.1279296875 0.5400390625 0.10546875 0.5029296875 0.09765625 0.4824218734375 0.1123046875 0.47265625 0.1513671875 0.4853515625 0.16796875 0.5371093734375 0.1806640625
10 0.5654296875 0.0546875 0.5478515625 0.0527343734375 0.5292968734375 0.0654296875 0.5253906265625 0.0908203125 0.5546875 0.1064453125 0.578125 0.0732421875 0.5654296875 0.0546875
10 0.6542968734375 0.0712890625 0.6503906265625 0.0341796875 0.6142578125 0.0078125 0.5771484375 0.0136718734375 0.5683593734375 0.0478515625 0.578125 0.0693359375 0.6347656265625 0.0927734375 0.6542968734375 0.0712890625
10 0.5732421875 0.08984375 0.55859375 0.1064453125 0.5703125 0.1259765625 0.6113281265625 0.0927734375 0.5927734375 0.08398437343750001 0.5732421875 0.08984375
10 0.63671875 0.1748046875 0.6347656265625 0.1240234375 0.6181640625 0.10351562656249999 0.5849609375 0.11328125 0.5683593734375 0.1396484375 0.5722656265625 0.1728515625 0.61328125 0.1884765625 0.63671875 0.1748046875
10 0.5087890625 0.046875 0.4443359375 0.0527343734375 0.4238281265625 0.0732421875 0.4326171875 0.10546875 0.4765625 0.1142578125 0.5175781265625 0.0869140625 0.5087890625 0.046875
10 0.41796875 0.0869140625 0.4316406265625 0.0517578125 0.4130859375 0.01953125 0.3779296875 0.0253906265625 0.3652343734375 0.0478515625 0.37109375 0.0830078125 0.4042968734375 0.0927734375 0.41796875 0.0869140625
10 0.4765625 0.0205078125 0.4345703125 0 0.4160156265625 0.0205078125 0.43359375 0.0517578125 0.4453125 0.0517578125 0.4736328125 0.046875 0.4765625 0.0205078125
10 0.3564453125 0.033203126562500004 0.3330078125 0.03515625 0.3144531265625 0.0556640625 0.30859375 0.1044921875 0.328125 0.1162109375 0.3691406265625 0.0908203125 0.3564453125 0.033203126562500004
10 0.3378906265625 0.1708984375 0.3681640625 0.1660156265625 0.3828125 0.1474609375 0.38671875 0.1220703125 0.3701171875 0.09960937343750001 0.3349609375 0.109375 0.3027343734375 0.1416015625 0.3232421875 0.171875 0.3378906265625 0.1708984375
10 0.5234375 0.2255859375 0.52734375 0.1923828125 0.4755859375 0.1699218734375 0.44921875 0.1884765625 0.4472656265625 0.2158203125 0.4697265625 0.23828125 0.484375 0.2373046875 0.5234375 0.2255859375
10 0.4365234375 0.296875 0.4121093734375 0.3232421875 0.42578125 0.3330078125 0.4814453125 0.3144531265625 0.4824218734375 0.2958984375 0.4365234375 0.296875
10 0.6191406265625 0.3134765625 0.5966796875 0.2871093734375 0.5751953125 0.28125 0.5546875 0.3388671875 0.5996093734375 0.3662109375 0.6191406265625 0.3447265625 0.6191406265625 0.3134765625