10 0.3359375 0.3857421875 0.3359375 0.4462890625 0.4033203125 0.4902343734375 0.4511718734375 0.4970703125 0.5048828125 0.4941406265625 0.5390625 0.4716796875 0.5546875 0.4345703125 0.5488281265625 0.3623046875 0.5087890625 0.33984375 0.4462890625 0.3300781265625 0.3583984375 0.3417968734375 0.3359375 0.3857421875
10 0.3339843734375 0.4501953125 0.33203125 0.3876953125 0.3505859375 0.3378906265625 0.2900390625 0.33984375 0.2324218734375 0.3916015625 0.2324218734375 0.4365234375 0.265625 0.4658203125 0.3339843734375 0.4501953125
10 0.0712890625 0.5292968734375 0.12304687343750001 0.5400390625 0.1660156265625 0.5224609375 0.1855468734375 0.4814453125 0.18359375 0.4306640625 0.1513671875 0.3984375 0.0966796875 0.39453125 0.0361328125 0.4238281265625 0.0234375 0.4677734375 0.0712890625 0.5292968734375
10 0.234375 0.6376953125 0.2626953125 0.6699218734375 0.3046875 0.6767578125 0.3798828125 0.6386718734375 0.4042968734375 0.6083984375 0.3984375 0.4951171875 0.3505859375 0.45703125 0.2626953125 0.4746093734375 0.21484375 0.5205078125 0.21484375 0.6005859375 0.234375 0.6376953125
10 0.37109375 0.7373046875 0.4013671875 0.78125 0.4628906265625 0.7880859375 0.4931640625 0.7753906265625 0.5175781265625 0.7470703125 0.5253906265625 0.6923828125 0.51171875 0.6552734375 0.4912109375 0.63671875 0.4208984375 0.62890625 0.37109375 0.6689453125 0.37109375 0.7373046875
10 0.5253906265625 0.5810546875 0.5292968734375 0.5302734375 0.5087890625 0.5019531265625 0.4365234375 0.50390625 0.40625 0.5283203125 0.4121093734375 0.6220703125 0.4902343734375 0.6279296875 0.5253906265625 0.5810546875
10 0.5292968734375 0.6826171875 0.5771484375 0.7128906265625 0.6230468734375 0.7158203125 0.6582031265625 0.6923828125 0.6621093734375 0.6357421875 0.65234375 0.6162109375 0.6279296875 0.59375 0.5966796875 0.5859375 0.5341796875 0.5957031265625 0.5136718734375 0.6337890625 0.5292968734375 0.6826171875
10 0.57421875 0.8466796875 0.6474609375 0.92578125 0.6982421875 0.953125 0.7363281265625 0.9541015625 0.796875 0.9111328125 0.8125 0.8818359375 0.8125 0.8544921875 0.7412109375 0.76171875 0.6708984375 0.7246093734375 0.6298828125 0.7285156265625 0.57421875 0.7939453125 0.57421875 0.8466796875
10 0.8183593734375 0.8623046875 0.8652343734375 0.8642578125 0.9121093734375 0.8369140625 0.92578125 0.7998046875 0.9160156265625 0.7724609375 0.8798828125 0.7480468734375 0.7646484375 0.75390625 0.7558593734375 0.7724609375 0.7988281265625 0.8193359375 0.8183593734375 0.8623046875
10 0.7636718734375 0.7294921875 0.7958984375 0.7480468734375 0.8359375 0.7490234375 0.8828125 0.7255859375 0.91015625 0.6240234375 0.8857421875 0.5839843734375 0.8466796875 0.5683593734375 0.7998046875 0.56640625 0.75390625 0.5966796875 0.7363281265625 0.6396484375 0.7636718734375 0.7294921875
10 0.6269531265625 0.5830078125 0.6630859375 0.6230468734375 0.7285156265625 0.6376953125 0.7519531265625 0.5947265625 0.796875 0.5615234375 0.7988281265625 0.5048828125 0.7783203125 0.453125 0.7177734375 0.4355468734375 0.6845703125 0.4375 0.6425781265625 0.4677734375 0.6269531265625 0.5830078125
10 0.7675781265625 0.7412109375 0.75 0.7099609375 0.7402343734375 0.6552734375 0.6767578125 0.6464843734375 0.6660156265625 0.7158203125 0.7275390625 0.7519531265625 0.7578125 0.7548828125 0.7675781265625 0.7412109375
10 0.609375 0.5830078125 0.6269531265625 0.5556640625 0.6308593734375 0.4873046875 0.5927734375 0.46484375 0.5498046875 0.47265625 0.5234375 0.5029296875 0.5390625 0.5732421875 0.5576171875 0.5839843734375 0.609375 0.5830078125
10 1 0.5205078125 0.9902343734375 0.5087890625 0.9501953125 0.5 0.8759765625 0.52734375 0.8671875 0.5654296875 0.9042968734375 0.5986328125 0.9199218734375 0.6513671875 0.9677734375 0.6738281265625 1 0.6748046875 1 0.5205078125
10 0.9902343734375 0.7001953125 0.9697265625 0.6796875 0.9052734375 0.6621093734375 0.8828125 0.7431640625 0.9316406265625 0.7802734375 0.9785156265625 0.7568359375 0.9902343734375 0.7001953125
10 1 0.7958984375 0.9697265625 0.7890625 0.9238281265625 0.8095703125 0.89453125 0.8837890625 0.90625 0.9111328125 0.9384765625 0.9375 0.9785156265625 0.9443359375 1 0.9208984375 1 0.7958984375
10 0.8349609375 0.43359375 0.91796875 0.4404296875 0.9511718734375 0.3408203125 0.9511718734375 0.2958984375 0.9091796875 0.2519531265625 0.8505859375 0.24609375 0.80859375 0.2744140625 0.7890625 0.3115234375 0.80078125 0.4072265625 0.8349609375 0.43359375
10 0.6113281265625 0.3642578125 0.61328125 0.3935546875 0.6279296875 0.41015625 0.6748046875 0.4355468734375 0.7753906265625 0.4443359375 0.7910156265625 0.4248046875 0.79296875 0.3896484375 0.78515625 0.3427734375 0.7685546875 0.32421875 0.6943359375 0.3027343734375 0.6650390625 0.3027343734375 0.6386718734375 0.3173828125 0.6113281265625 0.3642578125
10 0.61328125 0.2177734375 0.6376953125 0.2832031265625 0.6708984375 0.296875 0.7558593734375 0.3037109375 0.7822265625 0.296875 0.8183593734375 0.2548828125 0.8261718734375 0.2080078125 0.8076171875 0.1777343734375 0.7666015625 0.16015625 0.6865234375 0.15234375 0.62109375 0.1904296875 0.61328125 0.2177734375
10 0.3984375 0.1748046875 0.3847656265625 0.2470703125 0.4150390625 0.28125 0.44921875 0.2939453125 0.5224609375 0.2734375 0.5957031265625 0.2197265625 0.6035156265625 0.1884765625 0.5830078125 0.13671875 0.5458984375 0.12109375 0.4736328125 0.12304687343750001 0.4345703125 0.1386718734375 0.3984375 0.1748046875
10 0.6152343734375 0.1845703125 0.6767578125 0.15234375 0.7548828125 0.15234375 0.7558593734375 0.1357421875 0.7255859375 0.109375 0.6435546875 0.09570312656249999 0.5957031265625 0.1357421875 0.6015625 0.1708984375 0.6152343734375 0.1845703125
10 0.61328125 0.4248046875 0.6152343734375 0.3212890625 0.6025390625 0.3125 0.5615234375 0.31640625 0.5527343734375 0.3525390625 0.5625 0.4326171875 0.59765625 0.4404296875 0.61328125 0.4248046875
10 0.9199218734375 0.4697265625 0.8955078125 0.45703125 0.7978515625 0.45703125 0.8046875 0.5205078125 0.8515625 0.5283203125 0.9072265625 0.4941406265625 0.9199218734375 0.4697265625
10 0.9365234375 0.4628906265625 0.9794921875 0.47265625 1 0.4970703125 0.9990234375 0.421875 0.93359375 0.4482421875 0.9365234375 0.4628906265625