10 0.37890625 0.2490234375 0.37890625 0.2177734375 0.3544921875 0.1953125 0.3056640625 0.19921875 0.2871093734375 0.2236328125 0.29296875 0.2568359375 0.3535156265625 0.2802734375 0.37890625 0.2490234375
10 0.4296875 0.3154296875 0.4609375 0.2900390625 0.46484375 0.2353515625 0.4443359375 0.2128906265625 0.4169921875 0.2089843734375 0.3847656265625 0.2255859375 0.3730468734375 0.2822265625 0.3857421875 0.30078125 0.4296875 0.3154296875
10 0.48828125 0.0966796875 0.4824218734375 0.0576171875 0.4599609375 0.041015626562500004 0.4267578125 0.046875 0.4140625 0.0634765625 0.4140625 0.1005859375 0.47265625 0.1220703125 0.48828125 0.0966796875
10 0.41015625 0.0712890625 0.3876953125 0.0546875 0.3642578125 0.0546875 0.33984375 0.0810546875 0.3671875 0.1357421875 0.4140625 0.1064453125 0.41015625 0.0712890625
10 0.3457031265625 0.1650390625 0.35546875 0.1298828125 0.33984375 0.0869140625 0.3134765625 0.07226562656249999 0.2705078125 0.08203125 0.265625 0.0966796875 0.28515625 0.1533203125 0.3017578125 0.1660156265625 0.3457031265625 0.1650390625
10 0.4541015625 0.1171875 0.4072265625 0.109375 0.37109375 0.1298828125 0.37109375 0.1806640625 0.40625 0.1923828125 0.4589843734375 0.1669921875 0.4541015625 0.1171875
10 0.48828125 0.2158203125 0.4658203125 0.1777343734375 0.4345703125 0.17578125 0.41015625 0.1923828125 0.4072265625 0.2128906265625 0.4365234375 0.2089843734375 0.47265625 0.2392578125 0.48828125 0.2158203125
10 0.27734375 0.2197265625 0.2753906265625 0.1884765625 0.2333984375 0.15234375 0.2089843734375 0.1767578125 0.1953125 0.2197265625 0.2099609375 0.23046875 0.26171875 0.2333984375 0.27734375 0.2197265625
10 0.2734375 0.2568359375 0.2509765625 0.234375 0.2099609375 0.234375 0.1953125 0.2548828125 0.2011718734375 0.2998046875 0.2138671875 0.3183593734375 0.2480468734375 0.3193359375 0.2734375 0.2568359375
10 0.2050781265625 0.3857421875 0.2333984375 0.3730468734375 0.2666015625 0.3808593734375 0.2714843734375 0.3486328125 0.2412109375 0.3222656265625 0.1962890625 0.328125 0.1855468734375 0.3388671875 0.1855468734375 0.3642578125 0.2050781265625 0.3857421875
10 0.197919003125 0.50020289375 0.2265625 0.4912109375 0.25 0.4736328125 0.27734375 0.4248046875 0.2714843734375 0.3896484375 0.2509765625 0.375 0.2021484375 0.390625 0.16796875 0.4443359375 0.1845703125 0.4863281265625 0.197919003125 0.50020289375
10 0.2109375 0.5849609375 0.2509765625 0.5800781265625 0.26171875 0.5498046875 0.2373046875 0.50390625 0.1806640625 0.4902343734375 0.1621093734375 0.5126953125 0.1621093734375 0.5537109375 0.1865234375 0.5800781265625 0.2109375 0.5849609375
10 0.3066406265625 0.5458984375 0.3359375 0.5185546875 0.3378906265625 0.4794921875 0.3193359375 0.45703125 0.2783203125 0.4433593734375 0.24609375 0.4814453125 0.2421875 0.5068359375 0.2626953125 0.5410156265625 0.3066406265625 0.5458984375
10 0.2265625 0.6826171875 0.2558593734375 0.6611328125 0.2734375 0.5986328125 0.2666015625 0.5859375 0.2099609375 0.5859375 0.1621093734375 0.6123046875 0.16796875 0.6650390625 0.1962890625 0.68359375 0.2265625 0.6826171875
10 0.3125 0.6943359375 0.3730468734375 0.6416015625 0.3652343734375 0.5986328125 0.3271484375 0.5761718734375 0.2841796875 0.5917968734375 0.2578125 0.6337890625 0.2675781265625 0.6748046875 0.2958984375 0.6953125 0.3125 0.6943359375
10 0.3066406265625 0.7412109375 0.3105468734375 0.7177734375 0.2587890625 0.66796875 0.22265625 0.6982421875 0.2167968734375 0.7275390625 0.2353515625 0.7578125 0.2636718734375 0.7666015625 0.3066406265625 0.7412109375
10 0.39453125 0.7587890625 0.4316406265625 0.7333984375 0.4394531265625 0.6904296875 0.4189453125 0.66015625 0.3779296875 0.6503906265625 0.33984375 0.6767578125 0.33203125 0.7255859375 0.3564453125 0.7519531265625 0.39453125 0.7587890625
10 0.3378906265625 0.8466796875 0.3798828125 0.8378906265625 0.4003906265625 0.8154296875 0.4042968734375 0.7861328125 0.3935546875 0.7636718734375 0.3193359375 0.7402343734375 0.265625 0.8056640625 0.2919921875 0.8417968734375 0.3378906265625 0.8466796875
10 0.046875 0.8505859375 0.0693359375 0.87109375 0.09375 0.8740234375 0.1455078125 0.8613281265625 0.1777343734375 0.8349609375 0.1855468734375 0.7939453125 0.1591796875 0.7636718734375 0.0869140625 0.7675781265625 0.05078125 0.7919921875 0.0390625 0.8271484375 0.046875 0.8505859375
10 0.4443359375 0.84375 0.4863281265625 0.8427734375 0.52734375 0.8271484375 0.5371093734375 0.7958984375 0.53125 0.7646484375 0.5009765625 0.7402343734375 0.4326171875 0.7421875 0.4121093734375 0.7861328125 0.421875 0.8291015625 0.4443359375 0.84375
10 0.6308593734375 0.8310546875 0.6640625 0.8017578125 0.66015625 0.7626953125 0.6279296875 0.7421875 0.5712890625 0.74609375 0.55078125 0.7705078125 0.55859375 0.8115234375 0.5849609375 0.8300781265625 0.6308593734375 0.8310546875
10 0.4482421875 0 0.44921875 0.0341796875 0.4980468734375 0.0556640625 0.53125 0.0439453125 0.53515625 0.0029296875 0.4482421875 0
10 0.3261718734375 0.0009765625 0.3466796875 0.044921873437499996 0.4121093734375 0.0595703125 0.44140625 0.0361328125 0.4365234375 0 0.3261718734375 0.0009765625
10 0.3359375 0.0458984375 0.3251953125 0.01171875 0.3095703125 0 0.25 0.0009765625 0.2509765625 0.03125 0.2841796875 0.033203126562500004 0.32421875 0.0634765625 0.3359375 0.0458984375
10 0.5234375 0.1630859375 0.5410156265625 0.1513671875 0.56640625 0.1025390625 0.5458984375 0.0625 0.5068359375 0.0546875 0.4902343734375 0.0673828125 0.4824218734375 0.1318359375 0.5009765625 0.16015625 0.5234375 0.1630859375
10 0.6464843734375 0.1279296875 0.64453125 0.0791015625 0.6181640625 0.0527343734375 0.5888671875 0.0527343734375 0.5644531265625 0.0771484375 0.5703125 0.1123046875 0.6230468734375 0.1376953125 0.6464843734375 0.1279296875
10 0.7363281265625 0.1083984375 0.7246093734375 0.0810546875 0.6943359375 0.0605468734375 0.6689453125 0.0703125 0.6542968734375 0.0888671875 0.6640625 0.1259765625 0.73046875 0.1357421875 0.7363281265625 0.1083984375
10 0.6162109375 0 0.5996093734375 0.0185546875 0.59765625 0.0458984375 0.6621093734375 0.0732421875 0.6855468734375 0.0478515625 0.68359375 0.0146484375 0.6689453125 0 0.6162109375 0
10 0.6884765625 0 0.6875 0.0537109375 0.734375 0.0751953125 0.7519531265625 0.0439453125 0.74609375 0.0068359375 0.6884765625 0
10 0.5644531265625 0.0771484375 0.5917968734375 0.0458984375 0.5517578125 0.0292968734375 0.5292968734375 0.0556640625 0.5644531265625 0.0771484375
10 0.546875 0.2275390625 0.546875 0.1943359375 0.5283203125 0.1699218734375 0.4892578125 0.1640625 0.4765625 0.1845703125 0.4863281265625 0.2119140625 0.52734375 0.2412109375 0.546875 0.2275390625
10 0.609375 0.1923828125 0.6171875 0.1435546875 0.5927734375 0.12304687343750001 0.5615234375 0.12304687343750001 0.54296875 0.1513671875 0.5390625 0.1787109375 0.56640625 0.2001953125 0.609375 0.1923828125
10 0.65234375 0.2294921875 0.6943359375 0.2109375 0.703125 0.1904296875 0.69921875 0.1572265625 0.6689453125 0.13671875 0.6337890625 0.1484375 0.61328125 0.1806640625 0.6191406265625 0.2080078125 0.65234375 0.2294921875
10 0.6582031265625 0.3466796875 0.6816406265625 0.3271484375 0.68359375 0.2763671875 0.6630859375 0.24609375 0.6259765625 0.2402343734375 0.6015625 0.2607421875 0.59765625 0.3232421875 0.6162109375 0.34375 0.6582031265625 0.3466796875
10 0.60546875 0.2529296875 0.63671875 0.2314453125 0.6123046875 0.2050781265625 0.5810546875 0.1972656265625 0.5527343734375 0.2158203125 0.5488281265625 0.2529296875 0.5957031265625 0.2783203125 0.60546875 0.2529296875
10 0.5722656265625 0.3564453125 0.5957031265625 0.3427734375 0.5957031265625 0.2861328125 0.5732421875 0.265625 0.5439453125 0.265625 0.53125 0.2802734375 0.52734375 0.3173828125 0.5576171875 0.3535156265625 0.5722656265625 0.3564453125
10 0.5488281265625 0.3876953125 0.546875 0.3349609375 0.5029296875 0.31640625 0.4658203125 0.3222656265625 0.44921875 0.3466796875 0.4511718734375 0.3798828125 0.5097656265625 0.4052734375 0.5488281265625 0.3876953125
10 0.4160156265625 0.4130859375 0.4394531265625 0.3857421875 0.4316406265625 0.3408203125 0.4033203125 0.3066406265625 0.3701171875 0.3027343734375 0.34765625 0.3251953125 0.3457031265625 0.3564453125 0.3876953125 0.4140625 0.4160156265625 0.4130859375
10 0.34375 0.4560546875 0.375 0.4365234375 0.3828125 0.4130859375 0.3603515625 0.3691406265625 0.3251953125 0.359375 0.2871093734375 0.3798828125 0.28125 0.4267578125 0.3251953125 0.45703125 0.34375 0.4560546875
10 0.39453125 0.5263671875 0.4472656265625 0.4736328125 0.4453125 0.4501953125 0.4189453125 0.42578125 0.3837890625 0.4277343734375 0.3417968734375 0.4755859375 0.3417968734375 0.5009765625 0.3544921875 0.515625 0.39453125 0.5263671875
10 0.4863281265625 0.4794921875 0.5019531265625 0.4716796875 0.5 0.4189453125 0.4755859375 0.39453125 0.4462890625 0.3847656265625 0.4199218734375 0.4228515625 0.4453125 0.4501953125 0.4521484375 0.4765625 0.4863281265625 0.4794921875
10 0.5761718734375 0.4541015625 0.58984375 0.4150390625 0.5712890625 0.3925781265625 0.5283203125 0.3964843734375 0.50390625 0.4228515625 0.50390625 0.4580078125 0.5371093734375 0.4755859375 0.5761718734375 0.4541015625
10 0.4785156265625 0.5869140625 0.5078125 0.5751953125 0.5253906265625 0.5224609375 0.4912109375 0.4863281265625 0.4482421875 0.4785156265625 0.4121093734375 0.5185546875 0.41015625 0.5458984375 0.4267578125 0.5703125 0.4785156265625 0.5869140625
10 0.6171875 0.5029296875 0.5888671875 0.4765625 0.5439453125 0.4746093734375 0.5136718734375 0.4970703125 0.5302734375 0.53125 0.5888671875 0.5253906265625 0.6191406265625 0.5380859375 0.6171875 0.5029296875
10 0.5839843734375 0.6279296875 0.62109375 0.6083984375 0.625 0.5556640625 0.5888671875 0.5253906265625 0.5380859375 0.5292968734375 0.51171875 0.5576171875 0.51171875 0.5849609375 0.5341796875 0.6171875 0.5839843734375 0.6279296875
10 0.5537109375 0.6777343734375 0.5644531265625 0.6396484375 0.4990234375 0.5839843734375 0.4746093734375 0.6044921875 0.47265625 0.6396484375 0.4902343734375 0.6767578125 0.51171875 0.6884765625 0.5537109375 0.6777343734375
10 0.46875 0.6474609375 0.47265625 0.5966796875 0.4130859375 0.5761718734375 0.3886718734375 0.6025390625 0.38671875 0.6396484375 0.4326171875 0.6699218734375 0.4472656265625 0.6689453125 0.46875 0.6474609375
10 0.3808593734375 0.6103515625 0.40234375 0.5791015625 0.3964843734375 0.5537109375 0.3798828125 0.53125 0.3408203125 0.51953125 0.30859375 0.5498046875 0.3066406265625 0.5732421875 0.3427734375 0.5800781265625 0.3808593734375 0.6103515625
10 0.5761718734375 0.7392578125 0.56640625 0.6943359375 0.5576171875 0.6855468734375 0.5126953125 0.6894531265625 0.4902343734375 0.7099609375 0.4863281265625 0.7314453125 0.5449218734375 0.7724609375 0.5761718734375 0.7392578125
10 0.62890625 0.7392578125 0.6542968734375 0.7197265625 0.6660156265625 0.6708984375 0.6542968734375 0.6337890625 0.6162109375 0.6171875 0.5703125 0.6455078125 0.56640625 0.6962890625 0.5810546875 0.73046875 0.62890625 0.7392578125
10 0.6884765625 0.6953125 0.6689453125 0.69140625 0.640625 0.7412109375 0.6650390625 0.765625 0.6777343734375 0.7646484375 0.7089843734375 0.7216796875 0.6884765625 0.6953125
10 0.765625 0.8232421875 0.7949218734375 0.8017578125 0.80078125 0.7568359375 0.7587890625 0.7246093734375 0.7099609375 0.7324218734375 0.6894531265625 0.7666015625 0.6953125 0.8017578125 0.7236328125 0.8222656265625 0.765625 0.8232421875
10 0.6875 0.6923828125 0.71484375 0.6650390625 0.7128906265625 0.6376953125 0.6845703125 0.609375 0.6513671875 0.6074218734375 0.640625 0.6181640625 0.6582031265625 0.6396484375 0.6660156265625 0.6884765625 0.6875 0.6923828125
10 0.8105468734375 0.7197265625 0.8105468734375 0.6572265625 0.7919921875 0.6464843734375 0.7275390625 0.6484375 0.7050781265625 0.6884765625 0.7109375 0.7158203125 0.7949218734375 0.7373046875 0.8105468734375 0.7197265625
10 0.734375 0.5869140625 0.7363281265625 0.5576171875 0.7294921875 0.546875 0.6767578125 0.5332031265625 0.6425781265625 0.5576171875 0.65234375 0.5986328125 0.70703125 0.6123046875 0.734375 0.5869140625
10 0.7871093734375 0.6455078125 0.8203125 0.6220703125 0.8222656265625 0.5849609375 0.7998046875 0.5546875 0.7509765625 0.5546875 0.7324218734375 0.5947265625 0.734375 0.6201171875 0.7646484375 0.6464843734375 0.7871093734375 0.6455078125
10 0.73046875 0.5439453125 0.76171875 0.5185546875 0.7675781265625 0.4697265625 0.7548828125 0.4355468734375 0.7158203125 0.4296875 0.6796875 0.4501953125 0.671875 0.4892578125 0.6943359375 0.53515625 0.73046875 0.5439453125
10 0.640625 0.5068359375 0.6660156265625 0.4873046875 0.671875 0.4462890625 0.6435546875 0.4140625 0.6064453125 0.4121093734375 0.58203125 0.4345703125 0.58203125 0.4697265625 0.6259765625 0.5078125 0.640625 0.5068359375
10 0.7324218734375 0.4052734375 0.7138671875 0.3847656265625 0.66796875 0.3876953125 0.66015625 0.4248046875 0.6816406265625 0.4443359375 0.734375 0.4267578125 0.7324218734375 0.4052734375
10 0.6660156265625 0.3837890625 0.6513671875 0.35546875 0.5986328125 0.34375 0.57421875 0.3583984375 0.5703125 0.3876953125 0.5947265625 0.4160156265625 0.6582031265625 0.4169921875 0.6660156265625 0.3837890625
10 0.5292968734375 0.2919921875 0.52734375 0.2568359375 0.5068359375 0.234375 0.4814453125 0.2363281265625 0.46484375 0.2490234375 0.4628906265625 0.3115234375 0.5136718734375 0.3173828125 0.5292968734375 0.2919921875
10 0.3222656265625 0.3564453125 0.34375 0.3369140625 0.34765625 0.2958984375 0.3134765625 0.26953125 0.2744140625 0.26953125 0.2558593734375 0.2998046875 0.26171875 0.3271484375 0.2880859375 0.35546875 0.3222656265625 0.3564453125
10 0.73046875 0.3603515625 0.7324218734375 0.3310546875 0.7158203125 0.2988281265625 0.6884765625 0.2949218734375 0.6699218734375 0.3701171875 0.6826171875 0.3808593734375 0.71484375 0.3798828125 0.73046875 0.3603515625
10 0.78515625 0.3896484375 0.7890625 0.3603515625 0.7744140625 0.3378906265625 0.7373046875 0.3339843734375 0.7207031265625 0.3857421875 0.7373046875 0.4082031265625 0.76171875 0.4072265625 0.78515625 0.3896484375
10 0.8222656265625 0.5322265625 0.82421875 0.5029296875 0.8056640625 0.4765625 0.7763671875 0.4707031265625 0.7558593734375 0.5361328125 0.7685546875 0.55078125 0.79296875 0.5498046875 0.8222656265625 0.5322265625
10 0.6933593734375 0.2919921875 0.7080078125 0.2910156265625 0.72265625 0.2724609375 0.72265625 0.2451171875 0.7099609375 0.22265625 0.6845703125 0.21484375 0.6503906265625 0.2392578125 0.67578125 0.2587890625 0.6933593734375 0.2919921875
10 0.76953125 0.3193359375 0.765625 0.2958984375 0.7412109375 0.2753906265625 0.7236328125 0.2753906265625 0.7128906265625 0.2958984375 0.7333984375 0.33203125 0.75390625 0.3310546875 0.76953125 0.3193359375
10 0.78515625 0.4541015625 0.7832031265625 0.4208984375 0.7626953125 0.4082031265625 0.7373046875 0.4121093734375 0.7363281265625 0.4267578125 0.7597656265625 0.4384765625 0.7734375 0.4677734375 0.78515625 0.4541015625
10 0.3173828125 0.1953125 0.3623046875 0.19921875 0.359375 0.1845703125 0.3310546875 0.1660156265625 0.2919921875 0.171875 0.27734375 0.1904296875 0.2871093734375 0.2275390625 0.3173828125 0.1953125
10 0.71875 0.2099609375 0.7363281265625 0.1845703125 0.734375 0.1513671875 0.7099609375 0.1308593734375 0.6845703125 0.12890625 0.6738281265625 0.1376953125 0.7011718734375 0.1611328125 0.69921875 0.2060546875 0.71875 0.2099609375
10 0.4511718734375 0.6748046875 0.4453125 0.6982421875 0.484375 0.7197265625 0.5 0.6923828125 0.4697265625 0.6582031265625 0.4511718734375 0.6748046875