10 0.08398437343750001 0.3154296875 0.1337890625 0.30078125 0.1582031265625 0.2685546875 0.1582031265625 0.1845703125 0.1464843734375 0.1533203125 0.0849609375 0.11914062656249999 0.0009765625 0.11328125 0 0.2529296875 0.08398437343750001 0.3154296875
10 0.2246093734375 0.1748046875 0.2421875 0.2490234375 0.2783203125 0.28125 0.3144531265625 0.2802734375 0.3740234375 0.2519531265625 0.3925781265625 0.2314453125 0.4042968734375 0.1923828125 0.3925781265625 0.1455078125 0.3447265625 0.11132812656249999 0.2802734375 0.1269531265625 0.2451171875 0.1464843734375 0.2246093734375 0.1748046875
10 0.3642578125 0.2578125 0.3291015625 0.2734375 0.3105468734375 0.2998046875 0.3144531265625 0.3212890625 0.2949218734375 0.3779296875 0.3183593734375 0.4716796875 0.3369140625 0.4863281265625 0.3808593734375 0.4931640625 0.4169921875 0.484375 0.4589843734375 0.4501953125 0.4824218734375 0.4111328125 0.48828125 0.3701171875 0.4824218734375 0.3193359375 0.4580078125 0.2890625 0.4150390625 0.265625 0.3642578125 0.2578125
10 0.09179687343750001 0.3857421875 0.078125 0.4404296875 0.0859375 0.4677734375 0.1396484375 0.5332031265625 0.2050781265625 0.5419921875 0.2871093734375 0.4912109375 0.3046875 0.4599609375 0.3066406265625 0.4228515625 0.2988281265625 0.3896484375 0.2548828125 0.34375 0.1865234375 0.3300781265625 0.1337890625 0.3515625 0.09179687343750001 0.3857421875
10 0.2626953125 0.640625 0.2822265625 0.671875 0.34375 0.6806640625 0.40625 0.6416015625 0.4160156265625 0.5771484375 0.3798828125 0.51953125 0.2900390625 0.49609375 0.2324218734375 0.5439453125 0.2109375 0.5771484375 0.2109375 0.6005859375 0.2626953125 0.640625
10 0.4482421875 0.60546875 0.54296875 0.6357421875 0.5908203125 0.6113281265625 0.61328125 0.5830078125 0.6171875 0.5107421875 0.5478515625 0.4511718734375 0.4716796875 0.4453125 0.4199218734375 0.4853515625 0.4082031265625 0.5478515625 0.4482421875 0.60546875
10 0.4082031265625 0.7275390625 0.4775390625 0.82421875 0.5390625 0.8330078125 0.5957031265625 0.8095703125 0.61328125 0.7646484375 0.609375 0.7197265625 0.5361328125 0.640625 0.4892578125 0.6269531265625 0.4541015625 0.6308593734375 0.4121093734375 0.6669921875 0.4082031265625 0.7275390625
10 0.2646484375 0.7519531265625 0.234375 0.8134765625 0.2421875 0.8798828125 0.2636718734375 0.9091796875 0.3076171875 0.9375 0.3515625 0.9423828125 0.4150390625 0.91796875 0.4472656265625 0.8837890625 0.45703125 0.8564453125 0.4511718734375 0.8017578125 0.4296875 0.7568359375 0.4052734375 0.7324218734375 0.3525390625 0.7128906265625 0.2646484375 0.7519531265625
10 0.0253906265625 0.6962890625 0.0136718734375 0.7314453125 0.0234375 0.7763671875 0.0673828125 0.8066406265625 0.0771484375 0.8027343734375 0.0830078125 0.8300781265625 0.12109375 0.8388671875 0.2001953125 0.8125 0.2734375 0.7236328125 0.2734375 0.6650390625 0.2255859375 0.6171875 0.1884765625 0.6074218734375 0.1376953125 0.6152343734375 0.0712890625 0.6484375 0.0253906265625 0.6962890625
10 0 0.7021484375 0.017578126562499997 0.7021484375 0.0576171875 0.65625 0.1308593734375 0.6044921875 0.125 0.5361328125 0.0849609375 0.4824218734375 0.0361328125 0.4609375 0 0.4697265625 0 0.7021484375
10 0.044921873437499996 0.2822265625 0.0009765625 0.2558593734375 0.00390625 0.4638671875 0.0546875 0.4111328125 0.07421875 0.3408203125 0.044921873437499996 0.2822265625
10 0.1337890625 0.3046875 0.08007812656249999 0.3330078125 0.06835937343750001 0.3857421875 0.078125 0.4052734375 0.1142578125 0.3613281265625 0.1552734375 0.3378906265625 0.1806640625 0.3300781265625 0.2490234375 0.3359375 0.23828125 0.3017578125 0.2060546875 0.2734375 0.1611328125 0.2714843734375 0.1337890625 0.3046875
10 0.1416015625 0 0.00390625 0.0009765625 0.0048828125 0.0253906265625 0.0654296875 0.03125 0.1347656265625 0.0791015625 0.15625 0.0498046875 0.1416015625 0
10 0.1328125 0.0947265625 0.1064453125 0.0605468734375 0.0634765625 0.033203126562500004 0 0.0302734375 0.0009765625 0.11132812656249999 0.0595703125 0.11132812656249999 0.1328125 0.1337890625 0.1328125 0.0947265625
10 0.2333984375 0 0.2089843734375 0.0263671875 0.1875 0.0595703125 0.18359375 0.1083984375 0.20703125 0.1474609375 0.2265625 0.1591796875 0.3115234375 0.11132812656249999 0.37890625 0.1181640625 0.3769531265625 0.0810546875 0.3457031265625 0.0419921875 0.3427734375 0 0.2333984375 0
10 0.23046875 0.2275390625 0.2207031265625 0.1728515625 0.1962890625 0.1503906265625 0.1513671875 0.1484375 0.1621093734375 0.1826171875 0.1621093734375 0.2626953125 0.2128906265625 0.2705078125 0.23046875 0.2275390625
10 0.2236328125 0.27734375 0.2519531265625 0.3369140625 0.2910156265625 0.3681640625 0.30078125 0.3056640625 0.2568359375 0.27734375 0.2236328125 0.27734375
10 0.5917968734375 0.9990234375 0.5878906265625 0.9169921875 0.5683593734375 0.8603515625 0.5400390625 0.8378906265625 0.4658203125 0.8359375 0.44921875 0.8876953125 0.421875 0.9228515625 0.4375 0.9990234375 0.5917968734375 0.9990234375
10 0.42578125 0.9521484375 0.4091796875 0.9277343734375 0.3564453125 0.9453125 0.2841796875 0.93359375 0.2402343734375 0.9638671875 0.2607421875 1 0.43359375 0.9990234375 0.42578125 0.9521484375
10 0.0615234375 0.95703125 0.07421875 0.9560546875 0.1416015625 0.9453125 0.2294921875 0.9550781265625 0.2597656265625 0.9189453125 0.23046875 0.8349609375 0.2001953125 0.8203125 0.0869140625 0.8496093734375 0.05859375 0.9462890625 0.0615234375 0.95703125
10 0.0732421875 0.9589843734375 0 0.9951171875 0.2578125 0.9990234375 0.2373046875 0.9667968734375 0.1904296875 0.9472656265625 0.0732421875 0.9589843734375
10 0.06445312656249999 0.9287109375 0.078125 0.8564453125 0.05859375 0.8076171875 0.0009765625 0.7753906265625 0.0058593734375 0.9833984375 0.0361328125 0.96875 0.06445312656249999 0.9287109375
10 0.484375 0.3037109375 0.5166015625 0.26953125 0.5761718734375 0.2490234375 0.57421875 0.2060546875 0.5048828125 0.1503906265625 0.4404296875 0.1464843734375 0.4121093734375 0.1708984375 0.4003906265625 0.2529296875 0.484375 0.3037109375
10 0.4941406265625 0.2978515625 0.4902343734375 0.3642578125 0.5302734375 0.40234375 0.58984375 0.4169921875 0.6240234375 0.4160156265625 0.6660156265625 0.3935546875 0.6855468734375 0.3505859375 0.68359375 0.3134765625 0.6533203125 0.2792968734375 0.6025390625 0.2578125 0.5439453125 0.2597656265625 0.4941406265625 0.2978515625
10 0.6689453125 0.609375 0.6796875 0.6572265625 0.703125 0.6845703125 0.75 0.6318359375 0.7353515625 0.6113281265625 0.6689453125 0.609375
10 0.7587890625 0.62890625 0.703125 0.6904296875 0.7636718734375 0.8154296875 0.7871093734375 0.8212890625 0.8642578125 0.7890625 0.89453125 0.7587890625 0.90625 0.7255859375 0.9082031265625 0.6982421875 0.8925781265625 0.6591796875 0.8291015625 0.6171875 0.7958984375 0.6152343734375 0.7587890625 0.62890625
10 0.6269531265625 0.5458984375 0.6738281265625 0.5986328125 0.7412109375 0.56640625 0.7597656265625 0.5283203125 0.74609375 0.4541015625 0.7080078125 0.41015625 0.6806640625 0.3984375 0.6259765625 0.41796875 0.59765625 0.4619140625 0.6269531265625 0.5458984375
10 0.7089843734375 0.5966796875 0.76953125 0.6201171875 0.8427734375 0.6152343734375 0.87109375 0.5791015625 0.87109375 0.5146484375 0.8330078125 0.4765625 0.7998046875 0.4707031265625 0.7578125 0.4814453125 0.7558593734375 0.5478515625 0.7089843734375 0.5966796875
10 1 0.5341796875 0.9619140625 0.515625 0.8994140625 0.53125 0.8808593734375 0.5517578125 0.8691406265625 0.5966796875 0.8769531265625 0.6376953125 0.9453125 0.6806640625 1 0.6787109375 1 0.5341796875
10 1 0.6826171875 0.9541015625 0.6816406265625 0.9160156265625 0.7041015625 0.9042968734375 0.7490234375 0.87109375 0.7958984375 0.9248046875 0.8574218734375 0.984375 0.8701171875 1 0.8662109375 1 0.6826171875
10 0.7734375 0.8291015625 0.7988281265625 0.8818359375 0.8310546875 0.9160156265625 0.890625 0.9384765625 0.9169921875 0.93359375 0.921875 0.9072265625 0.9267578125 0.9140625 0.9316406265625 0.9052734375 0.9199218734375 0.8564453125 0.8974609375 0.83203125 0.8564453125 0.7988281265625 0.7734375 0.8291015625
10 0.8525390625 0.4863281265625 0.8847656265625 0.5400390625 0.9150390625 0.51953125 0.9638671875 0.5136718734375 0.9746093734375 0.4892578125 0.9746093734375 0.4501953125 0.9267578125 0.41015625 0.8662109375 0.41796875 0.8066406265625 0.4658203125 0.8525390625 0.4863281265625
10 0.75390625 0.4716796875 0.765625 0.4736328125 0.78125 0.4677734375 0.79296875 0.4384765625 0.78515625 0.3837890625 0.7373046875 0.3515625 0.6923828125 0.3574218734375 0.6777343734375 0.3955078125 0.7216796875 0.4199218734375 0.75390625 0.4716796875
10 0.7734375 0.3642578125 0.8037109375 0.4121093734375 0.8574218734375 0.4189453125 0.9130859375 0.40625 0.9433593734375 0.3642578125 0.9472656265625 0.3271484375 0.9130859375 0.29296875 0.8369140625 0.29296875 0.7900390625 0.3183593734375 0.7734375 0.3466796875 0.7734375 0.3642578125
10 0.4921875 0.3701171875 0.5400390625 0.40625 0.5957031265625 0.4169921875 0.6240234375 0.4160156265625 0.6660156265625 0.3935546875 0.6855468734375 0.3505859375 0.6816406265625 0.3076171875 0.6162109375 0.2636718734375 0.5419921875 0.2597656265625 0.4921875 0.2998046875 0.4921875 0.3701171875
10 0.6904296875 0.3496093734375 0.74609375 0.3505859375 0.76171875 0.3056640625 0.7519531265625 0.2607421875 0.7119140625 0.2167968734375 0.6708984375 0.2128906265625 0.63671875 0.2431640625 0.6308593734375 0.2646484375 0.6777343734375 0.2978515625 0.6904296875 0.3496093734375
10 0.5800781265625 0.2451171875 0.609375 0.2529296875 0.6855468734375 0.2001953125 0.6777343734375 0.1298828125 0.6416015625 0.09765625 0.5869140625 0.10546875 0.55859375 0.1298828125 0.5449218734375 0.1591796875 0.5761718734375 0.2080078125 0.5800781265625 0.2451171875
10 0.5371093734375 0.1630859375 0.5390625 0.0986328125 0.5146484375 0.0625 0.4658203125 0.05078125 0.4296875 0.0732421875 0.4121093734375 0.1083984375 0.4130859375 0.1640625 0.4599609375 0.1425781265625 0.5371093734375 0.1630859375
10 0.5390625 0.0908203125 0.54296875 0.1259765625 0.5566406265625 0.1298828125 0.5966796875 0.09765625 0.6425781265625 0.0849609375 0.6503906265625 0.0439453125 0.6123046875 0.0058593734375 0.5419921875 0 0.5058593734375 0.0380859375 0.5058593734375 0.0537109375 0.5390625 0.0908203125
10 0.7587890625 0.2636718734375 0.7832031265625 0.2646484375 0.8261718734375 0.2197265625 0.8457031265625 0.1787109375 0.8417968734375 0.1279296875 0.8056640625 0.10351562656249999 0.7509765625 0.1171875 0.71875 0.1591796875 0.7050781265625 0.1982421875 0.7587890625 0.2636718734375
10 0.6875 0.1298828125 0.6953125 0.1572265625 0.7128906265625 0.1669921875 0.7548828125 0.11328125 0.80859375 0.1005859375 0.8066406265625 0.0634765625 0.7900390625 0.04296875 0.7470703125 0.03515625 0.7177734375 0.044921873437499996 0.6953125 0.0693359375 0.6875 0.1298828125
10 0.828125 0.2197265625 0.8486328125 0.25 0.875 0.2509765625 0.9423828125 0.2363281265625 0.9628906265625 0.2021484375 0.94140625 0.1201171875 0.8896484375 0.09179687343750001 0.8642578125 0.09179687343750001 0.8417968734375 0.1142578125 0.84765625 0.1767578125 0.828125 0.2197265625
10 0.828125 0.2939453125 0.8037109375 0.2714843734375 0.7597656265625 0.2763671875 0.7558593734375 0.3505859375 0.7714843734375 0.3564453125 0.7832031265625 0.3251953125 0.828125 0.2939453125
10 0.95703125 0.2763671875 0.9306640625 0.23828125 0.8583984375 0.2558593734375 0.8378906265625 0.2763671875 0.8388671875 0.2890625 0.9111328125 0.2910156265625 0.9511718734375 0.3232421875 0.95703125 0.2763671875
10 1 0.3662109375 0.9501953125 0.328125 0.9433593734375 0.3662109375 0.91796875 0.4052734375 0.98046875 0.4423828125 1 0.4287109375 1 0.3662109375
10 0.68359375 0.1318359375 0.6894531265625 0.0771484375 0.6494140625 0.06445312656249999 0.640625 0.0947265625 0.68359375 0.1318359375
10 0.8378906265625 0.1181640625 0.8574218734375 0.0888671875 0.8076171875 0.0605468734375 0.8066406265625 0.1005859375 0.8378906265625 0.1181640625
10 1 0.3583984375 0.9931640625 0.2734375 0.9609375 0.2939453125 0.95703125 0.3251953125 1 0.3583984375
10 0.18359375 0.1123046875 0.1894531265625 0.0498046875 0.1611328125 0.048828126562500004 0.1328125 0.0869140625 0.1347656265625 0.1357421875 0.1474609375 0.1464843734375 0.1953125 0.1455078125 0.18359375 0.1123046875