10 0.32421875 0.1279296875 0.3183593734375 0.1728515625 0.3330078125 0.19921875 0.3642578125 0.2109375 0.4042968734375 0.2021484375 0.4199218734375 0.1650390625 0.4130859375 0.1503906265625 0.3466796875 0.11523437343750001 0.32421875 0.1279296875
10 0.2324218734375 0.2177734375 0.2363281265625 0.2490234375 0.2822265625 0.2871093734375 0.3095703125 0.2890625 0.3457031265625 0.2666015625 0.3378906265625 0.2197265625 0.3115234375 0.1933593734375 0.2626953125 0.1855468734375 0.2324218734375 0.2177734375
10 0.3505859375 0.2675781265625 0.4248046875 0.3105468734375 0.4550781265625 0.2939453125 0.4589843734375 0.2587890625 0.4443359375 0.23046875 0.4013671875 0.2089843734375 0.34765625 0.2236328125 0.3505859375 0.2675781265625
10 0.4658203125 0.27734375 0.5292968734375 0.2548828125 0.5302734375 0.2167968734375 0.4794921875 0.1894531265625 0.4511718734375 0.2099609375 0.4453125 0.2275390625 0.4658203125 0.27734375
10 0.5166015625 0.35546875 0.5566406265625 0.2978515625 0.5322265625 0.26953125 0.5087890625 0.2675781265625 0.4707031265625 0.3154296875 0.4814453125 0.3515625 0.5166015625 0.35546875
10 0.51953125 0.3544921875 0.5214843734375 0.3994140625 0.5576171875 0.42578125 0.5927734375 0.4238281265625 0.6386718734375 0.3759765625 0.63671875 0.3427734375 0.6044921875 0.3027343734375 0.5615234375 0.3066406265625 0.51953125 0.3544921875
10 0.4121093734375 0.4443359375 0.421875 0.5009765625 0.4638671875 0.5214843734375 0.5107421875 0.5136718734375 0.5488281265625 0.4697265625 0.5410156265625 0.4189453125 0.4951171875 0.3925781265625 0.4482421875 0.40625 0.4121093734375 0.4443359375
10 0.3066406265625 0.4853515625 0.3388671875 0.51953125 0.4082031265625 0.4755859375 0.4121093734375 0.4169921875 0.3740234375 0.3808593734375 0.3193359375 0.390625 0.3046875 0.4345703125 0.3066406265625 0.4853515625
10 0.1855468734375 0.3916015625 0.2119140625 0.41796875 0.3125 0.3935546875 0.2988281265625 0.3583984375 0.2568359375 0.3359375 0.2099609375 0.33984375 0.1933593734375 0.3564453125 0.1855468734375 0.3916015625
10 0.203125 0.4326171875 0.1972656265625 0.4541015625 0.2373046875 0.5 0.2724609375 0.515625 0.3046875 0.4990234375 0.3105468734375 0.4091796875 0.2978515625 0.3925781265625 0.2509765625 0.390625 0.203125 0.4326171875
10 0.3515625 0.5302734375 0.3515625 0.5556640625 0.3935546875 0.59765625 0.4345703125 0.61328125 0.4785156265625 0.5986328125 0.4765625 0.5341796875 0.4111328125 0.48828125 0.3798828125 0.4921875 0.3515625 0.5302734375
10 0.4863281265625 0.5927734375 0.4990234375 0.6171875 0.58203125 0.5986328125 0.58984375 0.5615234375 0.5654296875 0.5058593734375 0.5322265625 0.4980468734375 0.4863281265625 0.5322265625 0.4863281265625 0.5927734375
10 0.4921875 0.6474609375 0.4921875 0.6748046875 0.5380859375 0.7128906265625 0.5908203125 0.71875 0.62890625 0.6865234375 0.62109375 0.6494140625 0.5732421875 0.609375 0.5263671875 0.6113281265625 0.4921875 0.6474609375
10 0.5917968734375 0.5751953125 0.5957031265625 0.6181640625 0.6474609375 0.6660156265625 0.7041015625 0.65625 0.7324218734375 0.6220703125 0.7246093734375 0.5732421875 0.6669921875 0.5332031265625 0.6181640625 0.5390625 0.5917968734375 0.5751953125
10 0.66015625 0.7275390625 0.7041015625 0.75 0.7470703125 0.74609375 0.78515625 0.7099609375 0.7792968734375 0.6630859375 0.7373046875 0.6308593734375 0.6484375 0.6845703125 0.66015625 0.7275390625
10 0.7714843734375 0.7490234375 0.7714843734375 0.8017578125 0.8076171875 0.8359375 0.8603515625 0.84375 0.890625 0.8291015625 0.90234375 0.7841796875 0.8701171875 0.7285156265625 0.7978515625 0.7128906265625 0.7714843734375 0.7490234375
10 0.7832031265625 0.6337890625 0.7890625 0.6728515625 0.8310546875 0.7128906265625 0.8916015625 0.7207031265625 0.921875 0.6884765625 0.9121093734375 0.6298828125 0.8681640625 0.5917968734375 0.8115234375 0.59765625 0.7832031265625 0.6337890625
10 0.890625 0.6005859375 0.9287109375 0.6796875 0.9716796875 0.6894531265625 1 0.6806640625 0.9990234375 0.5683593734375 0.9404296875 0.55859375 0.89453125 0.5849609375 0.890625 0.6005859375
10 0.9091796875 0.7890625 0.9443359375 0.78515625 0.9765625 0.7490234375 0.9765625 0.7158203125 0.9599609375 0.69140625 0.9287109375 0.6855468734375 0.8857421875 0.7246093734375 0.9091796875 0.7890625
10 1 0.7568359375 0.9775390625 0.76171875 0.9550781265625 0.7880859375 0.9667968734375 0.8466796875 0.9990234375 0.8652343734375 1 0.7568359375
10 0.9384765625 0.7949218734375 0.9091796875 0.7910156265625 0.8984375 0.8037109375 0.8935546875 0.8457031265625 0.95703125 0.8564453125 0.9384765625 0.7949218734375
10 0.7675781265625 0.7998046875 0.7607421875 0.7441406265625 0.6699218734375 0.7529296875 0.6708984375 0.7675781265625 0.7236328125 0.7949218734375 0.7675781265625 0.7998046875
10 0.66796875 0.7548828125 0.6396484375 0.6875 0.5947265625 0.7167968734375 0.5947265625 0.7324218734375 0.6572265625 0.76171875 0.66796875 0.7548828125
10 0.4580078125 0.71484375 0.5009765625 0.73046875 0.5253906265625 0.7197265625 0.4482421875 0.6660156265625 0.42578125 0.6650390625 0.4296875 0.6923828125 0.4580078125 0.71484375
10 0.50390625 0.6240234375 0.4814453125 0.6035156265625 0.4277343734375 0.6279296875 0.4326171875 0.6425781265625 0.4873046875 0.6738281265625 0.50390625 0.6240234375
10 0.71484375 0.5615234375 0.7324218734375 0.6240234375 0.7724609375 0.6484375 0.8203125 0.5927734375 0.81640625 0.5732421875 0.7861328125 0.5371093734375 0.7294921875 0.5390625 0.71484375 0.5615234375
10 0.7128906265625 0.5458984375 0.6953125 0.5087890625 0.6708984375 0.4921875 0.6220703125 0.4921875 0.5878906265625 0.5166015625 0.5947265625 0.5605468734375 0.7128906265625 0.5458984375
10 0.5849609375 0.5175781265625 0.62109375 0.4912109375 0.6191406265625 0.4619140625 0.5869140625 0.4296875 0.5488281265625 0.4287109375 0.5390625 0.4912109375 0.5849609375 0.5175781265625
10 0.69140625 0.4833984375 0.6894531265625 0.4990234375 0.7197265625 0.5390625 0.8037109375 0.5371093734375 0.8378906265625 0.4931640625 0.8359375 0.4677734375 0.7978515625 0.44140625 0.7197265625 0.4511718734375 0.69140625 0.4833984375
10 0.84375 0.4951171875 0.8105468734375 0.5458984375 0.8183593734375 0.5732421875 0.8310546875 0.5878906265625 0.8857421875 0.58984375 0.9238281265625 0.5498046875 0.92578125 0.5068359375 0.9091796875 0.4863281265625 0.84375 0.4951171875
10 0.9931640625 0.51953125 0.9521484375 0.5058593734375 0.9316406265625 0.5166015625 0.9306640625 0.5566406265625 1 0.5556640625 0.9931640625 0.51953125
10 0.8349609375 0.3730468734375 0.8183593734375 0.4033203125 0.8261718734375 0.4521484375 0.8623046875 0.48046875 0.9111328125 0.48046875 0.9433593734375 0.4580078125 0.9433593734375 0.3994140625 0.9130859375 0.3730468734375 0.8642578125 0.3613281265625 0.8349609375 0.3730468734375
10 0.9453125 0.4033203125 0.9355468734375 0.4794921875 0.9990234375 0.515625 1 0.3974609375 0.9453125 0.4033203125
10 0.69140625 0.3857421875 0.6894531265625 0.4345703125 0.7041015625 0.4511718734375 0.7841796875 0.4375 0.8066406265625 0.4111328125 0.8066406265625 0.3740234375 0.7763671875 0.34375 0.7509765625 0.34375 0.69140625 0.3857421875
10 0.68359375 0.4755859375 0.6875 0.4169921875 0.6650390625 0.3925781265625 0.6279296875 0.3984375 0.59765625 0.4208984375 0.6279296875 0.4863281265625 0.68359375 0.4755859375
10 0.5126953125 0.3574218734375 0.4814453125 0.35546875 0.4589843734375 0.3720703125 0.4501953125 0.4042968734375 0.51953125 0.3955078125 0.5126953125 0.3574218734375
10 0.4208984375 0.4238281265625 0.4433593734375 0.4072265625 0.4628906265625 0.3583984375 0.4560546875 0.3222656265625 0.4140625 0.3173828125 0.3769531265625 0.3779296875 0.4208984375 0.4238281265625
10 0.2753906265625 0.3154296875 0.2753906265625 0.3349609375 0.3193359375 0.3769531265625 0.3876953125 0.3652343734375 0.4140625 0.3212890625 0.3984375 0.2822265625 0.3759765625 0.26953125 0.3291015625 0.2753906265625 0.2753906265625 0.3154296875
10 0.1621093734375 0.2822265625 0.1582031265625 0.3330078125 0.1865234375 0.3535156265625 0.2607421875 0.3339843734375 0.2714843734375 0.3193359375 0.2675781265625 0.2783203125 0.2392578125 0.2558593734375 0.1962890625 0.2558593734375 0.1621093734375 0.2822265625
10 0.1728515625 0.4355468734375 0.1865234375 0.44140625 0.2050781265625 0.4248046875 0.1806640625 0.3613281265625 0.1318359375 0.3652343734375 0.125 0.3798828125 0.1728515625 0.4355468734375
10 0.08789062656249999 0.3232421875 0.10546875 0.3525390625 0.1201171875 0.3652343734375 0.1474609375 0.35546875 0.1660156265625 0.2646484375 0.1123046875 0.2558593734375 0.08984375 0.2841796875 0.08789062656249999 0.3232421875
10 0.34765625 0.5283203125 0.3115234375 0.5 0.2724609375 0.5175781265625 0.2958984375 0.5449218734375 0.34765625 0.5478515625 0.34765625 0.5283203125
10 0.06445312656249999 0.2744140625 0.06640625 0.3154296875 0.0849609375 0.3222656265625 0.09765625 0.2646484375 0.06445312656249999 0.2744140625
10 0 0.1611328125 0.0341796875 0.17578125 0.0615234375 0.1660156265625 0.07421875 0.1455078125 0.06640625 0.0947265625 0.0322265625 0.07226562656249999 0.0009765625 0.08203125 0 0.1611328125
10 0.1220703125 0.171875 0.1542968734375 0.1240234375 0.1503906265625 0.0947265625 0.1103515625 0.06835937343750001 0.07421875 0.0888671875 0.078125 0.1552734375 0.1220703125 0.171875
10 0.1943359375 0.2109375 0.22265625 0.1728515625 0.2167968734375 0.1455078125 0.1728515625 0.11328125 0.12890625 0.1630859375 0.1318359375 0.18359375 0.1943359375 0.2109375
10 0.0986328125 0.2578125 0.1650390625 0.2578125 0.1875 0.2177734375 0.1748046875 0.19921875 0.1337890625 0.18359375 0.0986328125 0.1933593734375 0.0859375 0.2138671875 0.0986328125 0.2578125
10 0.1738281265625 0.2333984375 0.1708984375 0.265625 0.234375 0.2509765625 0.2158203125 0.2109375 0.1738281265625 0.2333984375
10 0.27734375 0.1787109375 0.2392578125 0.1640625 0.2109375 0.1962890625 0.2089843734375 0.2138671875 0.2294921875 0.23046875 0.27734375 0.1787109375
10 0.0908203125 0.1875 0.0537109375 0.1875 0.0390625 0.2119140625 0.0595703125 0.2753906265625 0.09375 0.2568359375 0.0908203125 0.1875
10 0.2900390625 0.1855468734375 0.3115234375 0.1855468734375 0.33203125 0.1103515625 0.2841796875 0.09570312656249999 0.2597656265625 0.1123046875 0.26171875 0.1611328125 0.2900390625 0.1855468734375
10 0.171875 0.0712890625 0.1699218734375 0.1044921875 0.1826171875 0.12109375 0.2158203125 0.1347656265625 0.24609375 0.1181640625 0.2519531265625 0.0673828125 0.2236328125 0.017578126562499997 0.19140625 0.0341796875 0.171875 0.0712890625
10 0.1005859375 0.06835937343750001 0.1513671875 0.09179687343750001 0.16796875 0.0849609375 0.18359375 0.0458984375 0.1708984375 0.0234375 0.1435546875 0.01171875 0.08398437343750001 0.0322265625 0.1005859375 0.06835937343750001
10 0 0.0791015625 0.0673828125 0.09179687343750001 0.09570312656249999 0.0673828125 0.0859375 0.0166015625 0.0634765625 0 0.02734375 0.0166015625 0 0.0458984375 0 0.0791015625
10 0.1611328125 0 0.1845703125 0.03515625 0.2128906265625 0.0107421875 0.2099609375 0 0.1611328125 0
10 0.56640625 0.2939453125 0.5625 0.3037109375 0.6357421875 0.390625 0.6650390625 0.390625 0.6875 0.3642578125 0.6953125 0.3134765625 0.6826171875 0.2910156265625 0.6005859375 0.2753906265625 0.56640625 0.2939453125
10 0.5595703125 0.2949218734375 0.640625 0.2744140625 0.5654296875 0.2324218734375 0.5498046875 0.23046875 0.54296875 0.2451171875 0.5410156265625 0.2724609375 0.5595703125 0.2949218734375
10 0.6894531265625 0.3623046875 0.6884765625 0.3886718734375 0.75390625 0.3427734375 0.7158203125 0.3339843734375 0.6894531265625 0.3623046875
10 0.7353515625 0.3105468734375 0.734375 0.3310546875 0.8115234375 0.41015625 0.8457031265625 0.3564453125 0.7353515625 0.3105468734375
10 0.8916015625 0.09179687343750001 0.8955078125 0.10742187343750001 1 0.1279296875 0.9736328125 0.07421875 0.8916015625 0.09179687343750001
10 0.828125 0.1572265625 0.8300781265625 0.2158203125 0.8623046875 0.2480468734375 0.9384765625 0.2421875 1 0.1982421875 0.9990234375 0.1484375 0.9189453125 0.1269531265625 0.8564453125 0.11523437343750001 0.828125 0.1572265625
10 0.8105468734375 0.0693359375 0.8134765625 0.0859375 0.8496093734375 0.0927734375 0.8388671875 0.044921873437499996 0.8105468734375 0.0693359375
10 0.703125 0.0927734375 0.7128906265625 0.1767578125 0.7548828125 0.1953125 0.7978515625 0.1875 0.8496093734375 0.1181640625 0.8251953125 0.09960937343750001 0.7431640625 0.08007812656249999 0.7138671875 0.078125 0.703125 0.0927734375
10 0.6103515625 0 0.6220703125 0.021484373437500003 0.7880859375 0.07617187343750001 0.8408203125 0.04296875 0.8535156265625 0.0107421875 0.8525390625 0 0.6103515625 0
10 0.9609375 0.0400390625 0.9169921875 0.015625 0.8574218734375 0.0615234375 0.8642578125 0.09765625 0.9765625 0.0751953125 0.9609375 0.0400390625