10 0.3779296875 0.1855468734375 0.2802734375 0.1933593734375 0.2490234375 0.2109375 0.2167968734375 0.2568359375 0.23046875 0.3525390625 0.2900390625 0.4003906265625 0.3720703125 0.4042968734375 0.4248046875 0.375 0.4550781265625 0.3291015625 0.4433593734375 0.2412109375 0.4130859375 0.2011718734375 0.3779296875 0.1855468734375
10 0.4560546875 0.3535156265625 0.5380859375 0.3359375 0.6035156265625 0.2705078125 0.6074218734375 0.1904296875 0.5537109375 0.1347656265625 0.4716796875 0.1347656265625 0.4121093734375 0.1845703125 0.4560546875 0.3535156265625
10 0.7080078125 0.16015625 0.6591796875 0.1640625 0.6113281265625 0.1962890625 0.5761718734375 0.3330078125 0.6025390625 0.359375 0.6376953125 0.3671875 0.7402343734375 0.3115234375 0.7597656265625 0.2822265625 0.76953125 0.2197265625 0.7431640625 0.1796875 0.7080078125 0.16015625
10 0.7880859375 0.3574218734375 0.8417968734375 0.3134765625 0.84765625 0.2509765625 0.8056640625 0.2011718734375 0.7636718734375 0.1982421875 0.7363281265625 0.3291015625 0.7880859375 0.3574218734375
10 0.875 0.2353515625 0.8574218734375 0.2724609375 0.8574218734375 0.3505859375 0.8935546875 0.390625 0.9482421875 0.3886718734375 1 0.3369140625 0.9912109375 0.20703125 0.9384765625 0.19921875 0.9091796875 0.2109375 0.875 0.2353515625
10 0.9013671875 0.5878906265625 1 0.6220703125 0.9990234375 0.46875 0.9287109375 0.46875 0.87890625 0.5087890625 0.8808593734375 0.5478515625 0.9013671875 0.5878906265625
10 0.8427734375 0.6425781265625 0.7841796875 0.671875 0.7519531265625 0.7216796875 0.7597656265625 0.7998046875 0.7998046875 0.828125 0.8603515625 0.8339843734375 0.97265625 0.7705078125 0.9785156265625 0.6962890625 0.96484375 0.6669921875 0.9287109375 0.6425781265625 0.8427734375 0.6425781265625
10 1 0.6357421875 0.9384765625 0.5957031265625 0.8779296875 0.5957031265625 0.83203125 0.6318359375 0.8310546875 0.6425781265625 0.9833984375 0.7050781265625 1 0.6806640625 1 0.6357421875
10 0.80078125 0.5400390625 0.7392578125 0.5097656265625 0.6396484375 0.5136718734375 0.5996093734375 0.5634765625 0.5996093734375 0.6103515625 0.62890625 0.6611328125 0.6943359375 0.68359375 0.7880859375 0.66796875 0.8183593734375 0.6396484375 0.8261718734375 0.6123046875 0.82421875 0.5791015625 0.80078125 0.5400390625
10 0.8310546875 0.6269531265625 0.875 0.5927734375 0.87890625 0.5458984375 0.8486328125 0.4980468734375 0.8105468734375 0.4931640625 0.79296875 0.5302734375 0.8310546875 0.6269531265625
10 0.6474609375 0.37890625 0.63671875 0.3974609375 0.6787109375 0.4921875 0.7626953125 0.5097656265625 0.8183593734375 0.4814453125 0.82421875 0.4404296875 0.7705078125 0.3496093734375 0.7314453125 0.3359375 0.6474609375 0.37890625
10 0.7871093734375 0.3662109375 0.8203125 0.4814453125 0.8505859375 0.4941406265625 0.8925781265625 0.4482421875 0.89453125 0.4091796875 0.8466796875 0.3535156265625 0.7958984375 0.3574218734375 0.7871093734375 0.3662109375
10 0.91796875 0.4697265625 0.8955078125 0.4472656265625 0.8769531265625 0.4619140625 0.8515625 0.4951171875 0.8701171875 0.515625 0.91796875 0.4697265625
10 0.66796875 0.7119140625 0.6660156265625 0.7275390625 0.7353515625 0.8203125 0.76171875 0.6904296875 0.66796875 0.7119140625
10 0.6162109375 0.7734375 0.7001953125 0.8125 0.72265625 0.8076171875 0.71484375 0.7705078125 0.6669921875 0.734375 0.6318359375 0.73046875 0.6152343734375 0.7626953125 0.6162109375 0.7734375
10 0.4443359375 0.6113281265625 0.4199218734375 0.6337890625 0.4589843734375 0.7470703125 0.4873046875 0.77734375 0.5810546875 0.78515625 0.6152343734375 0.7607421875 0.62890625 0.7236328125 0.625 0.6748046875 0.5712890625 0.5996093734375 0.4443359375 0.6113281265625
10 0.6298828125 0.67578125 0.62890625 0.7236328125 0.6513671875 0.73046875 0.6621093734375 0.6982421875 0.6298828125 0.67578125
10 0.4853515625 0.3847656265625 0.4052734375 0.38671875 0.375 0.4091796875 0.3574218734375 0.4462890625 0.3515625 0.4990234375 0.3652343734375 0.5341796875 0.4404296875 0.58984375 0.5478515625 0.5996093734375 0.6113281265625 0.5419921875 0.61328125 0.4990234375 0.5917968734375 0.4423828125 0.4853515625 0.3847656265625
10 0.6582031265625 0.4990234375 0.6542968734375 0.4287109375 0.5888671875 0.3515625 0.5595703125 0.34375 0.4873046875 0.37890625 0.6181640625 0.5097656265625 0.6582031265625 0.4990234375
10 0.2529296875 0.4511718734375 0.1650390625 0.4785156265625 0.11914062656249999 0.5322265625 0.1875 0.6767578125 0.2119140625 0.6875 0.2314453125 0.6875 0.3349609375 0.6269531265625 0.3652343734375 0.5673828125 0.3457031265625 0.4990234375 0.3173828125 0.4707031265625 0.2529296875 0.4511718734375
10 0.3037109375 0.6464843734375 0.2324218734375 0.7158203125 0.2480468734375 0.8564453125 0.3017578125 0.91015625 0.3691406265625 0.8759765625 0.42578125 0.7998046875 0.4511718734375 0.7353515625 0.43359375 0.6650390625 0.3564453125 0.6328125 0.3037109375 0.6464843734375
10 0.5048828125 0.7792968734375 0.4287109375 0.8027343734375 0.390625 0.8505859375 0.3808593734375 0.8701171875 0.38671875 0.9248046875 0.4365234375 0.98046875 0.5322265625 0.9902343734375 0.6171875 0.9443359375 0.6191406265625 0.8447265625 0.5654296875 0.78125 0.5048828125 0.7792968734375
10 0.0693359375 0.96484375 0.08398437343750001 0.9541015625 0.09960937343750001 0.8974609375 0.06835937343750001 0.7119140625 0.0009765625 0.70703125 0 0.9677734375 0.0693359375 0.96484375
10 0.0087890625 0.6894531265625 0.04296875 0.6552734375 0.048828126562500004 0.6201171875 0.03125 0.5029296875 0.0009765625 0.4589843734375 0 0.6884765625 0.0087890625 0.6894531265625
10 0.1767578125 0.2753906265625 0.1005859375 0.2714843734375 0.0517578125 0.29296875 0.033203126562500004 0.3193359375 0.0390625 0.3876953125 0.07617187343750001 0.4755859375 0.1044921875 0.5058593734375 0.1298828125 0.5078125 0.24609375 0.4443359375 0.2441406265625 0.3837890625 0.2109375 0.3056640625 0.1767578125 0.2753906265625
10 0.0380859375 0.0058593734375 0.0009765625 0.0078125 0 0.2724609375 0.0712890625 0.2753906265625 0.1347656265625 0.2353515625 0.1464843734375 0.2021484375 0.1386718734375 0.1435546875 0.109375 0.0654296875 0.0810546875 0.03125 0.0380859375 0.0058593734375
10 0.2470703125 0 0.20703125 0.0419921875 0.2011718734375 0.1240234375 0.2392578125 0.19921875 0.4042968734375 0.1845703125 0.421875 0.1298828125 0.3662109375 0.02734375 0.3115234375 0 0.2470703125 0
10 0.1542968734375 0.2021484375 0.1826171875 0.23046875 0.2216796875 0.2246093734375 0.23046875 0.1962890625 0.2167968734375 0.0126953125 0.1708984375 0.0136718734375 0.1308593734375 0.0908203125 0.1542968734375 0.2021484375
10 0.3818359375 0 0.3847656265625 0.0380859375 0.4306640625 0.12109375 0.4560546875 0.13671875 0.5859375 0.1474609375 0.6015625 0.0458984375 0.5927734375 0 0.3818359375 0
10 0.5996093734375 0.0537109375 0.5917968734375 0.1142578125 0.6064453125 0.1464843734375 0.7587890625 0.1894531265625 0.7792968734375 0.1767578125 0.7910156265625 0.1044921875 0.7333984375 0.033203126562500004 0.6611328125 0.0136718734375 0.5996093734375 0.0537109375
10 0.8857421875 0.05859375 0.7910156265625 0.0947265625 0.7832031265625 0.1845703125 0.8388671875 0.2207031265625 0.8857421875 0.21875 0.9443359375 0.1953125 0.9589843734375 0.1767578125 0.96484375 0.1435546875 0.9433593734375 0.0986328125 0.8857421875 0.05859375