11 0.2578125 0.4189453125 0.2412109375 0.40234375 0.2236328125 0.39453125 0.1806640625 0.3984375 0.1640625 0.4111328125 0.15625 0.4267578125 0.150390625 0.4638671875 0.15625 0.5048828125 0.1640625 0.5263671875 0.1845703125 0.544921875 0.23046875 0.5595703125 0.2626953125 0.53515625 0.279296875 0.5126953125 0.279296875 0.4599609375 0.2578125 0.4189453125
11 0.2802734375 0.35546875 0.2490234375 0.361328125 0.23046875 0.3798828125 0.2265625 0.3935546875 0.2578125 0.4169921875 0.2880859375 0.4765625 0.310546875 0.4755859375 0.337890625 0.4501953125 0.34375 0.3857421875 0.2958984375 0.359375 0.2802734375 0.35546875
11 0.447265625 0.4052734375 0.4248046875 0.3828125 0.4111328125 0.375 0.3896484375 0.375 0.3662109375 0.38671875 0.349609375 0.4033203125 0.34375 0.4462890625 0.353515625 0.4697265625 0.3701171875 0.484375 0.3916015625 0.49609375 0.4140625 0.4951171875 0.427734375 0.4853515625 0.453125 0.4501953125 0.455078125 0.4267578125 0.447265625 0.4052734375
11 0.39453125 0.5205078125 0.3828125 0.4990234375 0.3642578125 0.482421875 0.3173828125 0.4765625 0.28515625 0.5009765625 0.265625 0.5458984375 0.271484375 0.5634765625 0.2919921875 0.58203125 0.3076171875 0.58984375 0.33984375 0.5888671875 0.3623046875 0.583984375 0.380859375 0.5673828125 0.392578125 0.5498046875 0.39453125 0.5205078125
11 0.416015625 0.6220703125 0.3974609375 0.599609375 0.3818359375 0.591796875 0.3525390625 0.587890625 0.3134765625 0.595703125 0.287109375 0.6240234375 0.2890625 0.6748046875 0.3134765625 0.69921875 0.357421875 0.7060546875 0.3779296875 0.703125 0.41015625 0.6787109375 0.41796875 0.6611328125 0.416015625 0.6220703125
11 0.28515625 0.6279296875 0.27734375 0.6142578125 0.2529296875 0.595703125 0.2021484375 0.595703125 0.1650390625 0.6171875 0.150390625 0.6396484375 0.15234375 0.6865234375 0.1826171875 0.708984375 0.216796875 0.7119140625 0.2353515625 0.708984375 0.2705078125 0.6875 0.28515625 0.6650390625 0.28515625 0.6279296875
11 0.1259765625 0.607421875 0.0966796875 0.6015625 0.0615234375 0.60546875 0.0234375 0.6357421875 0.009765625 0.6611328125 0.009765625 0.6943359375 0.01953125 0.7099609375 0.0439453125 0.728515625 0.080078125 0.7314453125 0.1181640625 0.712890625 0.142578125 0.6787109375 0.14453125 0.6376953125 0.1259765625 0.607421875
11 0 0.6044921875 0.013671875 0.6044921875 0.0341796875 0.595703125 0.0546875 0.5732421875 0.07421875 0.5224609375 0.0703125 0.4892578125 0.0478515625 0.4609375 0.0263671875 0.451171875 0 0.4541015625 0 0.6044921875
11 0.1357421875 0.37109375 0.0908203125 0.375 0.06640625 0.3955078125 0.052734375 0.4169921875 0.05078125 0.4580078125 0.060546875 0.4736328125 0.0888671875 0.49609375 0.130859375 0.4970703125 0.150390625 0.4853515625 0.15234375 0.4345703125 0.171875 0.3974609375 0.1357421875 0.37109375
11 0.5068359375 0.6015625 0.4853515625 0.591796875 0.4501953125 0.59765625 0.4326171875 0.607421875 0.421875 0.6220703125 0.423828125 0.6708984375 0.4521484375 0.69921875 0.4921875 0.7001953125 0.5234375 0.6826171875 0.537109375 0.6513671875 0.529296875 0.6259765625 0.5068359375 0.6015625
11 0.7109375 0.6533203125 0.6591796875 0.6171875 0.5869140625 0.6328125 0.57421875 0.6572265625 0.578125 0.6904296875 0.6044921875 0.716796875 0.6513671875 0.740234375 0.66015625 0.7392578125 0.6962890625 0.732421875 0.7109375 0.7216796875 0.71875 0.6943359375 0.7109375 0.6533203125
11 0.533203125 0.5322265625 0.525390625 0.4814453125 0.513671875 0.4619140625 0.4931640625 0.4453125 0.4560546875 0.44921875 0.4296875 0.4833984375 0.41796875 0.5146484375 0.416015625 0.5478515625 0.421875 0.5595703125 0.44140625 0.5751953125 0.4462890625 0.587890625 0.458984375 0.5908203125 0.4814453125 0.5859375 0.5087890625 0.5703125 0.529296875 0.5458984375 0.533203125 0.5322265625
11 0.2490234375 0.263671875 0.2236328125 0.25390625 0.2099609375 0.240234375 0.1962890625 0.23828125 0.1728515625 0.248046875 0.146484375 0.2724609375 0.134765625 0.3056640625 0.1328125 0.3466796875 0.140625 0.3662109375 0.1591796875 0.3828125 0.1787109375 0.390625 0.20703125 0.3916015625 0.2216796875 0.38671875 0.255859375 0.3466796875 0.259765625 0.2939453125 0.2490234375 0.263671875
11 0.20703125 0.1865234375 0.1982421875 0.1796875 0.1513671875 0.169921875 0.0869140625 0.1640625 0.078125 0.1748046875 0.076171875 0.2314453125 0.099609375 0.2783203125 0.1103515625 0.28515625 0.12890625 0.2841796875 0.1767578125 0.2421875 0.19921875 0.2333984375 0.208984375 0.2099609375 0.20703125 0.1865234375
11 0.0009765625 0.154296875 0 0.2626953125 0.01953125 0.2646484375 0.07421875 0.2392578125 0.07421875 0.1845703125 0.0615234375 0.169921875 0.0009765625 0.154296875
11 0.048828125 0.3193359375 0.0244140625 0.298828125 0.0009765625 0.291015625 0 0.3662109375 0.0224609375 0.396484375 0.03125 0.3955078125 0.056640625 0.3759765625 0.0625 0.3564453125 0.05078125 0.3369140625 0.048828125 0.3193359375
11 0.3818359375 0.203125 0.3232421875 0.193359375 0.306640625 0.2041015625 0.291015625 0.2294921875 0.291015625 0.2666015625 0.302734375 0.2978515625 0.3154296875 0.310546875 0.3330078125 0.3203125 0.359375 0.3212890625 0.3837890625 0.310546875 0.400390625 0.2880859375 0.40234375 0.2333984375 0.3818359375 0.203125
11 0.5224609375 0.298828125 0.4853515625 0.298828125 0.4716796875 0.3046875 0.447265625 0.3447265625 0.447265625 0.3994140625 0.4697265625 0.439453125 0.494140625 0.4404296875 0.537109375 0.4111328125 0.55078125 0.3818359375 0.552734375 0.3291015625 0.5224609375 0.298828125
11 0.5302734375 0.431640625 0.5068359375 0.435546875 0.498046875 0.4462890625 0.513671875 0.4599609375 0.529296875 0.4912109375 0.53125 0.5478515625 0.55078125 0.5498046875 0.59375 0.5146484375 0.59375 0.4833984375 0.5576171875 0.44140625 0.5302734375 0.431640625
11 0.689453125 0.5224609375 0.6826171875 0.515625 0.6416015625 0.505859375 0.6181640625 0.5078125 0.5810546875 0.529296875 0.5625 0.5498046875 0.55078125 0.5849609375 0.556640625 0.6103515625 0.5673828125 0.619140625 0.5947265625 0.625 0.62109375 0.6240234375 0.6474609375 0.6171875 0.6796875 0.5888671875 0.689453125 0.5380859375 0.689453125 0.5224609375
11 0.671875 0.3623046875 0.6640625 0.3447265625 0.6396484375 0.326171875 0.5810546875 0.32421875 0.556640625 0.3544921875 0.544921875 0.4150390625 0.5556640625 0.4375 0.607421875 0.4697265625 0.65234375 0.4306640625 0.650390625 0.4208984375 0.671875 0.3896484375 0.671875 0.3623046875
11 0.7216796875 0.443359375 0.7021484375 0.431640625 0.6689453125 0.431640625 0.619140625 0.4580078125 0.607421875 0.4853515625 0.6083984375 0.501953125 0.6767578125 0.51171875 0.6923828125 0.52734375 0.701171875 0.5263671875 0.7216796875 0.521484375 0.734375 0.5009765625 0.732421875 0.4580078125 0.7216796875 0.443359375
11 0.1728515625 0.5390625 0.1474609375 0.494140625 0.1318359375 0.501953125 0.09375 0.5458984375 0.08984375 0.5810546875 0.1103515625 0.6015625 0.1298828125 0.607421875 0.1396484375 0.6171875 0.150390625 0.6162109375 0.2060546875 0.59375 0.234375 0.5634765625 0.2158203125 0.560546875 0.1728515625 0.5390625
11 0.35546875 0.7490234375 0.3447265625 0.712890625 0.2783203125 0.68359375 0.2255859375 0.71484375 0.22265625 0.7353515625 0.23828125 0.7705078125 0.2666015625 0.796875 0.28515625 0.8037109375 0.3173828125 0.794921875 0.3427734375 0.779296875 0.353515625 0.7666015625 0.35546875 0.7490234375
11 0.21875 0.7294921875 0.2041015625 0.71484375 0.1669921875 0.703125 0.1494140625 0.703125 0.1259765625 0.71484375 0.109375 0.7333984375 0.099609375 0.7607421875 0.099609375 0.7822265625 0.11328125 0.8134765625 0.1298828125 0.826171875 0.158203125 0.8291015625 0.1826171875 0.822265625 0.2119140625 0.798828125 0.224609375 0.7646484375 0.21875 0.7294921875
11 0.2451171875 0.80078125 0.2158203125 0.796875 0.1845703125 0.822265625 0.1533203125 0.83203125 0.140625 0.8544921875 0.146484375 0.8994140625 0.1708984375 0.916015625 0.201171875 0.9150390625 0.2529296875 0.890625 0.267578125 0.8662109375 0.26953125 0.8271484375 0.2451171875 0.80078125
11 0 0.8291015625 0.0185546875 0.841796875 0.05859375 0.8486328125 0.099609375 0.8056640625 0.09765625 0.7373046875 0.0908203125 0.732421875 0.0595703125 0.734375 0.0107421875 0.720703125 0 0.7275390625 0 0.8291015625
11 0.443359375 0.8271484375 0.4375 0.8173828125 0.4208984375 0.796875 0.3935546875 0.78515625 0.3798828125 0.78515625 0.3486328125 0.802734375 0.333984375 0.8173828125 0.32421875 0.8427734375 0.326171875 0.8740234375 0.337890625 0.8955078125 0.3642578125 0.908203125 0.38671875 0.9072265625 0.4150390625 0.896484375 0.435546875 0.8759765625 0.443359375 0.8564453125 0.443359375 0.8271484375
11 0.5927734375 0.712890625 0.583984375 0.7353515625 0.5546875 0.7646484375 0.5693359375 0.78515625 0.583984375 0.7841796875 0.6064453125 0.775390625 0.626953125 0.7470703125 0.625 0.7294921875 0.5927734375 0.712890625
11 0.88671875 0.5185546875 0.8701171875 0.501953125 0.8310546875 0.49609375 0.787109375 0.5244140625 0.7734375 0.5615234375 0.8076171875 0.572265625 0.8330078125 0.58984375 0.85546875 0.5888671875 0.884765625 0.5712890625 0.892578125 0.5537109375 0.892578125 0.5341796875 0.88671875 0.5185546875
11 0.857421875 0.4423828125 0.8056640625 0.419921875 0.7763671875 0.4140625 0.7626953125 0.4140625 0.7333984375 0.431640625 0.7265625 0.4404296875 0.734375 0.4619140625 0.732421875 0.5185546875 0.7451171875 0.525390625 0.759765625 0.5244140625 0.7822265625 0.51953125 0.8271484375 0.49609375 0.849609375 0.4677734375 0.857421875 0.4423828125
11 0.7412109375 0.330078125 0.7138671875 0.34375 0.68359375 0.3720703125 0.677734375 0.3876953125 0.6796875 0.4072265625 0.7021484375 0.4296875 0.7265625 0.4345703125 0.755859375 0.4150390625 0.76171875 0.3935546875 0.759765625 0.3583984375 0.7412109375 0.330078125
11 0.640625 0.2373046875 0.6259765625 0.224609375 0.5927734375 0.212890625 0.5732421875 0.212890625 0.5556640625 0.220703125 0.5390625 0.2548828125 0.54296875 0.2978515625 0.5654296875 0.32421875 0.58203125 0.3232421875 0.6220703125 0.318359375 0.63671875 0.2998046875 0.64453125 0.2705078125 0.640625 0.2373046875
11 0.7421875 0.2626953125 0.732421875 0.2392578125 0.7177734375 0.2265625 0.6708984375 0.228515625 0.646484375 0.2666015625 0.64453125 0.3193359375 0.6796875 0.3505859375 0.7099609375 0.345703125 0.7294921875 0.333984375 0.740234375 0.3193359375 0.7421875 0.2626953125
11 0.8642578125 0.32421875 0.8271484375 0.3203125 0.80859375 0.3583984375 0.80859375 0.3955078125 0.8271484375 0.416015625 0.8525390625 0.431640625 0.88671875 0.4306640625 0.91015625 0.3955078125 0.91015625 0.3662109375 0.8916015625 0.34375 0.8642578125 0.32421875
11 1 0.4267578125 0.9501953125 0.4296875 0.939453125 0.4521484375 0.939453125 0.4794921875 0.947265625 0.5009765625 0.9794921875 0.521484375 1 0.5224609375 1 0.4267578125
11 0.9033203125 0.568359375 0.88671875 0.5810546875 0.873046875 0.6025390625 0.873046875 0.6123046875 0.8994140625 0.640625 0.91796875 0.6455078125 0.9443359375 0.63671875 0.958984375 0.6142578125 0.9111328125 0.568359375 0.9033203125 0.568359375
11 0.83203125 0.5908203125 0.8037109375 0.572265625 0.7783203125 0.56640625 0.7626953125 0.56640625 0.7373046875 0.578125 0.72265625 0.5986328125 0.72265625 0.6240234375 0.73046875 0.6455078125 0.7666015625 0.66796875 0.802734375 0.6689453125 0.8193359375 0.662109375 0.837890625 0.6416015625 0.841796875 0.6240234375 0.83203125 0.5908203125
11 0.857421875 0.7041015625 0.8310546875 0.677734375 0.7919921875 0.67578125 0.787109375 0.7138671875 0.7734375 0.7431640625 0.8076171875 0.771484375 0.8359375 0.7724609375 0.8583984375 0.76171875 0.86328125 0.7529296875 0.865234375 0.7275390625 0.857421875 0.7041015625
11 0.7890625 0.6767578125 0.7236328125 0.658203125 0.71875 0.6611328125 0.72265625 0.7021484375 0.708984375 0.7314453125 0.72265625 0.7529296875 0.734375 0.7568359375 0.7509765625 0.75390625 0.77734375 0.7314453125 0.787109375 0.7119140625 0.7890625 0.6767578125
11 0.6435546875 0.7421875 0.634765625 0.7490234375 0.6328125 0.7626953125 0.6513671875 0.787109375 0.6728515625 0.798828125 0.69921875 0.7998046875 0.736328125 0.7900390625 0.736328125 0.7705078125 0.7001953125 0.732421875 0.6435546875 0.7421875
11 0.5537109375 0.7734375 0.5166015625 0.78125 0.4892578125 0.767578125 0.47265625 0.7919921875 0.470703125 0.8193359375 0.4990234375 0.85546875 0.5107421875 0.865234375 0.525390625 0.8662109375 0.568359375 0.8466796875 0.576171875 0.8291015625 0.5703125 0.7900390625 0.5537109375 0.7734375
11 0.4609375 0.7431640625 0.3916015625 0.74609375 0.380859375 0.7802734375 0.4189453125 0.794921875 0.44921875 0.8271484375 0.462890625 0.8134765625 0.47265625 0.7861328125 0.470703125 0.7626953125 0.4609375 0.7431640625
11 0.3759765625 0.318359375 0.3369140625 0.322265625 0.3076171875 0.30859375 0.2998046875 0.310546875 0.28515625 0.3310546875 0.283203125 0.3525390625 0.3369140625 0.376953125 0.349609375 0.3994140625 0.3701171875 0.3828125 0.400390625 0.3701171875 0.392578125 0.3408203125 0.3759765625 0.318359375
11 0.2607421875 0.208984375 0.2275390625 0.20703125 0.212890625 0.2177734375 0.205078125 0.2373046875 0.2236328125 0.25390625 0.25390625 0.2685546875 0.259765625 0.2919921875 0.2578125 0.3447265625 0.2734375 0.3447265625 0.298828125 0.3017578125 0.287109375 0.2685546875 0.28515625 0.2294921875 0.2607421875 0.208984375
11 0.0869140625 0.283203125 0.068359375 0.2958984375 0.05078125 0.3212890625 0.072265625 0.3662109375 0.08984375 0.3740234375 0.134765625 0.3642578125 0.130859375 0.3232421875 0.1357421875 0.287109375 0.0869140625 0.283203125
11 0.076171875 0.8310546875 0.0703125 0.8466796875 0.0908203125 0.8671875 0.119140625 0.8701171875 0.13671875 0.8642578125 0.146484375 0.8349609375 0.1005859375 0.810546875 0.076171875 0.8310546875
11 0.3828125 0.7685546875 0.3779296875 0.75390625 0.3583984375 0.751953125 0.349609375 0.7744140625 0.3134765625 0.796875 0.2880859375 0.8046875 0.2626953125 0.80078125 0.2578125 0.8056640625 0.2744140625 0.84375 0.310546875 0.8466796875 0.32421875 0.8369140625 0.3359375 0.8134765625 0.376953125 0.7802734375 0.3828125 0.7685546875
11 0.9716796875 0.705078125 0.9287109375 0.6953125 0.87109375 0.7197265625 0.888671875 0.7470703125 0.9130859375 0.765625 0.9267578125 0.771484375 0.95703125 0.7705078125 0.9765625 0.7607421875 0.982421875 0.7392578125 0.982421875 0.7197265625 0.9716796875 0.705078125
11 0.9345703125 0.265625 0.8876953125 0.267578125 0.865234375 0.2822265625 0.859375 0.2958984375 0.861328125 0.3173828125 0.9169921875 0.3671875 0.92578125 0.3681640625 0.962890625 0.3349609375 0.962890625 0.2919921875 0.9541015625 0.27734375 0.9345703125 0.265625
11 1 0.3388671875 0.9814453125 0.337890625 0.9580078125 0.345703125 0.9306640625 0.3671875 0.923828125 0.3955078125 0.9296875 0.4150390625 0.947265625 0.4326171875 0.939453125 0.4521484375 0.9453125 0.4970703125 0.9794921875 0.521484375 1 0.5224609375 1 0.3388671875
11 0.8720703125 0.439453125 0.857421875 0.4521484375 0.837890625 0.4912109375 0.8681640625 0.5 0.8955078125 0.533203125 0.90234375 0.5322265625 0.939453125 0.5029296875 0.93359375 0.4619140625 0.9228515625 0.453125 0.8720703125 0.439453125
11 1 0.5263671875 0.9443359375 0.509765625 0.916015625 0.5341796875 0.912109375 0.5615234375 0.9306640625 0.58984375 0.9599609375 0.609375 0.97265625 0.6103515625 1 0.6044921875 1 0.5263671875
11 0.9375 0.6533203125 0.9375 0.6728515625 0.9501953125 0.69140625 0.9794921875 0.703125 0.9921875 0.7021484375 1 0.7001953125 0.9990234375 0.609375 0.9619140625 0.623046875 0.9375 0.6533203125
11 0.8994140625 0.6484375 0.8818359375 0.650390625 0.841796875 0.6767578125 0.861328125 0.7119140625 0.87109375 0.7177734375 0.8955078125 0.7109375 0.916015625 0.6865234375 0.9140625 0.6650390625 0.8994140625 0.6484375
11 1 0.7041015625 0.9931640625 0.703125 0.982421875 0.7138671875 0.9765625 0.7626953125 1 0.7685546875 1 0.7041015625
11 0.7099609375 0.525390625 0.69140625 0.5361328125 0.69921875 0.5615234375 0.69140625 0.5869140625 0.7041015625 0.59765625 0.720703125 0.5966796875 0.7333984375 0.578125 0.7578125 0.5634765625 0.7509765625 0.52734375 0.7099609375 0.525390625
11 0.6865234375 0.580078125 0.65234375 0.6142578125 0.68359375 0.6279296875 0.6865234375 0.580078125
11 0.4189453125 0.66796875 0.37890625 0.7041015625 0.37890625 0.7099609375 0.3955078125 0.73046875 0.4150390625 0.7421875 0.4375 0.7431640625 0.4697265625 0.73046875 0.4765625 0.7041015625 0.4443359375 0.6953125 0.4189453125 0.66796875
11 0.4482421875 0.251953125 0.4111328125 0.2578125 0.40234375 0.2900390625 0.384765625 0.3134765625 0.3955078125 0.341796875 0.4228515625 0.357421875 0.443359375 0.3564453125 0.453125 0.3251953125 0.486328125 0.2919921875 0.484375 0.2783203125 0.4482421875 0.251953125
11 0.0380859375 0.2578125 0.015625 0.2744140625 0.015625 0.2900390625 0.0439453125 0.3125 0.0546875 0.3134765625 0.0732421875 0.2890625 0.095703125 0.2783203125 0.0810546875 0.24609375 0.0380859375 0.2578125
11 0.001953125 0.8994140625 0.015625 0.8740234375 0.015625 0.8505859375 0.0029296875 0.833984375 0.001953125 0.8994140625
11 0.0009765625 0.369140625 0.00390625 0.4501953125 0.0224609375 0.4453125 0.03515625 0.4248046875 0.009765625 0.3759765625 0.0009765625 0.369140625
11 0.0478515625 0.392578125 0.03125 0.4052734375 0.03515625 0.4267578125 0.025390625 0.4462890625 0.046875 0.4521484375 0.052734375 0.4169921875 0.06640625 0.3974609375 0.0615234375 0.390625 0.0478515625 0.392578125
11 0.107421875 0.5263671875 0.1044921875 0.51953125 0.0830078125 0.517578125 0.07421875 0.5224609375 0.064453125 0.5556640625 0.0390625 0.5966796875 0.0439453125 0.60546875 0.056640625 0.6044921875 0.0830078125 0.599609375 0.08984375 0.5927734375 0.087890625 0.5634765625 0.107421875 0.5263671875
11 0.4951171875 0.212890625 0.466796875 0.2470703125 0.466796875 0.2568359375 0.4970703125 0.2890625 0.521484375 0.2939453125 0.53515625 0.2724609375 0.53515625 0.2392578125 0.5107421875 0.212890625 0.4951171875 0.212890625
11 0.552734375 0.5556640625 0.5283203125 0.552734375 0.484375 0.5888671875 0.52734375 0.6201171875 0.5380859375 0.646484375 0.548828125 0.6455078125 0.568359375 0.6240234375 0.5546875 0.6123046875 0.546875 0.5947265625 0.552734375 0.5556640625
11 0.4140625 0.5244140625 0.3994140625 0.521484375 0.39453125 0.5478515625 0.37109375 0.5849609375 0.4130859375 0.61328125 0.423828125 0.6123046875 0.44921875 0.5908203125 0.44140625 0.5751953125 0.41796875 0.5537109375 0.4140625 0.5244140625
11 0.3896484375 0.19921875 0.40625 0.2470703125 0.42578125 0.2490234375 0.4404296875 0.24609375 0.443359375 0.2392578125 0.439453125 0.2021484375 0.3896484375 0.19921875