1 0.3 0.62265625 0.2984375 0.59140625 0.2828125 0.55390625 0.23828125 0.5140625 0.19140625 0.4984375 0.16171875 0.4984375 0.12265625 0.5078125 0.06796875 0.5453125 0.00078125 0.534375 0 0.58828125 0.0234375 0.60390625 0.0140625 0.63828125 0.0140625 0.68203125 0.034375 0.72890625 0.06953125 0.7625 0.09921875 0.7765625 0.159375 0.78046875 0.23515625 0.7484375 0.2703125 0.71171875 0.2765625 0.66015625 0.3 0.62265625
1 0.49453125 0.7890625 0.525 0.76171875 0.5359375 0.71640625 0.5203125 0.66015625 0.48203125 0.603125 0.44296875 0.5859375 0.39140625 0.5859375 0.32734375 0.6109375 0.2890625 0.63984375 0.2765625 0.66953125 0.2796875 0.71640625 0.303125 0.75390625 0.34375 0.79765625 0.35 0.83359375 0.32578125 0.853125 0.2484375 0.86484375 0.2421875 0.87734375 0.2453125 0.89765625 0.26171875 0.909375 0.275 0.91015625 0.33203125 0.890625 0.36171875 0.871875 0.41953125 0.8078125 0.49453125 0.7890625
1 0.765625 0.61796875 0.765625 0.59296875 0.75625 0.56015625 0.7078125 0.50390625 0.70625 0.45546875 0.6984375 0.43984375 0.68515625 0.4328125 0.63828125 0.4421875 0.56484375 0.4859375 0.52890625 0.5 0.490625 0.53984375 0.4828125 0.56328125 0.4921875 0.60859375 0.53203125 0.678125 0.59765625 0.7140625 0.62421875 0.7203125 0.6625 0.71953125 0.69921875 0.709375 0.73203125 0.6859375 0.7578125 0.65078125 0.765625 0.61796875
1 1 0.46171875 0.96953125 0.4296875 0.94453125 0.4171875 0.91171875 0.4078125 0.86171875 0.40625 0.82890625 0.415625 0.80859375 0.440625 0.79453125 0.44375 0.76875 0.46953125 0.75625 0.50546875 0.7578125 0.54765625 0.771875 0.59296875 0.80078125 0.628125 0.85546875 0.65625 0.884375 0.65859375 0.92109375 0.65625 0.95390625 0.640625 1 0.60234375 1 0.46171875
1 0.921875 0.37265625 0.93125 0.36328125 0.93125 0.33359375 0.9171875 0.28984375 0.89453125 0.2671875 0.84140625 0.2453125 0.79921875 0.2375 0.77890625 0.2421875 0.7421875 0.26484375 0.7140625 0.32578125 0.7109375 0.36015625 0.7296875 0.42109375 0.74609375 0.4375 0.775 0.45234375 0.82890625 0.4109375 0.86015625 0.403125 0.9125 0.40390625 0.921875 0.37265625
1 0.70703125 0.453125 0.7109375 0.45078125 0.715625 0.39609375 0.7015625 0.34921875 0.6796875 0.31328125 0.64453125 0.290625 0.58203125 0.2734375 0.56171875 0.2734375 0.52265625 0.2828125 0.496875 0.30546875 0.5046875 0.36328125 0.484375 0.38671875 0.49375 0.43671875 0.52578125 0.4765625 0.5578125 0.48359375 0.65546875 0.4359375 0.69140625 0.4328125 0.703125 0.44140625 0.70703125 0.453125
1 0.48125 0.55078125 0.5125 0.50703125 0.5078125 0.47265625 0.47578125 0.4296875 0.43046875 0.4078125 0.36328125 0.403125 0.35625 0.41015625 0.35390625 0.4265625 0.33046875 0.40625 0.325 0.41171875 0.296875 0.46484375 0.284375 0.47578125 0.275 0.53359375 0.303125 0.59140625 0.328125 0.60703125 0.38828125 0.584375 0.42421875 0.578125 0.471875 0.58828125 0.48125 0.55078125
1 0.4859375 0.29296875 0.46328125 0.265625 0.42109375 0.2484375 0.39609375 0.25 0.36953125 0.2640625 0.340625 0.29765625 0.334375 0.31484375 0.334375 0.33984375 0.35 0.38046875 0.36796875 0.396875 0.409375 0.40390625 0.43046875 0.403125 0.46953125 0.3890625 0.5015625 0.36171875 0.4859375 0.29296875
1 0.275 0.39921875 0.29453125 0.384375 0.346875 0.38203125 0.3328125 0.33671875 0.334375 0.30390625 0.31796875 0.3 0.29140625 0.31875 0.27890625 0.3171875 0.25625 0.29140625 0.2375 0.22890625 0.23203125 0.2234375 0.20234375 0.2234375 0.1984375 0.25078125 0.203125 0.26484375 0.2546875 0.34296875 0.253125 0.42265625 0.2734375 0.46796875 0.28125 0.47265625 0.296875 0.46015625 0.303125 0.44140625 0.2796875 0.42890625 0.275 0.39921875
1 0.46875 0.19140625 0.44921875 0.1828125 0.42109375 0.184375 0.38828125 0.2015625 0.365625 0.22890625 0.3390625 0.28828125 0.33359375 0.2859375 0.3296875 0.29140625 0.33828125 0.296875 0.36328125 0.26875 0.39140625 0.2515625 0.42265625 0.2484375 0.46015625 0.2625 0.4953125 0.30078125 0.5078125 0.28671875 0.5078125 0.27734375 0.475 0.23671875 0.46875 0.19140625
1 0.6515625 0.19453125 0.65 0.17109375 0.640625 0.15078125 0.61953125 0.13125 0.58203125 0.115625 0.55703125 0.0875 0.53984375 0.09375 0.5296875 0.11640625 0.49375 0.14609375 0.4765625 0.16953125 0.46875 0.19296875 0.4703125 0.21953125 0.4875 0.25546875 0.51015625 0.2734375 0.5359375 0.27578125 0.59453125 0.271875 0.61171875 0.265625 0.6359375 0.23984375 0.6515625 0.19453125
1 0.734375 0.23828125 0.70859375 0.203125 0.6546875 0.16015625 0.59375 0.06328125 0.58515625 0.05625 0.56953125 0.05625 0.559375 0.06640625 0.5609375 0.08984375 0.58359375 0.115625 0.61171875 0.125 0.63359375 0.140625 0.65 0.16796875 0.65 0.20703125 0.61875 0.27734375 0.67265625 0.3046875 0.6984375 0.32734375 0.7109375 0.31953125 0.73125 0.28671875 0.7375 0.26484375 0.734375 0.23828125
1 0.759375 0.21484375 0.7421875 0.24765625 0.74609375 0.259375 0.77734375 0.2421875 0.80859375 0.2375 0.85234375 0.2484375 0.8984375 0.26953125 0.8765625 0.21171875 0.83671875 0.1859375 0.78359375 0.1859375 0.759375 0.21484375