1 0.3563218390625 0.20114942500000002 0.3678160921875 0.231800765625 0.39080459843750004 0.254789271875 0.49233716406249994 0.28927203125 0.5670498078125 0.226053640625 0.5804597703125001 0.1877394640625 0.5804597703125001 0.1647509578125 0.563218390625 0.128352490625 0.53256705 0.1034482765625 0.44827586249999996 0.076628353125 0.3659003828125 0.14559387031249998 0.3563218390625 0.168582375 0.3563218390625 0.20114942500000002
1 0.26819923437500004 0.32758620625 0.2586206890625 0.35440612968749996 0.2586206890625 0.385057471875 0.264367815625 0.40613026874999997 0.2950191578125 0.4425287359375 0.3396676359375 0.44355223749999995 0.3869731796875 0.45402298906249994 0.43869731874999995 0.4291187734375 0.4865900390625 0.39080459843750004 0.49808429062500004 0.363984675 0.4961685828125 0.32183907968750003 0.4846743296875 0.3007662828125 0.4425287359375 0.273946359375 0.3467432953125 0.24904214531250002 0.331417625 0.2720306515625 0.2950191578125 0.2950191578125 0.26819923437500004 0.32758620625
1 0.44444444375 0.4214559390625 0.427203065625 0.43869731874999995 0.41570881249999997 0.4712643671875 0.4195402296875 0.5 0.4425287359375 0.540229884375 0.47318007656249994 0.5651341000000001 0.5287356328125 0.586206896875 0.5919540234375 0.576628353125 0.63984674375 0.530651340625 0.647509578125 0.511494253125 0.6455938703124999 0.46360153281249994 0.6245210734375 0.4214559390625 0.54214559375 0.3563218390625 0.50957854375 0.3888888890625 0.46934865937500003 0.4003831421875 0.44444444375 0.4214559390625
1 0.22030651406250001 0.5268199234375001 0.22413793124999998 0.5938697312500001 0.2509578546875 0.62643678125 0.3007662828125 0.628352490625 0.3678160921875 0.6513409968749999 0.394636015625 0.636015325 0.4310344828125 0.5900383140625001 0.436781609375 0.5670498078125 0.43295019218749997 0.521072796875 0.4118773953125 0.4808429125 0.3831417625 0.45402298906249994 0.352490421875 0.4425287359375 0.298850575 0.4425287359375 0.2605363984375 0.45977011562500003 0.2279693484375 0.49808429062500004 0.22030651406250001 0.5268199234375001
1 0.1245210734375 0.7279693484374999 0.1226053640625 0.773946359375 0.13409961718750002 0.806513409375 0.1628352484375 0.8371647515625 0.21264367812499999 0.8563218390625 0.27586206875 0.8601532562499999 0.3180076625 0.8467432953125 0.3678160921875 0.8180076625 0.3888888890625 0.7854406125 0.4003831421875 0.733716475 0.385057471875 0.6839080453124999 0.35440612968749996 0.6513409968749999 0.3026819921875 0.628352490625 0.254789271875 0.6245210734375 0.1877394640625 0.6455938703124999 0.14559387031249998 0.6839080453124999 0.1245210734375 0.7279693484374999
1 0.423371646875 0.69157088125 0.4118773953125 0.72413793125 0.4099616859375 0.7605363984375 0.427203065625 0.80842911875 0.465517240625 0.8448275859375001 0.5134099609375 0.863984675 0.56130268125 0.8678160921875 0.6034482765625 0.8601532562499999 0.6494252875 0.8256704984375001 0.6666666671875 0.78927203125 0.6704980843749999 0.735632184375 0.6551724140624999 0.6973180078125 0.576628353125 0.6321839078125 0.5670498078125 0.6321839078125 0.4865900390625 0.6455938703124999 0.455938696875 0.6609195406249999 0.423371646875 0.69157088125
1 0.6877394640625 0.77586206875 0.6954022984375 0.82758620625 0.72413793125 0.863984675 0.75670498125 0.8793103453125 0.8160919546875001 0.8908045984375 0.8754789265625 0.8831417625 0.9061302687499999 0.8659003828125 0.9291187734375 0.839080459375 0.9367816093749999 0.8180076625 0.9367816093749999 0.7796934859375 0.9157088124999999 0.7394636015625 0.9003831421875 0.726053640625 0.852490421875 0.7088122609374999 0.8371647515625 0.693486590625 0.8007662828125 0.69157088125 0.7183908046874999 0.72413793125 0.701149425 0.7413793109375 0.6877394640625 0.77586206875
1 0.59770115 0.5804597703125001 0.5996168578125001 0.62643678125 0.6111111109375 0.657088121875 0.6704980843749999 0.703065134375 0.7068965515625 0.7203065140625 0.7279693484374999 0.7203065140625 0.7950191578125 0.6954022984375 0.8333333328125001 0.6609195406249999 0.848659003125 0.628352490625 0.848659003125 0.5996168578125001 0.8314176249999999 0.5651341000000001 0.766283525 0.5287356328125 0.7471264375 0.5 0.722222221875 0.49042145625 0.6992337171874999 0.5076628359375001 0.6321839078125 0.534482759375 0.59770115 0.5804597703125001
1 0.4961685828125 0.3007662828125 0.4961685828125 0.3333333328125 0.511494253125 0.363984675 0.5249042140625 0.3678160921875 0.5498084296875 0.3582375484375 0.572796934375 0.385057471875 0.6130268203125 0.4080459765625 0.6302682 0.4080459765625 0.6896551718749999 0.385057471875 0.71072796875 0.362068965625 0.722222221875 0.32567049843749996 0.7203065140625 0.29693486562500004 0.7088122609374999 0.27777777812500004 0.63984674375 0.22030651406250001 0.6226053640625 0.2183908046875 0.5478927203125 0.24712643750000002 0.501915709375 0.28735632187500004 0.4961685828125 0.3007662828125
1 0.6226053640625 0.413793103125 0.647509578125 0.4616858234375 0.6455938703124999 0.5268199234375001 0.701149425 0.50957854375 0.7164750953125 0.4942528734375 0.7298850578125 0.49233716406249994 0.7471264375 0.501915709375 0.7720306515625001 0.53256705 0.798850575 0.540229884375 0.8160919546875001 0.49808429062500004 0.80842911875 0.4425287359375 0.768199234375 0.394636015625 0.703065134375 0.3697318 0.6858237546875 0.3869731796875 0.6436781609375 0.3984674328125 0.6226053640625 0.413793103125
1 0.0823754796875 0.63984674375 0.07854406093750001 0.6973180078125 0.095785440625 0.7279693484374999 0.1206896546875 0.7490421453125 0.14367816093750002 0.6858237546875 0.1858237546875 0.6455938703124999 0.24329501874999998 0.6245210734375 0.226053640625 0.6034482765625 0.22030651406250001 0.5689655171875 0.19157088125 0.5651341000000001 0.15517241406249999 0.572796934375 0.1245210734375 0.5900383140625001 0.0823754796875 0.63984674375