15 0.3105468734375 0.2119140625 0.34765625 0.2685546875 0.3574218734375 0.3037109375 0.3837890625 0.3183593734375 0.41015625 0.3173828125 0.45703125 0.3076171875 0.4921875 0.2568359375 0.49609375 0.2099609375 0.4404296875 0.12304687343750001 0.3916015625 0.109375 0.3261718734375 0.1416015625 0.3105468734375 0.1767578125 0.3105468734375 0.2119140625
15 0.34765625 0.3818359375 0.3652343734375 0.3974609375 0.37890625 0.4365234375 0.4169921875 0.4394531265625 0.4355468734375 0.4814453125 0.453125 0.4873046875 0.5205078125 0.45703125 0.5380859375 0.4316406265625 0.5498046875 0.4355468734375 0.5527343734375 0.4052734375 0.4755859375 0.32421875 0.3974609375 0.3222656265625 0.3671875 0.3427734375 0.34765625 0.3818359375
15 0.5800781265625 0.3056640625 0.4912109375 0.265625 0.4667968734375 0.3154296875 0.5205078125 0.3574218734375 0.5449218734375 0.3583984375 0.5488281265625 0.3291015625 0.5800781265625 0.3056640625
15 0.7363281265625 0.4208984375 0.74609375 0.4130859375 0.74609375 0.3837890625 0.6904296875 0.328125 0.6220703125 0.3125 0.5625 0.3486328125 0.5527343734375 0.3876953125 0.5683593734375 0.4365234375 0.61328125 0.4970703125 0.66015625 0.5126953125 0.70703125 0.4873046875 0.6728515625 0.4980468734375 0.6767578125 0.4785156265625 0.6962890625 0.4667968734375 0.7119140625 0.4785156265625 0.73046875 0.4619140625 0.74609375 0.4326171875 0.7363281265625 0.4208984375
15 0.4980468734375 0.2607421875 0.5517578125 0.2910156265625 0.5859375 0.2939453125 0.6347656265625 0.2529296875 0.640625 0.1962890625 0.62890625 0.1650390625 0.5810546875 0.12890625 0.5087890625 0.12304687343750001 0.4785156265625 0.1455078125 0.4980468734375 0.2060546875 0.4980468734375 0.2607421875
15 0.7128906265625 0.2197265625 0.73046875 0.2138671875 0.73046875 0.1982421875 0.7041015625 0.19140625 0.6923828125 0.16015625 0.6660156265625 0.1669921875 0.6533203125 0.11914062656249999 0.6308593734375 0.1494140625 0.6464843734375 0.2802734375 0.62109375 0.3017578125 0.6884765625 0.3222656265625 0.7421875 0.3642578125 0.7529296875 0.3964843734375 0.78125 0.3994140625 0.82421875 0.3857421875 0.8183593734375 0.3134765625 0.8017578125 0.2890625 0.7197265625 0.28125 0.68359375 0.2490234375 0.6699218734375 0.2197265625 0.7333984375 0.2265625 0.7128906265625 0.2197265625
15 0.69921875 0.6552734375 0.7783203125 0.69921875 0.7988281265625 0.7314453125 0.82421875 0.7451171875 0.8447265625 0.7402343734375 0.8671875 0.7041015625 0.84765625 0.6376953125 0.7900390625 0.5449218734375 0.7275390625 0.5332031265625 0.6855468734375 0.5751953125 0.6972656265625 0.5947265625 0.69921875 0.6552734375
15 1 0.5830078125 0.9677734375 0.6191406265625 0.9599609375 0.5703125 0.9169921875 0.5566406265625 0.8720703125 0.5214843734375 0.8173828125 0.5253906265625 0.8027343734375 0.5478515625 0.81640625 0.5849609375 0.87890625 0.6962890625 0.9042968734375 0.6982421875 0.8740234375 0.7109375 0.84765625 0.7548828125 0.84765625 0.7880859375 0.8691406265625 0.8408203125 0.875 0.9228515625 0.9248046875 0.9628906265625 0.9775390625 0.98828125 0.9873046875 0.9824218734375 0.9785156265625 0.9951171875 1 0.9990234375 1 0.6962890625 0.96875 0.6884765625 1 0.6865234375 1 0.5830078125
15 0.68359375 0.6494140625 0.69140625 0.6005859375 0.640625 0.5634765625 0.6328125 0.5283203125 0.59375 0.4794921875 0.5810546875 0.4824218734375 0.5400390625 0.4433593734375 0.5292968734375 0.4814453125 0.5146484375 0.484375 0.5009765625 0.5097656265625 0.4707031265625 0.5107421875 0.4765625 0.5810546875 0.4902343734375 0.5908203125 0.4892578125 0.6074218734375 0.5214843734375 0.6064453125 0.5175781265625 0.6142578125 0.5332031265625 0.6201171875 0.5566406265625 0.6728515625 0.5722656265625 0.6845703125 0.5683593734375 0.7138671875 0.6386718734375 0.8173828125 0.6875 0.9599609375 0.7138671875 0.9746093734375 0.76171875 0.9755859375 0.86328125 0.9228515625 0.8652343734375 0.8837890625 0.84375 0.8076171875 0.8203125 0.7607421875 0.7705078125 0.7011718734375 0.7373046875 0.6816406265625 0.6953125 0.6826171875 0.68359375 0.6494140625
15 0.5517578125 0.72265625 0.5361328125 0.73046875 0.5341796875 0.71875 0.51171875 0.7314453125 0.5166015625 0.7421875 0.5302734375 0.7324218734375 0.5341796875 0.7441406265625 0.5458984375 0.7324218734375 0.546875 0.7626953125 0.5634765625 0.7753906265625 0.5761718734375 0.7685546875 0.5595703125 0.7910156265625 0.5498046875 0.76953125 0.5449218734375 0.7900390625 0.5605468734375 0.7998046875 0.5869140625 0.859375 0.5498046875 0.80078125 0.4853515625 0.7675781265625 0.47265625 0.7783203125 0.484375 0.7822265625 0.4873046875 0.7988281265625 0.46484375 0.7802734375 0.4667968734375 0.7314453125 0.5263671875 0.7109375 0.53515625 0.6982421875 0.4824218734375 0.6923828125 0.4902343734375 0.6376953125 0.4667968734375 0.6201171875 0.4628906265625 0.5556640625 0.4453125 0.5322265625 0.4511718734375 0.5029296875 0.4277343734375 0.4560546875 0.3994140625 0.4394531265625 0.3818359375 0.4433593734375 0.3564453125 0.3964843734375 0.3408203125 0.4394531265625 0.3125 0.4384765625 0.30859375 0.4912109375 0.2890625 0.5166015625 0.2871093734375 0.5439453125 0.2763671875 0.5566406265625 0.2402343734375 0.5537109375 0.2734375 0.6376953125 0.265625 0.6396484375 0.2626953125 0.625 0.2529296875 0.6386718734375 0.2490234375 0.6269531265625 0.2265625 0.6357421875 0.2636718734375 0.7216796875 0.3144531265625 0.7763671875 0.3203125 0.7998046875 0.3105468734375 0.8212890625 0.33203125 0.8232421875 0.3203125 0.8388671875 0.3300781265625 0.9619140625 0.34375 0.9697265625 0.3378906265625 0.9814453125 0.3564453125 0.984375 0.3535156265625 0.9716796875 0.390625 0.9501953125 0.3671875 0.9248046875 0.375 0.8603515625 0.3896484375 0.8339843734375 0.3984375 0.8466796875 0.37890625 0.8681640625 0.3808593734375 0.9091796875 0.4003906265625 0.9560546875 0.4423828125 1 0.6484375 0.9990234375 0.66796875 0.9619140625 0.671875 0.9169921875 0.6386718734375 0.8623046875 0.62890625 0.8115234375 0.5878906265625 0.7470703125 0.5654296875 0.7207031265625 0.5595703125 0.7402343734375 0.5517578125 0.72265625
15 0 0.6962890625 0.015625 0.7041015625 0.0634765625 0.6640625 0.1484375 0.6259765625 0.1386718734375 0.5029296875 0.11914062656249999 0.4697265625 0.11914062656249999 0.4404296875 0.140625 0.3876953125 0.1357421875 0.36328125 0.1103515625 0.40625 0.1005859375 0.390625 0.09375 0.3955078125 0.0712890625 0.4433593734375 0.0302734375 0.3984375 0.021484373437500003 0.4365234375 0 0.4306640625 0 0.5380859375 0.0136718734375 0.5634765625 0 0.5634765625 0 0.6962890625
15 0.30078125 0.8232421875 0.3027343734375 0.7763671875 0.2480468734375 0.7197265625 0.2167968734375 0.6572265625 0.1748046875 0.63671875 0.0595703125 0.6796875 0.03515625 0.7158203125 0.01171875 0.7939453125 0.0703125 0.8857421875 0.1201171875 0.9375 0.1816406265625 0.9580078125 0.2089843734375 0.9404296875 0.21484375 0.9091796875 0.2255859375 0.9140625 0.2578125 0.8818359375 0.2558593734375 0.8525390625 0.2841796875 0.83984375 0.2939453125 0.8183593734375 0.30078125 0.8232421875
15 0.2441406265625 0.4052734375 0.265625 0.4130859375 0.3183593734375 0.4013671875 0.328125 0.2568359375 0.2998046875 0.25 0.2607421875 0.265625 0.2373046875 0.23828125 0.234375 0.3408203125 0.25390625 0.3623046875 0.2441406265625 0.4052734375
15 0.2275390625 0.42578125 0.1542968734375 0.5205078125 0.1582031265625 0.6064453125 0.2089843734375 0.6298828125 0.25 0.6123046875 0.23828125 0.5458984375 0.2724609375 0.546875 0.28515625 0.5068359375 0.3046875 0.4951171875 0.3037109375 0.4199218734375 0.2470703125 0.4160156265625 0.2275390625 0.42578125
15 0.1894531265625 0.1845703125 0.18359375 0.1630859375 0.2207031265625 0.1552734375 0.24609375 0.0751953125 0.2470703125 0 0.08398437343750001 0.0048828125 0.08007812656249999 0.0771484375 0.09375 0.0947265625 0.1015625 0.1396484375 0.0888671875 0.1484375 0.0732421875 0.140625 0.06640625 0.1611328125 0.0751953125 0.1699218734375 0.0810546875 0.15625 0.0908203125 0.16796875 0.0966796875 0.1484375 0.11132812656249999 0.1708984375 0.0703125 0.2197265625 0.044921873437499996 0.3369140625 0.0605468734375 0.3701171875 0.09179687343750001 0.3857421875 0.1162109375 0.3828125 0.1357421875 0.35546875 0.1552734375 0.375 0.1816406265625 0.3212890625 0.1738281265625 0.2919921875 0.2109375 0.2900390625 0.2246093734375 0.2236328125 0.1894531265625 0.1845703125