15 0.2744140625 0.171875 0.2294921875 0.1621093734375 0.1806640625 0.171875 0.1386718734375 0.2060546875 0.1425781265625 0.2666015625 0.1630859375 0.26171875 0.1884765625 0.28515625 0.2109375 0.2802734375 0.20703125 0.3232421875 0.2207031265625 0.3369140625 0.2265625 0.3818359375 0.2802734375 0.3261718734375 0.3212890625 0.3144531265625 0.3408203125 0.2792968734375 0.3583984375 0.2910156265625 0.3671875 0.2822265625 0.3457031265625 0.2353515625 0.3017578125 0.19140625 0.2744140625 0.171875
15 0.49609375 0.5166015625 0.5097656265625 0.4599609375 0.4707031265625 0.4443359375 0.453125 0.4150390625 0.4511718734375 0.3818359375 0.421875 0.3740234375 0.4052734375 0.33203125 0.3857421875 0.34765625 0.3730468734375 0.3154296875 0.3427734375 0.296875 0.3339843734375 0.3369140625 0.3046875 0.3759765625 0.27734375 0.3779296875 0.28515625 0.4052734375 0.2714843734375 0.4130859375 0.2734375 0.4423828125 0.2919921875 0.4609375 0.3193359375 0.4667968734375 0.3652343734375 0.5380859375 0.38671875 0.5537109375 0.37109375 0.5751953125 0.44921875 0.6748046875 0.4550781265625 0.7080078125 0.50390625 0.8037109375 0.5458984375 0.8359375 0.57421875 0.8388671875 0.6162109375 0.828125 0.6894531265625 0.7841796875 0.6953125 0.7490234375 0.6796875 0.6845703125 0.64453125 0.6181640625 0.6005859375 0.5683593734375 0.5361328125 0.52734375 0.49609375 0.5166015625
15 0 0.5849609375 0.017578126562499997 0.5947265625 0.0185546875 0.609375 0.0673828125 0.62109375 0.12890625 0.6552734375 0.12109375 0.6630859375 0.1298828125 0.6796875 0.1484375 0.6845703125 0.1425781265625 0.6943359375 0.1621093734375 0.7158203125 0.15625 0.7275390625 0.1669921875 0.73828125 0.18359375 0.7353515625 0.1699218734375 0.7568359375 0.17578125 0.7978515625 0.21484375 0.8681640625 0.2421875 0.8955078125 0.2441406265625 0.9130859375 0.3056640625 0.9511718734375 0.328125 0.9521484375 0.3935546875 0.9394531265625 0.4609375 0.8798828125 0.48828125 0.8369140625 0.48828125 0.7763671875 0.4511718734375 0.7177734375 0.4472656265625 0.6826171875 0.4306640625 0.66015625 0.4355468734375 0.6826171875 0.4248046875 0.6738281265625 0.421875 0.6845703125 0.4345703125 0.6855468734375 0.4375 0.7001953125 0.3818359375 0.734375 0.3349609375 0.6660156265625 0.2578125 0.6259765625 0.2587890625 0.6015625 0.3271484375 0.5859375 0.3378906265625 0.5712890625 0.3193359375 0.5546875 0.29296875 0.5517578125 0.26953125 0.4912109375 0.2519531265625 0.4873046875 0.26171875 0.4736328125 0.2441406265625 0.4150390625 0.2109375 0.4052734375 0.21484375 0.3583984375 0.203125 0.3408203125 0.203125 0.2978515625 0.1591796875 0.2792968734375 0.1416015625 0.30078125 0.1025390625 0.2402343734375 0.10742187343750001 0.3095703125 0.0966796875 0.3222656265625 0.08203125 0.3076171875 0.0830078125 0.27734375 0.0595703125 0.2753906265625 0.05078125 0.2861328125 0.0546875 0.4560546875 0 0.4189453125 0 0.4619140625 0.02734375 0.5146484375 0 0.5029296875 0 0.5849609375
15 0.7412109375 0.44140625 0.7236328125 0.44921875 0.7207031265625 0.4677734375 0.703125 0.4755859375 0.7041015625 0.484375 0.72265625 0.4853515625 0.7207031265625 0.4951171875 0.7099609375 0.48828125 0.7050781265625 0.4990234375 0.7412109375 0.5 0.7421875 0.5380859375 0.765625 0.5380859375 0.7949218734375 0.5224609375 0.79296875 0.4208984375 0.7431640625 0.4082031265625 0.7734375 0.4248046875 0.75 0.4345703125 0.7597656265625 0.4404296875 0.75390625 0.4716796875 0.7412109375 0.44140625
15 0.7568359375 0.5449218734375 0.7119140625 0.5703125 0.6894531265625 0.6103515625 0.70703125 0.7490234375 0.7353515625 0.7910156265625 0.8222656265625 0.8271484375 0.8544921875 0.7832031265625 0.89453125 0.7568359375 0.9082031265625 0.7294921875 0.9160156265625 0.6787109375 0.90625 0.6240234375 0.8847656265625 0.5751953125 0.8525390625 0.55078125 0.7568359375 0.5449218734375
15 0.5947265625 0.5566406265625 0.640625 0.6025390625 0.6845703125 0.5957031265625 0.7011718734375 0.5419921875 0.6328125 0.4130859375 0.5654296875 0.3925781265625 0.5175781265625 0.4404296875 0.5136718734375 0.4990234375 0.5224609375 0.515625 0.5947265625 0.5566406265625
15 0.7050781265625 0.9697265625 0.8212890625 0.9199218734375 0.8261718734375 0.8798828125 0.7998046875 0.8378906265625 0.6923828125 0.7890625 0.65234375 0.8173828125 0.625 0.8876953125 0.66796875 0.9521484375 0.7050781265625 0.9697265625
15 0.43359375 0.9736328125 0.4423828125 1 0.6386718734375 0.9990234375 0.6386718734375 0.9345703125 0.6191406265625 0.9013671875 0.6025390625 0.8847656265625 0.5654296875 0.890625 0.4990234375 0.84375 0.421875 0.9404296875 0.4199218734375 0.9697265625 0.43359375 0.9736328125
15 0.2392578125 0.9453125 0.2216796875 0.92578125 0.1669921875 0.9003906265625 0.1416015625 0.90234375 0.1015625 0.9443359375 0.08203125 0.9990234375 0.3652343734375 0.9990234375 0.2392578125 0.9453125
15 0.3730468734375 0.2001953125 0.36328125 0.2509765625 0.3769531265625 0.2880859375 0.4121093734375 0.3212890625 0.4199218734375 0.3544921875 0.4599609375 0.37890625 0.48046875 0.3779296875 0.5322265625 0.3574218734375 0.5644531265625 0.3193359375 0.5761718734375 0.2841796875 0.5722656265625 0.2294921875 0.5498046875 0.19921875 0.4912109375 0.1621093734375 0.4169921875 0.1621093734375 0.3730468734375 0.2001953125
15 0.4941406265625 0.1572265625 0.5683593734375 0.2138671875 0.5810546875 0.25 0.6113281265625 0.2548828125 0.6640625 0.2392578125 0.6640625 0.1826171875 0.64453125 0.1416015625 0.6044921875 0.1308593734375 0.5634765625 0.1386718734375 0.5244140625 0.11132812656249999 0.5029296875 0.11523437343750001 0.4941406265625 0.1572265625
15 0.3964843734375 0.1435546875 0.45703125 0.1005859375 0.4589843734375 0.0224609375 0.44921875 0.0029296875 0.2978515625 0 0.30078125 0.0517578125 0.3203125 0.1123046875 0.3642578125 0.1386718734375 0.3964843734375 0.1435546875
15 0.10546875 0.0986328125 0.12890625 0.1123046875 0.125 0.1279296875 0.1435546875 0.15234375 0.1875 0.1669921875 0.2509765625 0.1621093734375 0.2792968734375 0.1318359375 0.2988281265625 0.0673828125 0.27734375 0.0009765625 0.0791015625 0 0.078125 0.0458984375 0.10351562656249999 0.0751953125 0.10546875 0.0986328125