15 0.4658203125 0.83203125 0.5205078125 0.796875 0.53125 0.7822265625 0.5292968734375 0.7392578125 0.4677734375 0.6308593734375 0.4150390625 0.6035156265625 0.3769531265625 0.6044921875 0.4042968734375 0.5830078125 0.4082031265625 0.4755859375 0.3896484375 0.46484375 0.3701171875 0.484375 0.3613281265625 0.4208984375 0.3369140625 0.40625 0.3310546875 0.46875 0.2939453125 0.4472656265625 0.2841796875 0.453125 0.2783203125 0.4375 0.2597656265625 0.4775390625 0.3300781265625 0.5966796875 0.3574218734375 0.6201171875 0.33203125 0.7001953125 0.3613281265625 0.8076171875 0.40234375 0.8486328125 0.4658203125 0.83203125
15 0.5791015625 1 0.5869140625 0.9707031265625 0.5966796875 0.99609375 0.6152343734375 0.9814453125 0.6308593734375 0.9345703125 0.6308593734375 0.9013671875 0.6064453125 0.8671875 0.6416015625 0.8964843734375 0.7158203125 0.90625 0.71875 0.8623046875 0.7363281265625 0.8564453125 0.7509765625 0.828125 0.8623046875 0.8261718734375 0.8779296875 0.8046875 0.8232421875 0.796875 0.8222656265625 0.7880859375 0.87890625 0.7294921875 0.7841796875 0.7421875 0.7792968734375 0.7275390625 0.8515625 0.6865234375 0.8574218734375 0.6787109375 0.8457031265625 0.6630859375 0.8886718734375 0.6220703125 0.9042968734375 0.5712890625 0.8779296875 0.55078125 0.8427734375 0.59375 0.8037109375 0.6191406265625 0.7861328125 0.59765625 0.7587890625 0.6386718734375 0.7119140625 0.6640625 0.6591796875 0.7207031265625 0.6064453125 0.7207031265625 0.625 0.7822265625 0.5966796875 0.82421875 0.578125 0.8193359375 0.5751953125 0.7949218734375 0.5498046875 0.80078125 0.4462890625 0.8457031265625 0.3857421875 0.8886718734375 0.33984375 0.9658203125 0.3359375 0.9814453125 0.3535156265625 0.9990234375 0.4521484375 1 0.4550781265625 0.9716796875 0.4716796875 0.9765625 0.4736328125 0.9667968734375 0.4775390625 0.9824218734375 0.4921875 0.9697265625 0.4873046875 1 0.5791015625 1
15 0.7236328125 0.6484375 0.7353515625 0.62109375 0.7451171875 0.6386718734375 0.7675781265625 0.6240234375 0.79296875 0.5361328125 0.83203125 0.5068359375 0.8339843734375 0.4951171875 0.81640625 0.4814453125 0.8261718734375 0.4345703125 0.8134765625 0.3964843734375 0.73046875 0.4560546875 0.7265625 0.4970703125 0.7099609375 0.52734375 0.6347656265625 0.5693359375 0.6357421875 0.58203125 0.6816406265625 0.6044921875 0.6582031265625 0.6201171875 0.65625 0.6376953125 0.6816406265625 0.6572265625 0.7236328125 0.6484375
15 0.5283203125 0.49609375 0.5839843734375 0.4228515625 0.6347656265625 0.3837890625 0.6328125 0.3369140625 0.65234375 0.3134765625 0.6503906265625 0.2666015625 0.6455078125 0.25 0.6240234375 0.265625 0.6191406265625 0.2392578125 0.6044921875 0.2421875 0.6044921875 0.23046875 0.56640625 0.2822265625 0.5859375 0.3408203125 0.5087890625 0.3613281265625 0.48828125 0.4052734375 0.484375 0.4599609375 0.51171875 0.4970703125 0.5283203125 0.49609375
15 0.4628906265625 0.2451171875 0.49609375 0.1767578125 0.4980468734375 0.1416015625 0.52734375 0.1376953125 0.53515625 0.1025390625 0.5205078125 0.07617187343750001 0.5 0.0771484375 0.5009765625 0.041015626562500004 0.4755859375 0.07226562656249999 0.4462890625 0.04296875 0.4433593734375 0.0966796875 0.4160156265625 0.0966796875 0.43359375 0.1201171875 0.4160156265625 0.1337890625 0.4199218734375 0.1650390625 0.359375 0.2138671875 0.3535156265625 0.2763671875 0.36328125 0.3076171875 0.4628906265625 0.2451171875
15 0.5439453125 0.25 0.5566406265625 0.2177734375 0.5380859375 0.1953125 0.4892578125 0.19921875 0.4628906265625 0.2509765625 0.47265625 0.2587890625 0.5439453125 0.25
15 0.4443359375 0.4394531265625 0.4677734375 0.42578125 0.5 0.3603515625 0.4824218734375 0.2822265625 0.4599609375 0.2597656265625 0.4052734375 0.2792968734375 0.359375 0.3291015625 0.359375 0.4033203125 0.4160156265625 0.4384765625 0.4443359375 0.4394531265625
15 0.7041015625 0.29296875 0.7246093734375 0.2626953125 0.7246093734375 0.1962890625 0.76953125 0.1494140625 0.7714843734375 0.1220703125 0.7890625 0.0966796875 0.765625 0.0947265625 0.7724609375 0.05859375 0.7470703125 0.08007812656249999 0.7373046875 0.0625 0.7197265625 0.08203125 0.6943359375 0.0703125 0.6826171875 0.09570312656249999 0.65625 0.1083984375 0.6484375 0.1455078125 0.6582031265625 0.1806640625 0.65625 0.2900390625 0.6660156265625 0.2998046875 0.7041015625 0.29296875
15 0.4863281265625 0.5791015625 0.4980468734375 0.4853515625 0.4619140625 0.4453125 0.4072265625 0.4453125 0.38671875 0.4580078125 0.4160156265625 0.4677734375 0.40234375 0.4990234375 0.4082031265625 0.5732421875 0.4169921875 0.5859375 0.4472656265625 0.5869140625 0.4863281265625 0.5791015625
15 0.2832031265625 0.7724609375 0.265625 0.7001953125 0.2753906265625 0.6630859375 0.2675781265625 0.6357421875 0.2138671875 0.5839843734375 0.1572265625 0.59375 0.1103515625 0.62890625 0.08203125 0.6064453125 0.0517578125 0.55078125 0.0361328125 0.5488281265625 0.0166015625 0.5253906265625 0.0009765625 0.52734375 0 0.6708984375 0.0400390625 0.7109375 0.0498046875 0.6894531265625 0.0615234375 0.6953125 0.0751953125 0.6816406265625 0.09375 0.7626953125 0.1455078125 0.7832031265625 0.2167968734375 0.8779296875 0.2832031265625 0.7724609375
15 0.2548828125 1 0.25 0.9482421875 0.2128906265625 0.8857421875 0.1806640625 0.87109375 0.1142578125 0.8964843734375 0.08398437343750001 0.9345703125 0.07617187343750001 0.9521484375 0.0859375 0.9560546875 0.08984375 0.9990234375 0.2548828125 1
15 0.3291015625 0.9160156265625 0.37890625 0.8623046875 0.3349609375 0.7421875 0.2949218734375 0.7666015625 0.2421875 0.8466796875 0.2421875 0.8916015625 0.27734375 0.9248046875 0.3291015625 0.9160156265625
15 0.2128906265625 0.5595703125 0.2578125 0.4970703125 0.2568359375 0.46484375 0.2646484375 0.484375 0.28125 0.4853515625 0.2900390625 0.5136718734375 0.296875 0.5009765625 0.2998046875 0.5234375 0.30859375 0.5146484375 0.30078125 0.5009765625 0.3105468734375 0.4912109375 0.296875 0.4794921875 0.3193359375 0.45703125 0.33203125 0.4619140625 0.3525390625 0.2011718734375 0.3173828125 0.19921875 0.3037109375 0.18359375 0.2900390625 0.19140625 0.2783203125 0.1738281265625 0.26171875 0.1787109375 0.2636718734375 0.2353515625 0.2324218734375 0.2626953125 0.21484375 0.3037109375 0.20703125 0.3720703125 0.21484375 0.3896484375 0.1650390625 0.4003906265625 0.11523437343750001 0.4638671875 0.10742187343750001 0.5185546875 0.11523437343750001 0.5498046875 0.1484375 0.5830078125 0.2128906265625 0.5595703125
15 0.7158203125 0.3652343734375 0.7626953125 0.30859375 0.7705078125 0.31640625 0.7763671875 0.3027343734375 0.7910156265625 0.3017578125 0.8046875 0.2568359375 0.7880859375 0.2285156265625 0.7685546875 0.21875 0.7626953125 0.2324218734375 0.7451171875 0.234375 0.7109375 0.2880859375 0.66796875 0.3134765625 0.6425781265625 0.3642578125 0.6484375 0.3876953125 0.7158203125 0.3652343734375