15 0.66796875 0.0947265625 0.6171875 0.0927734375 0.6142578125 0.03125 0.5859375 0.0556640625 0.58203125 0.1005859375 0.5556640625 0.10351562656249999 0.5449218734375 0.1220703125 0.5371093734375 0.2412109375 0.4589843734375 0.2919921875 0.4375 0.3193359375 0.4003906265625 0.4130859375 0.4003906265625 0.4462890625 0.4248046875 0.47265625 0.5166015625 0.51953125 0.5449218734375 0.5205078125 0.6113281265625 0.4072265625 0.61328125 0.3408203125 0.58984375 0.2685546875 0.6425781265625 0.2353515625 0.64453125 0.2138671875 0.67578125 0.1787109375 0.6796875 0.1279296875 0.66796875 0.0947265625
15 0.9150390625 0.3222656265625 0.9189453125 0.3144531265625 0.9238281265625 0.3486328125 0.9404296875 0.3691406265625 1 0.2958984375 0.9990234375 0.1425781265625 0.9794921875 0.1660156265625 0.9580078125 0.171875 0.9326171875 0.20703125 0.88671875 0.2236328125 0.8466796875 0.2988281265625 0.8115234375 0.2734375 0.7685546875 0.2890625 0.6699218734375 0.3798828125 0.6582031265625 0.4443359375 0.7119140625 0.515625 0.734375 0.5166015625 0.76171875 0.5009765625 0.765625 0.4814453125 0.8105468734375 0.4248046875 0.8339843734375 0.4169921875 0.8603515625 0.3417968734375 0.8740234375 0.359375 0.9003906265625 0.3134765625 0.9150390625 0.3222656265625
15 0.9609375 0.4287109375 0.9794921875 0.41015625 1 0.4072265625 0.9990234375 0.2988281265625 0.9345703125 0.3671875 0.8974609375 0.33984375 0.859375 0.4248046875 0.81640625 0.4443359375 0.8144531265625 0.4794921875 0.7822265625 0.484375 0.7714843734375 0.5244140625 0.7275390625 0.546875 0.6816406265625 0.6103515625 0.67578125 0.6728515625 0.7373046875 0.734375 0.77734375 0.7470703125 0.8173828125 0.7324218734375 0.859375 0.6669921875 0.87890625 0.5693359375 0.859375 0.5341796875 0.8876953125 0.53125 0.9238281265625 0.4638671875 0.9501953125 0.4589843734375 0.9609375 0.4287109375
15 1 0.4775390625 0.9853515625 0.4921875 0.9619140625 0.4707031265625 0.9443359375 0.4863281265625 0.9355468734375 0.4619140625 0.9248046875 0.4609375 0.9355468734375 0.5771484375 0.8955078125 0.5488281265625 0.8828125 0.5654296875 0.8847656265625 0.5986328125 0.9091796875 0.6328125 0.9160156265625 0.6279296875 0.9140625 0.6435546875 0.9375 0.6669921875 0.9375 0.6865234375 0.9111328125 0.703125 0.8916015625 0.6953125 0.8769531265625 0.7119140625 0.890625 0.7490234375 0.8730468734375 0.7841796875 0.8691406265625 0.8916015625 0.875 0.9228515625 0.9072265625 0.96875 0.9677734375 1 1 0.9990234375 1 0.4775390625
15 0.7480468734375 0.9208984375 0.7705078125 0.9589843734375 0.8066406265625 0.9677734375 0.86328125 0.9423828125 0.8671875 0.8994140625 0.8378906265625 0.7783203125 0.8212890625 0.76171875 0.7900390625 0.7597656265625 0.7714843734375 0.7705078125 0.7832031265625 0.8193359375 0.7480468734375 0.9208984375
15 0.7578125 0.8681640625 0.6787109375 0.8378906265625 0.6474609375 0.8378906265625 0.65234375 0.8935546875 0.69921875 0.9169921875 0.7431640625 0.8984375 0.7578125 0.8681640625
15 0.6152343734375 0.6845703125 0.61328125 0.7587890625 0.75390625 0.8623046875 0.7792968734375 0.8310546875 0.76953125 0.7822265625 0.7285156265625 0.7255859375 0.6484375 0.6611328125 0.640625 0.6513671875 0.6474609375 0.64453125 0.6279296875 0.64453125 0.6152343734375 0.6845703125
15 0.6269531265625 0.8251953125 0.6474609375 0.8144531265625 0.7158203125 0.8457031265625 0.7197265625 0.8574218734375 0.74609375 0.8564453125 0.6845703125 0.8066406265625 0.6494140625 0.7988281265625 0.6113281265625 0.7607421875 0.6123046875 0.6464843734375 0.5693359375 0.6699218734375 0.5107421875 0.6621093734375 0.4785156265625 0.6025390625 0.4580078125 0.5878906265625 0.4511718734375 0.6123046875 0.4707031265625 0.7197265625 0.4638671875 0.7285156265625 0.4130859375 0.71484375 0.39453125 0.7216796875 0.4238281265625 0.7685546875 0.4199218734375 0.7783203125 0.4453125 0.7939453125 0.43359375 0.8310546875 0.4453125 0.8564453125 0.4375 0.9267578125 0.45703125 0.9365234375 0.4472656265625 0.9697265625 0.4619140625 1 0.609375 0.9990234375 0.6201171875 0.984375 0.6240234375 0.9980468734375 0.6337890625 0.984375 0.6455078125 0.9980468734375 0.66796875 0.9833984375 0.6640625 0.9189453125 0.6425781265625 0.8876953125 0.6269531265625 0.8251953125
15 0.5556640625 0.55078125 0.4443359375 0.4863281265625 0.3466796875 0.4589843734375 0.3291015625 0.53515625 0.3300781265625 0.4833984375 0.29296875 0.4482421875 0.3144531265625 0.3857421875 0.2998046875 0.3828125 0.2490234375 0.41015625 0.24609375 0.3818359375 0.1708984375 0.3125 0.1494140625 0.3105468734375 0.14453125 0.3427734375 0.1181640625 0.33984375 0.11328125 0.3486328125 0.1220703125 0.4140625 0.0615234375 0.3925781265625 0.015625 0.3916015625 0.0136718734375 0.4013671875 0.07617187343750001 0.4580078125 0.0244140625 0.4707031265625 0.017578126562499997 0.4794921875 0.0263671875 0.4863281265625 0.1689453125 0.5 0.1796875 0.5302734375 0.2011718734375 0.5341796875 0.2050781265625 0.5771484375 0.2177734375 0.59375 0.2529296875 0.5703125 0.3115234375 0.55859375 0.3046875 0.6123046875 0.328125 0.6650390625 0.4013671875 0.70703125 0.45703125 0.7158203125 0.46484375 0.6962890625 0.4521484375 0.5878906265625 0.4765625 0.5966796875 0.5166015625 0.6621093734375 0.5732421875 0.6660156265625 0.60546875 0.6396484375 0.5878906265625 0.5830078125 0.5556640625 0.55078125
15 0.0009765625 0 0 0.1396484375 0.08007812656249999 0.1748046875 0.09375 0.2275390625 0.1259765625 0.28125 0.1416015625 0.2890625 0.1572265625 0.2597656265625 0.1748046875 0.3066406265625 0.21875 0.3076171875 0.24609375 0.2900390625 0.24609375 0.2783203125 0.2197265625 0.2636718734375 0.2167968734375 0.2509765625 0.2626953125 0.2265625 0.2636718734375 0.2119140625 0.16796875 0.1533203125 0.1425781265625 0.0830078125 0.1064453125 0.048828126562500004 0.0615234375 0.044921873437499996 0.0439453125 0 0.0009765625 0
15 0.3349609375 0 0.32421875 0.0263671875 0.3378906265625 0.0556640625 0.40234375 0.1318359375 0.4394531265625 0.0751953125 0.4316406265625 0.0166015625 0.4189453125 0 0.3349609375 0
15 0.4375 0.0849609375 0.4199218734375 0.1337890625 0.4433593734375 0.2236328125 0.4980468734375 0.2294921875 0.5244140625 0.2285156265625 0.5332031265625 0.2158203125 0.54296875 0.1201171875 0.5625 0.0986328125 0.55859375 0.0830078125 0.5361328125 0.0703125 0.4755859375 0.06445312656249999 0.4375 0.0849609375
15 0.71484375 0.0380859375 0.7265625 0.0498046875 0.6953125 0.0947265625 0.6972656265625 0.1455078125 0.73046875 0.1767578125 0.71875 0.1962890625 0.7373046875 0.2207031265625 0.80859375 0.2373046875 0.82421875 0.2294921875 0.8574218734375 0.1455078125 0.8417968734375 0.0771484375 0.7900390625 0.017578126562499997 0.7119140625 0.0058593734375 0.7099609375 0.015625 0.7246093734375 0.0166015625 0.71484375 0.0380859375
15 0.6855468734375 0.5537109375 0.6953125 0.5126953125 0.6464843734375 0.4345703125 0.6083984375 0.4140625 0.5566406265625 0.5244140625 0.6103515625 0.5839843734375 0.6464843734375 0.5908203125 0.6855468734375 0.5537109375
15 0.8798828125 0.21484375 0.8369140625 0.21875 0.828125 0.2314453125 0.828125 0.2509765625 0.85546875 0.2607421875 0.875 0.2529296875 0.8798828125 0.21484375
15 0.84375 0.1103515625 0.8515625 0.1650390625 0.8300781265625 0.1865234375 0.8339843734375 0.2158203125 0.8691406265625 0.2001953125 0.9199218734375 0.1220703125 0.8828125 0.1240234375 0.90625 0.0986328125 0.9052734375 0.08984375 0.8847656265625 0.0966796875 0.8876953125 0.048828126562500004 0.84375 0.1103515625
15 0.82421875 0.2587890625 0.7529296875 0.2363281265625 0.7080078125 0.2480468734375 0.6640625 0.3095703125 0.6689453125 0.3203125 0.6845703125 0.3125 0.69140625 0.3369140625 0.82421875 0.2587890625