15 0.7060546875 0.4472656265625 0.6689453125 0.46875 0.6630859375 0.40625 0.6386718734375 0.4208984375 0.6298828125 0.484375 0.6103515625 0.46484375 0.5917968734375 0.4755859375 0.5957031265625 0.5830078125 0.6230468734375 0.6044921875 0.5849609375 0.6035156265625 0.5322265625 0.6308593734375 0.4707031265625 0.7392578125 0.46875 0.7822265625 0.4794921875 0.796875 0.5341796875 0.83203125 0.59765625 0.8486328125 0.6386718734375 0.8076171875 0.66796875 0.7001953125 0.6425781265625 0.6201171875 0.6699218734375 0.5966796875 0.7402343734375 0.4775390625 0.7216796875 0.4375 0.7158203125 0.453125 0.7060546875 0.4472656265625
15 0.5126953125 1 0.5078125 0.9697265625 0.5224609375 0.9824218734375 0.5263671875 0.9667968734375 0.5283203125 0.9765625 0.5449218734375 0.9716796875 0.5478515625 1 0.6464843734375 0.9990234375 0.6640625 0.9814453125 0.66015625 0.9658203125 0.6142578125 0.8886718734375 0.5537109375 0.8457031265625 0.4501953125 0.80078125 0.4248046875 0.7949218734375 0.421875 0.8193359375 0.4033203125 0.82421875 0.375 0.7822265625 0.3935546875 0.7207031265625 0.3408203125 0.7207031265625 0.2880859375 0.6640625 0.2412109375 0.6386718734375 0.2138671875 0.59765625 0.1962890625 0.6191406265625 0.1572265625 0.59375 0.1220703125 0.55078125 0.09570312656249999 0.5712890625 0.11132812656249999 0.6220703125 0.1542968734375 0.6630859375 0.1425781265625 0.6787109375 0.1484375 0.6865234375 0.2207031265625 0.7275390625 0.2158203125 0.7421875 0.12109375 0.7294921875 0.1777343734375 0.7880859375 0.1767578125 0.796875 0.1220703125 0.8046875 0.1376953125 0.8261718734375 0.2490234375 0.828125 0.2636718734375 0.8564453125 0.28125 0.8623046875 0.2841796875 0.90625 0.3583984375 0.8964843734375 0.3935546875 0.8671875 0.3691406265625 0.9013671875 0.3691406265625 0.9345703125 0.3847656265625 0.9814453125 0.4033203125 0.99609375 0.4130859375 0.9707031265625 0.4208984375 1 0.5126953125 1
15 0.26953125 0.4560546875 0.1865234375 0.3964843734375 0.1738281265625 0.4345703125 0.18359375 0.4814453125 0.1660156265625 0.4951171875 0.16796875 0.5068359375 0.20703125 0.5361328125 0.2324218734375 0.6240234375 0.2548828125 0.6386718734375 0.2646484375 0.62109375 0.2763671875 0.6484375 0.3183593734375 0.6572265625 0.34375 0.6376953125 0.3417968734375 0.6201171875 0.3183593734375 0.6044921875 0.3642578125 0.58203125 0.3652343734375 0.5693359375 0.2900390625 0.52734375 0.2734375 0.4970703125 0.26953125 0.4560546875
15 0.3808593734375 0.2392578125 0.3759765625 0.265625 0.3544921875 0.25 0.3496093734375 0.2666015625 0.34765625 0.3134765625 0.3671875 0.3369140625 0.3652343734375 0.3837890625 0.4160156265625 0.4228515625 0.4716796875 0.49609375 0.48828125 0.4970703125 0.515625 0.4599609375 0.51171875 0.4052734375 0.4912109375 0.3613281265625 0.4140625 0.3408203125 0.43359375 0.2822265625 0.3955078125 0.23046875 0.3955078125 0.2421875 0.3808593734375 0.2392578125
15 0.5537109375 0.04296875 0.5244140625 0.07226562656249999 0.4990234375 0.041015626562500004 0.5 0.0771484375 0.4794921875 0.07617187343750001 0.46484375 0.1025390625 0.47265625 0.1376953125 0.5019531265625 0.1416015625 0.50390625 0.1767578125 0.5371093734375 0.2451171875 0.63671875 0.3076171875 0.6464843734375 0.2763671875 0.640625 0.2138671875 0.5800781265625 0.1650390625 0.5839843734375 0.1337890625 0.56640625 0.1201171875 0.5839843734375 0.0966796875 0.5566406265625 0.0966796875 0.5537109375 0.04296875
15 0.5107421875 0.19921875 0.4619140625 0.1953125 0.4433593734375 0.2177734375 0.4560546875 0.25 0.52734375 0.2587890625 0.5371093734375 0.2509765625 0.5107421875 0.19921875
15 0.5556640625 0.4394531265625 0.5839843734375 0.4384765625 0.640625 0.4033203125 0.640625 0.3291015625 0.5947265625 0.2792968734375 0.5400390625 0.2597656265625 0.5175781265625 0.2822265625 0.5 0.3603515625 0.5322265625 0.42578125 0.5556640625 0.4394531265625
15 0.2626953125 0.0625 0.2529296875 0.08007812656249999 0.2275390625 0.05859375 0.234375 0.0947265625 0.2109375 0.0966796875 0.2285156265625 0.1220703125 0.23046875 0.1494140625 0.2753906265625 0.1962890625 0.2753906265625 0.2626953125 0.2958984375 0.29296875 0.3339843734375 0.2998046875 0.34375 0.2900390625 0.3417968734375 0.1806640625 0.3515625 0.1455078125 0.34375 0.1083984375 0.3173828125 0.09570312656249999 0.3056640625 0.0703125 0.2802734375 0.08203125 0.2626953125 0.0625
15 0.5019531265625 0.4853515625 0.5136718734375 0.5791015625 0.5527343734375 0.5869140625 0.5830078125 0.5859375 0.5917968734375 0.5732421875 0.59765625 0.4990234375 0.5839843734375 0.4677734375 0.61328125 0.4580078125 0.5927734375 0.4453125 0.5380859375 0.4453125 0.5019531265625 0.4853515625
15 0.9990234375 0.52734375 0.9833984375 0.5253906265625 0.9638671875 0.5488281265625 0.9482421875 0.55078125 0.91796875 0.6064453125 0.8896484375 0.62890625 0.8427734375 0.59375 0.7861328125 0.5839843734375 0.7324218734375 0.6357421875 0.7246093734375 0.6630859375 0.734375 0.7001953125 0.7167968734375 0.7724609375 0.7832031265625 0.8779296875 0.8544921875 0.7832031265625 0.90625 0.7626953125 0.9248046875 0.6816406265625 0.9384765625 0.6953125 0.9501953125 0.6894531265625 0.9599609375 0.7109375 1 0.6708984375 0.9990234375 0.52734375
15 0.7451171875 1 0.91015625 0.9990234375 0.9140625 0.9560546875 0.9238281265625 0.9521484375 0.9160156265625 0.9345703125 0.8857421875 0.8964843734375 0.8193359375 0.87109375 0.7871093734375 0.8857421875 0.75 0.9482421875 0.7451171875 1
15 0.7578125 0.8916015625 0.7578125 0.8466796875 0.7050781265625 0.7666015625 0.6650390625 0.7421875 0.62109375 0.8623046875 0.6708984375 0.9160156265625 0.72265625 0.9248046875 0.7578125 0.8916015625
15 0.7675781265625 0.2626953125 0.7363281265625 0.2353515625 0.73828125 0.1787109375 0.7216796875 0.1738281265625 0.7099609375 0.19140625 0.6962890625 0.18359375 0.6826171875 0.19921875 0.6474609375 0.2011718734375 0.66796875 0.4619140625 0.6806640625 0.45703125 0.703125 0.4794921875 0.6894531265625 0.4912109375 0.69921875 0.5009765625 0.69140625 0.5146484375 0.7001953125 0.5234375 0.703125 0.5009765625 0.7099609375 0.5136718734375 0.71875 0.4853515625 0.7353515625 0.484375 0.7431640625 0.46484375 0.7421875 0.4970703125 0.7871093734375 0.5595703125 0.8515625 0.5830078125 0.8847656265625 0.5498046875 0.8925781265625 0.5185546875 0.8847656265625 0.4638671875 0.8349609375 0.4003906265625 0.78515625 0.3896484375 0.79296875 0.3720703125 0.78515625 0.3037109375 0.7675781265625 0.2626953125
15 0.1953125 0.2568359375 0.2089843734375 0.3017578125 0.2236328125 0.3027343734375 0.2294921875 0.31640625 0.2373046875 0.30859375 0.2841796875 0.3652343734375 0.3515625 0.3876953125 0.3574218734375 0.3642578125 0.33203125 0.3134765625 0.2890625 0.2880859375 0.2548828125 0.234375 0.2373046875 0.2324218734375 0.2314453125 0.21875 0.2119140625 0.2285156265625 0.1953125 0.2568359375