5 0.490234375 0.528192934375 0.517578125 0.358355978125 0.51953125 0.3006114125 0.513671875 0.2768342390625 0.4970703125 0.24796195625 0.4794921875 0.2377717390625 0.4521484375 0.2445652171875 0.4375 0.266644021875 0.408203125 0.44327445625 0.3943213359375 0.558371478125 0.38682588125 0.637951975 0.37341308125 0.7250788640625 0.3552664734375 0.8094615921875 0.340670134375 0.8437635890624999 0.37301868437499996 0.8369031437500001 0.3887983875 0.8238684265625 0.41444045156250003 0.7621249515625 0.455078125 0.6674592390625 0.490234375 0.528192934375
5 0.3662109375 0.25815217343749997 0.3486328125 0.254755434375 0.328125 0.2768342390625 0.248046875 0.5044157609375 0.1796875 0.75577445625 0.17578125 0.8271059781250001 0.181640625 0.8271059781250001 0.2109375 0.7829483703125 0.224609375 0.6912364125 0.31640625 0.4398777171875 0.3662109375 0.25815217343749997
5 0.318359375 0.5893342390625 0.3515625 0.528192934375 0.369140625 0.4806385875 0.37109375 0.4534646734375 0.38671875 0.4296875 0.423828125 0.3209918484375 0.4375 0.25985054375 0.4375 0.2258831515625 0.4267578125 0.1970108703125 0.4013671875 0.190217390625 0.384765625 0.2122961953125 0.314453125 0.44667119531250005 0.240234375 0.643682065625 0.21875 0.7184103265624999 0.21484375 0.762567934375 0.20575337500000002 0.8135779484375 0.23828125 0.776154890625 0.259765625 0.7252038046875 0.2724609375 0.696331521875 0.291015625 0.6640625 0.318359375 0.5893342390625
5 0.328125 0.2700407609375 0.3154296875 0.234375 0.2958984375 0.2173913046875 0.2685546875 0.2173913046875 0.2451171875 0.2377717390625 0.224609375 0.2768342390625 0.1640625 0.42629076093749996 0.083984375 0.684442934375 0.033203125 0.7931385875 0.015625 0.8474864125 0.0179744265625 0.9199138281250001 0.044799984375000004 0.910309296875 0.091796875 0.8610733703125 0.1494140625 0.788043478125 0.197265625 0.684442934375 0.244140625 0.5112092390625 0.328125 0.2700407609375
5 0 0.6470788046875 0.00390625 0.7897418484375 0.08203125 0.6810461953125 0.138671875 0.5180027171875 0.1572265625 0.43817934843749995 0 0.6470788046875
5 0.1728515625 0.332880434375 0.1396484375 0.3396739125 0.0908203125 0.40421195625 0.015625 0.541779890625 0 0.5893342390625 0.00390625 0.6402853265624999 0.1611328125 0.4279891296875 0.185546875 0.371942934375 0.1796875 0.3413722828125 0.1728515625 0.332880434375
5 0.576171875 0.3787364125 0.57421875 0.3345788046875 0.5615234375 0.3091032609375 0.5400390625 0.3091032609375 0.525390625 0.33797554375 0.478515625 0.6233016296875 0.44140625 0.735394021875 0.439453125 0.7659646734375001 0.453125 0.7659646734375001 0.4619140625 0.7642663046875 0.48828125 0.7184103265624999 0.5234375 0.630095109375 0.576171875 0.3787364125
5 0.455078125 0.786345109375 0.45703125 0.8576766296875 0.4658203125 0.8763586953125 0.48046875 0.8746603265624999 0.501953125 0.8203125 0.513671875 0.6912364125 0.5107421875 0.6725543484375 0.455078125 0.786345109375
5 0.654296875 0.5383831515625 0.6171875 0.44327445625 0.5830078125 0.4313858703125 0.5625 0.4534646734375 0.548828125 0.514605978125 0.548828125 0.579144021875 0.5546875 0.592730978125 0.552734375 0.6742527171875 0.568359375 0.7693614125 0.6025390625 0.8355978265624999 0.6171875 0.840692934375 0.6435546875 0.8084239125 0.662109375 0.762567934375 0.66015625 0.5689538046875 0.654296875 0.5383831515625
5 0.640625 0.3040081515625 0.6044921875 0.2173913046875 0.5712890625 0.2173913046875 0.5625 0.23947010937500002 0.56640625 0.2904211953125 0.630859375 0.4806385875 0.7197265625 0.6521739125 0.73828125 0.657269021875 0.744140625 0.630095109375 0.728515625 0.551970109375 0.6796875 0.4398777171875 0.640625 0.3040081515625
5 0.9736328125 0.591032609375 0.9052734375 0.512907609375 0.8388671875 0.46535326093749996 0.7900390625 0.3940217390625 0.7021484375 0.2955163046875 0.6611328125 0.2853260875 0.642578125 0.307404890625 0.685546875 0.450067934375 0.7099609375 0.4925271734375 0.8681640625 0.6283967390625 0.9208984375 0.6521739125 0.94921875 0.65047554375 0.9814453125 0.6487771734375001 0.9990234375 0.6351902171875 1 0.6029211953125 0.9736328125 0.591032609375
5 0.77658555 0.5707201734375 0.7939432765625 0.615312725 0.8176128328125 0.6681376921875 0.8444385203125 0.72988116875 0.8546952765625001 0.751148375 0.877575865625 0.7724155046875001 0.8984375 0.8033288046875 0.896484375 0.7150135875 0.86328125 0.6334918484375 0.7666015625 0.5434782609375 0.77658555 0.5707201734375
5 0.755859375 0.32778532656250003 0.75390625 0.3515625 0.7646484375 0.370244565625 0.7919921875 0.3940217390625 0.8388671875 0.461956521875 0.875 0.49082880468749995 0.84375 0.395720109375 0.8037109375 0.3091032609375 0.7802734375 0.29891304375 0.755859375 0.32778532656250003
5 1 0.5485733703125 0.994140625 0.5349864125 0.9375 0.4296875 0.91796875 0.3787364125 0.8701171875 0.29891304375 0.8369140625 0.25815217343749997 0.8134765625 0.25815217343749997 0.796875 0.280230978125 0.794921875 0.29721467343749997 0.8125 0.317595109375 0.8837890625 0.4959239125 0.9111328125 0.5163043484375 0.9755859375 0.591032609375 1 0.5961277171875 1 0.5485733703125
5 1 0.422894021875 0.9541015625 0.3430706515625 0.9208984375 0.305706521875 0.8857421875 0.3125 0.88671875 0.32778532656250003 0.912109375 0.36514945625 0.94140625 0.436480978125 1 0.541779890625 1 0.422894021875
5 0.947265625 0.698029890625 0.9306640625 0.6555706515625 0.8720703125 0.631793478125 0.873046875 0.6538722828125 0.8984375 0.708220109375 0.8984375 0.721807065625 0.955078125 0.8372961953125 0.955078125 0.8508831515624999 0.9384765625 0.87296195625 0.94921875 0.8882472828125 0.9609375 0.8814538046875 0.970703125 0.8474864125 0.97265625 0.7897418484375 0.947265625 0.698029890625
5 0.6752006625 0.8725771874999999 0.691769509375 0.8821817203125001 0.7241178859375 0.85130998125 0.7497599484374999 0.8074036 0.7651451687499999 0.7682992984375 0.760805759375 0.6537308562499999 0.745026140625 0.5858130328125 0.7469984734375 0.6544168781249999 0.7300353171875 0.6695097359375 0.7150444953124999 0.6578470624999999 0.6778848171875 0.5934686578124999 0.696503315625 0.67637010625 0.7067601578125 0.7895665046875 0.69216390625 0.85130998125 0.6752006625 0.8725771874999999
5 0.3173950171875 0.8616005359375001 0.33356925 0.8396473078125 0.344615146875 0.774473646875 0.356449925 0.692835084375 0.3576333765625 0.6077662609375001 0.35842234375 0.5261276953125 0.32094545937499996 0.5913014328124999 0.290810953125 0.672520040625 0.28899148124999996 0.7504622765625 0.2874135015625 0.8272986109374999 0.2996428078125 0.8677748828125 0.3173950171875 0.8616005359375001
5 1 0.7014266296875 0.98046875 0.657269021875 0.9716796875 0.6487771734375001 0.9365234375 0.6555706515625 0.958984375 0.7387907609375 0.9736328125 0.7642663046875 1 0.7829483703125 1 0.7014266296875