5 0.1171875 0.630095109375 0.1640625 0.49422554375 0.236328125 0.331182065625 0.27734375 0.2564538046875 0.2734375 0.23267662968749997 0.2626953125 0.2173913046875 0.2412109375 0.2038043484375 0.2197265625 0.20720108750000002 0.1982421875 0.2241847828125 0.1708984375 0.2649456515625 0.087890625 0.422894021875 0.037109375 0.551970109375 0 0.6165081515625 0.00390625 0.8101222828125 0.0498046875 0.7642663046875 0.08984375 0.6878396734375001 0.1025390625 0.6555706515625 0.1171875 0.630095109375
5 0.1259765625 0.3158967390625 0.0927734375 0.3226902171875 0.0087890625 0.42119565156250005 0 0.436480978125 0.00390625 0.5180027171875 0.0771484375 0.4415760875 0.125 0.3549592390625 0.1328125 0.32778532656250003 0.1259765625 0.3158967390625
5 0.001953125 0.6131114125 0.048828125 0.5247961953125 0.0771484375 0.4449728265625 0 0.5247961953125 0.001953125 0.6131114125
5 0.380859375 0.22927989062499998 0.3720703125 0.1970108703125 0.3427734375 0.1834239125 0.328125 0.1987092390625 0.232421875 0.44667119531250005 0.138671875 0.630095109375 0.123046875 0.6742527171875 0.0992401109375 0.7724155046875001 0.128432615625 0.7573227234375 0.15234375 0.7116168484375 0.25390625 0.541779890625 0.341796875 0.358355978125 0.37890625 0.2564538046875 0.380859375 0.22927989062499998
5 0.458984375 0.33797554375 0.4609375 0.3006114125 0.455078125 0.2700407609375 0.4287109375 0.234375 0.4013671875 0.234375 0.375 0.2700407609375 0.29296875 0.5180027171875 0.267578125 0.6402853265624999 0.23828125 0.735394021875 0.2096983453125 0.8032872453125 0.21127628125000003 0.8259266437499999 0.25033114375 0.7813340156249999 0.2893860078125 0.741543765625 0.3359375 0.6674592390625 0.388671875 0.551970109375 0.416015625 0.4534646734375 0.458984375 0.33797554375
5 0.455078125 0.52139945625 0.5078125 0.4025135875 0.515625 0.3413722828125 0.5068359375 0.3091032609375 0.4853515625 0.3023097828125 0.46875 0.3243885875 0.3671875 0.6165081515625 0.314453125 0.708220109375 0.30859375 0.7455842390625 0.33203125 0.7455842390625 0.3544921875 0.7302989125 0.3759765625 0.6997282609375 0.439453125 0.5757472828125 0.455078125 0.52139945625
5 0.537109375 0.436480978125 0.5263671875 0.424592390625 0.5029296875 0.4313858703125 0.484375 0.46025815156250005 0.470703125 0.4976222828125 0.462890625 0.5689538046875 0.4453125 0.630095109375 0.4375 0.7421875 0.4423828125 0.760869565625 0.447265625 0.7829483703125 0.46484375 0.8271059781250001 0.478515625 0.8372961953125 0.5234375 0.7829483703125 0.568359375 0.5825407609375 0.5546875 0.501019021875 0.537109375 0.436480978125
5 0.3974609375 0.658967390625 0.3759765625 0.703125 0.337890625 0.7455842390625 0.326171875 0.8610733703125 0.34765625 0.8644701093749999 0.376953125 0.8169157609375001 0.42578125 0.6470788046875 0.4267578125 0.6216032609375 0.3974609375 0.658967390625
5 0.572265625 0.280230978125 0.5498046875 0.2105978265625 0.5244140625 0.20720108750000002 0.509765625 0.23607337031250003 0.515625 0.3413722828125 0.5625 0.5349864125 0.6015625 0.6674592390625 0.611328125 0.670855978125 0.623046875 0.6266983703125 0.623046875 0.5587635875 0.591796875 0.4296875 0.572265625 0.280230978125
5 0.7900390625 0.5230978265624999 0.7509765625 0.48573369531250005 0.6455078125 0.3023097828125 0.6083984375 0.2819293484375 0.578125 0.307404890625 0.58984375 0.4059103265625 0.60546875 0.42629076093749996 0.6220703125 0.475543478125 0.6845703125 0.5638586953125 0.7607421875 0.645380434375 0.8037109375 0.6657608703125 0.8203125 0.6640625 0.8603515625 0.6487771734375001 0.880859375 0.619904890625 0.8388671875 0.6012228265624999 0.7900390625 0.5230978265624999
5 0.6884765625 0.5706521734375001 0.7109375 0.684442934375 0.734375 0.7591711953125 0.75390625 0.7931385875 0.7529296875 0.8050271734375001 0.76171875 0.8101222828125 0.779296875 0.75577445625 0.771484375 0.6878396734375001 0.7529296875 0.63858695625 0.6884765625 0.5706521734375001
5 0.83203125 0.7184103265624999 0.8193359375 0.6657608703125 0.7685546875 0.6521739125 0.81640625 0.8474864125 0.7978515625 0.8763586953125 0.8046875 0.8950407609375001 0.8154296875 0.8865489125 0.837890625 0.8372961953125 0.83984375 0.786345109375 0.83203125 0.7184103265624999
5 0.6962890625 0.3158967390625 0.685546875 0.344769021875 0.6875 0.371942934375 0.7470703125 0.4789402171875 0.791015625 0.5180027171875 0.76953125 0.409307065625 0.744140625 0.3243885875 0.7255859375 0.3023097828125 0.6962890625 0.3158967390625
5 0.9070848078125 0.6556520578125 0.9087387937500001 0.6183136625000001 0.8972734296875 0.55739154375 0.8582109296875 0.4520926296875 0.8464921796875 0.394348065625 0.7927812421875 0.2703670875 0.7830156171875 0.2601768703125 0.7498124921875 0.2703670875 0.7390703046875 0.30263610937499996 0.7742265546875 0.42152197812500003 0.8074296796875 0.513233934375 0.8533281171875 0.603247521875 0.8700784140625 0.6779990734375 0.8771792984375001 0.7026964640625 0.8898030453124999 0.7081847140625 0.9008489421875 0.6917198124999999 0.9070848078125 0.6556520578125
5 0.8984375 0.7150135875 0.8779296875 0.7065217390625 0.865234375 0.684442934375 0.8583984375 0.6521739125 0.822265625 0.6674592390625 0.837890625 0.735394021875 0.8701171875 0.79483695625 0.8994140625 0.8186141296875 0.912109375 0.8305027171875 0.95703125 0.8644701093749999 0.962890625 0.8542798906250001 0.958984375 0.799932065625 0.9091796875 0.7201086953125 0.8984375 0.7150135875
5 0.8642578125 0.3125 0.8291015625 0.319293478125 0.82421875 0.3413722828125 0.845703125 0.39232337031250003 0.853515625 0.436480978125 0.890625 0.541779890625 0.9150507109375001 0.608023109375 0.958444984375 0.6821152796875001 0.958444984375 0.61145329375 0.94140625 0.5349864125 0.9140625 0.409307065625 0.8642578125 0.3125
5 0.923828125 0.38892662968749997 0.9541015625 0.4144021734375 1 0.49082880468749995 0.9990234375 0.40421195625 0.9599609375 0.37703804375 0.9345703125 0.37703804375 0.923828125 0.38892662968749997
5 0.9552657203124999 0.4177989125 0.9337813453124999 0.397418478125 0.9162032203124999 0.4008152171875 0.9386641578124999 0.5180027171875 0.9435469703124999 0.5298913046875 0.9761971953125 0.6560458453125 1 0.7054406281250001 0.9982344703124999 0.512907609375 0.9992110328124999 0.4976222828125 0.9552657203124999 0.4177989125
5 0.6487696328125 0.7394857765625 0.652242028125 0.6686868484375 0.6570389671875 0.5553668484375 0.6453202171875 0.5112092390625 0.6267655296875 0.48573369531250005 0.6082108421875 0.487432065625 0.6257889671875 0.5587635875 0.6277420921875 0.606317934375 0.6218827171875 0.643682065625 0.6160233421875 0.6674592390625 0.6052811546875 0.6793478265624999 0.5906327171875 0.6266983703125 0.5867264671875 0.630095109375 0.5769608421875 0.7693614125 0.5593827171875 0.8135190218749999 0.5212967796875 0.8661684781250001 0.4851639671875 0.91202445625 0.5544999046875 0.879755434375 0.6169999046875 0.8186141296875 0.6364622375 0.785999378125 0.6487696328125 0.7394857765625
5 0.298828125 0.2836277171875 0.3056640625 0.2445652171875 0.2841796875 0.2513586953125 0.244140625 0.3209918484375 0.1640625 0.4976222828125 0.109375 0.6538722828125 0.0775408484375 0.729451921875 0.0775408484375 0.7925675921875001 0.10554990156249999 0.7479749640625 0.130402996875 0.649871496875 0.236328125 0.436480978125 0.298828125 0.2836277171875
5 0.1899715453125 0.83441583125 0.217586071875 0.775416515625 0.24677862031250003 0.6937780296875 0.2629528953125 0.6436971515625001 0.2818885140625 0.5421634265625 0.2866224515625 0.4845361546875 0.2511180296875 0.5579423796875 0.2013223171875 0.637935059375 0.165512934375 0.7623817984375 0.1473662390625 0.8275554625 0.158806534375 0.8570551546875 0.1899715453125 0.83441583125