5 0.8271484375 0.8186141296875 0.849609375 0.7931385875 0.85546875 0.551970109375 0.8359375 0.436480978125 0.8017578125 0.3940217390625 0.7822265625 0.3940217390625 0.767578125 0.4194972828125 0.783203125 0.4568614125 0.818359375 0.7727581515625 0.7861328125 0.76766304375 0.7587890625 0.788043478125 0.7109375 0.8610733703125 0.716796875 0.8644701093749999 0.7587890625 0.8050271734375001 0.7861328125 0.78125 0.8095703125 0.788043478125 0.8271484375 0.8186141296875
5 0.1396484375 0.1664402171875 0.1181640625 0.1664402171875 0.0146484375 0.2615489125 0 0.28702445625 0.00390625 0.41270380468749995 0.1396484375 0.234375 0.1650390625 0.21399456562500002 0.16796875 0.1953125 0.1396484375 0.1664402171875
5 0.1806640625 0.29891304375 0.2373046875 0.2309782609375 0.24609375 0.2122961953125 0.23828125 0.17153532656249998 0.2255859375 0.15625 0.2060546875 0.1596467390625 0.0283203125 0.424592390625 0.0009765625 0.45176630468749995 0.001953125 0.5485733703125 0.0458984375 0.4925271734375 0.0615234375 0.45516304375 0.1357421875 0.370244565625 0.1806640625 0.29891304375
5 0.3203125 0.2496603265625 0.2939453125 0.20720108750000002 0.2626953125 0.2105978265625 0.2255859375 0.2445652171875 0.1435546875 0.3634510875 0.0615234375 0.461956521875 0.0078125 0.551970109375 0 0.5689538046875 0.001953125 0.6538722828125 0.1318359375 0.53328804375 0.3037109375 0.3226902171875 0.322265625 0.2904211953125 0.3203125 0.2496603265625
5 0.35546875 0.28702445625 0.3330078125 0.28872282656250003 0.1279296875 0.540081521875 0.0009765625 0.6555706515625 0.00390625 0.7048233703125 0.1357421875 0.6216032609375 0.2958984375 0.4313858703125 0.3251953125 0.40760869531250005 0.35546875 0.28702445625
5 0.35546875 0.551970109375 0.37109375 0.4534646734375 0.427734375 0.2632472828125 0.427734375 0.2122961953125 0.4150390625 0.1936141296875 0.3955078125 0.190217390625 0.37890625 0.21569293437499998 0.34765625 0.317595109375 0.30859375 0.5553668484375 0.2890625 0.6368885875 0.2998046875 0.6283967390625 0.3134765625 0.6351902171875 0.3291015625 0.6216032609375 0.35546875 0.551970109375
5 0.49609375 0.3515625 0.486328125 0.3040081515625 0.4736328125 0.2819293484375 0.4365234375 0.27173912968749997 0.41796875 0.3006114125 0.408203125 0.3481657609375 0.41015625 0.47724184843749995 0.419921875 0.565557065625 0.4375 0.65047554375 0.4521484375 0.6657608703125 0.466796875 0.6640625 0.484375 0.6368885875 0.482421875 0.6131114125 0.4921875 0.579144021875 0.49609375 0.3515625
5 0.533203125 0.551970109375 0.54296875 0.5451766296875 0.556640625 0.49422554375 0.572265625 0.36514945625 0.56640625 0.3209918484375 0.5537109375 0.3023097828125 0.5302734375 0.3023097828125 0.509765625 0.33797554375 0.494140625 0.4398777171875 0.490234375 0.619904890625 0.47265625 0.684442934375 0.47265625 0.7184103265624999 0.453125 0.8203125 0.4326171875 0.8525815218749999 0.40625 0.8678668484375001 0.4091796875 0.8831521734375001 0.41796875 0.8814538046875 0.4755859375 0.8355978265624999 0.515625 0.72860054375 0.533203125 0.606317934375 0.533203125 0.551970109375
5 0.70703125 0.4806385875 0.7265625 0.39232337031250003 0.7265625 0.3549592390625 0.7138671875 0.32608695625 0.6943359375 0.3158967390625 0.666015625 0.344769021875 0.6484375 0.44667119531250005 0.611328125 0.5553668484375 0.587890625 0.684442934375 0.595703125 0.6946331515625 0.5966796875 0.682744565625 0.6328125 0.6470788046875 0.662109375 0.5689538046875 0.70703125 0.4806385875
5 0.78125 0.450067934375 0.7705078125 0.424592390625 0.7509765625 0.411005434375 0.7275390625 0.424592390625 0.708984375 0.473845109375 0.69921875 0.670855978125 0.703125 0.72860054375 0.73046875 0.7931385875 0.744140625 0.8033288046875 0.771484375 0.748980978125 0.76953125 0.6946331515625 0.78515625 0.5587635875 0.78125 0.450067934375
5 0.6640625 0.6233016296875 0.6728515625 0.5570652171875 0.6640625 0.565557065625 0.630859375 0.6538722828125 0.6083984375 0.6725543484375 0.59765625 0.6946331515625 0.58984375 0.8101222828125 0.57421875 0.8678668484375001 0.57421875 0.88485054375 0.580078125 0.88485054375 0.611328125 0.8440896734375001 0.63671875 0.7659646734375001 0.65234375 0.65047554375 0.6640625 0.6233016296875
5 0.3359375 0.6099033796875 0.30555555624999997 0.6567029 0.2864583328125 0.6823671499999999 0.27690972187499996 0.6944444453124999 0.245659721875 0.7261473421875 0.20833333281250002 0.762379228125 0.18923611093749998 0.7850241546875 0.1666666671875 0.8046497578125 0.13628472187500001 0.8303140109375 0.11631944375 0.8318236718750001 0.081597221875 0.8318236718750001 0.05208333281250001 0.8499396140625001 0.08680555625 0.8756038640625 0.1276041671875 0.8620169078125001 0.1536458328125 0.8574879234375 0.1822916671875 0.8363526578125 0.1875 0.8288043484375001 0.20138888906250002 0.8121980671875001 0.2421875 0.8061594218750001 0.28038194375000003 0.801630434375 0.2890625 0.794082125 0.3307291671875 0.75483091875 0.3654513890625 0.7140700484375 0.3854166671875 0.6944444453124999 0.41493055625 0.6355676328125 0.4201388890625 0.591787440625 0.4140625 0.5404589375 0.41059027812500004 0.5057367140625 0.40190972187499996 0.4710144921875 0.39930555624999997 0.4725241546875 0.38628472187499996 0.48762077187499997 0.36631944375000003 0.519323671875 0.37065972187499996 0.520833334375 0.35503472187499996 0.5706521734375001 0.3359375 0.6099033796875
5 0.24739583281250002 0.6823671499999999 0.2604166671875 0.66425120625 0.2795138890625 0.644625603125 0.28993055624999997 0.6234903375 0.3029513890625 0.5751811609375 0.3098958328125 0.532910628125 0.32378472187499996 0.4710144921875 0.32725694375000003 0.44233091875 0.33159722187499996 0.3940217390625 0.3107638890625 0.41817632812500005 0.2717013890625 0.46799516875 0.25434027812500004 0.4830917875 0.215277778125 0.5238526578125 0.19618055625 0.5495169078125001 0.171875 0.587258453125 0.13888888906250002 0.6340579703125 0.120659721875 0.6657608703125 0.105902778125 0.689915459375 0.1041666671875 0.7050120765625 0.11631944375 0.7518115953125 0.1232638890625 0.772946859375 0.12847222187500001 0.7986111109375 0.1458333328125 0.78049516875 0.15017361093749998 0.772946859375 0.17621527812499999 0.7518115953125 0.20399305625 0.736714975 0.230034721875 0.7095410625 0.24739583281250002 0.6823671499999999
5 0.5572916671875 0.520833334375 0.5546875 0.5646135265625001 0.5460069437499999 0.6083937203125 0.5373263890625 0.63707729375 0.5329861109375 0.6748188390625 0.5338541671875 0.703502415625 0.5529513890625 0.72312801875 0.5572916671875 0.7201086953125 0.5694444437499999 0.703502415625 0.5850694437499999 0.6823671499999999 0.590277778125 0.66425120625 0.590277778125 0.63858695625 0.5920138890625 0.618961353125 0.6067708328125 0.5646135265625001 0.612847221875 0.5404589375 0.6258680562500001 0.502717390625 0.6345486109375 0.461956521875 0.6432291671875 0.422705315625 0.652777778125 0.3804347828125 0.6553819437499999 0.3426932359375 0.6553819437499999 0.3125 0.6501736109375 0.2883454109375 0.6432291671875 0.27475845312499997 0.636284721875 0.2687198078125 0.6180555562500001 0.2687198078125 0.609375 0.27324879375 0.5989583328125 0.2807971 0.5911458328125 0.3094806765625 0.5842013890625 0.3442029 0.5798611109375 0.36684782656250003 0.5711805562500001 0.41062801875000005 0.5651041671875 0.44987922812500003 0.5598958328125 0.4574275359375 0.558159721875 0.46950483125 0.5572916671875 0.520833334375